5542344	[1, [3.3887884041128302e-06, 0.9999966112115959]]
32982515	[1, [0.012254967638385517, 0.9877450323616145]]
6044638	[1, [0.009651634301626189, 0.9903483656983738]]
21962951	[1, [0.03451308076856474, 0.9654869192314353]]
6044926	[1, [0.006008625389167577, 0.9939913746108324]]
6240805	[1, [0.04106127117259273, 0.9589387288274073]]
5731157	[1, [0.011867620594773531, 0.9881323794052265]]
5123849	[1, [0.004650136015591166, 0.9953498639844088]]
6240745	[1, [0.007500997597792547, 0.9924990024022075]]
5538336	[1, [0.01857271874122135, 0.9814272812587786]]
6239848	[1, [0.00999269129944036, 0.9900073087005596]]
5540689	[1, [0.017497972342988777, 0.9825020276570112]]
5731092	[1, [0.001360107472627381, 0.9986398925273726]]
7222531	[1, [0.004978044313906693, 0.9950219556860933]]
5130756	[1, [0.019963759995909602, 0.9800362400040904]]
5122589	[1, [0.022963235584019803, 0.9770367644159802]]
6044987	[1, [0.0003445437710560828, 0.9996554562289439]]
6239769	[1, [0.04437794251694627, 0.9556220574830537]]
5540929	[1, [0.0004001674731093363, 0.9995998325268907]]
5618735	[1, [0.010852605882506472, 0.9891473941174935]]
24444964	[1, [0.018625382259064183, 0.9813746177409358]]
5541181	[1, [5.4020353197348214e-05, 0.9999459796468027]]
6239690	[1, [0.001467500188120252, 0.9985324998118797]]
5543559	[1, [0.03300786171078107, 0.9669921382892189]]
5538478	[1, [0.006570123020101959, 0.993429876979898]]
7224327	[1, [0.02895627630622788, 0.9710437236937721]]
5540635	[1, [1.3324264425129684e-05, 0.9999866757355749]]
5731106	[1, [0.022875502606950038, 0.97712449739305]]
68219355	[1, [0.039731852622556185, 0.9602681473774438]]
5130668	[1, [0.03815262942918474, 0.9618473705708153]]
6684930	[1, [0.005343862478001116, 0.9946561375219989]]
6238740	[1, [0.02584542690894731, 0.9741545730910527]]
5656146	[1, [0.007693758575743281, 0.9923062414242567]]
75669193	[1, [0.021022887607140106, 0.9789771123928599]]
7680166	[1, [0.006457879498860786, 0.9935421205011392]]
6719499	[1, [0.010884221728635124, 0.9891157782713649]]
73215910	[1, [0.026336543728404216, 0.9736634562715958]]
49105547	[1, [0.04410829937853433, 0.9558917006214657]]
6666973	[1, [0.027752790331850186, 0.9722472096681498]]
5655112	[1, [0.00011899301431872455, 0.9998810069856813]]
6669183	[1, [0.0173226846649015, 0.9826773153350985]]
6718926	[1, [0.03135434542444804, 0.968645654575552]]
7679093	[1, [0.01031620062240668, 0.9896837993775933]]
6667343	[1, [0.0033330350913199913, 0.99666696490868]]
7751349	[1, [0.005862375821429566, 0.9941376241785704]]
7725015	[1, [0.02846828659256695, 0.971531713407433]]
5222586	[1, [0.005521011153918565, 0.9944789888460814]]
6667330	[1, [0.04254383284317531, 0.9574561671568247]]
5654478	[1, [0.0010849462564425094, 0.9989150537435575]]
5224323	[1, [0.031364647980114735, 0.9686353520198853]]
7724757	[1, [0.0010364714641893924, 0.9989635285358106]]
7703191	[1, [0.012871929563865847, 0.9871280704361342]]
6717260	[1, [0.004592029785516538, 0.9954079702144835]]
7725351	[1, [0.006486913159366892, 0.9935130868406331]]
5871291	[1, [0.014764078243607925, 0.9852359217563921]]
5908338	[1, [0.0007010419196952222, 0.9992989580803048]]
9003681	[1, [0.025156954727920677, 0.9748430452720793]]
5910068	[1, [1.337153452296569e-06, 0.9999986628465477]]
5908583	[1, [0.000648425088675908, 0.9993515749113241]]
5903607	[1, [0.04387069446008318, 0.9561293055399168]]
5911286	[1, [0.0017292675938560542, 0.998270732406144]]
7862681	[1, [0.03100386582738368, 0.9689961341726163]]
5906833	[1, [0.015501953183788775, 0.9844980468162112]]
5905145	[1, [0.00029143833685396636, 0.999708561663146]]
7091370	[1, [0.0005294435208259562, 0.999470556479174]]
7631543	[1, [0.007211905997578705, 0.9927880940024213]]
5904131	[1, [7.466515245846406e-05, 0.9999253348475415]]
9076108	[1, [0.026504273003836176, 0.9734957269961638]]
6618526	[1, [0.008599466552205559, 0.9914005334477944]]
5909554	[1, [0.000648425088675908, 0.9993515749113241]]
6974656	[1, [0.006356590955234553, 0.9936434090447654]]
93451411	[1, [0.03649159497695953, 0.9635084050230405]]
6919494	[1, [0.0038195212000993184, 0.9961804787999007]]
7725263	[1, [0.042981753182891214, 0.9570182468171088]]
5907099	[1, [0.00014181197458040806, 0.9998581880254196]]
5908323	[1, [2.3661582618794696e-05, 0.9999763384173812]]
5875324	[1, [0.00018355540096515188, 0.9998164445990348]]
6973148	[1, [0.01593938841953957, 0.9840606115804604]]
7957953	[1, [0.00021438215912661374, 0.9997856178408734]]
5872550	[1, [0.00013859748834588181, 0.9998614025116541]]
7907798	[1, [0.020497199361511287, 0.9795028006384887]]
6914338	[1, [0.026674856446625816, 0.9733251435533742]]
5487754	[1, [1.5029776340158563e-06, 0.999998497022366]]
5912018	[1, [1.1736456251298932e-10, 0.9999999998826354]]
5903717	[1, [0.0043818167454580115, 0.995618183254542]]
7631574	[1, [0.03994332825948188, 0.9600566717405181]]
5875023	[1, [0.024212711343500115, 0.9757872886564999]]
7091813	[1, [0.014313752792141643, 0.9856862472078584]]
7725429	[1, [0.01699849583073798, 0.983001504169262]]
5487343	[1, [0.0028238566300358148, 0.9971761433699642]]
7085138	[1, [0.0005174960877670776, 0.9994825039122329]]
7631608	[1, [0.0017117748123124388, 0.9982882251876876]]
6748997	[1, [0.023361263228380613, 0.9766387367716194]]
5913132	[1, [0.00034302497288285494, 0.9996569750271171]]
7921967	[1, [0.034557598643501386, 0.9654424013564986]]
5802267	[1, [0.0034507224425501803, 0.9965492775574498]]
6996171	[1, [0.007325036122406536, 0.9926749638775935]]
5801983	[1, [0.03048231944160318, 0.9695176805583968]]
7921608	[1, [0.010527468239598825, 0.9894725317604012]]
7922159	[1, [0.001917133054664899, 0.9980828669453351]]
7922194	[1, [0.027005819705773426, 0.9729941802942266]]
7921707	[1, [0.016905260187177418, 0.9830947398128226]]
9345085	[1, [0.01628144118004493, 0.9837185588199551]]
76032579	[1, [0.00315463695854612, 0.9968453630414539]]
7921888	[1, [0.04266879148666958, 0.9573312085133304]]
84417244	[1, [0.007310088007630999, 0.992689911992369]]
5799842	[1, [0.000399110513529255, 0.9996008894864707]]
7921789	[1, [0.0006096955628892564, 0.9993903044371107]]
7921599	[1, [0.005984731397416065, 0.9940152686025839]]
58226586	[1, [0.015250547181756668, 0.9847494528182433]]
6996312	[1, [0.000384119435602126, 0.9996158805643979]]
6813616	[1, [0.04136433750074542, 0.9586356624992546]]
89133076	[1, [0.01116144078556025, 0.9888385592144397]]
32277991	[1, [0.03243232559691467, 0.9675676744030853]]
32304697	[1, [0.013824369882843413, 0.9861756301171566]]
7662808	[1, [0.036629999585602424, 0.9633700004143976]]
5628148	[1, [0.00771617891225207, 0.9922838210877479]]
5706036	[1, [0.0442004758467025, 0.9557995241532975]]
98198591	[1, [0.016700178494766904, 0.9832998215052331]]
7662927	[1, [0.043033780484887596, 0.9569662195151124]]
7964918	[1, [0.040027965543763644, 0.9599720344562364]]
7928386	[1, [0.01788993569929509, 0.9821100643007049]]
7931207	[1, [0.008374417325862082, 0.9916255826741379]]
32308582	[1, [0.016513574734123515, 0.9834864252658765]]
7965277	[1, [0.036914064322252416, 0.9630859356777476]]
72460451	[1, [0.015698304506024496, 0.9843016954939755]]
6533686	[1, [0.017052558894013248, 0.9829474411059868]]
7931354	[1, [0.015902690862419466, 0.9840973091375805]]
16648587	[1, [0.03829737394766641, 0.9617026260523336]]
6143438	[1, [0.004096909256579684, 0.9959030907434203]]
6638596	[1, [0.012320440750106965, 0.987679559249893]]
6880040	[1, [0.0030247432119792084, 0.9969752567880208]]
74811394	[1, [0.03618085638904733, 0.9638191436109527]]
5231347	[1, [0.004604391921151252, 0.9953956080788487]]
6639292	[1, [0.03406720577394651, 0.9659327942260535]]
11759985	[1, [4.754574736831607e-05, 0.9999524542526317]]
5229007	[1, [0.001436427334409629, 0.9985635726655904]]
6517002	[1, [0.01954217640255196, 0.980457823597448]]
11749458	[1, [0.012686749390750318, 0.9873132506092497]]
9273048	[1, [0.033354125411203195, 0.9666458745887968]]
6513833	[1, [0.02111699123854449, 0.9788830087614555]]
6640053	[1, [0.00371017327176959, 0.9962898267282304]]
61285437	[1, [0.03361638723367333, 0.9663836127663267]]
39049027	[1, [0.024434189256352545, 0.9755658107436475]]
9073754	[1, [0.015279598261468408, 0.9847204017385316]]
6879493	[1, [0.006318930535082701, 0.9936810694649173]]
5231352	[1, [0.02810751163725167, 0.9718924883627483]]
23034618	[1, [0.013150966101809769, 0.9868490338981902]]
52392931	[1, [0.008928128024946136, 0.9910718719750539]]
6514889	[1, [0.0047660156519160335, 0.995233984348084]]
7985502	[1, [0.015400376628331935, 0.9845996233716681]]
5678325	[1, [0.0012428083383903, 0.9987571916616097]]
5678774	[1, [0.029298717805562036, 0.970701282194438]]
6879840	[1, [0.01215033647567998, 0.98784966352432]]
89237926	[1, [0.04027906874727116, 0.9597209312527288]]
6641253	[1, [0.016886508379447718, 0.9831134916205523]]
65996779	[1, [0.048575460756765554, 0.9514245392432344]]
59690480	[1, [0.01880606028082732, 0.9811939397191727]]
5430168	[1, [0.016784576703682386, 0.9832154232963176]]
38002407	[1, [0.04204385394953658, 0.9579561460504634]]
71149203	[1, [0.0332911577570173, 0.9667088422429827]]
5431109	[1, [0.046071749290830244, 0.9539282507091698]]
5430889	[1, [0.04643344421959317, 0.9535665557804068]]
6650057	[1, [0.0016631822434600707, 0.9983368177565399]]
38058038	[1, [0.04537076385811911, 0.9546292361418809]]
7972457	[1, [0.024997308956593467, 0.9750026910434065]]
7972721	[1, [0.019449162875172954, 0.980550837124827]]
6650356	[1, [0.02110741774800351, 0.9788925822519965]]
77065401	[1, [0.015628526817675015, 0.984371473182325]]
7957659	[1, [0.03418041654171544, 0.9658195834582846]]
25306796	[1, [0.031829584519778686, 0.9681704154802213]]
6647294	[1, [0.0032390921102245507, 0.9967609078897754]]
5702889	[1, [0.027758486938186944, 0.9722415130618131]]
6888800	[1, [0.005152859891814576, 0.9948471401081854]]
5702339	[1, [0.011852321410345978, 0.988147678589654]]
7965567	[1, [0.025867366799908864, 0.9741326332000911]]
6421898	[1, [0.049612645744515294, 0.9503873542554847]]
5100051	[1, [0.012474877417145591, 0.9875251225828544]]
95195388	[1, [0.03739131490279468, 0.9626086850972053]]
54097268	[1, [0.03163857084870059, 0.9683614291512994]]
6419434	[1, [0.015398499721915093, 0.9846015002780849]]
59645205	[1, [0.028803237747111132, 0.9711967622528889]]
6891198	[1, [0.001238319896322504, 0.9987616801036775]]
6417422	[1, [0.04046066529433945, 0.9595393347056606]]
5703513	[1, [0.03978613623150473, 0.9602138637684953]]
30394139	[1, [0.04361561947206272, 0.9563843805279373]]
7018790	[1, [0.0018102185540185278, 0.9981897814459815]]
5701642	[1, [0.024801388950634884, 0.9751986110493651]]
51310323	[1, [0.04146557253102934, 0.9585344274689707]]
34531462	[1, [0.01856141025480007, 0.9814385897451999]]
55413728	[1, [0.014438593825352064, 0.9855614061746479]]
5358591	[1, [0.015379821674905592, 0.9846201783250944]]
17423585	[1, [0.01964458490172072, 0.9803554150982793]]
29159824	[1, [0.01344787902292488, 0.9865521209770751]]
6422251	[1, [0.003410169343019742, 0.9965898306569803]]
55367011	[1, [0.007150490127568854, 0.9928495098724311]]
5702428	[1, [0.016317360464943254, 0.9836826395350567]]
7649673	[1, [0.04705226194589496, 0.952947738054105]]
6000333	[1, [0.0038189377660714507, 0.9961810622339285]]
6000213	[1, [0.024634227304514145, 0.9753657726954859]]
6857983	[1, [0.040169093529386135, 0.9598309064706139]]
64548739	[1, [0.0477849225097664, 0.9522150774902336]]
5263141	[1, [0.012968370279893282, 0.9870316297201067]]
6854470	[1, [0.008536788749708202, 0.9914632112502918]]
6032836	[1, [0.0057452470426698765, 0.9942547529573301]]
6032831	[1, [0.004898399327837977, 0.995101600672162]]
6032797	[1, [0.011645270501460248, 0.9883547294985398]]
5263168	[1, [0.0054169794419618444, 0.9945830205580382]]
9324925	[1, [0.04115031400528946, 0.9588496859947105]]
6592956	[1, [0.0353393357779318, 0.9646606642220682]]
90139763	[1, [0.04741995472151206, 0.9525800452784879]]
6000198	[1, [0.024634227304514145, 0.9753657726954859]]
6856535	[1, [0.014071452998044354, 0.9859285470019556]]
6859437	[1, [0.025327331678301257, 0.9746726683216987]]
20497938	[1, [0.04565381418999337, 0.9543461858100066]]
7246377	[1, [0.029711323244318133, 0.9702886767556819]]
6592806	[1, [0.010271848146956253, 0.9897281518530437]]
6000383	[1, [0.008209428039752109, 0.9917905719602479]]
6032823	[1, [0.020728221480990405, 0.9792717785190096]]
5628795	[1, [0.0013591442454957692, 0.9986408557545042]]
6032826	[1, [0.015087702806552583, 0.9849122971934474]]
6032827	[1, [0.005720233275100184, 0.9942797667248998]]
6032825	[1, [0.045661714480862536, 0.9543382855191375]]
6032799	[1, [0.00579651005668369, 0.9942034899433163]]
55698449	[1, [0.023095934995740253, 0.9769040650042597]]
7199783	[1, [0.00427898657554715, 0.9957210134244528]]
70818382	[1, [0.039879846804334096, 0.9601201531956659]]
43149612	[1, [0.0473960386627581, 0.9526039613372419]]
7830609	[1, [0.029789137386737052, 0.970210862613263]]
7832600	[1, [0.029050916655435466, 0.9709490833445645]]
5738093	[1, [0.012473474025609277, 0.9875265259743907]]
7648432	[1, [0.04208103118648632, 0.9579189688135137]]
6066281	[1, [0.016460727956699284, 0.9835392720433007]]
7201197	[1, [0.0009086149016470646, 0.9990913850983529]]
99845208	[1, [0.01997530171172035, 0.9800246982882796]]
55739302	[1, [0.036611008085928765, 0.9633889919140712]]
99991717	[1, [0.028583081222720907, 0.9714169187772791]]
69059681	[1, [0.007479868248697397, 0.9925201317513026]]
43202880	[1, [0.027911572703464338, 0.9720884272965357]]
7730914	[1, [0.0024004804983085437, 0.9975995195016915]]
62662783	[1, [0.011682376005630712, 0.9883176239943693]]
7960461	[1, [0.017038030585296293, 0.9829619694147037]]
5767396	[1, [0.011508760008099195, 0.9884912399919008]]
18710865	[1, [0.012880361455625544, 0.9871196385443745]]
5769762	[1, [0.020973860797515398, 0.9790261392024846]]
5157856	[1, [0.031178547342348373, 0.9688214526576516]]
85810543	[1, [0.021575926956154512, 0.9784240730438455]]
7282762	[1, [0.04614240767091349, 0.9538575923290865]]
5769137	[1, [0.0001764219429234437, 0.9998235780570766]]
85724216	[1, [0.037913818648780406, 0.9620861813512196]]
7959928	[1, [0.029001438326768714, 0.9709985616732313]]
6988973	[1, [0.00037602914626755357, 0.9996239708537324]]
61466938	[1, [0.03427864993968788, 0.9657213500603121]]
7960001	[1, [0.0014205472349881898, 0.9985794527650118]]
5767709	[1, [0.04059297931329364, 0.9594070206867064]]
31387120	[1, [0.048512907171540776, 0.9514870928284592]]
7437044	[1, [0.011254158262405833, 0.9887458417375942]]
5768007	[1, [0.000453190725855257, 0.9995468092741447]]
6987657	[1, [0.002124446971036642, 0.9978755530289634]]
7731474	[1, [4.123476827033734e-05, 0.9999587652317297]]
7730313	[1, [0.009831843085922332, 0.9901681569140777]]
31436568	[1, [0.008740208768390434, 0.9912597912316096]]
21034974	[1, [0.04366060289647811, 0.9563393971035219]]
6986784	[1, [0.002672293632012268, 0.9973277063679877]]
5769735	[1, [0.0042635643767746645, 0.9957364356232253]]
7923504	[1, [0.020125235382657647, 0.9798747646173424]]
7922564	[1, [0.004615052819410548, 0.9953849471805895]]
96551798	[1, [0.00603899304492328, 0.9939610069550767]]
7923465	[1, [0.033670238841708056, 0.9663297611582919]]
7923093	[1, [0.007394828585480462, 0.9926051714145195]]
5472891	[1, [0.015618490653293127, 0.9843815093467069]]
5474683	[1, [0.00944992513242493, 0.9905500748675751]]
5787011	[1, [3.937507369045079e-07, 0.9999996062492631]]
23130998	[1, [0.03628851159921431, 0.9637114884007857]]
7923544	[1, [0.03987584610401251, 0.9601241538959875]]
6960646	[1, [0.014649210487757802, 0.9853507895122422]]
7923467	[1, [0.028303212437401415, 0.9716967875625986]]
6733790	[1, [0.011214923989767311, 0.9887850760102327]]
6959417	[1, [0.01723750063234819, 0.9827624993676518]]
7922882	[1, [0.021396535671176053, 0.978603464328824]]
7922881	[1, [0.03987584610401251, 0.9601241538959875]]
7922766	[1, [0.03154842698701099, 0.968451573012989]]
7923512	[1, [0.005984731397416065, 0.9940152686025839]]
5786179	[1, [1.680040795704052e-06, 0.9999983199592043]]
6960007	[1, [0.009044030377973522, 0.9909559696220265]]
84027977	[1, [0.010419259901623734, 0.9895807400983763]]
5786888	[1, [0.008071467857087788, 0.9919285321429122]]
6502666	[1, [0.00671622179120368, 0.9932837782087963]]
6728769	[1, [0.013400882213623122, 0.9865991177863769]]
70604189	[1, [0.034531941564701074, 0.9654680584352989]]
7922872	[1, [0.0020770140322069475, 0.997922985967793]]
5785979	[1, [0.001337304462206701, 0.9986626955377933]]
6503125	[1, [0.04486725473539099, 0.955132745264609]]
5785933	[1, [0.01793452606944146, 0.9820654739305585]]
6505412	[1, [0.04557897952285861, 0.9544210204771414]]
5784851	[1, [1.5606135227330675e-05, 0.9999843938647727]]
6727186	[1, [0.027080247367856858, 0.9729197526321431]]
5811469	[1, [6.159382587300755e-07, 0.9999993840617413]]
5811241	[1, [0.00015684765610135543, 0.9998431523438986]]
6951605	[1, [0.04559308225274439, 0.9544069177472556]]
6145646	[1, [0.04294918586590879, 0.9570508141340912]]
5810719	[1, [6.147828264913002e-06, 0.9999938521717351]]
5812383	[1, [2.4755006711174588e-08, 0.9999999752449933]]
7041336	[1, [0.020112443678722447, 0.9798875563212776]]
6951474	[1, [0.025021390753154904, 0.9749786092468451]]
6952098	[1, [0.03955963384409078, 0.9604403661559092]]
7048296	[1, [0.011233998976218351, 0.9887660010237816]]
6148043	[1, [0.009961845273868897, 0.9900381547261311]]
65646699	[1, [0.010304192559147496, 0.9896958074408525]]
53798139	[1, [0.0391569145856403, 0.9608430854143597]]
6951518	[1, [0.008241435674569808, 0.9917585643254302]]
37645818	[1, [0.02941938051674009, 0.9705806194832599]]
5808779	[1, [0.03344258236338715, 0.9665574176366128]]
6953481	[1, [0.010571495284650956, 0.989428504715349]]
7044586	[1, [0.0003194386781418812, 0.9996805613218581]]
5852906	[1, [0.0015392394037841983, 0.9984607605962158]]
5613264	[1, [0.005452655780454729, 0.9945473442195453]]
70024988	[1, [0.0034909728295378084, 0.9965090271704622]]
6145021	[1, [0.024761135937508172, 0.9752388640624918]]
7905225	[1, [0.00502025558723751, 0.9949797444127625]]
6145697	[1, [0.011254158262405833, 0.9887458417375942]]
5811435	[1, [2.4755006711174588e-08, 0.9999999752449933]]
6953061	[1, [0.013109699899676808, 0.9868903001003232]]
7905221	[1, [0.0016030753210470872, 0.9983969246789529]]
87803735	[1, [0.030015626909339344, 0.9699843730906607]]
7905238	[1, [0.00739321508811297, 0.992606784911887]]
5811957	[1, [7.708223793478908e-06, 0.9999922917762065]]
70043671	[1, [0.005560159155070243, 0.9944398408449298]]
75141670	[1, [0.0033437825823474654, 0.9966562174176525]]
30226433	[1, [0.04756124037709786, 0.9524387596229021]]
6240948	[1, [0.02584542690894731, 0.9741545730910527]]
5749660	[1, [0.020973860797515398, 0.9790261392024846]]
5746771	[1, [0.000453190725855257, 0.9995468092741447]]
6994303	[1, [0.003502512583202888, 0.9964974874167971]]
6994240	[1, [0.004755129327197349, 0.9952448706728027]]
13433934	[1, [0.03516662059627418, 0.9648333794037258]]
49807211	[1, [0.03807134932693279, 0.9619286506730672]]
5749096	[1, [0.0007721623373789788, 0.999227837662621]]
67278749	[1, [0.02423285850574397, 0.975767141494256]]
6241340	[1, [0.0022953845920452576, 0.9977046154079547]]
5213544	[1, [0.002699930558595409, 0.9973000694414046]]
7118304	[1, [0.018733901645862416, 0.9812660983541376]]
6046873	[1, [5.449891831266207e-06, 0.9999945501081687]]
7978567	[1, [0.04596279095938305, 0.954037209040617]]
5213654	[1, [0.040760311637509705, 0.9592396883624903]]
19648501	[1, [0.04361458718418243, 0.9563854128158176]]
26500185	[1, [0.0110304428928234, 0.9889695571071766]]
6046281	[1, [0.03363414904616946, 0.9663658509538305]]
7092453	[1, [0.0007290494252142343, 0.9992709505747858]]
6137063	[1, [0.046609081339976655, 0.9533909186600233]]
20851710	[1, [0.018943558918769088, 0.9810564410812309]]
6047297	[1, [2.979275232184442e-06, 0.9999970207247678]]
5213640	[1, [0.040760311637509705, 0.9592396883624903]]
74598611	[1, [0.04040876917726732, 0.9595912308227327]]
6136122	[1, [0.01136197628415847, 0.9886380237158415]]
7117096	[1, [0.010325052175092608, 0.9896749478249074]]
5213538	[1, [0.0050563438628261625, 0.9949436561371738]]
5213539	[1, [0.0020377190527459677, 0.997962280947254]]
7979238	[1, [0.008540169208721471, 0.9914598307912785]]
11563964	[1, [0.029204441200748277, 0.9707955587992517]]
6046379	[1, [0.0001429016350039669, 0.999857098364996]]
32129841	[1, [0.015465453716816735, 0.9845345462831833]]
63265779	[1, [0.02736881915506928, 0.9726311808449307]]
6135579	[1, [0.013265871863581746, 0.9867341281364183]]
5705057	[1, [0.0010805902954905688, 0.9989194097045094]]
5705056	[1, [0.003740667037054224, 0.9962593329629458]]
5812898	[1, [4.55176660646428e-05, 0.9999544823339354]]
7630811	[1, [0.013382261978060805, 0.9866177380219392]]
5917135	[1, [0.01624587678835443, 0.9837541232116456]]
5705503	[1, [0.02135784508001648, 0.9786421549199835]]
5705504	[1, [0.035870776324749776, 0.9641292236752502]]
5705116	[1, [0.04278272126647842, 0.9572172787335216]]
65081987	[1, [0.045948549026419094, 0.9540514509735809]]
5705113	[1, [0.006484899530949884, 0.9935151004690501]]
5915844	[1, [0.013299016207275915, 0.9867009837927241]]
5705523	[1, [0.02276431945226942, 0.9772356805477306]]
5705501	[1, [0.04429343337855274, 0.9557065666214473]]
5705741	[1, [0.034823752524590135, 0.9651762474754099]]
5914115	[1, [0.00029158809227947113, 0.9997084119077205]]
5913721	[1, [0.0040562715119895065, 0.9959437284880105]]
5705524	[1, [0.02276431945226942, 0.9772356805477306]]
5914567	[1, [0.0007656377520989244, 0.9992343622479011]]
5705083	[1, [0.000593205950788489, 0.9994067940492115]]
5705084	[1, [0.04113897221132601, 0.958861027788674]]
5705133	[1, [0.017737111307601583, 0.9822628886923984]]
5705134	[1, [0.039162365181710235, 0.9608376348182898]]
5705189	[1, [0.0012655176643903143, 0.9987344823356097]]
5705140	[1, [0.02253935286221187, 0.9774606471377881]]
5917012	[1, [0.004235197701975779, 0.9957648022980242]]
6311547	[1, [0.002716330521511323, 0.9972836694784887]]
5705210	[1, [0.030992354895318153, 0.9690076451046818]]
6619519	[1, [0.04414450605499187, 0.9558554939450081]]
5813528	[1, [0.00011487379005947762, 0.9998851262099405]]
72599067	[1, [0.020113692738487066, 0.9798863072615129]]
5705777	[1, [0.01044051603930396, 0.989559483960696]]
5705068	[1, [0.001097889541649688, 0.9989021104583503]]
5705069	[1, [0.00045085174113390636, 0.9995491482588661]]
5705066	[1, [0.0012831883331994032, 0.9987168116668006]]
5705067	[1, [0.0005951811177067334, 0.9994048188822933]]
5705518	[1, [0.019963759995909602, 0.9800362400040904]]
5705520	[1, [0.008418537519124691, 0.9915814624808753]]
5705062	[1, [4.4552286011301234e-05, 0.9999554477139887]]
5705063	[1, [0.0035137684764136035, 0.9964862315235864]]
5705060	[1, [0.013900733183669467, 0.9860992668163305]]
5705061	[1, [0.008507649517918714, 0.9914923504820813]]
5705192	[1, [0.0063900103114477025, 0.9936099896885523]]
7630297	[1, [0.030421936696444107, 0.9695780633035559]]
5705128	[1, [0.01208120479806607, 0.9879187952019339]]
7630530	[1, [0.012883002496534957, 0.987116997503465]]
5813163	[1, [0.00015684765610135543, 0.9998431523438986]]
5705194	[1, [0.04278272126647842, 0.9572172787335216]]
5705064	[1, [0.00035076839348702205, 0.999649231606513]]
5705139	[1, [0.0044934276327384115, 0.9955065723672616]]
5705211	[1, [0.0018458758657164953, 0.9981541241342835]]
82007512	[1, [0.009528416914786342, 0.9904715830852137]]
7629519	[1, [0.016935870559893984, 0.983064129440106]]
34252786	[1, [0.008402692946952506, 0.9915973070530475]]
5814286	[1, [0.00034834955528806333, 0.9996516504447119]]
42528059	[1, [0.025691799924454695, 0.9743082000755453]]
5812838	[1, [6.159382587300755e-07, 0.9999993840617413]]
6758907	[1, [0.015096354377733712, 0.9849036456222663]]
6873885	[1, [0.03524221389349458, 0.9647577861065054]]
45285870	[1, [0.003328395943472451, 0.9966716040565275]]
7672968	[1, [0.00547192790066009, 0.9945280720993399]]
5790133	[1, [0.001134104446501083, 0.9988658955534989]]
5774797	[1, [0.028860540945074398, 0.9711394590549256]]
43763056	[1, [0.02020851973047466, 0.9797914802695253]]
5961128	[1, [0.03396037901896154, 0.9660396209810385]]
41109599	[1, [0.03881957784208634, 0.9611804221579137]]
50786766	[1, [0.021146649818082675, 0.9788533501819173]]
5792607	[1, [5.51999942977055e-07, 0.999999448000057]]
5790843	[1, [4.2938363498112864e-07, 0.999999570616365]]
5427653	[1, [0.04205651234636898, 0.957943487653631]]
5425873	[1, [0.007261583820399653, 0.9927384161796003]]
5790777	[1, [4.2938363498112864e-07, 0.999999570616365]]
6758953	[1, [0.0444580125276558, 0.9555419874723442]]
5792345	[1, [0.00010345269643063926, 0.9998965473035694]]
6364612	[1, [0.036171321317672755, 0.9638286786823272]]
7706642	[1, [0.04515395004107914, 0.9548460499589209]]
6940748	[1, [0.012565155718371357, 0.9874348442816286]]
6366297	[1, [0.0012878253352084368, 0.9987121746647916]]
72558666	[1, [0.03444181299244886, 0.9655581870075511]]
6764924	[1, [0.006023184025940709, 0.9939768159740593]]
6522379	[1, [0.001322895141165903, 0.9986771048588341]]
7008011	[1, [0.0011379123729517993, 0.9988620876270482]]
6520586	[1, [0.010742093687556076, 0.9892579063124439]]
5523933	[1, [0.00450604144708433, 0.9954939585529157]]
7098615	[1, [0.009716553903256653, 0.9902834460967433]]
6521917	[1, [0.012085300422376988, 0.987914699577623]]
7309856	[1, [0.01388079140156484, 0.9861192085984352]]
7111893	[1, [0.013698068496758364, 0.9863019315032416]]
34677616	[1, [0.01440548129867647, 0.9855945187013235]]
23279550	[1, [0.024916929508525865, 0.9750830704914741]]
7984900	[1, [3.719605827334771e-05, 0.9999628039417267]]
7005909	[1, [0.003517413717456841, 0.9964825862825432]]
15461284	[1, [0.03556321287360786, 0.9644367871263921]]
85262309	[1, [0.011805419908306858, 0.9881945800916931]]
7094775	[1, [0.0027652185922935058, 0.9972347814077065]]
6119779	[1, [0.0022325358085893976, 0.9977674641914106]]
6691319	[1, [0.021816929679977837, 0.9781830703200222]]
6054399	[1, [0.003931594593843402, 0.9960684054061566]]
7834500	[1, [0.00967496557290004, 0.9903250344271]]
6549162	[1, [0.021668384507962823, 0.9783316154920372]]
31282858	[1, [0.03985352857556579, 0.9601464714244342]]
6541803	[1, [0.00551462888290577, 0.9944853711170942]]
5978203	[1, [0.007279238735183879, 0.9927207612648161]]
76334348	[1, [0.04821012150536097, 0.951789878494639]]
6548024	[1, [0.028239291768854757, 0.9717607082311452]]
6693465	[1, [0.0030630782677147916, 0.9969369217322852]]
82754743	[1, [0.03097516310442061, 0.9690248368955794]]
7753340	[1, [0.04835502412301851, 0.9516449758769815]]
6539088	[1, [0.005468508762941471, 0.9945314912370585]]
6692709	[1, [0.028239291768854757, 0.9717607082311452]]
6541485	[1, [0.048085670884642884, 0.9519143291153571]]
6694551	[1, [0.006022997066070679, 0.9939770029339293]]
5981269	[1, [0.013311256933151938, 0.9866887430668481]]
5982086	[1, [0.007590968872270731, 0.9924090311277293]]
7755154	[1, [0.045414127028871376, 0.9545858729711286]]
37054635	[1, [0.04665713145214678, 0.9533428685478532]]
7367580	[1, [0.015404923549236726, 0.9845950764507633]]
51110388	[1, [0.04719648644642982, 0.9528035135535702]]
90841259	[1, [0.018642207854545845, 0.9813577921454542]]
5227260	[1, [0.04149847544506202, 0.958501524554938]]
7551699	[1, [0.03688684182137281, 0.9631131581786272]]
5216912	[1, [0.03606519707713318, 0.9639348029228668]]
77290644	[1, [0.02928619850150127, 0.9707138014984987]]
7370508	[1, [0.011254158262405833, 0.9887458417375942]]
6336319	[1, [0.012891137048468226, 0.9871088629515318]]
97385142	[1, [0.005612429316319667, 0.9943875706836803]]
5858088	[1, [0.01582185085480181, 0.9841781491451982]]
20446800	[1, [0.039434007247207026, 0.960565992752793]]
62152142	[1, [0.04302574386798641, 0.9569742561320136]]
39275561	[1, [0.043737239057727306, 0.9562627609422727]]
6414019	[1, [0.015725975130506664, 0.9842740248694933]]
5750711	[1, [0.00017488939979526386, 0.9998251106002047]]
6238303	[1, [0.010963269980197587, 0.9890367300198024]]
6208176	[1, [0.04424484803582085, 0.9557551519641792]]
50262861	[1, [0.034491931174960966, 0.965508068825039]]
5665844	[1, [0.018902113465682713, 0.9810978865343173]]
6410954	[1, [0.0043246962024326985, 0.9956753037975673]]
6414616	[1, [0.0292563604509386, 0.9707436395490614]]
5755294	[1, [0.032495342323024534, 0.9675046576769755]]
93059606	[1, [0.032085919514220795, 0.9679140804857792]]
5754765	[1, [0.00017714636320209642, 0.9998228536367979]]
6414668	[1, [0.00847682249023074, 0.9915231775097693]]
94941557	[1, [0.019829640357729716, 0.9801703596422703]]
6410828	[1, [0.014521858336612015, 0.985478141663388]]
5752696	[1, [0.01068054033206467, 0.9893194596679353]]
6408207	[1, [0.03670149813962997, 0.96329850186037]]
5754162	[1, [0.011924478085218237, 0.9880755219147818]]
5665830	[1, [0.025165918964680345, 0.9748340810353197]]
7960484	[1, [0.04418929241242009, 0.9558107075875799]]
95060993	[1, [0.0278785911082422, 0.9721214088917578]]
6674361	[1, [0.022788648883520946, 0.977211351116479]]
7388343	[1, [0.0020666210619998404, 0.9979333789380002]]
5476691	[1, [8.46684469968384e-06, 0.9999915331553003]]
5476418	[1, [1.0352197292395893e-05, 0.9999896478027076]]
34617772	[1, [0.012110189931430426, 0.9878898100685696]]
6673001	[1, [0.02286784159742994, 0.9771321584025701]]
25618043	[1, [0.04904271592508869, 0.9509572840749113]]
5972682	[1, [0.00018933450040847788, 0.9998106654995915]]
58151763	[1, [0.007568507380778189, 0.9924314926192218]]
6105885	[1, [0.024028352360036642, 0.9759716476399634]]
7329457	[1, [0.012625864257600816, 0.9873741357423992]]
5479205	[1, [0.003878994528057844, 0.9961210054719422]]
5476677	[1, [1.6357937016042712e-07, 0.9999998364206298]]
58357532	[1, [0.0192491573824356, 0.9807508426175644]]
5975188	[1, [0.008845437813818524, 0.9911545621861815]]
61706027	[1, [0.04318821965831299, 0.956811780341687]]
6108082	[1, [0.037169768906105016, 0.962830231093895]]
25617908	[1, [0.023255023041568457, 0.9767449769584315]]
73044835	[1, [0.03377099425409846, 0.9662290057459015]]
6672698	[1, [0.002239275672228036, 0.997760724327772]]
5476769	[1, [0.04921114739185262, 0.9507888526081474]]
7386786	[1, [0.009589040539173754, 0.9904109594608262]]
6578810	[1, [0.03962807425894055, 0.9603719257410595]]
5562481	[1, [0.011641840857659291, 0.9883581591423407]]
7208682	[1, [0.024761135937508172, 0.9752388640624918]]
46239114	[1, [0.01950071518969465, 0.9804992848103053]]
6578827	[1, [0.024073819955024778, 0.9759261800449752]]
6576672	[1, [0.02819933613982728, 0.9718006638601727]]
7361082	[1, [0.03820480241995039, 0.9617951975800496]]
5563660	[1, [0.03337958367553784, 0.9666204163244622]]
6578826	[1, [0.013373539592120398, 0.9866264604078796]]
6578823	[1, [0.020331305629832097, 0.9796686943701679]]
7202684	[1, [0.03677810001102866, 0.9632218999889713]]
7153208	[1, [0.011903757338412646, 0.9880962426615874]]
6578830	[1, [0.04629692568961896, 0.953703074310381]]
96692620	[1, [0.011481315130598246, 0.9885186848694018]]
7202239	[1, [0.02651955191118227, 0.9734804480888177]]
7206285	[1, [0.014499890981421237, 0.9855001090185788]]
7362089	[1, [0.03139160855297907, 0.9686083914470209]]
12846856	[1, [0.016425328498950398, 0.9835746715010496]]
7174277	[1, [0.029191155699703875, 0.9708088443002961]]
84679396	[1, [0.0036613599735411118, 0.9963386400264589]]
7988588	[1, [0.037538408388885225, 0.9624615916111148]]
5339444	[1, [0.02980782731212528, 0.9701921726878747]]
7173749	[1, [0.003832093805237413, 0.9961679061947626]]
5113455	[1, [0.03178298291623527, 0.9682170170837647]]
5341465	[1, [0.025890370574029653, 0.9741096294259703]]
5574576	[1, [4.666919552698268e-06, 0.9999953330804473]]
5339435	[1, [0.0035839554245571392, 0.9964160445754429]]
5339438	[1, [0.004629516269495926, 0.9953704837305041]]
5339452	[1, [0.03978237718228339, 0.9602176228177166]]
6614513	[1, [0.0074274277570989256, 0.9925725722429011]]
5573988	[1, [0.02119655881587168, 0.9788034411841283]]
5340532	[1, [0.01373869039096054, 0.9862613096090395]]
7173348	[1, [0.034387479669023446, 0.9656125203309766]]
5338858	[1, [0.018047058799890325, 0.9819529412001097]]
5338854	[1, [0.03977092386030301, 0.960229076139697]]
7988170	[1, [0.03285840915555793, 0.9671415908444421]]
6092904	[1, [0.037342756657608, 0.962657243342392]]
6612778	[1, [0.0073758086362728514, 0.9926241913637271]]
7234935	[1, [0.036217066183728774, 0.9637829338162712]]
39776104	[1, [0.0334743832603841, 0.9665256167396159]]
7175022	[1, [0.004189631728951926, 0.9958103682710481]]
62205220	[1, [0.016177172818577668, 0.9838228271814223]]
5582678	[1, [0.029443697243409894, 0.9705563027565901]]
5585954	[1, [0.01357156649239566, 0.9864284335076043]]
18052219	[1, [0.02781510408182586, 0.9721848959181741]]
66142857	[1, [0.01767964992315363, 0.9823203500768464]]
5636634	[1, [0.01687267356209765, 0.9831273264379023]]
5885334	[1, [0.020152382007594505, 0.9798476179924055]]
5567430	[1, [0.00014184934963923368, 0.9998581506503608]]
5890318	[1, [0.03669165450410983, 0.9633083454958902]]
5586508	[1, [0.011915852213601918, 0.9880841477863981]]
46322244	[1, [0.007823211807872155, 0.9921767881921278]]
5635020	[1, [0.0034643813048139682, 0.996535618695186]]
7785582	[1, [0.03556484296314488, 0.9644351570368551]]
5583161	[1, [0.011802021147567565, 0.9881979788524324]]
6557092	[1, [0.03640171768260192, 0.9635982823173981]]
35502485	[1, [0.032950521780959696, 0.9670494782190403]]
5885365	[1, [0.00018355540096515188, 0.9998164445990348]]
22723354	[1, [0.028671489302627196, 0.9713285106973728]]
6559388	[1, [0.009805425905114018, 0.990194574094886]]
7264217	[1, [0.01069460171940384, 0.9893053982805962]]
5885093	[1, [0.026895183025868907, 0.9731048169741311]]
5765183	[1, [4.257959948072987e-05, 0.9999574204005193]]
5755575	[1, [0.01387030418039703, 0.986129695819603]]
5756841	[1, [0.00017488939979526386, 0.9998251106002047]]
5758980	[1, [0.012348058232951487, 0.9876519417670485]]
5764175	[1, [0.00026814932459162666, 0.9997318506754084]]
7741931	[1, [0.001993857760739126, 0.9980061422392609]]
5755676	[1, [0.005870153700267, 0.994129846299733]]
5756005	[1, [0.002938780330317581, 0.9970612196696824]]
5761970	[1, [0.011457099679486937, 0.9885429003205131]]
7232091	[1, [0.01954645063111138, 0.9804535493688886]]
58886026	[1, [0.0151809604794233, 0.9848190395205767]]
7654023	[1, [0.04652048401998776, 0.9534795159800122]]
5765148	[1, [0.04695551163373579, 0.9530444883662642]]
6928580	[1, [0.002237283925667244, 0.9977627160743328]]
77817845	[1, [0.007051067869185967, 0.992948932130814]]
5763901	[1, [3.835712346400566e-05, 0.999961642876536]]
5757654	[1, [9.534497575014456e-06, 0.999990465502425]]
7963627	[1, [0.003481852086403947, 0.996518147913596]]
5756857	[1, [0.011924464869436768, 0.9880755351305632]]
7285870	[1, [0.006589154243209383, 0.9934108457567906]]
34415228	[1, [0.038274779706413464, 0.9617252202935865]]
7941651	[1, [0.017716371781651974, 0.982283628218348]]
7288624	[1, [0.02690978101630681, 0.9730902189836932]]
7357158	[1, [0.03249793413333657, 0.9675020658666634]]
7941366	[1, [0.028732560019845588, 0.9712674399801544]]
7234443	[1, [0.0014812741238610094, 0.998518725876139]]
6968700	[1, [0.017748477137323415, 0.9822515228626766]]
5698062	[1, [0.0032323361677023543, 0.9967676638322976]]
5576007	[1, [0.02613955206096552, 0.9738604479390345]]
6428940	[1, [0.029689749869553417, 0.9703102501304466]]
5576803	[1, [0.012112974950407862, 0.9878870250495921]]
6428947	[1, [0.03572440670159949, 0.9642755932984005]]
6430117	[1, [0.006072908273682565, 0.9939270917263174]]
48990696	[1, [0.036073636928576125, 0.9639263630714239]]
87735628	[1, [0.04118307397597487, 0.9588169260240251]]
83121864	[1, [0.005830738843326078, 0.9941692611566739]]
7693188	[1, [0.04165864866508373, 0.9583413513349163]]
5700529	[1, [0.01706104783522777, 0.9829389521647722]]
19033147	[1, [0.0035302248035105066, 0.9964697751964895]]
5699172	[1, [0.029502388033805227, 0.9704976119661948]]
5578050	[1, [0.010908155175670342, 0.9890918448243297]]
5698202	[1, [0.0004637876291313514, 0.9995362123708686]]
5576566	[1, [0.0003451335129296407, 0.9996548664870704]]
5578233	[1, [0.0050234735103498185, 0.9949765264896502]]
6430581	[1, [0.0008408069544818542, 0.9991591930455181]]
5577664	[1, [0.01171694829758263, 0.9882830517024174]]
73921645	[1, [0.0322719019457236, 0.9677280980542764]]
92007995	[1, [0.019484271274933684, 0.9805157287250663]]
5699128	[1, [0.009562530079802123, 0.9904374699201979]]
6654529	[1, [0.03759637620862544, 0.9624036237913746]]
6651164	[1, [0.009112568725854198, 0.9908874312741458]]
6781996	[1, [0.03045776662857136, 0.9695422333714286]]
7898545	[1, [9.037490975694062e-06, 0.9999909625090243]]
6655024	[1, [0.006973597097015949, 0.993026402902984]]
42636412	[1, [0.020226104705160286, 0.9797738952948397]]
7898293	[1, [0.011422539427479839, 0.9885774605725202]]
6654785	[1, [0.02288679251608894, 0.9771132074839111]]
6907495	[1, [0.0049250530208876375, 0.9950749469791124]]
6653421	[1, [0.0006174166496494271, 0.9993825833503506]]
7927455	[1, [0.027899795049735387, 0.9721002049502646]]
6652150	[1, [0.0016342117880692175, 0.9983657882119308]]
6655227	[1, [0.04190683670137607, 0.9580931632986239]]
6975640	[1, [0.0003265304051706108, 0.9996734695948294]]
7250175	[1, [0.023904755821394286, 0.9760952441786057]]
5485877	[1, [0.0005037662040856539, 0.9994962337959143]]
6977488	[1, [0.031594872446703115, 0.9684051275532969]]
28829268	[1, [0.04916230287000689, 0.9508376971299931]]
7251085	[1, [0.006901480287326511, 0.9930985197126735]]
7251403	[1, [0.000760243196408994, 0.999239756803591]]
7012071	[1, [0.025474249750818023, 0.974525750249182]]
6975476	[1, [0.02535989854550469, 0.9746401014544953]]
7012880	[1, [0.0016154322420756095, 0.9983845677579244]]
5479861	[1, [8.46684469968384e-06, 0.9999915331553003]]
54818100	[1, [0.004257018349610564, 0.9957429816503894]]
7998532	[1, [0.025156954727920677, 0.9748430452720793]]
6977226	[1, [0.04866278708370764, 0.9513372129162924]]
5485132	[1, [3.4959629156006145e-06, 0.9999965040370844]]
7012113	[1, [0.018878704885973763, 0.9811212951140262]]
5480038	[1, [0.03696965970748345, 0.9630303402925166]]
9336569	[1, [0.009086794156623057, 0.9909132058433769]]
7881349	[1, [0.0020659252820368623, 0.9979340747179631]]
78718925	[1, [0.020065307021582712, 0.9799346929784173]]
7011711	[1, [0.0212973262024867, 0.9787026737975133]]
7932096	[1, [0.04004245546871277, 0.9599575445312872]]
5692934	[1, [0.017622983532772363, 0.9823770164672276]]
73590984	[1, [0.045212938427717786, 0.9547870615722822]]
5693223	[1, [0.00012509241559777173, 0.9998749075844022]]
6662989	[1, [0.00102656724051986, 0.9989734327594801]]
6662757	[1, [0.01430908509851092, 0.9856909149014891]]
19539523	[1, [0.0262370722891897, 0.9737629277108103]]
33775705	[1, [0.00892810770557606, 0.9910718922944239]]
5693326	[1, [0.02811187800090742, 0.9718881219990926]]
6072248	[1, [0.001660777323919005, 0.998339222676081]]
31524222	[1, [0.042861499460736585, 0.9571385005392634]]
48035015	[1, [0.036206031441144204, 0.9637939685588558]]
95335496	[1, [0.0334743832603841, 0.9665256167396159]]
7931884	[1, [0.010049594063161638, 0.9899504059368384]]
5662116	[1, [0.02327926947688075, 0.9767207305231193]]
7890955	[1, [0.04371492148018319, 0.9562850785198168]]
5552214	[1, [2.847042403109068e-05, 0.9999715295759689]]
5243933	[1, [0.02725513986117567, 0.9727448601388243]]
5108002	[1, [0.010176128278341023, 0.989823871721659]]
5552609	[1, [0.0030335447311093944, 0.9969664552688906]]
7891527	[1, [0.0012851226745664857, 0.9987148773254335]]
93897669	[1, [0.026360031174765264, 0.9736399688252347]]
5650399	[1, [0.03184029952863976, 0.9681597004713602]]
6642424	[1, [0.03428147174804652, 0.9657185282519535]]
6644027	[1, [0.02044279217899625, 0.9795572078210038]]
6644117	[1, [0.013969147983883046, 0.986030852016117]]
7923659	[1, [0.04515120841275333, 0.9548487915872467]]
7924205	[1, [0.04441984401507426, 0.9555801559849257]]
6735807	[1, [0.041219516861562, 0.958780483138438]]
7953541	[1, [0.005045504196125372, 0.9949544958038746]]
5883288	[1, [0.0329759182889342, 0.9670240817110658]]
5986242	[1, [0.010503015742903354, 0.9894969842570966]]
7949941	[1, [0.03213857070720105, 0.967861429292799]]
6741200	[1, [0.013817368025452081, 0.9861826319745479]]
7953241	[1, [0.033940551431050014, 0.96605944856895]]
7798167	[1, [0.01973558048008428, 0.9802644195199157]]
61525617	[1, [0.023388200244097712, 0.9766117997559023]]
5881997	[1, [0.023288373966425358, 0.9767116260335746]]
6391303	[1, [0.04046066529433945, 0.9595393347056606]]
6386785	[1, [0.007381144613627821, 0.9926188553863722]]
7924130	[1, [0.007394828585480462, 0.9926051714145195]]
6736768	[1, [0.02786936905586057, 0.9721306309441394]]
6393797	[1, [0.04524334036306776, 0.9547566596369322]]
7924333	[1, [0.0180624222830722, 0.9819375777169278]]
5988265	[1, [0.03118572259285013, 0.9688142774071499]]
6392092	[1, [0.02927444907856125, 0.9707255509214388]]
6389050	[1, [0.01463507916715967, 0.9853649208328403]]
16302618	[1, [0.010749265069937675, 0.9892507349300623]]
7126201	[1, [0.0011391292562404898, 0.9988608707437595]]
7127783	[1, [0.0068499197832253556, 0.9931500802167746]]
5684087	[1, [0.0044934276327384115, 0.9955065723672616]]
5142493	[1, [0.00010160335718834013, 0.9998983966428117]]
7737687	[1, [0.015817828946059542, 0.9841821710539405]]
5686056	[1, [0.00014027534701466227, 0.9998597246529853]]
5144393	[1, [0.00045249114261336487, 0.9995475088573866]]
7496530	[1, [0.036273757949026986, 0.963726242050973]]
5143130	[1, [0.014912028958684265, 0.9850879710413157]]
5683467	[1, [0.00045391399510086305, 0.9995460860048991]]
5929038	[1, [0.03984533130024215, 0.9601546686997579]]
5143133	[1, [0.037901946039567425, 0.9620980539604326]]
5684040	[1, [0.02057201527036101, 0.979427984729639]]
5684514	[1, [0.004656697464117454, 0.9953433025358825]]
5683181	[1, [0.009468749065625892, 0.9905312509343741]]
6149570	[1, [0.01682467143270505, 0.983175328567295]]
5684384	[1, [0.001436427334409629, 0.9985635726655904]]
5684030	[1, [0.00027397379815985445, 0.9997260262018401]]
5683970	[1, [0.005714196505839486, 0.9942858034941605]]
5695391	[1, [0.038087351437054884, 0.9619126485629451]]
5683700	[1, [0.005465965366271752, 0.9945340346337282]]
5918974	[1, [0.035929095809937306, 0.9640709041900627]]
5919820	[1, [0.023503536006260317, 0.9764964639937397]]
5142475	[1, [0.006312670759863415, 0.9936873292401366]]
6151290	[1, [0.027479527896530964, 0.972520472103469]]
5140882	[1, [0.0007863655315405449, 0.9992136344684595]]
6150572	[1, [0.013265871863581746, 0.9867341281364183]]
5682952	[1, [0.025121344915248534, 0.9748786550847515]]
5683398	[1, [0.006087590861639347, 0.9939124091383607]]
5921227	[1, [0.0017809022776044126, 0.9982190977223956]]
5683299	[1, [0.0017809022776044126, 0.9982190977223956]]
5684098	[1, [2.5206950094558422e-05, 0.9999747930499054]]
5682835	[1, [0.00471974148414922, 0.9952802585158508]]
6843793	[1, [0.03813193936981707, 0.9618680606301829]]
5684303	[1, [0.00045391399510086305, 0.9995460860048991]]
62966153	[1, [0.015337422922582444, 0.9846625770774176]]
5929089	[1, [0.030061507795037357, 0.9699384922049626]]
5684226	[1, [0.014795248855859588, 0.9852047511441404]]
5684610	[1, [0.0021587148905916065, 0.9978412851094084]]
5920041	[1, [0.0033991076633881345, 0.9966008923366119]]
6149688	[1, [0.011254158262405833, 0.9887458417375942]]
5146114	[1, [0.006071425065794722, 0.9939285749342053]]
5685242	[1, [0.00028182311510094316, 0.9997181768848991]]
5686804	[1, [1.195312638746504e-05, 0.9999880468736125]]
5686920	[1, [0.027904963455868792, 0.9720950365441312]]
5683847	[1, [0.0369262942459333, 0.9630737057540667]]
5684053	[1, [0.0017809022776044126, 0.9982190977223956]]
5683354	[1, [0.013850279289029377, 0.9861497207109706]]
14842274	[1, [0.04303618172727297, 0.956963818272727]]
5684788	[1, [0.0006139881772621036, 0.9993860118227379]]
5686864	[1, [4.4156325124999896e-05, 0.999955843674875]]
5684173	[1, [0.030137495714908202, 0.9698625042850918]]
5144316	[1, [0.0011516906586681586, 0.9988483093413318]]
14828386	[1, [0.007626126058555616, 0.9923738739414444]]
5684259	[1, [0.0005614933048736503, 0.9994385066951263]]
5679424	[1, [0.011050764959019577, 0.9889492350409804]]
7432129	[1, [0.037067550499319646, 0.9629324495006804]]
5144395	[1, [0.00018251956352743903, 0.9998174804364726]]
5919323	[1, [0.008233924120754632, 0.9917660758792454]]
6851082	[1, [0.021062208452642728, 0.9789377915473573]]
5683014	[1, [0.03171038241630586, 0.9682896175836941]]
14810988	[1, [0.032174437771135156, 0.9678255622288648]]
5695710	[1, [0.047740089639769834, 0.9522599103602302]]
5679474	[1, [0.030409355859311704, 0.9695906441406883]]
5693800	[1, [0.0006334087399167965, 0.9993665912600832]]
5918251	[1, [0.009019626736908037, 0.990980373263092]]
5682846	[1, [0.00027397379815985445, 0.9997260262018401]]
7572527	[1, [0.006735872494453066, 0.9932641275055469]]
6700490	[1, [0.005284330378054536, 0.9947156696219455]]
49540844	[1, [0.015044617684314643, 0.9849553823156854]]
7573570	[1, [0.015721806985300124, 0.9842781930146999]]
30021429	[1, [0.013974015975906862, 0.9860259840240931]]
90437636	[1, [0.03749637237965453, 0.9625036276203455]]
7172189	[1, [0.03679409146698931, 0.9632059085330107]]
69905592	[1, [0.00640910300708708, 0.9935908969929129]]
44848702	[1, [0.0010960115734669484, 0.998903988426533]]
69912292	[1, [0.04757646936320681, 0.9524235306367932]]
44906901	[1, [0.011350180618428962, 0.988649819381571]]
7636751	[1, [0.042927360090435296, 0.9570726399095647]]
7030063	[1, [0.017644526974325947, 0.982355473025674]]
17063259	[1, [0.010859892400832738, 0.9891401075991673]]
98504763	[1, [0.018367941803675625, 0.9816320581963244]]
6570564	[1, [0.0006186346818195521, 0.9993813653181804]]
7894522	[1, [9.079565770553355e-05, 0.9999092043422945]]
7028743	[1, [0.002937404283066103, 0.9970625957169339]]
7894357	[1, [1.765948292042907e-06, 0.999998234051708]]
5537611	[1, [0.025145716803324114, 0.9748542831966759]]
5350631	[1, [0.04125001896414737, 0.9587499810358526]]
48520348	[1, [0.04926379310748952, 0.9507362068925105]]
5535055	[1, [0.006059872703757296, 0.9939401272962427]]
98563906	[1, [0.012769189764222921, 0.9872308102357771]]
37522186	[1, [0.00886498466158947, 0.9911350153384105]]
5350232	[1, [0.02535561091092875, 0.9746443890890713]]
6564911	[1, [0.037197508770049126, 0.9628024912299509]]
7036512	[1, [0.0027652185922935058, 0.9972347814077065]]
6394961	[1, [0.022055449110549463, 0.9779445508894505]]
5536158	[1, [3.4085277954565285e-06, 0.9999965914722045]]
66665278	[1, [0.012248059939098943, 0.9877519400609011]]
62722173	[1, [0.02414001180391867, 0.9758599881960813]]
7029895	[1, [0.0038666692207773856, 0.9961333307792226]]
7873006	[1, [0.008820606930900143, 0.9911793930690999]]
7034852	[1, [0.004206453904118335, 0.9957935460958817]]
60271810	[1, [0.028636003357943585, 0.9713639966420564]]
7893893	[1, [0.04608975288006789, 0.9539102471199321]]
70693526	[1, [0.02839447747739776, 0.9716055225226022]]
6550836	[1, [0.043538891719032025, 0.956461108280968]]
6982939	[1, [0.018677838756356313, 0.9813221612436437]]
73493243	[1, [0.03022815055997674, 0.9697718494400233]]
5867979	[1, [0.007423644672230889, 0.9925763553277691]]
7847846	[1, [0.01851901927484534, 0.9814809807251547]]
5868916	[1, [0.024543680699006143, 0.9754563193009939]]
61391505	[1, [0.019572545618928072, 0.9804274543810719]]
24684830	[1, [0.03886519277292655, 0.9611348072270735]]
7676296	[1, [0.01833571528271083, 0.9816642847172892]]
19110332	[1, [0.010880762597917704, 0.9891192374020823]]
60156094	[1, [0.030823712599934106, 0.9691762874000659]]
42309605	[1, [0.03250956937701022, 0.9674904306229898]]
42320204	[1, [0.04344872324921856, 0.9565512767507814]]
5870942	[1, [0.01871215937534454, 0.9812878406246555]]
5868080	[1, [0.0008865758669329704, 0.999113424133067]]
60100708	[1, [0.020080413532564956, 0.979919586467435]]
7568897	[1, [0.01046781077532466, 0.9895321892246753]]
93807962	[1, [0.017885753160648332, 0.9821142468393517]]
6556663	[1, [0.020615738764286462, 0.9793842612357135]]
24712455	[1, [0.04658558139696156, 0.9534144186030384]]
5807230	[1, [0.006748119434755728, 0.9932518805652443]]
5689237	[1, [0.00029029433620220146, 0.9997097056637978]]
5806777	[1, [0.0407459068949545, 0.9592540931050455]]
5806492	[1, [0.0016846588762295944, 0.9983153411237704]]
6100420	[1, [0.04747777006552911, 0.9525222299344709]]
5690423	[1, [9.962618706438331e-05, 0.9999003738129356]]
6811463	[1, [0.025476902639505306, 0.9745230973604947]]
5806782	[1, [0.008492632519628396, 0.9915073674803716]]
5690279	[1, [0.0014622909567318931, 0.9985377090432681]]
95714920	[1, [0.022745265488706812, 0.9772547345112932]]
5690195	[1, [6.190295441310667e-05, 0.9999380970455869]]
5690314	[1, [0.0020702787686284196, 0.9979297212313716]]
5806785	[1, [0.01113936785891756, 0.9888606321410824]]
5806545	[1, [0.03635673881253032, 0.9636432611874697]]
5689712	[1, [0.0026519237633932935, 0.9973480762366067]]
5689444	[1, [0.0020058895167520685, 0.9979941104832479]]
5806541	[1, [0.02590023975380007, 0.9740997602461999]]
5808292	[1, [0.031521588095908104, 0.9684784119040919]]
5687114	[1, [0.003423743086505948, 0.996576256913494]]
99119195	[1, [0.02228665276377806, 0.9777133472362219]]
5807103	[1, [0.03838697361201304, 0.961613026387987]]
5689382	[1, [0.00012651783988215648, 0.9998734821601178]]
5687770	[1, [0.0008154897951576645, 0.9991845102048423]]
5806524	[1, [0.022923671414656788, 0.9770763285853432]]
5806506	[1, [0.0019791062062725073, 0.9980208937937275]]
5602091	[1, [0.022781112190521924, 0.9772188878094781]]
6088358	[1, [0.002697593000505316, 0.9973024069994947]]
5688934	[1, [4.962365400151825e-05, 0.9999503763459985]]
95756108	[1, [0.010940494672991297, 0.9890595053270087]]
5688041	[1, [0.0008154897951576645, 0.9991845102048423]]
22693144	[1, [0.030786539526619916, 0.9692134604733801]]
5806392	[1, [0.02363135560451346, 0.9763686443954865]]
48290616	[1, [0.04641132359636535, 0.9535886764036346]]
5690102	[1, [0.007981269379062295, 0.9920187306209377]]
5806516	[1, [0.0010222780936057774, 0.9989777219063942]]
5806572	[1, [0.024708140238546172, 0.9752918597614538]]
20639757	[1, [0.0035328685851767627, 0.9964671314148232]]
5690049	[1, [0.003356809809585415, 0.9966431901904146]]
5806553	[1, [0.042853952978722076, 0.9571460470212779]]
12961588	[1, [0.03185514299088599, 0.968144857009114]]
7625876	[1, [0.012883002496534957, 0.987116997503465]]
6049786	[1, [9.814626201321008e-05, 0.9999018537379868]]
6048487	[1, [0.000151809180141127, 0.9998481908198589]]
5243086	[1, [0.03945356760796881, 0.9605464323920312]]
7688525	[1, [0.025432332613294584, 0.9745676673867054]]
7627133	[1, [0.04906418726263273, 0.9509358127373673]]
6049763	[1, [0.0009767817771700882, 0.9990232182228299]]
5472507	[1, [0.01948075984641462, 0.9805192401535854]]
5356592	[1, [0.02362679585640326, 0.9763732041435967]]
5471186	[1, [0.02275842013419882, 0.9772415798658012]]
7687138	[1, [0.0016817360881410393, 0.998318263911859]]
5470582	[1, [0.03761536323089376, 0.9623846367691062]]
7181837	[1, [0.00898814354893307, 0.9910118564510669]]
23553482	[1, [0.03476639023224404, 0.965233609767756]]
6793093	[1, [0.015121984649869802, 0.9848780153501302]]
6789807	[1, [0.04133294252960318, 0.9586670574703968]]
7627082	[1, [0.011638498466728597, 0.9883615015332714]]
5470653	[1, [1.4893619812328396e-05, 0.9999851063801877]]
7626305	[1, [0.025493783068567644, 0.9745062169314324]]
7938193	[1, [0.026239308544157902, 0.9737606914558421]]
7627348	[1, [0.008657583214093267, 0.9913424167859067]]
7626366	[1, [0.008673306700492822, 0.9913266932995072]]
7626364	[1, [0.010803099953547002, 0.989196900046453]]
85615741	[1, [0.01532647705264123, 0.9846735229473588]]
7178945	[1, [0.04495642629073915, 0.9550435737092609]]
7180526	[1, [0.0244310702768189, 0.9755689297231811]]
7686324	[1, [0.011773854740787182, 0.9882261452592128]]
14908106	[1, [0.008196170448369067, 0.9918038295516309]]
7627522	[1, [0.048707397462181, 0.951292602537819]]
33644090	[1, [0.0034092563326507674, 0.9965907436673492]]
7179780	[1, [0.008006290447117648, 0.9919937095528824]]
6155210	[1, [0.014390132159226243, 0.9856098678407738]]
7739356	[1, [0.022732654648323858, 0.9772673453516761]]
7271986	[1, [0.017642944800029592, 0.9823570551999704]]
78896192	[1, [0.036752027887216654, 0.9632479721127833]]
7951864	[1, [0.026220108023731092, 0.9737798919762689]]
73308564	[1, [0.0022013154586758565, 0.9977986845413241]]
7696141	[1, [0.00845009184453982, 0.9915499081554602]]
5373748	[1, [0.004655558361248757, 0.9953444416387512]]
7122663	[1, [0.017624820532501695, 0.9823751794674983]]
5374377	[1, [0.013834741007041518, 0.9861652589929585]]
6291664	[1, [0.011087761610710012, 0.98891223838929]]
65198744	[1, [0.039879846804334096, 0.9601201531956659]]
83742393	[1, [0.0374480799621274, 0.9625519200378726]]
7656489	[1, [0.041673565782827326, 0.9583264342171727]]
5849584	[1, [0.006071425065794722, 0.9939285749342053]]
5849585	[1, [0.0013564135634499541, 0.99864358643655]]
5849587	[1, [0.010090951516350422, 0.9899090484836496]]
5849580	[1, [0.0259742157529278, 0.9740257842470722]]
6897138	[1, [0.01739700180614112, 0.9826029981938589]]
5795991	[1, [0.02565913596676761, 0.9743408640332324]]
5849364	[1, [6.699329518489172e-05, 0.9999330067048151]]
5849493	[1, [0.020534158272140668, 0.9794658417278593]]
5849366	[1, [3.604854164884763e-05, 0.9999639514583512]]
5849367	[1, [0.0004024991244048204, 0.9995975008755952]]
5797239	[1, [0.0020156260869130804, 0.9979843739130869]]
5849362	[1, [0.0005264269130725863, 0.9994735730869274]]
5849363	[1, [5.8839653588438345e-05, 0.9999411603464116]]
5849475	[1, [0.029351119681929716, 0.9706488803180703]]
5849476	[1, [0.0259742157529278, 0.9740257842470722]]
5849477	[1, [0.036410551062488805, 0.9635894489375112]]
5849610	[1, [0.0019163615753768903, 0.9980836384246231]]
5849611	[1, [0.0007447746358543172, 0.9992552253641457]]
90295107	[1, [0.008468999822432544, 0.9915310001775675]]
5793470	[1, [0.0005211020766895391, 0.9994788979233105]]
28816412	[1, [0.024404364384961297, 0.9755956356150387]]
5794160	[1, [0.008170309276415932, 0.9918296907235841]]
31911695	[1, [0.03264074642720871, 0.9673592535727913]]
5559465	[1, [0.011944841281796958, 0.988055158718203]]
5561126	[1, [0.0010380503971414434, 0.9989619496028586]]
5849596	[1, [0.027457170469467718, 0.9725428295305323]]
28000408	[1, [0.01153626431090049, 0.9884637356890995]]
6901897	[1, [0.0015883445098432425, 0.9984116554901568]]
5849579	[1, [0.009277917852874462, 0.9907220821471255]]
5794289	[1, [0.0037725348488655275, 0.9962274651511345]]
5849595	[1, [0.009429210976309554, 0.9905707890236904]]
5849594	[1, [0.040384304574237584, 0.9596156954257624]]
5849593	[1, [0.040384304574237584, 0.9596156954257624]]
5849590	[1, [0.02659871749973597, 0.973401282500264]]
7732178	[1, [0.0345093872953095, 0.9654906127046905]]
35245906	[1, [0.037365444581749396, 0.9626345554182506]]
5849480	[1, [0.006851560261179057, 0.9931484397388209]]
5849609	[1, [0.0019163615753768903, 0.9980836384246231]]
5849468	[1, [0.03956338314756125, 0.9604366168524388]]
54881435	[1, [0.01640996567251629, 0.9835900343274837]]
5849606	[1, [0.012952169266103986, 0.987047830733896]]
5849605	[1, [0.012952169266103986, 0.987047830733896]]
5849604	[1, [0.0004462464965020452, 0.999553753503498]]
5849602	[1, [0.013758126731395648, 0.9862418732686044]]
68557735	[1, [0.018644541665629233, 0.9813554583343708]]
6355006	[1, [0.01029452245086071, 0.9897054775491393]]
23471659	[1, [0.027121124083915205, 0.9728788759160848]]
7657314	[1, [0.003364569804845674, 0.9966354301951543]]
5796023	[1, [0.012546471338689469, 0.9874535286613105]]
5560770	[1, [0.015682991879471864, 0.9843170081205281]]
6903590	[1, [0.005759145763616691, 0.9942408542363833]]
7642001	[1, [0.0035531642244057693, 0.9964468357755942]]
5544750	[1, [0.001681247160081445, 0.9983187528399186]]
7695113	[1, [0.01868300635128972, 0.9813169936487103]]
6773800	[1, [0.01120720928440433, 0.9887927907155957]]
54443745	[1, [0.03983679269591145, 0.9601632073040886]]
5940247	[1, [0.04525553965528406, 0.9547444603447159]]
5548421	[1, [0.001580666898993388, 0.9984193331010066]]
9318469	[1, [0.02695059907774111, 0.9730494009222589]]
7908835	[1, [0.03121516754129039, 0.9687848324587096]]
83799930	[1, [0.021501617301965203, 0.9784983826980348]]
7860933	[1, [0.0068519960102555455, 0.9931480039897445]]
53506009	[1, [0.01848905857341121, 0.9815109414265888]]
7908650	[1, [0.008102096239306689, 0.9918979037606933]]
7909057	[1, [0.03889197914085685, 0.9611080208591432]]
7859666	[1, [0.022923633216257677, 0.9770763667837423]]
54432324	[1, [0.03451308076856474, 0.9654869192314353]]
5185033	[1, [0.023978352491209054, 0.976021647508791]]
53384588	[1, [0.002245308645528188, 0.9977546913544718]]
5544961	[1, [4.4471046694027905e-06, 0.9999955528953306]]
5152461	[1, [0.036300528709619195, 0.9636994712903808]]
7765179	[1, [0.023552419812643666, 0.9764475801873563]]
20323140	[1, [0.00616352183870883, 0.9938364781612912]]
5422376	[1, [0.0026380049624740165, 0.997361995037526]]
5325680	[1, [0.031951004643183345, 0.9680489953568167]]
30912649	[1, [0.02385100362714465, 0.9761489963728553]]
6581764	[1, [0.03141585087008114, 0.9685841491299189]]
30881732	[1, [0.0053039011147972825, 0.9946960988852027]]
7934964	[1, [7.739767606262937e-06, 0.9999922602323937]]
30858512	[1, [0.032555310724198594, 0.9674446892758014]]
5423836	[1, [2.205981534075807e-05, 0.9999779401846592]]
9044341	[1, [0.03876555110506108, 0.9612344488949389]]
7625811	[1, [0.00934900926214799, 0.990650990737852]]
7912738	[1, [0.03456162002689267, 0.9654383799731073]]
7912739	[1, [0.022687334805577608, 0.9773126651944224]]
5931878	[1, [0.005863552584587484, 0.9941364474154125]]
5931931	[1, [0.012896844631168358, 0.9871031553688316]]
5932150	[1, [0.00678190796501843, 0.9932180920349816]]
7622841	[1, [0.01951769815036175, 0.9804823018496382]]
7971802	[1, [0.03146253440750357, 0.9685374655924964]]
5924616	[1, [0.010994544098280934, 0.9890054559017191]]
5931831	[1, [0.002701054888187837, 0.9972989451118122]]
5862661	[1, [0.043551307096066694, 0.9564486929039333]]
57229754	[1, [0.02250070565992912, 0.9774992943400709]]
7625694	[1, [0.021201003567934085, 0.9787989964320659]]
7972081	[1, [0.0034657903355009845, 0.996534209664499]]
6499688	[1, [0.019642713095784803, 0.9803572869042152]]
5925372	[1, [0.02061249002785004, 0.97938750997215]]
5931573	[1, [0.0007157811850054818, 0.9992842188149945]]
6633445	[1, [0.039586130796308794, 0.9604138692036912]]
7910886	[1, [0.0355147234515637, 0.9644852765484363]]
5931414	[1, [0.007930612598392894, 0.9920693874016071]]
5931518	[1, [0.00015107916597500992, 0.999848920834025]]
5862972	[1, [0.013680290313071497, 0.9863197096869285]]
5932000	[1, [0.0004433925389282223, 0.9995566074610718]]
5932381	[1, [0.0014772751882726753, 0.9985227248117273]]
5925382	[1, [0.03906162369436339, 0.9609383763056366]]
6385799	[1, [0.03186445798041937, 0.9681355420195806]]
6385870	[1, [0.028894883547247008, 0.971105116452753]]
5862247	[1, [0.006804089558526294, 0.9931959104414737]]
5922823	[1, [0.04241408945744596, 0.957585910542554]]
5931239	[1, [0.0302667346023191, 0.9697332653976809]]
9315364	[1, [0.03209459136200976, 0.9679054086379902]]
6384622	[1, [0.042835792963286545, 0.9571642070367135]]
5931195	[1, [0.049061227712654976, 0.950938772287345]]
6499143	[1, [0.03759664803925822, 0.9624033519607418]]
5932015	[1, [0.0001764219429234437, 0.9998235780570766]]
16542042	[1, [0.005304998598705146, 0.9946950014012949]]
5931897	[1, [5.770060367171759e-05, 0.9999422993963283]]
83314782	[1, [0.0024238731166489336, 0.9975761268833511]]
5931112	[1, [0.0010070745705473838, 0.9989929254294526]]
5932464	[1, [0.007679941865448403, 0.9923200581345516]]
5930858	[1, [8.232689523746117e-05, 0.9999176731047625]]
5653603	[1, [0.030873179765181558, 0.9691268202348184]]
5531363	[1, [0.0014513473618045225, 0.9985486526381955]]
5531663	[1, [0.000984777872806708, 0.9990152221271933]]
7721965	[1, [0.019567279007523086, 0.9804327209924769]]
7449351	[1, [4.371017161786117e-05, 0.9999562898283821]]
7718120	[1, [0.02831593341606664, 0.9716840665839334]]
5304582	[1, [0.033956322856182886, 0.9660436771438171]]
5467894	[1, [3.773246587290835e-06, 0.9999962267534127]]
12180462	[1, [0.005178044778644697, 0.9948219552213553]]
5551398	[1, [0.026083908071732553, 0.9739160919282674]]
5549255	[1, [0.03337958367553784, 0.9666204163244622]]
50860580	[1, [0.01677897232089387, 0.9832210276791061]]
36804041	[1, [0.013103889067495378, 0.9868961109325046]]
5364937	[1, [0.010130318525656934, 0.9898696814743431]]
7745867	[1, [0.007884504516447843, 0.9921154954835522]]
5532074	[1, [1.672252481155212e-06, 0.9999983277475188]]
5652808	[1, [0.02093415259440512, 0.9790658474055949]]
7291691	[1, [0.00023149960294577276, 0.9997685003970542]]
5780745	[1, [0.026075385374954685, 0.9739246146250453]]
59233557	[1, [0.023667631762597008, 0.976332368237403]]
7973830	[1, [0.00906745633877215, 0.9909325436612278]]
44129793	[1, [0.02879926741911043, 0.9712007325808896]]
7856732	[1, [0.010561571784123869, 0.9894384282158761]]
93756293	[1, [0.048247053685475105, 0.9517529463145249]]
5784562	[1, [0.00018329684255380396, 0.9998167031574462]]
5780930	[1, [0.006887486660177244, 0.9931125133398228]]
47243603	[1, [0.028979252502480013, 0.97102074749752]]
7292403	[1, [0.024667056924233655, 0.9753329430757663]]
5522156	[1, [0.01099749252032256, 0.9890025074796774]]
6942789	[1, [0.027052915353954488, 0.9729470846460455]]
7665352	[1, [0.047690695962003704, 0.9523093040379963]]
78675200	[1, [0.02186243950814515, 0.9781375604918549]]
48473101	[1, [0.02975645355774592, 0.9702435464422541]]
48441315	[1, [0.01959518108234959, 0.9804048189176504]]
7665797	[1, [0.047690695962003704, 0.9523093040379963]]
82655321	[1, [0.015302763768607841, 0.9846972362313922]]
5933262	[1, [6.1401217522627505e-06, 0.9999938598782477]]
6686998	[1, [0.03284618316115773, 0.9671538168388423]]
6172959	[1, [0.028890294068011357, 0.9711097059319886]]
7987801	[1, [0.00797316707521889, 0.9920268329247811]]
5162580	[1, [0.02260275063122863, 0.9773972493687714]]
5934102	[1, [0.03923443916466518, 0.9607655608353348]]
5935938	[1, [0.01994029808616382, 0.9800597019138362]]
52812753	[1, [0.006242668727209244, 0.9937573312727908]]
5934219	[1, [0.011706533744749281, 0.9882934662552507]]
7377495	[1, [0.0011699703590599686, 0.99883002964094]]
5935421	[1, [0.007325011831249895, 0.9926749881687501]]
5935776	[1, [0.0030578330206061377, 0.9969421669793939]]
5174472	[1, [0.0009782327478236041, 0.9990217672521764]]
5933607	[1, [0.018515917574601803, 0.9814840824253982]]
6685951	[1, [0.02348770403468381, 0.9765122959653162]]
7853639	[1, [0.004914739107855226, 0.9950852608921448]]
57601932	[1, [0.007348517485879946, 0.99265148251412]]
5935534	[1, [0.012666960080561895, 0.9873330399194381]]
5934381	[1, [0.024070141007262458, 0.9759298589927375]]
7852587	[1, [0.043472214815780674, 0.9565277851842193]]
7642961	[1, [0.010989457641708444, 0.9890105423582916]]
42206806	[1, [0.023904243642106415, 0.9760957563578936]]
5934209	[1, [0.04987607600981736, 0.9501239239901826]]
5935554	[1, [0.0006040792873039935, 0.999395920712696]]
9004807	[1, [0.005026242562252037, 0.994973757437748]]
5936352	[1, [0.002746979953153761, 0.9972530200468462]]
5934618	[1, [0.004622593300423139, 0.9953774066995769]]
6954756	[1, [0.00511857166609242, 0.9948814283339076]]
5935283	[1, [0.007325011831249895, 0.9926749881687501]]
6529284	[1, [0.0033151794683089486, 0.996684820531691]]
7642556	[1, [0.004478130479663833, 0.9955218695203362]]
94498175	[1, [0.013135243529688645, 0.9868647564703114]]
6160427	[1, [0.008540169208721471, 0.9914598307912785]]
7559469	[1, [0.0025828546510860972, 0.9974171453489139]]
7722870	[1, [0.01729228814629069, 0.9827077118537093]]
10873350	[1, [0.0010385907585195309, 0.9989614092414805]]
6163174	[1, [0.013983888637335129, 0.9860161113626649]]
48624857	[1, [0.03771313975244306, 0.9622868602475569]]
7870419	[1, [0.04323432361671342, 0.9567656763832866]]
7596354	[1, [0.02655589019814375, 0.9734441098018562]]
6036639	[1, [0.0010113275053684756, 0.9989886724946315]]
10875478	[1, [0.0156012165484688, 0.9843987834515312]]
7868583	[1, [0.029973499890578625, 0.9700265001094214]]
7489711	[1, [0.002836355172556204, 0.9971636448274438]]
10771957	[1, [0.016372352926940503, 0.9836276470730595]]
6160110	[1, [0.002916073430203614, 0.9970839265697964]]
51609485	[1, [0.03174363102253941, 0.9682563689774606]]
6038267	[1, [0.007773175854497216, 0.9922268241455028]]
5571144	[1, [0.006528251752482062, 0.9934717482475179]]
46781910	[1, [0.04820418258385717, 0.9517958174161428]]
6162320	[1, [0.024189857320289, 0.975810142679711]]
96475871	[1, [0.012006002945530558, 0.9879939970544694]]
7917963	[1, [0.008810252482957748, 0.9911897475170423]]
5672001	[1, [0.010758777776492479, 0.9892412222235075]]
6880875	[1, [0.005457576398545383, 0.9945424236014546]]
7256226	[1, [0.0008371510327390697, 0.9991628489672609]]
86509214	[1, [0.03485556165243764, 0.9651444383475624]]
9322659	[1, [0.0432023273815213, 0.9567976726184787]]
5346376	[1, [0.02445016014188095, 0.975549839858119]]
55504223	[1, [0.020519064104772333, 0.9794809358952277]]
7254264	[1, [7.924877440834699e-05, 0.9999207512255917]]
6275750	[1, [0.006111536098055259, 0.9938884639019447]]
18607150	[1, [0.0029149768460956516, 0.9970850231539043]]
6609210	[1, [0.0021347461264695777, 0.9978652538735304]]
6885795	[1, [0.0005143849250544008, 0.9994856150749456]]
7257715	[1, [0.034751176635368086, 0.9652488233646319]]
7917962	[1, [0.0016340122001428092, 0.9983659877998572]]
7917970	[1, [0.012571261350521334, 0.9874287386494787]]
6884847	[1, [0.04669053955959801, 0.953309460440402]]
55441945	[1, [0.030066081172881787, 0.9699339188271182]]
6425887	[1, [0.006607545989887664, 0.9933924540101123]]
6327320	[1, [0.015817828946059542, 0.9841821710539405]]
7909630	[1, [0.03409652312745537, 0.9659034768725446]]
5789638	[1, [5.51999942977055e-07, 0.999999448000057]]
7989278	[1, [0.005327993305441425, 0.9946720066945586]]
6507615	[1, [0.016030542953931692, 0.9839694570460683]]
7910165	[1, [0.027985631693422053, 0.972014368306578]]
5459697	[1, [0.02507381715616841, 0.9749261828438316]]
50324290	[1, [0.032637537318633836, 0.9673624626813662]]
7989732	[1, [0.0033451289400634465, 0.9966548710599366]]
6423666	[1, [0.0010023345015152119, 0.9989976654984848]]
7682244	[1, [0.016907769934795924, 0.9830922300652041]]
6507793	[1, [0.006381785625624303, 0.9936182143743757]]
6423703	[1, [0.0005841433843725152, 0.9994158566156275]]
7918897	[1, [0.036502777512861906, 0.9634972224871381]]
6426460	[1, [0.035042325172309874, 0.9649576748276901]]
5788356	[1, [6.368337422957282e-07, 0.9999993631662577]]
28660564	[1, [0.03235673115570359, 0.9676432688442964]]
7910178	[1, [0.025063053926860146, 0.9749369460731399]]
6252616	[1, [0.006760001830624196, 0.9932399981693758]]
5787587	[1, [3.2316354482420095e-06, 0.9999967683645518]]
7910172	[1, [0.0006875519727440604, 0.9993124480272559]]
7747960	[1, [0.04819282214306275, 0.9518071778569372]]
7938972	[1, [0.022859455985659638, 0.9771405440143404]]
7746752	[1, [0.02338659353608341, 0.9766134064639166]]
83282635	[1, [0.03556799334106764, 0.9644320066589324]]
5789518	[1, [0.012864483510869995, 0.98713551648913]]
7980060	[1, [0.017644526974325947, 0.982355473025674]]
7001966	[1, [0.028023729616376558, 0.9719762703836234]]
7980213	[1, [0.0019629378798973196, 0.9980370621201027]]
7022430	[1, [0.018592011639603334, 0.9814079883603967]]
7001775	[1, [0.003645216959670683, 0.9963547830403293]]
55766640	[1, [0.0021032005784014096, 0.9978967994215986]]
7023211	[1, [0.00459910961786103, 0.995400890382139]]
22537976	[1, [0.024713368580449258, 0.9752866314195507]]
74459025	[1, [0.024910621579841807, 0.9750893784201582]]
7955834	[1, [0.03472982430691962, 0.9652701756930804]]
72083022	[1, [0.04718838023879912, 0.9528116197612009]]
87518324	[1, [0.034186618597906504, 0.9658133814020935]]
87546520	[1, [0.047284381571988665, 0.9527156184280113]]
6830465	[1, [0.031145160811056116, 0.9688548391889439]]
26822809	[1, [0.004917134343111695, 0.9950828656568883]]
6841723	[1, [0.015038030935395907, 0.9849619690646041]]
5232876	[1, [0.003487498355444485, 0.9965125016445555]]
6839993	[1, [0.01074424464548962, 0.9892557553545104]]
13575217	[1, [0.03360429216197314, 0.9663957078380269]]
95479611	[1, [0.00930223025832666, 0.9906977697416733]]
5234679	[1, [0.03393082430490957, 0.9660691756950904]]
5742714	[1, [0.01483970742102425, 0.9851602925789757]]
6831775	[1, [0.0064530162467949514, 0.993546983753205]]
87517677	[1, [2.2461417762409397e-06, 0.9999977538582238]]
5234392	[1, [0.03642423805496653, 0.9635757619450335]]
7015914	[1, [0.010299372685265373, 0.9897006273147346]]
7132907	[1, [0.03673340764869448, 0.9632665923513055]]
5557731	[1, [0.005707000324395306, 0.9942929996756047]]
5557344	[1, [0.016464056044059316, 0.9835359439559407]]
7131606	[1, [0.00032336168321944747, 0.9996766383167806]]
6704524	[1, [0.019299259768583266, 0.9807007402314167]]
98865375	[1, [0.03686986730528796, 0.963130132694712]]
6703224	[1, [0.007749732535767273, 0.9922502674642327]]
6702536	[1, [0.027711695859570784, 0.9722883041404292]]
5659072	[1, [0.0413365762883684, 0.9586634237116316]]
6948220	[1, [0.015573576305785153, 0.9844264236942148]]
9321126	[1, [0.035650207872866546, 0.9643497921271335]]
6589888	[1, [0.020719533236100762, 0.9792804667638992]]
5660542	[1, [0.00023811513330940226, 0.9997618848666906]]
7013740	[1, [6.320953697269704e-05, 0.9999367904630273]]
7067091	[1, [0.0027652185922935058, 0.9972347814077065]]
30998148	[1, [0.028274443785772263, 0.9717255562142277]]
99818901	[1, [0.002714011686236417, 0.9972859883137636]]
7014587	[1, [0.002171128645129028, 0.997828871354871]]
20149786	[1, [0.024185577763411348, 0.9758144222365887]]
