9124791	[1, [0.03926450090989386, 0.9607354990901061]]
54662403	[1, [0.0016076194948091427, 0.9983923805051909]]
5122156	[1, [0.0005290003793442244, 0.9994709996206558]]
34151874	[1, [0.025855253252770494, 0.9741447467472295]]
34164427	[1, [0.0023097729081275054, 0.9976902270918725]]
9124341	[1, [0.00724688816955521, 0.9927531118304448]]
33442947	[1, [0.015344073081098863, 0.9846559269189011]]
86412902	[1, [0.03354619924682267, 0.9664538007531773]]
7223843	[1, [5.971072977173364e-07, 0.9999994028927023]]
7583657	[1, [0.0180427576339397, 0.9819572423660603]]
13927566	[1, [0.007365262811952489, 0.9926347371880475]]
55847659	[1, [0.004325212707982806, 0.9956747872920172]]
27472576	[1, [0.02295245289498704, 0.977047547105013]]
7585003	[1, [0.03577443342437814, 0.9642255665756219]]
80276612	[1, [0.02535760118950714, 0.9746423988104929]]
9102526	[1, [0.04630765932439407, 0.9536923406756059]]
7776057	[1, [0.010021892820514355, 0.9899781071794856]]
6727454	[1, [0.007345077652749832, 0.9926549223472502]]
37890812	[1, [0.0324582588294805, 0.9675417411705195]]
6732883	[1, [0.017410346902825058, 0.9825896530971749]]
67372330	[1, [0.013251484875729136, 0.9867485151242709]]
55876308	[1, [0.017730275298328824, 0.9822697247016712]]
36314412	[1, [0.01751742505842324, 0.9824825749415768]]
38123634	[1, [0.007296458917714466, 0.9927035410822855]]
7584445	[1, [0.022672994353828524, 0.9773270056461715]]
6958866	[1, [0.008299247421084566, 0.9917007525789154]]
6982943	[1, [0.00998503932865702, 0.990014960671343]]
60573541	[1, [0.0003984872314010124, 0.999601512768599]]
51469381	[1, [0.0058072656434009495, 0.994192734356599]]
6983970	[1, [0.020402633885473365, 0.9795973661145266]]
97578242	[1, [0.013088141020711985, 0.986911858979288]]
61392920	[1, [0.004372113561993074, 0.9956278864380069]]
90584786	[1, [0.025988676143703038, 0.974011323856297]]
99052061	[1, [0.013626814102570162, 0.9863731858974298]]
60142928	[1, [0.019341664028464267, 0.9806583359715357]]
20732573	[1, [0.004759648781335057, 0.9952403512186649]]
41423635	[1, [0.03872201553576904, 0.961277984464231]]
6553166	[1, [0.005650020107275777, 0.9943499798927242]]
7969537	[1, [0.005246685058159173, 0.9947533149418408]]
82921461	[1, [0.04115915295899686, 0.9588408470410031]]
29545775	[1, [0.01173962113904048, 0.9882603788609595]]
91769354	[1, [0.04464109192666166, 0.9553589080733383]]
88602252	[1, [0.03236815490017875, 0.9676318450998213]]
7569843	[1, [0.026296710780519428, 0.9737032892194806]]
89562482	[1, [0.011571275599560837, 0.9884287244004392]]
9255953	[1, [0.006256757636245669, 0.9937432423637543]]
89520877	[1, [0.004895316245219439, 0.9951046837547806]]
60587276	[1, [0.02469156532838024, 0.9753084346716198]]
7569924	[1, [0.04922239254071237, 0.9507776074592876]]
7755335	[1, [0.02344216560148593, 0.9765578343985141]]
7534597	[1, [0.014760794042538383, 0.9852392059574616]]
65737493	[1, [0.00035935262491337827, 0.9996406473750866]]
11254456	[1, [0.0013301516352305365, 0.9986698483647695]]
6788831	[1, [0.01977930081248591, 0.9802206991875141]]
7755504	[1, [0.0008971825573343972, 0.9991028174426656]]
7529660	[1, [0.0005894601282093737, 0.9994105398717906]]
93568795	[1, [0.01906230244265883, 0.9809376975573412]]
7978022	[1, [0.030949038446098975, 0.969050961553901]]
7535970	[1, [0.005715452670707832, 0.9942845473292922]]
7935670	[1, [0.014587882443301226, 0.9854121175566988]]
6692217	[1, [0.03927154265532695, 0.960728457344673]]
7754461	[1, [0.0009415836735570116, 0.999058416326443]]
35080459	[1, [0.009489808770530073, 0.9905101912294699]]
11274183	[1, [0.00043094827447354156, 0.9995690517255265]]
6695272	[1, [0.02580656728586539, 0.9741934327141346]]
7754346	[1, [0.041357154116973605, 0.9586428458830264]]
93324686	[1, [0.011212138640348868, 0.9887878613596511]]
63727452	[1, [0.004877417452721078, 0.9951225825472789]]
31285118	[1, [0.04949750511712592, 0.9505024948828741]]
37043814	[1, [0.03879637070207098, 0.961203629297929]]
6786628	[1, [0.040044214208264206, 0.9599557857917358]]
63786671	[1, [0.03995217910110549, 0.9600478208988945]]
6375479	[1, [0.012841337948961584, 0.9871586620510384]]
78807099	[1, [0.030930066776263976, 0.969069933223736]]
84574928	[1, [0.02815504852041273, 0.9718449514795873]]
69602663	[1, [0.04515120164604536, 0.9548487983539546]]
27793954	[1, [0.023988741329601604, 0.9760112586703984]]
9241700	[1, [0.0028574276118259467, 0.997142572388174]]
18252254	[1, [0.03446505045883819, 0.9655349495411618]]
6697335	[1, [0.03676076736233025, 0.9632392326376698]]
7573566	[1, [0.016995028954174485, 0.9830049710458255]]
30034810	[1, [0.029024610975352583, 0.9709753890246474]]
7990534	[1, [0.009867441846024727, 0.9901325581539753]]
69574380	[1, [0.00881033557102373, 0.9911896644289763]]
60681265	[1, [0.021343607601737036, 0.978656392398263]]
7171715	[1, [0.010927133007278211, 0.9890728669927218]]
64232214	[1, [0.045302085456114916, 0.9546979145438851]]
7953653	[1, [0.03386767433617455, 0.9661323256638255]]
5811598	[1, [0.001085114253241648, 0.9989148857467584]]
36194132	[1, [0.001797335500725028, 0.998202664499275]]
7502826	[1, [0.0008971825573343972, 0.9991028174426656]]
7950389	[1, [0.023949587013971096, 0.9760504129860289]]
7505446	[1, [0.002346255527920893, 0.9976537444720791]]
30613915	[1, [0.0033742715290961955, 0.9966257284709038]]
5809451	[1, [0.038517613068556944, 0.9614823869314431]]
7501935	[1, [0.010021892820514355, 0.9899781071794856]]
5808851	[1, [0.006774723846072139, 0.9932252761539279]]
38973241	[1, [0.0035974860789947938, 0.9964025139210052]]
79808211	[1, [0.006934467667874311, 0.9930655323321257]]
6720847	[1, [0.032995270778899854, 0.9670047292211001]]
6723608	[1, [0.046411803205061, 0.953588196794939]]
36201672	[1, [7.115486764619483e-05, 0.9999288451323538]]
7953667	[1, [0.033935356606602296, 0.9660646433933977]]
7503858	[1, [0.0004564128496667985, 0.9995435871503332]]
23376457	[1, [0.03343944547412847, 0.9665605545258715]]
41507070	[1, [0.006897987471148781, 0.9931020125288512]]
35404408	[1, [0.02727525875222414, 0.9727247412477759]]
18356367	[1, [0.01147590663211373, 0.9885240933678863]]
35365225	[1, [0.01531758514325321, 0.9846824148567468]]
68178915	[1, [0.0051234819537792076, 0.9948765180462208]]
41528467	[1, [0.0007955638211979421, 0.9992044361788021]]
55139236	[1, [0.04038101970931085, 0.9596189802906891]]
55185692	[1, [0.0031281344477533946, 0.9968718655522466]]
9047847	[1, [0.04843417764868552, 0.9515658223513145]]
82359757	[1, [0.046363771351500715, 0.9536362286484993]]
42540605	[1, [0.044515407847158905, 0.9554845921528411]]
5705054	[1, [0.04327844584753726, 0.9567215541524627]]
65079395	[1, [0.041822891823700914, 0.9581771081762991]]
42548962	[1, [0.04030398782748468, 0.9596960121725153]]
10316314	[1, [0.010410594253947969, 0.989589405746052]]
82007512	[1, [0.0039569774335608265, 0.9960430225664392]]
34260094	[1, [0.02958567363661424, 0.9704143263633858]]
49938656	[1, [0.02839324597142079, 0.9716067540285792]]
42884542	[1, [0.02937211346217461, 0.9706278865378254]]
20227837	[1, [0.039305081296729494, 0.9606949187032705]]
9230552	[1, [0.0017289606003899616, 0.99827103939961]]
5814286	[1, [0.031123766947565135, 0.9688762330524349]]
5916533	[1, [0.02912660222431196, 0.970873397775688]]
5705154	[1, [0.013322601097374487, 0.9866773989026255]]
9230886	[1, [0.0038894709054128063, 0.9961105290945872]]
6747319	[1, [0.02488780473131791, 0.9751121952686821]]
21344825	[1, [0.023216840704563535, 0.9767831592954365]]
6747160	[1, [0.03339799915331687, 0.9666020008466831]]
92327877	[1, [0.0052064073190519755, 0.994793592680948]]
30359212	[1, [0.020702816183889694, 0.9792971838161103]]
7317851	[1, [0.015258347883621126, 0.9847416521163789]]
7684456	[1, [0.03423104640176511, 0.9657689535982349]]
7594547	[1, [0.016628595879823238, 0.9833714041201768]]
30403975	[1, [0.006362718960279956, 0.99363728103972]]
9127754	[1, [0.02898217841535733, 0.9710178215846427]]
7611889	[1, [0.009694928307625195, 0.9903050716923748]]
57508221	[1, [0.0029089804113958673, 0.9970910195886041]]
59647660	[1, [0.00519647686441338, 0.9948035231355866]]
7610872	[1, [0.019136973397083312, 0.9808630266029167]]
59617032	[1, [0.04043443645504985, 0.9595655635449502]]
95797602	[1, [0.003529479792909296, 0.9964705202070907]]
6892860	[1, [0.03630781042820075, 0.9636921895717993]]
42974168	[1, [0.007730500852212274, 0.9922694991477877]]
34534547	[1, [0.023297392060829702, 0.9767026079391703]]
93637981	[1, [0.017570797158349083, 0.9824292028416509]]
19473638	[1, [0.028003523384819484, 0.9719964766151805]]
7610959	[1, [0.011784024000350168, 0.9882159759996498]]
7611360	[1, [0.029595767516455096, 0.9704042324835449]]
9128329	[1, [0.010984865214910045, 0.98901513478509]]
9120833	[1, [0.031469862542748195, 0.9685301374572518]]
14792861	[1, [0.040830157006987666, 0.9591698429930123]]
43180397	[1, [0.031600570483607204, 0.9683994295163928]]
43177468	[1, [0.0003480971252991516, 0.9996519028747008]]
7185608	[1, [0.039643095638441594, 0.9603569043615584]]
99858139	[1, [0.00971344086911552, 0.9902865591308845]]
7188073	[1, [0.004402417779097667, 0.9955975822209023]]
87654721	[1, [0.026337661200079188, 0.9736623387999208]]
70814790	[1, [0.02736866129010418, 0.9726313387098958]]
43549604	[1, [0.005138173093481746, 0.9948618269065183]]
55267602	[1, [0.04569910281066292, 0.9543008971893371]]
9266800	[1, [0.03184531720354988, 0.9681546827964501]]
43160332	[1, [0.023664925041393836, 0.9763350749586062]]
7647287	[1, [0.009956255656648816, 0.9900437443433512]]
26097950	[1, [0.006082777217142454, 0.9939172227828575]]
14040392	[1, [0.02479536317562614, 0.9752046368243739]]
7689404	[1, [0.02353063464439553, 0.9764693653556045]]
7937715	[1, [0.02951631656430942, 0.9704836834356906]]
56890470	[1, [0.0032829692998775917, 0.9967170307001224]]
5239083	[1, [0.001990456102018867, 0.9980095438979811]]
7687460	[1, [0.005612489966648315, 0.9943875100333517]]
23558324	[1, [0.018428352794858993, 0.981571647205141]]
5472022	[1, [0.04799684500433188, 0.9520031549956681]]
7808954	[1, [0.019333806453926128, 0.9806661935460739]]
14060331	[1, [0.045496804651923295, 0.9545031953480767]]
7688827	[1, [0.008488839582977303, 0.9915111604170227]]
23528926	[1, [0.023139525466195576, 0.9768604745338044]]
9011477	[1, [0.02881533131690417, 0.9711846686830958]]
85553231	[1, [0.013235086357757275, 0.9867649136422427]]
33626050	[1, [0.013705647583284297, 0.9862943524167157]]
85603345	[1, [0.006039454002760292, 0.9939605459972397]]
6792317	[1, [0.04426771294720255, 0.9557322870527974]]
6792664	[1, [0.024947323271657162, 0.9750526767283428]]
68684143	[1, [0.012155589235337994, 0.987844410764662]]
95314740	[1, [0.0212046713389884, 0.9787953286610116]]
7686689	[1, [0.021473664439053852, 0.9785263355609461]]
5241217	[1, [0.002167980037164341, 0.9978320199628357]]
43968679	[1, [0.0353532931951005, 0.9646467068048995]]
58158033	[1, [0.04956654030854357, 0.9504334596914564]]
7326320	[1, [0.005479680686828248, 0.9945203193131718]]
38531835	[1, [0.024575694007013205, 0.9754243059929868]]
45509288	[1, [0.021457629579087478, 0.9785423704209125]]
5968182	[1, [0.039666988507867096, 0.9603330114921329]]
22265788	[1, [0.00785077529970335, 0.9921492247002967]]
9201581	[1, [0.024219248965633988, 0.975780751034366]]
73110457	[1, [0.04901546185471395, 0.950984538145286]]
52668009	[1, [0.030746860919947827, 0.9692531390800522]]
12379529	[1, [0.002695320659601208, 0.9973046793403988]]
14950697	[1, [0.049205248598418794, 0.9507947514015812]]
7392551	[1, [0.04710729467340358, 0.9528927053265964]]
7389117	[1, [0.0007884952794501299, 0.9992115047205499]]
6106308	[1, [0.015998671103286455, 0.9840013288967135]]
9201685	[1, [0.0025621030270008838, 0.9974378969729991]]
9066919	[1, [0.018824375932613102, 0.9811756240673869]]
47480700	[1, [0.008983560098800636, 0.9910164399011994]]
9010438	[1, [0.02500889778081783, 0.9749911022191822]]
45486163	[1, [0.0002699745929571895, 0.9997300254070428]]
7208675	[1, [0.005425262021690913, 0.9945747379783091]]
44467244	[1, [0.002287064620887125, 0.9977129353791129]]
92622702	[1, [0.018919759371249456, 0.9810802406287505]]
7962390	[1, [0.001023686405477231, 0.9989763135945228]]
7761809	[1, [0.022023621214850686, 0.9779763787851493]]
7209245	[1, [0.048937574415494955, 0.951062425584505]]
7157215	[1, [0.015477762600215494, 0.9845222373997845]]
53687261	[1, [0.018062209978321975, 0.981937790021678]]
9010201	[1, [0.04727096079687876, 0.9527290392031212]]
45600360	[1, [0.00832437458924229, 0.9916756254107577]]
7362137	[1, [0.03869959746163776, 0.9613004025383622]]
7763069	[1, [0.03453352098444906, 0.9654664790155509]]
46180634	[1, [0.01741973141582942, 0.9825802685841706]]
7760557	[1, [0.019080129250051092, 0.9809198707499489]]
7939745	[1, [0.029739067270945885, 0.9702609327290541]]
87229151	[1, [0.025758394166033316, 0.9742416058339667]]
86691923	[1, [0.028650715110144165, 0.9713492848898558]]
7456760	[1, [0.03890738178805142, 0.9610926182119486]]
7668060	[1, [0.03207907794562259, 0.9679209220543774]]
6564279	[1, [0.002811061649597102, 0.9971889383504029]]
62718275	[1, [0.03814357069562491, 0.9618564293043751]]
60312935	[1, [0.02734332172637921, 0.9726566782736208]]
98470580	[1, [0.006798552775605149, 0.9932014472243949]]
66720253	[1, [0.04309215116581344, 0.9569078488341866]]
98423990	[1, [0.0002021252447326205, 0.9997978747552674]]
47546441	[1, [0.049733788839682935, 0.9502662111603171]]
87272174	[1, [0.0009559087978461278, 0.9990440912021539]]
17102242	[1, [0.031284902249226976, 0.968715097750773]]
7964256	[1, [0.044144015417762805, 0.9558559845822372]]
5537497	[1, [0.021476544723247892, 0.9785234552767521]]
24596730	[1, [0.03828617942887924, 0.9617138205711208]]
98440932	[1, [0.006518167676510367, 0.9934818323234896]]
85839045	[1, [0.0024639700936037734, 0.9975360299063962]]
18695751	[1, [0.04879410884950586, 0.9512058911504941]]
21029913	[1, [0.04943626120500055, 0.9505637387949994]]
5765600	[1, [0.0006577301125584301, 0.9993422698874416]]
35038826	[1, [0.000791949965075256, 0.9992080500349247]]
5767719	[1, [3.64944872274231e-05, 0.9999635055127726]]
6803950	[1, [0.04290989602145168, 0.9570901039785483]]
7278145	[1, [0.04812345190998224, 0.9518765480900178]]
66346015	[1, [0.021320582818483147, 0.9786794171815169]]
66331524	[1, [0.03668741909183604, 0.963312580908164]]
40174125	[1, [0.03590015260294788, 0.9640998473970521]]
85761355	[1, [0.025406859725352948, 0.974593140274647]]
6802229	[1, [0.03270026756047151, 0.9672997324395285]]
5565650	[1, [0.03472124149733247, 0.9652787585026675]]
46738663	[1, [0.005097168212507275, 0.9949028317874927]]
14137298	[1, [0.031122975503503736, 0.9688770244964963]]
6557263	[1, [0.014977023680281865, 0.9850229763197181]]
96411865	[1, [0.0313944157144348, 0.9686055842855652]]
7265443	[1, [0.04186561252613119, 0.9581343874738688]]
49703847	[1, [0.01807659762942171, 0.9819234023705783]]
7263868	[1, [0.028686405076086774, 0.9713135949239132]]
9055000	[1, [0.028372815184406375, 0.9716271848155936]]
79897000	[1, [0.03354756423972738, 0.9664524357602726]]
51692792	[1, [0.003133436885197294, 0.9968665631148027]]
5582805	[1, [0.0005938078589089457, 0.999406192141091]]
5248180	[1, [0.03697468506935919, 0.9630253149306408]]
35535079	[1, [0.0025589845886384577, 0.9974410154113615]]
90991619	[1, [0.03712710577471523, 0.9628728942252848]]
7617764	[1, [0.03252634256753484, 0.9674736574324652]]
7000806	[1, [0.04181234198784678, 0.9581876580121532]]
14239887	[1, [0.017400255607738946, 0.982599744392261]]
46055340	[1, [0.04216464687621391, 0.9578353531237861]]
9346071	[1, [0.006276242648706409, 0.9937237573512936]]
6816557	[1, [0.034848086709374115, 0.9651519132906259]]
11615554	[1, [0.024868755802255116, 0.9751312441977449]]
86825834	[1, [0.015137363880797894, 0.9848626361192021]]
11082213	[1, [0.03654598224530381, 0.9634540177546962]]
99156226	[1, [0.04611628250804656, 0.9538837174919534]]
62046669	[1, [0.0011258817206849514, 0.998874118279315]]
76032360	[1, [0.008944595411356171, 0.9910554045886438]]
9274793	[1, [0.025298048124740458, 0.9747019518752595]]
9240135	[1, [0.01132970443472281, 0.9886702955652772]]
91589793	[1, [0.046293681217800975, 0.953706318782199]]
9275495	[1, [0.018758363814513124, 0.9812416361854869]]
54944250	[1, [0.026854741846117136, 0.9731452581538829]]
76116297	[1, [0.02951880255694639, 0.9704811974430536]]
7976124	[1, [0.0343654901866568, 0.9656345098133432]]
6990898	[1, [0.0057562678836844405, 0.9942437321163156]]
94720038	[1, [0.00011868998975261835, 0.9998813100102474]]
9274417	[1, [0.042678289144048365, 0.9573217108559516]]
30204846	[1, [0.03931214392931803, 0.960687856070682]]
34110627	[1, [0.026255147925592914, 0.9737448520744071]]
7924427	[1, [0.0037216324391857736, 0.9962783675608142]]
62856228	[1, [0.01887819639344801, 0.981121803606552]]
94252964	[1, [0.006952617570083808, 0.9930473824299162]]
31135171	[1, [0.005138173093481746, 0.9948618269065183]]
7953257	[1, [0.00733860878439252, 0.9926613912156075]]
7129751	[1, [0.03976479299459279, 0.9602352070054072]]
6737388	[1, [0.02488780473131791, 0.9751121952686821]]
6593826	[1, [0.02184529983176242, 0.9781547001682376]]
6637328	[1, [0.0008526366753648373, 0.9991473633246352]]
64409825	[1, [0.037024954722176706, 0.9629750452778233]]
31094467	[1, [0.0024551946879542985, 0.9975448053120457]]
6739352	[1, [0.04139288946062247, 0.9586071105393775]]
92481469	[1, [0.03499999644000806, 0.9650000035599919]]
9229465	[1, [0.009166124994189007, 0.990833875005811]]
5205439	[1, [0.00048548959543393, 0.9995145104045661]]
92477877	[1, [0.01445618013977168, 0.9855438198602283]]
32171458	[1, [0.012679875636911975, 0.987320124363088]]
7875708	[1, [2.5134800047621475e-05, 0.9999748651999524]]
78340035	[1, [0.0068449987652924316, 0.9931550012347076]]
7120063	[1, [0.04142122280496996, 0.95857877719503]]
77930580	[1, [0.012307911266313365, 0.9876920887336866]]
7978593	[1, [0.043539523359600873, 0.9564604766403991]]
20825884	[1, [0.010383139162383093, 0.9896168608376169]]
78324084	[1, [0.0013386425843101568, 0.9986613574156898]]
77653241	[1, [0.0016008873146933222, 0.9983991126853067]]
73812315	[1, [0.029660636187126554, 0.9703393638128734]]
7876820	[1, [0.0060680174107561324, 0.9939319825892439]]
6134151	[1, [0.013750336765863791, 0.9862496632341362]]
6047430	[1, [0.0025481647330809487, 0.997451835266919]]
5735647	[1, [0.001961467890267965, 0.998038532109732]]
88904295	[1, [0.048838033125127134, 0.9511619668748729]]
88533354	[1, [0.017946630646263118, 0.9820533693537369]]
7379693	[1, [0.017440687035641833, 0.9825593129643582]]
97589701	[1, [0.03267125767797807, 0.9673287423220219]]
34297794	[1, [0.0323429149355936, 0.9676570850644064]]
86868156	[1, [0.02546592694934724, 0.9745340730506528]]
88857653	[1, [0.005479496243561144, 0.9945205037564389]]
86901107	[1, [0.027817289427915504, 0.9721827105720845]]
76918362	[1, [0.00016802466880450062, 0.9998319753311955]]
39944478	[1, [0.003934401910874574, 0.9960655980891254]]
5734337	[1, [0.026922604671411166, 0.9730773953285888]]
7550486	[1, [0.006414098086076958, 0.993585901913923]]
9112107	[1, [0.0472856281817019, 0.9527143718182981]]
44687883	[1, [0.006014052476035148, 0.9939859475239649]]
97432765	[1, [0.037814448476348184, 0.9621855515236518]]
93155678	[1, [0.035319415180182334, 0.9646805848198177]]
50188243	[1, [0.001204001152603107, 0.9987959988473969]]
5215046	[1, [0.03787168229634541, 0.9621283177036546]]
7371610	[1, [0.01880878620794313, 0.9811912137920569]]
68433338	[1, [0.028567517593633074, 0.9714324824063669]]
7404851	[1, [0.0273730800213281, 0.9726269199786719]]
16279238	[1, [0.04421691486782042, 0.9557830851321796]]
7404776	[1, [0.041192039704973094, 0.9588079602950269]]
7555928	[1, [0.007049974340055165, 0.9929500256599448]]
5214985	[1, [0.018652664582613054, 0.981347335417387]]
93101623	[1, [0.0043435886844247484, 0.9956564113155753]]
36004696	[1, [0.0011634653287888597, 0.9988365346712111]]
5215032	[1, [0.0377124329415931, 0.9622875670584069]]
5215015	[1, [0.026707681093317004, 0.973292318906683]]
5215014	[1, [0.03643276481529012, 0.9635672351847099]]
5215016	[1, [0.02377335395600244, 0.9762266460439976]]
84856289	[1, [0.00025791920252715705, 0.9997420807974728]]
9111446	[1, [0.02488780473131791, 0.9751121952686821]]
84847814	[1, [0.03547477560953216, 0.9645252243904678]]
36113981	[1, [0.005808391569093407, 0.9941916084309066]]
53320626	[1, [0.02403449810498648, 0.9759655018950135]]
62314429	[1, [0.007146154789180903, 0.9928538452108191]]
23797567	[1, [0.004415193898888448, 0.9955848061011116]]
94897569	[1, [0.04884820610036977, 0.9511517938996302]]
62266125	[1, [0.039078491759471645, 0.9609215082405284]]
50255196	[1, [0.009458900771364909, 0.9905410992286351]]
55125378	[1, [0.02585185033478099, 0.974148149665219]]
62285657	[1, [0.04585089486912275, 0.9541491051308773]]
93023090	[1, [0.04982170714930689, 0.9501782928506931]]
5754198	[1, [0.026419886414512872, 0.9735801135854871]]
28319350	[1, [0.0012923600375387423, 0.9987076399624613]]
22849940	[1, [0.0314375283149394, 0.9685624716850606]]
62215213	[1, [0.008098704387164868, 0.9919012956128351]]
5251580	[1, [0.005789950465584837, 0.9942100495344152]]
56852389	[1, [0.0018651070029429562, 0.998134892997057]]
7827079	[1, [0.014973612592023344, 0.9850263874079767]]
6091941	[1, [0.027755492848829055, 0.972244507151171]]
7829089	[1, [0.01067059536728121, 0.9893294046327188]]
5114119	[1, [0.0007287859914083539, 0.9992712140085916]]
7988289	[1, [0.04018932927141994, 0.9598106707285801]]
22791546	[1, [0.029103133063393183, 0.9708968669366068]]
7828579	[1, [0.0021353197106522837, 0.9978646802893477]]
58488514	[1, [0.03941264891454732, 0.9605873510854527]]
75205476	[1, [0.010710007916725162, 0.9892899920832748]]
41322016	[1, [0.04285452966767955, 0.9571454703323204]]
7172963	[1, [0.04116976796450578, 0.9588302320354942]]
22603135	[1, [0.023462578613637763, 0.9765374213863622]]
7173029	[1, [0.013935001783816903, 0.9860649982161831]]
39807411	[1, [0.02181636606131565, 0.9781836339386843]]
17826000	[1, [0.0026162134552378813, 0.9973837865447621]]
22593632	[1, [0.013128581043097332, 0.9868714189569027]]
7234523	[1, [0.04059641864640662, 0.9594035813535934]]
84706905	[1, [0.04026200927533852, 0.9597379907246615]]
7176035	[1, [0.041192039704973094, 0.9588079602950269]]
26839929	[1, [0.04489499729828561, 0.9551050027017144]]
99126987	[1, [2.5790919021662084e-05, 0.9999742090809783]]
69197322	[1, [0.04149855771741484, 0.9585014422825852]]
9010489	[1, [0.01098662978028031, 0.9890133702197197]]
99132966	[1, [0.030409743220896845, 0.9695902567791032]]
10452311	[1, [0.032146955056968074, 0.9678530449430319]]
58996298	[1, [0.0066560924771026375, 0.9933439075228974]]
25794414	[1, [0.03798274407978064, 0.9620172559202194]]
6811647	[1, [0.017196664776225723, 0.9828033352237743]]
7164332	[1, [0.04826549783311085, 0.9517345021668892]]
33336681	[1, [0.018333566612192764, 0.9816664333878072]]
58288015	[1, [0.01310032623157853, 0.9868996737684215]]
7411291	[1, [0.04515222557200538, 0.9548477744279946]]
12907929	[1, [0.002473651031074997, 0.997526348968925]]
90654363	[1, [0.004501552650342799, 0.9954984473496572]]
20635379	[1, [0.003806420802815791, 0.9961935791971842]]
7916962	[1, [0.048877824758801536, 0.9511221752411985]]
41879323	[1, [0.025597624630857907, 0.9744023753691421]]
6808739	[1, [0.0002990222584959845, 0.999700977741504]]
95708182	[1, [0.035105397281870676, 0.9648946027181293]]
26892245	[1, [0.032320401592212944, 0.9676795984077871]]
52124117	[1, [0.00941756488210288, 0.9905824351178971]]
19533861	[1, [0.0420039830907023, 0.9579960169092977]]
33764803	[1, [0.018279482893918342, 0.9817205171060817]]
98302037	[1, [0.004462703723404848, 0.9955372962765952]]
7424046	[1, [0.0273730800213281, 0.9726269199786719]]
33806330	[1, [0.007785265529918983, 0.992214734470081]]
9225712	[1, [0.0003126784577847097, 0.9996873215422153]]
9224649	[1, [0.004154201058270357, 0.9958457989417296]]
54300831	[1, [0.018662184148043992, 0.981337815851956]]
31542496	[1, [0.0012979278686857665, 0.9987020721313142]]
18029522	[1, [0.04152078520999847, 0.9584792147900015]]
7802370	[1, [0.03517650553399443, 0.9648234944660056]]
48040421	[1, [0.012753467272129337, 0.9872465327278707]]
7422147	[1, [0.020066699198931115, 0.9799333008010689]]
19579443	[1, [0.0026168402603210517, 0.997383159739679]]
96135316	[1, [0.008498176225689824, 0.9915018237743102]]
22331551	[1, [0.04914359274994895, 0.950856407250051]]
33804389	[1, [0.006082777217142454, 0.9939172227828575]]
22284688	[1, [0.0018745987004058495, 0.9981254012995942]]
39979362	[1, [0.024064609940945392, 0.9759353900590546]]
96102642	[1, [0.03568410465184502, 0.964315895348155]]
9001937	[1, [0.03656563733680995, 0.96343436266319]]
5691554	[1, [0.04286960828578057, 0.9571303917142194]]
79422704	[1, [0.0012852137265272345, 0.9987147862734728]]
21735244	[1, [0.0036135817809206383, 0.9963864182190794]]
6320718	[1, [0.04524974617700395, 0.954750253822996]]
5720565	[1, [0.0012793275269963322, 0.9987206724730037]]
83144438	[1, [0.010952496238409437, 0.9890475037615906]]
17354850	[1, [0.01879273821982097, 0.981207261780179]]
82219386	[1, [0.03199019897621147, 0.9680098010237885]]
66447104	[1, [0.010720105872023433, 0.9892798941279766]]
87729234	[1, [0.042326602594035645, 0.9576733974059644]]
55038369	[1, [0.01760338629666236, 0.9823966137033376]]
51083753	[1, [0.009313100732978863, 0.9906868992670211]]
73883661	[1, [0.029051820270025064, 0.9709481797299749]]
22104802	[1, [0.015312062139723803, 0.9846879378602762]]
19717543	[1, [0.012141169665697338, 0.9878588303343027]]
73934618	[1, [0.015498333195357317, 0.9845016668046427]]
21775839	[1, [0.020733651067179393, 0.9792663489328206]]
7353438	[1, [0.0029524007778978234, 0.9970475992221022]]
73387636	[1, [0.005710021357960837, 0.9942899786420392]]
7805493	[1, [0.03751110409137992, 0.9624888959086201]]
19054682	[1, [0.0016386374368487777, 0.9983613625631512]]
22119895	[1, [0.002279535484345785, 0.9977204645156542]]
56676895	[1, [0.04599530026127163, 0.9540046997387284]]
70168024	[1, [0.04284908965499212, 0.9571509103450079]]
56647412	[1, [0.043848646373158884, 0.9561513536268411]]
7349058	[1, [0.013103370429998651, 0.9868966295700013]]
7144465	[1, [0.00033646661869990435, 0.9996635333813001]]
7499111	[1, [0.00039291647017447584, 0.9996070835298255]]
63547321	[1, [0.0003600598220723228, 0.9996399401779277]]
6847029	[1, [0.021146266207078934, 0.9788537337929211]]
81520393	[1, [0.011693246520308787, 0.9883067534796912]]
14833847	[1, [0.02130800538030897, 0.978691994619691]]
5679447	[1, [0.0018453594749601177, 0.9981546405250399]]
63509508	[1, [0.03456780105347379, 0.9654321989465262]]
5918526	[1, [0.037727488138364906, 0.9622725118616351]]
7793961	[1, [0.03651420904956604, 0.963485790950434]]
24562786	[1, [0.04783179238593549, 0.9521682076140645]]
24567371	[1, [0.03832009360247579, 0.9616799063975242]]
7428385	[1, [0.0073643638371532205, 0.9926356361628468]]
14819235	[1, [0.01836767263928396, 0.981632327360716]]
6152306	[1, [0.007309274585342251, 0.9926907254146577]]
7147166	[1, [0.0017991826089999163, 0.9982008173910001]]
6150978	[1, [0.026885402990762253, 0.9731145970092377]]
7143403	[1, [0.0007702748108250335, 0.999229725189175]]
5141274	[1, [0.01769850266200257, 0.9823014973379974]]
7145035	[1, [0.048935693612168873, 0.9510643063878311]]
93288403	[1, [0.015007640844478254, 0.9849923591555217]]
7961703	[1, [0.002669637769127209, 0.9973303622308728]]
7961618	[1, [0.013406063461707252, 0.9865939365382927]]
92805358	[1, [0.031358315711736306, 0.9686416842882637]]
7961877	[1, [0.034295806820039854, 0.9657041931799601]]
92814873	[1, [0.014838746392557667, 0.9851612536074423]]
7963694	[1, [0.0340987067211288, 0.9659012932788712]]
58845898	[1, [0.0035294350626644544, 0.9964705649373355]]
27159964	[1, [0.030153059129350734, 0.9698469408706493]]
76369305	[1, [0.007285254955240683, 0.9927147450447593]]
63962773	[1, [0.001970143033761862, 0.9980298569662381]]
6779493	[1, [0.009131576783049544, 0.9908684232169505]]
7605745	[1, [0.021352129321765334, 0.9786478706782347]]
6782693	[1, [0.028627346750830007, 0.97137265324917]]
9215414	[1, [0.002621577130708652, 0.9973784228692913]]
9259654	[1, [0.0316943381310989, 0.9683056618689011]]
6782907	[1, [0.03250298046849365, 0.9674970195315064]]
71551574	[1, [0.021306534140750455, 0.9786934658592495]]
6777910	[1, [0.027758574093336374, 0.9722414259066636]]
9259629	[1, [0.02869076170872753, 0.9713092382912725]]
9263807	[1, [0.025759605077809944, 0.9742403949221901]]
46163421	[1, [0.01515967340970581, 0.9848403265902942]]
66929763	[1, [0.01448129772583262, 0.9855187022741674]]
7605450	[1, [0.0004748149493574161, 0.9995251850506426]]
79688319	[1, [0.02142570379987696, 0.978574296200123]]
9264437	[1, [0.01698808118554873, 0.9830119188144513]]
80208596	[1, [0.004959741523239525, 0.9950402584767605]]
46163617	[1, [0.017572869930791546, 0.9824271300692085]]
7928102	[1, [0.0021353197106522837, 0.9978646802893477]]
15916492	[1, [0.0033693277272264233, 0.9966306722727736]]
7956145	[1, [0.0022031542851465025, 0.9977968457148535]]
98698524	[1, [0.01959453579105863, 0.9804054642089414]]
7956225	[1, [0.010219035803666898, 0.9897809641963331]]
7956419	[1, [0.013406063461707252, 0.9865939365382927]]
6143242	[1, [0.0014747620214534685, 0.9985252379785465]]
16049936	[1, [0.04321812770795819, 0.9567818722920418]]
16417659	[1, [0.0005674941022780766, 0.9994325058977219]]
37986101	[1, [0.006911497122609078, 0.9930885028773909]]
9075350	[1, [0.011992272852435426, 0.9880077271475646]]
91284994	[1, [0.014479795590321642, 0.9855202044096784]]
6140900	[1, [0.001900003941151418, 0.9980999960588486]]
7956865	[1, [0.034468577480632145, 0.9655314225193679]]
5877376	[1, [0.034490239480108875, 0.9655097605198911]]
7245721	[1, [0.045268285032832756, 0.9547317149671672]]
70958041	[1, [0.01152475927791241, 0.9884752407220876]]
82047589	[1, [0.0025747863512617375, 0.9974252136487383]]
6854514	[1, [0.0004912056034919177, 0.9995087943965081]]
70966562	[1, [0.0192472551618863, 0.9807527448381137]]
41661181	[1, [0.008440433638932876, 0.9915595663610671]]
15577410	[1, [0.012768847811332473, 0.9872311521886675]]
15629449	[1, [0.03870818155092681, 0.9612918184490732]]
90147796	[1, [0.037298267434143995, 0.962701732565856]]
6980459	[1, [0.00860679856849389, 0.9913932014315061]]
23950156	[1, [0.009429214613193349, 0.9905707853868067]]
80999130	[1, [0.04967405156592675, 0.9503259484340733]]
6080832	[1, [0.012560106786617009, 0.987439893213383]]
11429953	[1, [0.0010024337330829525, 0.998997566266917]]
31664205	[1, [0.0007931601218434947, 0.9992068398781565]]
31701130	[1, [0.0016270316534318097, 0.9983729683465682]]
42712468	[1, [0.014564785915873513, 0.9854352140841265]]
6975286	[1, [0.036300427916967526, 0.9636995720830325]]
21114663	[1, [0.008556272672754162, 0.9914437273272458]]
23996640	[1, [0.045922342391778836, 0.9540776576082212]]
6980004	[1, [0.009440919080646593, 0.9905590809193534]]
81026402	[1, [0.005234695920951826, 0.9947653040790482]]
9227511	[1, [0.0005091812634422377, 0.9994908187365578]]
6764266	[1, [0.009131576783049544, 0.9908684232169505]]
57680304	[1, [0.026489246210611328, 0.9735107537893887]]
66227639	[1, [0.042950236642341655, 0.9570497633576583]]
66268268	[1, [0.0026299628544333986, 0.9973700371455666]]
7671063	[1, [0.037112981639736975, 0.962887018360263]]
6364064	[1, [0.008913400921889303, 0.9910865990781107]]
15555000	[1, [0.030706871063363783, 0.9692931289366362]]
90765829	[1, [0.025967630160330324, 0.9740323698396697]]
13192774	[1, [0.021565651772988415, 0.9784343482270116]]
7507445	[1, [0.02344216560148593, 0.9765578343985141]]
66251240	[1, [0.002461409747517518, 0.9975385902524825]]
37113179	[1, [0.006659412297556622, 0.9933405877024434]]
23227890	[1, [0.03204393938698158, 0.9679560606130184]]
84635047	[1, [0.02647684571899822, 0.9735231542810018]]
9155480	[1, [0.03521873000340914, 0.9647812699965909]]
7107576	[1, [0.03506472232444069, 0.9649352776755593]]
7138566	[1, [0.04261103444063252, 0.9573889655593675]]
7096060	[1, [0.01051653817239917, 0.9894834618276008]]
34678865	[1, [0.040986683150445846, 0.9590133168495542]]
9005724	[1, [0.033325319290182676, 0.9666746807098173]]
40979141	[1, [0.016225597019756788, 0.9837744029802432]]
31993173	[1, [0.004777003211395958, 0.995222996788604]]
36935728	[1, [0.03320027528729008, 0.9667997247127099]]
7136660	[1, [0.012228372926939346, 0.9877716270730607]]
17899807	[1, [0.04625541392390742, 0.9537445860760926]]
7957302	[1, [0.005233154722280142, 0.9947668452777199]]
7840347	[1, [0.03378970496173095, 0.966210295038269]]
17203873	[1, [0.024057170103861547, 0.9759428298961385]]
71176618	[1, [0.013079609277186544, 0.9869203907228135]]
78084796	[1, [0.04627019271672328, 0.9537298072832767]]
50983938	[1, [0.01191551791561929, 0.9880844820843807]]
25288372	[1, [0.02052936189736798, 0.979470638102632]]
7814854	[1, [0.015440769573899171, 0.9845592304261008]]
7576767	[1, [0.030947376918899483, 0.9690526230811005]]
14725357	[1, [0.010023739697228029, 0.989976260302772]]
86756867	[1, [0.04369538823795194, 0.9563046117620481]]
50048946	[1, [0.03350452767039891, 0.9664954723296011]]
6633646	[1, [0.0008100230294867394, 0.9991899769705133]]
5931239	[1, [0.024366412282699423, 0.9756335877173006]]
7620310	[1, [0.0041948894484458155, 0.9958051105515542]]
5931878	[1, [0.037160430229550956, 0.962839569770449]]
50001430	[1, [0.0245217131213068, 0.9754782868786932]]
70879374	[1, [0.0354936515012052, 0.9645063484987948]]
6384021	[1, [0.010297494034310573, 0.9897025059656894]]
6385573	[1, [0.022490117023905354, 0.9775098829760946]]
42157977	[1, [0.009256762212221603, 0.9907432377877784]]
15723973	[1, [0.0010800248906455145, 0.9989199751093545]]
57234462	[1, [0.0035442501141248473, 0.9964557498858752]]
83349311	[1, [0.026376658477234027, 0.973623341522766]]
9076891	[1, [0.006720209829959467, 0.9932797901700405]]
7623975	[1, [0.009890767221177987, 0.990109232778822]]
5931831	[1, [0.04320951645033533, 0.9567904835496647]]
5932381	[1, [0.04737017982770575, 0.9526298201722943]]
52022207	[1, [0.004114837821642348, 0.9958851621783577]]
6944345	[1, [0.01131718744868715, 0.9886828125513129]]
27567689	[1, [0.014853611433967684, 0.9851463885660323]]
7973235	[1, [0.022341607632441085, 0.9776583923675589]]
7973649	[1, [0.024576388422509865, 0.9754236115774901]]
7295993	[1, [0.020460351584801084, 0.9795396484151989]]
7992605	[1, [0.024306987548603165, 0.9756930124513968]]
7344088	[1, [0.007820204768688055, 0.992179795231312]]
9278623	[1, [0.022710412322156537, 0.9772895876778435]]
82716706	[1, [0.01417410753932502, 0.985825892460675]]
98413117	[1, [0.045312963351013535, 0.9546870366489865]]
32321966	[1, [0.02526135083484371, 0.9747386491651563]]
17634993	[1, [0.00026352908654136975, 0.9997364709134586]]
9035659	[1, [0.048722847643290934, 0.9512771523567091]]
9266371	[1, [0.020308035075375708, 0.9796919649246243]]
51410824	[1, [0.018528362915711805, 0.9814716370842882]]
23629627	[1, [0.01568476360458404, 0.984315236395416]]
9282971	[1, [0.023407785031267614, 0.9765922149687324]]
23586923	[1, [0.0046971361566381375, 0.9953028638433619]]
9058140	[1, [0.012067990660633021, 0.987932009339367]]
9265555	[1, [0.0013357720820063035, 0.9986642279179937]]
52917911	[1, [0.040989889053259954, 0.95901011094674]]
53981377	[1, [0.0003984872314010124, 0.999601512768599]]
30889974	[1, [0.005938493825672242, 0.9940615061743278]]
52876898	[1, [0.020847326471073457, 0.9791526735289265]]
68912876	[1, [0.006085156926285529, 0.9939148430737145]]
80722473	[1, [0.03670909299657721, 0.9632909070034228]]
35793442	[1, [0.0026870146315307597, 0.9973129853684692]]
6284340	[1, [0.04965152875669032, 0.9503484712433097]]
9110191	[1, [0.014730893794040467, 0.9852691062059595]]
59880896	[1, [0.010476939388608386, 0.9895230606113916]]
76180048	[1, [0.0009277713597731774, 0.9990722286402268]]
76158857	[1, [0.0026373644169785937, 0.9973626355830214]]
7958972	[1, [0.02909618300488981, 0.9709038169951102]]
59934936	[1, [0.00941756488210288, 0.9905824351178971]]
7273582	[1, [0.015994463927878955, 0.984005536072121]]
73317476	[1, [0.009999033629586984, 0.990000966370413]]
47078237	[1, [0.006006332988497731, 0.9939936670115023]]
83688339	[1, [0.00011048336973007444, 0.9998895166302699]]
9204036	[1, [0.006597895009708532, 0.9934021049902915]]
7959447	[1, [0.02681999210897723, 0.9731800078910228]]
9203086	[1, [0.01744958987108225, 0.9825504101289178]]
81700007	[1, [7.115486764619483e-05, 0.9999288451323538]]
44249427	[1, [0.04045597276862345, 0.9595440272313766]]
56746186	[1, [0.030636280293326545, 0.9693637197066735]]
7704083	[1, [0.00942419271483752, 0.9905758072851625]]
7704267	[1, [0.006013797665617826, 0.9939862023343822]]
7195038	[1, [0.0003741828412656689, 0.9996258171587343]]
84168016	[1, [0.031139223926531567, 0.9688607760734684]]
5219502	[1, [0.04073867434842393, 0.9592613256515761]]
40028683	[1, [0.011030848077440925, 0.9889691519225591]]
9025461	[1, [0.04330759948966234, 0.9566924005103377]]
74802077	[1, [0.005725036296345021, 0.994274963703655]]
5224080	[1, [0.0003080873541307927, 0.9996919126458692]]
6717415	[1, [0.010533858197280921, 0.9894661418027191]]
14409265	[1, [0.019593287045994834, 0.9804067129540052]]
7193761	[1, [0.015496036434222704, 0.9845039635657773]]
75678597	[1, [0.010200357487478717, 0.9897996425125213]]
6718482	[1, [3.1933608865997165e-05, 0.999968066391134]]
75634989	[1, [0.030848974989982847, 0.9691510250100172]]
71687385	[1, [0.008637654892233448, 0.9913623451077666]]
7724276	[1, [0.0012499539661473547, 0.9987500460338526]]
5224108	[1, [0.009400744098844727, 0.9905992559011553]]
71652566	[1, [0.0015049703493761335, 0.9984950296506239]]
84203088	[1, [0.028204743732296644, 0.9717952562677034]]
85640977	[1, [0.044515407847158905, 0.9554845921528411]]
79615250	[1, [0.040474118371654044, 0.959525881628346]]
79603126	[1, [0.002900160011341857, 0.9970998399886581]]
24010933	[1, [0.0035584145670216616, 0.9964415854329783]]
68559705	[1, [0.0009247940123597864, 0.9990752059876402]]
33475556	[1, [0.0027102507355910577, 0.9972897492644089]]
7656899	[1, [6.477743441724026e-05, 0.9999352225655828]]
77119006	[1, [0.005744865390146958, 0.994255134609853]]
54866905	[1, [0.004776740409139002, 0.995223259590861]]
99683432	[1, [0.027340661817429, 0.972659338182571]]
23455146	[1, [0.004596553485863297, 0.9954034465141367]]
6799756	[1, [0.024576388422509865, 0.9754236115774901]]
9149678	[1, [0.03322651314256331, 0.9667734868574367]]
53052194	[1, [0.019314442958224487, 0.9806855570417755]]
6797611	[1, [2.8177591174016747e-05, 0.999971822408826]]
5561055	[1, [0.004049553162067565, 0.9959504468379324]]
9211336	[1, [0.04670599007237397, 0.953294009927626]]
48775369	[1, [0.03271534889573413, 0.9672846511042659]]
5561837	[1, [0.0275390123501289, 0.9724609876498711]]
27965642	[1, [0.001053174287099945, 0.9989468257129]]
6836104	[1, [0.027850792755552578, 0.9721492072444474]]
9210612	[1, [0.03725594121361575, 0.9627440587863842]]
72838687	[1, [0.010436535104863753, 0.9895634648951362]]
13537811	[1, [0.00961836865063348, 0.9903816313493665]]
9039014	[1, [0.02350742350442514, 0.9764925764955749]]
5744884	[1, [0.04230815851670733, 0.9576918414832927]]
26796734	[1, [0.02365602622144758, 0.9763439737785524]]
38180167	[1, [0.029626222935942192, 0.9703737770640578]]
43643344	[1, [0.0033225022138765326, 0.9966774977861235]]
98760220	[1, [0.00928510983467512, 0.9907148901653249]]
9254548	[1, [0.004276097904238996, 0.995723902095761]]
5674246	[1, [0.001682200670106715, 0.9983177993298933]]
72235934	[1, [0.006382144932743472, 0.9936178550672565]]
7912326	[1, [0.006821019431746955, 0.993178980568253]]
99340472	[1, [0.0433382370231562, 0.9566617629768438]]
7954568	[1, [0.048937574415494955, 0.951062425584505]]
84750141	[1, [0.0008059023439754842, 0.9991940976560245]]
7917671	[1, [0.02361228633263046, 0.9763877136673695]]
98775295	[1, [0.04156471618852642, 0.9584352838114736]]
7917673	[1, [0.034958348085867286, 0.9650416519141327]]
7917674	[1, [0.020699968715013117, 0.9793000312849869]]
7917611	[1, [0.0005378167025750225, 0.999462183297425]]
6043101	[1, [0.011253527695881504, 0.9887464723041185]]
7255273	[1, [4.420431840568284e-07, 0.9999995579568159]]
77498629	[1, [0.01684625401436779, 0.9831537459856322]]
9254791	[1, [0.030223211538843664, 0.9697767884611563]]
86532488	[1, [0.020581153441036282, 0.9794188465589637]]
7955208	[1, [0.009359059084790844, 0.9906409409152092]]
7746318	[1, [0.006414098086076958, 0.993585901913923]]
7442943	[1, [0.02406845762452836, 0.9759315423754716]]
7445449	[1, [0.03207907794562259, 0.9679209220543774]]
55568713	[1, [0.035042103686785286, 0.9649578963132147]]
7976737	[1, [0.03434542326080492, 0.9656545767391951]]
43820283	[1, [0.04992154470005694, 0.9500784552999431]]
5721857	[1, [0.04389745818576685, 0.9561025418142332]]
40868820	[1, [0.04627019379607844, 0.9537298062039216]]
76773660	[1, [0.024889720811717697, 0.9751102791882823]]
5548961	[1, [0.003586440782721856, 0.9964135592172781]]
84959799	[1, [0.04877943844991017, 0.9512205615500898]]
75088352	[1, [0.043439995738185466, 0.9565600042618145]]
54490889	[1, [1.3429248538643357e-05, 0.9999865707514614]]
79497008	[1, [0.026817544549507133, 0.9731824554504929]]
70353170	[1, [0.013921406039232864, 0.9860785939607671]]
76735269	[1, [0.009673903235648984, 0.990326096764351]]
94335235	[1, [0.02363433436792184, 0.9763656656320782]]
50820516	[1, [0.032890283352693395, 0.9671097166473066]]
24353994	[1, [0.0195353895890209, 0.9804646104109791]]
5933274	[1, [0.01938118674164435, 0.9806188132583556]]
6821673	[1, [0.0006274391673803947, 0.9993725608326196]]
15141791	[1, [0.006341218830203221, 0.9936587811697968]]
7211761	[1, [0.013081393676808606, 0.9869186063231914]]
15087214	[1, [0.03445723199738027, 0.9655427680026197]]
57587607	[1, [0.048217452963472796, 0.9517825470365272]]
37307072	[1, [0.038584276101690795, 0.9614157238983092]]
7466107	[1, [0.039463075376265366, 0.9605369246237346]]
5936443	[1, [0.0007643950756135443, 0.9992356049243865]]
6957198	[1, [0.001477120324620107, 0.9985228796753799]]
7658067	[1, [0.008373904632437479, 0.9916260953675625]]
7210791	[1, [0.04818986158608174, 0.9518101384139183]]
6824806	[1, [0.04768048443146622, 0.9523195155685338]]
6957421	[1, [0.002255386620270139, 0.9977446133797299]]
89044465	[1, [0.0010847471764704464, 0.9989152528235296]]
29789312	[1, [0.02309368820703539, 0.9769063117929646]]
9077934	[1, [0.032438081190353296, 0.9675619188096467]]
57236330	[1, [0.004603590503621691, 0.9953964094963783]]
24884927	[1, [0.04553932947062134, 0.9544606705293787]]
83626041	[1, [0.04137651974827172, 0.9586234802517283]]
7771211	[1, [0.013261457710682989, 0.986738542289317]]
85398417	[1, [0.026429068856439142, 0.9735709311435609]]
28175227	[1, [0.040436015586457374, 0.9595639844135426]]
97680491	[1, [0.025413743370420128, 0.9745862566295799]]
7909622	[1, [0.008206603578575167, 0.9917933964214248]]
83963824	[1, [0.02286613457656783, 0.9771338654234322]]
24923381	[1, [0.0015585687083380373, 0.998441431291662]]
7772428	[1, [0.018852167681724596, 0.9811478323182754]]
85369573	[1, [0.010818416745232096, 0.9891815832547679]]
9068617	[1, [0.01744958987108225, 0.9825504101289178]]
7772362	[1, [0.00039291647017447584, 0.9996070835298255]]
83304145	[1, [0.04515565391080356, 0.9548443460891964]]
7746457	[1, [0.020524979853563052, 0.979475020146437]]
9012339	[1, [0.002894975490858487, 0.9971050245091415]]
6507633	[1, [0.005997661745747451, 0.9940023382542525]]
7545601	[1, [0.015323288256962275, 0.9846767117430377]]
46795243	[1, [0.04782983303945343, 0.9521701669605466]]
48643317	[1, [0.005714591745750952, 0.994285408254249]]
7492045	[1, [0.02916493627615868, 0.9708350637238413]]
7491809	[1, [0.03436019109127264, 0.9656398089087274]]
46790074	[1, [0.01985987096783881, 0.9801401290321612]]
25086774	[1, [0.03758862580427891, 0.9624113741957211]]
7596548	[1, [0.012615127729401987, 0.987384872270598]]
6605384	[1, [0.04440856811995708, 0.9555914318800429]]
7598829	[1, [0.011999694920869164, 0.9880003050791308]]
7567454	[1, [0.04042574580948999, 0.95957425419051]]
7133647	[1, [3.063459686747372e-05, 0.9999693654031325]]
21401540	[1, [0.04624154665619917, 0.9537584533438008]]
9320598	[1, [0.0402062373783183, 0.9597937626216817]]
98865604	[1, [0.04577792542568593, 0.9542220745743141]]
9118512	[1, [0.03666826701152481, 0.9633317329884752]]
24836287	[1, [0.0001230933738457507, 0.9998769066261542]]
82495393	[1, [0.0056932375386336, 0.9943067624613664]]
11987534	[1, [0.0417436491387313, 0.9582563508612687]]
36248743	[1, [0.016699237580254156, 0.9833007624197458]]
21415256	[1, [0.02599097789771443, 0.9740090221022856]]
77431453	[1, [0.04362022695521617, 0.9563797730447838]]
7134954	[1, [0.04715458169528841, 0.9528454183047116]]
7841974	[1, [0.009496165172322879, 0.9905038348276771]]
6711482	[1, [9.162329265288705e-07, 0.9999990837670735]]
62765577	[1, [0.03269309012507682, 0.9673069098749232]]
71983813	[1, [0.044146261141908893, 0.9558537388580911]]
6708715	[1, [0.010206769295184603, 0.9897932307048154]]
70393559	[1, [0.029961978155520597, 0.9700380218444794]]
85159256	[1, [0.03791738980118042, 0.9620826101988196]]
55756753	[1, [0.0006665942704320305, 0.999333405729568]]
63651940	[1, [0.049929745435447814, 0.9500702545645522]]
22549065	[1, [0.044515407847158905, 0.9554845921528411]]
91891235	[1, [0.030898235331242252, 0.9691017646687577]]
13369794	[1, [0.0017768689127154458, 0.9982231310872846]]
91871488	[1, [0.017081820225304578, 0.9829181797746954]]
7915466	[1, [0.0070630988833371156, 0.9929369011166629]]
75607530	[1, [0.02630347552390422, 0.9736965244760958]]
56461241	[1, [0.008995150042342526, 0.9910048499576575]]
93470138	[1, [0.030848974989982847, 0.9691510250100172]]
7904485	[1, [0.041783638937691325, 0.9582163610623087]]
6970421	[1, [0.007599409608180174, 0.9924005903918198]]
5909872	[1, [0.009781177388973439, 0.9902188226110266]]
6971838	[1, [0.0029330656962083257, 0.9970669343037917]]
7084525	[1, [0.001670599984704202, 0.9983294000152958]]
7083321	[1, [0.00043030147313094513, 0.999569698526869]]
7903970	[1, [0.015129712532081063, 0.9848702874679189]]
7082551	[1, [0.00024793566713365855, 0.9997520643328663]]
6749773	[1, [0.023764658854091847, 0.9762353411459082]]
18145261	[1, [0.0340533259345881, 0.9659466740654119]]
7904075	[1, [0.03312305600373444, 0.9668769439962656]]
18108132	[1, [0.0052896665339250415, 0.994710333466075]]
5909579	[1, [0.010848684080116189, 0.9891513159198838]]
7958169	[1, [0.021358985120964902, 0.9786410148790351]]
7887151	[1, [0.041659021031414833, 0.9583409789685852]]
58632021	[1, [0.046857529925124264, 0.9531424700748757]]
58637279	[1, [0.03076376842858286, 0.9692362315714171]]
6971063	[1, [0.01754620115392924, 0.9824537988460708]]
20687680	[1, [0.004409305435677524, 0.9955906945643225]]
5910975	[1, [0.03317537093167411, 0.9668246290683259]]
5909677	[1, [0.03317537093167411, 0.9668246290683259]]
58658091	[1, [0.0002532500547210992, 0.9997467499452789]]
58673778	[1, [0.025419378769030665, 0.9745806212309693]]
72983042	[1, [0.01535529900115451, 0.9846447009988455]]
7904025	[1, [0.017579590919364896, 0.9824204090806351]]
7904027	[1, [0.048709403991215705, 0.9512905960087843]]
77336253	[1, [0.03386201840576786, 0.9661379815942321]]
5181222	[1, [0.03275334550241271, 0.9672466544975873]]
5181224	[1, [0.00046074506345394894, 0.999539254936546]]
92665471	[1, [0.04362022695521617, 0.9563797730447838]]
7695034	[1, [0.017250901721627132, 0.9827490982783729]]
5546902	[1, [0.009567915820754669, 0.9904320841792453]]
5545605	[1, [0.012507356421112004, 0.987492643578888]]
10129256	[1, [0.024275542775817116, 0.9757244572241829]]
49365528	[1, [0.015653211072692907, 0.9843467889273071]]
53509614	[1, [0.0014772407259533438, 0.9985227592740467]]
48698794	[1, [0.021008945377113397, 0.9789910546228866]]
25855205	[1, [0.01787669612917353, 0.9821233038708265]]
83816517	[1, [0.0058936187899542025, 0.9941063812100458]]
54441198	[1, [0.008280210450944736, 0.9917197895490553]]
