6995424	[1, [0.03773585006396707, 0.9622641499360329]]
6991671	[1, [0.0021781983384804304, 0.9978218016615196]]
5858520	[1, [0.03579869162124605, 0.964201308378754]]
7925740	[1, [0.011713513665881248, 0.9882864863341188]]
9158481	[1, [0.04721349313918022, 0.9527865068608198]]
7926207	[1, [0.0010641214048965342, 0.9989358785951035]]
7926062	[1, [0.01146144767583479, 0.9885385523241652]]
7926232	[1, [0.016273044545351945, 0.983726955454648]]
7926142	[1, [0.03345642154837869, 0.9665435784516213]]
7628277	[1, [0.024295728603070388, 0.9757042713969296]]
7119583	[1, [0.04048724215543442, 0.9595127578445656]]
5981756	[1, [0.041395371449108764, 0.9586046285508912]]
7754420	[1, [0.026463903070992667, 0.9735360969290073]]
5687114	[1, [0.027058889474159797, 0.9729411105258402]]
5689786	[1, [0.01825260514820548, 0.9817473948517945]]
5690279	[1, [0.04125607165457568, 0.9587439283454243]]
5808142	[1, [0.02848059062099295, 0.971519409379007]]
5690102	[1, [0.03898607808684007, 0.9610139219131599]]
5807575	[1, [0.04260595752951113, 0.9573940424704889]]
5688934	[1, [0.02462287038560762, 0.9753771296143924]]
5806961	[1, [0.04813033876827777, 0.9518696612317222]]
5690195	[1, [0.04596568243219423, 0.9540343175678058]]
5800598	[1, [0.011880516438233957, 0.988119483561766]]
7206481	[1, [0.02581041828076258, 0.9741895817192374]]
7158272	[1, [0.039587531712937385, 0.9604124682870626]]
6045031	[1, [0.03860161115241356, 0.9613983888475864]]
6239753	[1, [0.03197937101884418, 0.9680206289811558]]
6045627	[1, [0.0470624533173738, 0.9529375466826262]]
5618735	[1, [0.02020063851938403, 0.979799361480616]]
6239945	[1, [0.03137892949518317, 0.9686210705048168]]
7925032	[1, [0.00775477732485641, 0.9922452226751436]]
7925506	[1, [0.038805122741942366, 0.9611948772580576]]
7925551	[1, [0.003399324412363791, 0.9966006755876362]]
7925121	[1, [0.0014466152127367016, 0.9985533847872633]]
7925533	[1, [0.024672819432117854, 0.9753271805678821]]
7925374	[1, [0.00435800593214819, 0.9956419940678518]]
7925302	[1, [0.006789034597882493, 0.9932109654021175]]
7925331	[1, [0.0024458458219883683, 0.9975541541780116]]
7925147	[1, [0.005886950926843104, 0.9941130490731569]]
9155137	[1, [0.006351577514019269, 0.9936484224859807]]
9148580	[1, [0.028791093737234874, 0.9712089062627651]]
7498384	[1, [0.02177451523485796, 0.978225484765142]]
5144009	[1, [0.01862293700174955, 0.9813770629982504]]
5686056	[1, [0.03764185017443422, 0.9623581498255658]]
5920927	[1, [0.01431135318974619, 0.9856886468102538]]
5686920	[1, [0.027660364178186514, 0.9723396358218135]]
5684788	[1, [0.033229197811246, 0.966770802188754]]
5686864	[1, [0.03025296825969581, 0.9697470317403042]]
5927782	[1, [0.011791743211366446, 0.9882082567886336]]
7924745	[1, [0.004967752942315773, 0.9950322470576842]]
6636291	[1, [0.028835983116295094, 0.9711640168837049]]
5986563	[1, [0.04945339723330411, 0.9505466027666959]]
9137864	[1, [0.012845339967866187, 0.9871546600321338]]
7924678	[1, [0.003399324412363791, 0.9966006755876362]]
7924569	[1, [0.0377526261071407, 0.9622473738928593]]
9137430	[1, [0.022764161966315366, 0.9772358380336846]]
9121986	[1, [0.041564038727859076, 0.9584359612721409]]
7991327	[1, [0.041174128235968555, 0.9588258717640314]]
7692367	[1, [0.025266065762098333, 0.9747339342379017]]
7353415	[1, [0.017372521593440493, 0.9826274784065595]]
6025463	[1, [0.02848059062099295, 0.971519409379007]]
6000601	[1, [0.041333055970632526, 0.9586669440293675]]
7358151	[1, [0.03730729683429357, 0.9626927031657064]]
9134606	[1, [0.03378829957059715, 0.9662117004294029]]
7963515	[1, [0.04699354035453851, 0.9530064596454615]]
9131733	[1, [0.0316684112746789, 0.9683315887253211]]
7388206	[1, [0.016647715475889058, 0.9833522845241109]]
5967232	[1, [0.04260595752951113, 0.9573940424704889]]
7479659	[1, [0.04048507011662772, 0.9595149298833723]]
5959093	[1, [0.04945339723330411, 0.9505466027666959]]
7486260	[1, [0.010442052488362275, 0.9895579475116377]]
7660834	[1, [0.03642854320486444, 0.9635714567951356]]
5849351	[1, [0.017757625339059224, 0.9822423746609408]]
5849364	[1, [0.006004238596818201, 0.9939957614031818]]
5849366	[1, [0.015858464342162426, 0.9841415356578376]]
5849367	[1, [0.010048090166263401, 0.9899519098337366]]
5849362	[1, [0.010911802185778696, 0.9890881978142213]]
5849363	[1, [0.008149887652436294, 0.9918501123475637]]
5849352	[1, [0.03167688115117284, 0.9683231188488272]]
7634010	[1, [0.023201207180806094, 0.9767987928191939]]
7904505	[1, [0.024270789978650065, 0.9757292100213499]]
7967601	[1, [0.04058604417712952, 0.9594139558228705]]
9133072	[1, [0.030568682728963625, 0.9694313172710364]]
9133650	[1, [0.012157925128033487, 0.9878420748719665]]
6131152	[1, [0.026700601633269816, 0.9732993983667302]]
7494225	[1, [0.022899408691585244, 0.9771005913084148]]
5570589	[1, [0.04725703387343261, 0.9527429661265674]]
5930078	[1, [0.02819485735453109, 0.9718051426454689]]
5924331	[1, [0.007843189970081266, 0.9921568100299187]]
7909624	[1, [0.04654242247579188, 0.9534575775242081]]
6426133	[1, [0.03410806737380745, 0.9658919326261926]]
5789518	[1, [0.029367403427656424, 0.9706325965723436]]
9150139	[1, [0.04163388896607356, 0.9583661110339264]]
9149913	[1, [0.0478424411232764, 0.9521575588767236]]
5965501	[1, [0.024589665620449952, 0.97541033437955]]
7507075	[1, [0.04623564535846336, 0.9537643546415366]]
6366991	[1, [0.03881290913347979, 0.9611870908665202]]
9147673	[1, [0.03076496433142928, 0.9692350356685707]]
7020695	[1, [0.03800663046371566, 0.9619933695362843]]
7452498	[1, [0.016214263335050716, 0.9837857366649493]]
7746024	[1, [0.04585123947217318, 0.9541487605278268]]
64759576	[1, [0.02699255718563187, 0.9730074428143681]]
5674729	[1, [0.03206225350353231, 0.9679377464964677]]
6009560	[1, [0.04891866368239506, 0.9510813363176049]]
7191811	[1, [0.021222272513650386, 0.9787777274863496]]
6007075	[1, [0.03701979924349286, 0.9629802007565071]]
5219155	[1, [0.029786935030386985, 0.970213064969613]]
7702452	[1, [0.02544082440906692, 0.9745591755909331]]
