6839408	[1, [0.008376545272270386, 0.9916234547277296]]
6177495	[1, [5.596140710117936e-05, 0.9999440385928988]]
6182164	[1, [0.0007721595381060542, 0.999227840461894]]
7933364	[1, [0.025487095699528672, 0.9745129043004713]]
85247031	[1, [0.03569362248272978, 0.9643063775172702]]
7933524	[1, [0.022384898009962684, 0.9776151019900373]]
5742706	[1, [0.0312719962805057, 0.9687280037194943]]
60875150	[1, [0.026687023263527676, 0.9733129767364723]]
5894514	[1, [0.03731786969214812, 0.9626821303078519]]
96010644	[1, [0.014701405823133729, 0.9852985941768663]]
26795537	[1, [0.005598263043853358, 0.9944017369561466]]
9038632	[1, [0.020467482606577603, 0.9795325173934224]]
7955712	[1, [0.020093557445166388, 0.9799064425548336]]
7799434	[1, [0.014033985360825674, 0.9859660146391743]]
7975169	[1, [0.032272387426256155, 0.9677276125737438]]
5728937	[1, [0.03362482413069079, 0.9663751758693092]]
7975277	[1, [7.943249039044087e-05, 0.9999205675096096]]
9210900	[1, [0.03610188311442508, 0.9638981168855749]]
5235377	[1, [0.005258978391526448, 0.9947410216084736]]
38180167	[1, [0.03669509169699936, 0.9633049083030006]]
97067110	[1, [0.02997703333008972, 0.9700229666699103]]
6770317	[1, [0.00013077898152868972, 0.9998692210184713]]
5832851	[1, [0.018212492463194896, 0.9817875075368051]]
29453172	[1, [0.042977733478609115, 0.9570222665213909]]
77360017	[1, [0.0010372487183667456, 0.9989627512816333]]
75283659	[1, [0.029730530095978147, 0.9702694699040219]]
7859470	[1, [0.01390070710402902, 0.986099292895971]]
5181141	[1, [0.040208930402986676, 0.9597910695970133]]
5547507	[1, [0.0005148513709029023, 0.9994851486290971]]
5180477	[1, [0.00010034204377107336, 0.9998996579562289]]
40975418	[1, [0.031965574384323237, 0.9680344256156768]]
32577137	[1, [0.02143602000709377, 0.9785639799929062]]
7925129	[1, [0.03515070630940487, 0.9648492936905951]]
5525801	[1, [0.03413926113225452, 0.9658607388677455]]
9156408	[1, [0.025736069318657462, 0.9742639306813425]]
7095821	[1, [0.0009298403565592972, 0.9990701596434407]]
32538182	[1, [0.00030696751723779947, 0.9996930324827622]]
7136660	[1, [1.7101180926903936e-07, 0.9999998289881907]]
6872581	[1, [0.008914939676724631, 0.9910850603232754]]
7096060	[1, [5.849911055566537e-08, 0.9999999415008894]]
23280406	[1, [0.012652159107183425, 0.9873478408928166]]
9155694	[1, [0.030836356387769825, 0.9691636436122302]]
7984900	[1, [0.005561521927604618, 0.9944384780723954]]
12593783	[1, [0.04570414770114317, 0.9542958522988568]]
84585889	[1, [0.036199493121495396, 0.9638005068785046]]
7137447	[1, [0.0021352593407355513, 0.9978647406592644]]
7984556	[1, [0.00011977821365782848, 0.9998802217863422]]
6745364	[1, [0.03840095792887788, 0.9615990420711221]]
20201385	[1, [0.047415204453289284, 0.9525847955467107]]
67934065	[1, [0.02093229440573363, 0.9790677055942664]]
9231528	[1, [0.03761056346616243, 0.9623894365338376]]
9207031	[1, [0.042315167787788766, 0.9576848322122112]]
9206754	[1, [0.009338927481800763, 0.9906610725181992]]
9142673	[1, [0.033252280346285024, 0.966747719653715]]
7820552	[1, [0.02794506444807132, 0.9720549355519287]]
34211502	[1, [0.015042546387111777, 0.9849574536128882]]
7822472	[1, [0.04183111164569353, 0.9581688883543065]]
7821005	[1, [0.005433904335163664, 0.9945660956648363]]
75345927	[1, [0.041463525343387264, 0.9585364746566127]]
6747319	[1, [0.00022817278844122768, 0.9997718272115588]]
21344825	[1, [0.013867815778641046, 0.986132184221359]]
6747160	[1, [0.003583470720903703, 0.9964165292790963]]
7986865	[1, [0.04970980530766511, 0.9502901946923349]]
7884470	[1, [0.004235030171246934, 0.9957649698287531]]
5268606	[1, [0.024999729891184375, 0.9750002701088156]]
93425085	[1, [0.04823319300807982, 0.9517668069919202]]
5492396	[1, [0.04910687377596279, 0.9508931262240372]]
6971838	[1, [0.04391490199488757, 0.9560850980051124]]
93413454	[1, [0.013968665884580123, 0.9860313341154199]]
6971337	[1, [0.0043229223258975935, 0.9956770776741024]]
6749773	[1, [0.002791658286564025, 0.997208341713436]]
5269407	[1, [0.04055048706898867, 0.9594495129310113]]
7077297	[1, [0.026373867023479436, 0.9736261329765206]]
6969990	[1, [3.406737706412866e-05, 0.9999659326229359]]
92972855	[1, [0.019767285049794858, 0.9802327149502051]]
24773642	[1, [0.018912628312613533, 0.9810873716873865]]
74199959	[1, [0.0497676658809274, 0.9502323341190726]]
93002738	[1, [0.010526891279359796, 0.9894731087206402]]
5873529	[1, [0.0115603776982115, 0.9884396223017885]]
6753628	[1, [0.0010896141668859105, 0.9989103858331141]]
7887196	[1, [0.04092331694875251, 0.9590766830512475]]
10521278	[1, [0.03149424256373823, 0.9685057574362618]]
6971063	[1, [1.1932744480303015e-06, 0.999998806725552]]
5875020	[1, [0.007516277748494948, 0.992483722251505]]
6974923	[1, [0.013970985266936742, 0.9860290147330633]]
7986359	[1, [0.005720133164419217, 0.9942798668355808]]
7077418	[1, [0.021912467441031924, 0.9780875325589681]]
6971572	[1, [0.002502651993966154, 0.9974973480060338]]
59876128	[1, [0.005118156913986871, 0.9948818430860131]]
6157508	[1, [0.0031814508220191495, 0.9968185491779809]]
5377359	[1, [0.039435489214448394, 0.9605645107855516]]
6211444	[1, [0.007681702646163968, 0.992318297353836]]
6290791	[1, [0.002213649213437252, 0.9977863507865627]]
9305474	[1, [0.03243878170514647, 0.9675612182948535]]
43238581	[1, [0.04828291412625263, 0.9517170858737474]]
7959592	[1, [0.00040045026740231915, 0.9995995497325977]]
5374111	[1, [2.6399893725437273e-05, 0.9999736001062746]]
5376423	[1, [0.0015886326701435305, 0.9984113673298565]]
9204099	[1, [0.0010970424332371609, 0.9989029575667628]]
7124571	[1, [0.03391036897692956, 0.9660896310230704]]
6291688	[1, [0.03937131821742301, 0.960628681782577]]
5377211	[1, [0.0440863146180126, 0.9559136853819874]]
7270103	[1, [0.04401070458936884, 0.9559892954106312]]
7932700	[1, [0.046373027879464845, 0.9536269721205352]]
6206796	[1, [0.00421815895100941, 0.9957818410489906]]
60202200	[1, [0.04304150973393639, 0.9569584902660636]]
7845652	[1, [0.03114657157158196, 0.968853428428418]]
7846069	[1, [0.029402227148354942, 0.9705977728516451]]
5948215	[1, [0.005932717202076665, 0.9940672827979233]]
60232892	[1, [0.02547382468036974, 0.9745261753196303]]
60202993	[1, [0.028326245312329967, 0.97167375468767]]
5666377	[1, [0.03198079508037299, 0.968019204919627]]
16448858	[1, [0.032505668410555355, 0.9674943315894446]]
6411210	[1, [0.0018646490801462745, 0.9981353509198537]]
93023090	[1, [0.033764807631729954, 0.96623519236827]]
23818294	[1, [0.012652159107183425, 0.9873478408928166]]
64615841	[1, [0.0380618361239633, 0.9619381638760367]]
7919260	[1, [0.03636191584355997, 0.96363808415644]]
6057756	[1, [0.029291885170088405, 0.9707081148299116]]
64596340	[1, [0.011223941326271913, 0.9887760586737281]]
9136551	[1, [0.006933925720940981, 0.993066074279059]]
5284989	[1, [0.010356414235699107, 0.9896435857643009]]
7956145	[1, [0.007885586808319967, 0.99211441319168]]
7931341	[1, [0.04211608688025814, 0.9578839131197419]]
5281675	[1, [0.024999729891184375, 0.9750002701088156]]
16011798	[1, [0.020664001333696502, 0.9793359986663035]]
5624509	[1, [0.029672351194788615, 0.9703276488052114]]
7322719	[1, [0.00855924154392318, 0.9914407584560768]]
5626992	[1, [0.021243596758477312, 0.9787564032415227]]
7927796	[1, [0.014611374955686207, 0.9853886250443138]]
97326744	[1, [0.04814022705985366, 0.9518597729401463]]
7919275	[1, [0.028368642927125598, 0.9716313570728744]]
5628455	[1, [0.0006714580007242121, 0.9993285419992758]]
9284968	[1, [0.0054473224471601744, 0.9945526775528398]]
6061284	[1, [0.003965003296567571, 0.9960349967034324]]
5876424	[1, [0.04432877754159881, 0.9556712224584012]]
97317869	[1, [0.006678764907865453, 0.9933212350921345]]
6060663	[1, [0.0015507040311563136, 0.9984492959688437]]
7322704	[1, [0.0016380268693733102, 0.9983619731306267]]
5625063	[1, [0.018220248609937872, 0.9817797513900621]]
5795935	[1, [0.02394593134579004, 0.97605406865421]]
9237013	[1, [0.046844849095645125, 0.9531551509043549]]
35259523	[1, [0.03116324281567695, 0.968836757184323]]
6897503	[1, [0.017437877928170864, 0.9825621220718291]]
9294383	[1, [0.03983894081638095, 0.960161059183619]]
5796611	[1, [0.006705351203178389, 0.9932946487968216]]
5796221	[1, [0.011521227143150403, 0.9884787728568496]]
13172504	[1, [0.03516368715699858, 0.9648363128430014]]
7907272	[1, [0.03205299719784571, 0.9679470028021543]]
5794993	[1, [0.020057612187033946, 0.979942387812966]]
64843580	[1, [0.038630829205902995, 0.961369170794097]]
7656899	[1, [0.01583284747760627, 0.9841671525223937]]
9235396	[1, [0.007792627292570797, 0.9922073727074292]]
6797088	[1, [0.0013245753504097513, 0.9986754246495902]]
5796376	[1, [0.003413406872502911, 0.9965865931274971]]
5796524	[1, [0.004875863130872848, 0.9951241368691272]]
5794833	[1, [0.013580346045043434, 0.9864196539549566]]
5795705	[1, [0.016968524445849287, 0.9830314755541507]]
5559046	[1, [0.0006205862471329038, 0.9993794137528671]]
5561564	[1, [0.03912903966578696, 0.960870960334213]]
5796567	[1, [0.045707675647827184, 0.9542923243521728]]
64826016	[1, [0.016887029087288674, 0.9831129709127113]]
5794494	[1, [0.01963996021635961, 0.9803600397836404]]
5797120	[1, [0.034832832039189854, 0.9651671679608101]]
5794538	[1, [0.03626398798998687, 0.9637360120100131]]
9149117	[1, [0.020183299786621034, 0.979816700213379]]
5558794	[1, [0.029672351194788615, 0.9703276488052114]]
47892811	[1, [0.029027149611048686, 0.9709728503889513]]
65141545	[1, [0.0016358268211175142, 0.9983641731788825]]
7804397	[1, [0.024163690132005478, 0.9758363098679945]]
5225546	[1, [0.030537825814412556, 0.9694621741855874]]
5217900	[1, [0.005720358255550839, 0.9942796417444492]]
9276605	[1, [0.002012249095165397, 0.9979877509048346]]
97385142	[1, [0.010681388388752988, 0.989318611611247]]
9112107	[1, [0.006737631963100066, 0.9932623680368999]]
7402582	[1, [0.007848813331993831, 0.9921511866680062]]
91354126	[1, [0.036300325437287895, 0.9636996745627121]]
5620844	[1, [0.026095854568876642, 0.9739041454311234]]
5217898	[1, [0.005089988155901781, 0.9949100118440982]]
5227752	[1, [0.0036318095389621385, 0.9963681904610379]]
5227751	[1, [0.0313511342607492, 0.9686488657392508]]
5216901	[1, [0.04131076969439407, 0.9586892303056059]]
7403089	[1, [0.027309614170526686, 0.9726903858294733]]
7404252	[1, [0.007705690549399957, 0.9922943094506]]
62124536	[1, [0.04034550258324754, 0.9596544974167525]]
7371628	[1, [0.008318559582323304, 0.9916814404176767]]
5216766	[1, [0.003548864655940842, 0.9964511353440592]]
7404851	[1, [0.043695184551919564, 0.9563048154480804]]
5216764	[1, [0.0006615763659508778, 0.9993384236340491]]
7804634	[1, [0.029058463929646616, 0.9709415360703534]]
84856289	[1, [0.003682332725689852, 0.9963176672743101]]
9111446	[1, [0.00022817278844122768, 0.9997718272115588]]
7232650	[1, [0.030294521674952057, 0.9697054783250479]]
9251947	[1, [0.04819415380844161, 0.9518058461915584]]
7961703	[1, [0.03961567658361631, 0.9603843234163837]]
9224185	[1, [0.009216998389490305, 0.9907830016105097]]
9250440	[1, [0.012210882041079674, 0.9877891179589203]]
5756120	[1, [0.0039157456771241606, 0.9960842543228758]]
7961458	[1, [0.021737797799452507, 0.9782622022005475]]
7941820	[1, [0.03786079045281443, 0.9621392095471856]]
7287402	[1, [0.013753462635387348, 0.9862465373646127]]
7653686	[1, [0.0001437480731923957, 0.9998562519268076]]
6931874	[1, [0.024179015162259176, 0.9758209848377408]]
7233495	[1, [0.015620905523911932, 0.9843790944760881]]
7983999	[1, [0.009613229016994906, 0.9903867709830051]]
77794348	[1, [0.028554456771472392, 0.9714455432285276]]
5762695	[1, [0.03431118675715861, 0.9656888132428414]]
9250596	[1, [0.021600123900196166, 0.9783998760998038]]
7358342	[1, [0.024458847150482743, 0.9755411528495173]]
22212484	[1, [0.021422570475765568, 0.9785774295242344]]
7326867	[1, [0.01877035051650433, 0.9812296494834957]]
7479151	[1, [0.0042014563965508955, 0.9957985436034491]]
22265788	[1, [0.016638277561056514, 0.9833617224389435]]
7391120	[1, [0.034983772933163904, 0.9650162270668361]]
76523592	[1, [0.012804381282877864, 0.9871956187171221]]
7818582	[1, [0.010706230556796648, 0.9892937694432034]]
72799106	[1, [0.043248331736462586, 0.9567516682635374]]
9107600	[1, [0.0027501417359370173, 0.997249858264063]]
5970376	[1, [0.031028717119169547, 0.9689712828808305]]
7818326	[1, [0.014410751624705953, 0.985589248375294]]
9201736	[1, [0.022603190615907542, 0.9773968093840925]]
58378014	[1, [0.04186038054078878, 0.9581396194592112]]
9201932	[1, [0.013329444499072585, 0.9866705555009274]]
7482250	[1, [0.037759812423725725, 0.9622401875762743]]
50653143	[1, [0.033828632618996046, 0.966171367381004]]
9201581	[1, [0.005292163657027227, 0.9947078363429728]]
58394007	[1, [0.02071696525405109, 0.9792830347459489]]
7391332	[1, [0.012237515614438532, 0.9877624843855615]]
7781334	[1, [7.69518152086146e-05, 0.9999230481847914]]
12065096	[1, [0.04741964550132294, 0.9525803544986771]]
61677993	[1, [0.01927043441813503, 0.980729565581865]]
7783270	[1, [0.0014672897133187757, 0.9985327102866812]]
7479599	[1, [0.02047326249269621, 0.9795267375073038]]
6672721	[1, [0.004875187131005876, 0.9951248128689941]]
5970242	[1, [0.016651118721646596, 0.9833488812783534]]
90209818	[1, [0.01734260606010729, 0.9826573939398927]]
5240653	[1, [0.04370686342479968, 0.9562931365752003]]
5240652	[1, [0.0029812114339907714, 0.9970187885660092]]
7980701	[1, [0.015938753286471874, 0.9840612467135281]]
6048487	[1, [0.007848162778850143, 0.9921518372211499]]
5240596	[1, [0.031643729646045005, 0.968356270353955]]
7177439	[1, [0.035464230815937636, 0.9645357691840624]]
7180935	[1, [0.00549439115722572, 0.9945056088427743]]
6049786	[1, [0.006836617177141013, 0.993163382822859]]
5237344	[1, [0.012897476835286636, 0.9871025231647134]]
9332853	[1, [0.04659284535784469, 0.9534071546421553]]
6790033	[1, [0.00823908797352102, 0.991760912026479]]
7981190	[1, [0.005720133164419217, 0.9942798668355808]]
33646203	[1, [0.04256702493918618, 0.9574329750608138]]
7687483	[1, [0.012925706660920078, 0.9870742933390799]]
5240604	[1, [0.0044972449166276185, 0.9955027550833724]]
5240664	[1, [0.022708503778441247, 0.9772914962215588]]
5241287	[1, [0.003012447297451426, 0.9969875527025486]]
7181580	[1, [0.008269167199894678, 0.9917308328001053]]
5471967	[1, [0.000628691855807495, 0.9993713081441925]]
56905379	[1, [0.0004024477354784839, 0.9995975522645215]]
7809128	[1, [0.022514618092409178, 0.9774853819075908]]
5241123	[1, [0.009355996919716558, 0.9906440030802834]]
7981120	[1, [0.0009481683008877306, 0.9990518316991123]]
65294226	[1, [0.01727206283960947, 0.9827279371603905]]
5240610	[1, [0.002252358906117302, 0.9977476410938827]]
5241217	[1, [4.5939498982683347e-08, 0.999999954060501]]
14933184	[1, [0.03809311035513674, 0.9619068896448633]]
7638542	[1, [0.004052076553010542, 0.9959479234469895]]
40410027	[1, [0.020364945021482228, 0.9796350549785178]]
6378198	[1, [0.008233576629701589, 0.9917664233702984]]
7778624	[1, [1.9356775895706946e-05, 0.9999806432241043]]
6374712	[1, [0.008353956519187022, 0.991646043480813]]
6376228	[1, [0.014889458819104306, 0.9851105411808957]]
6376166	[1, [0.024942250218462303, 0.9750577497815377]]
44894862	[1, [0.0010418687343761723, 0.9989581312656238]]
6697588	[1, [0.010968883117023931, 0.9890311168829761]]
40409022	[1, [0.04337624579116328, 0.9566237542088367]]
6697335	[1, [0.001786528707878987, 0.998213471292121]]
6376393	[1, [0.01691358728274317, 0.9830864127172568]]
44875363	[1, [0.00469531017613678, 0.9953046898238632]]
40442707	[1, [0.049258003265138295, 0.9507419967348617]]
7167241	[1, [0.006391927665059027, 0.993608072334941]]
18300901	[1, [0.03347897757666596, 0.966521022423334]]
5381113	[1, [0.02759753160101086, 0.9724024683989891]]
7937069	[1, [0.01808774070831598, 0.981912259291684]]
6627577	[1, [0.0007564838615592429, 0.9992435161384408]]
9239233	[1, [0.018245428355312288, 0.9817545716446877]]
9275495	[1, [0.0026575980588303683, 0.9973424019411696]]
9274318	[1, [0.005605666947810839, 0.9943943330521892]]
54980145	[1, [0.030721059048003596, 0.9692789409519964]]
7976644	[1, [0.025752106290870658, 0.9742478937091293]]
6994210	[1, [0.01869070454948729, 0.9813092954505127]]
9031033	[1, [0.020415787566590016, 0.97958421243341]]
13621427	[1, [0.020368661418099787, 0.9796313385819002]]
30247720	[1, [0.04642541251888821, 0.9535745874811118]]
9275310	[1, [0.00901427051363013, 0.9909857294863699]]
6627499	[1, [0.04257165982123434, 0.9574283401787657]]
7936462	[1, [0.008378551971692683, 0.9916214480283073]]
6623176	[1, [0.0035099181227218335, 0.9964900818772782]]
6991068	[1, [1.9026930297427747e-05, 0.9999809730697026]]
9239575	[1, [0.026187004111412726, 0.9738129958885873]]
6246271	[1, [0.0015588996765474317, 0.9984411003234526]]
5279823	[1, [0.041315744431047796, 0.9586842555689522]]
7193761	[1, [0.013750362319366993, 0.986249637680633]]
5221571	[1, [0.0049718993600365025, 0.9950281006399635]]
7982726	[1, [0.04583247117480027, 0.9541675288251997]]
5656146	[1, [0.03247313367236959, 0.9675268663276304]]
7188875	[1, [0.0024114794739571455, 0.9975885205260429]]
5221246	[1, [0.023684617121584206, 0.9763153828784158]]
6167665	[1, [0.0010753316793353784, 0.9989246683206646]]
7752353	[1, [8.3579176847981e-05, 0.999916420823152]]
5221577	[1, [0.004268610865808209, 0.9957313891341918]]
6008650	[1, [0.0009637606105290519, 0.999036239389471]]
40028683	[1, [0.008251801876988485, 0.9917481981230115]]
5656460	[1, [0.036241018237538114, 0.9637589817624619]]
6717415	[1, [0.00017082077450558675, 0.9998291792254944]]
5221204	[1, [0.00170535463997612, 0.9982946453600239]]
5224815	[1, [0.002165841526231782, 0.9978341584737682]]
5221596	[1, [0.032915665702446084, 0.9670843342975539]]
5278304	[1, [0.009421505120158269, 0.9905784948798417]]
81700007	[1, [0.0015506605366647497, 0.9984493394633353]]
7195038	[1, [0.0004952636755787276, 0.9995047363244213]]
75960592	[1, [0.017245980447030407, 0.9827540195529696]]
7191054	[1, [0.0003180369424901075, 0.9996819630575099]]
6168446	[1, [4.5079280784343645e-05, 0.9999549207192157]]
6718482	[1, [0.00032191601592512775, 0.9996780839840749]]
6165662	[1, [0.025015551399465985, 0.974984448600534]]
40087383	[1, [0.022849331244026327, 0.9771506687559737]]
7193297	[1, [0.035464230815937636, 0.9645357691840624]]
6006258	[1, [0.00010268900209620124, 0.9998973109979038]]
6165402	[1, [0.03334359018916955, 0.9666564098108305]]
92752615	[1, [0.006520465764107475, 0.9934795342358925]]
6506683	[1, [0.00706295304649629, 0.9929370469535037]]
6963004	[1, [0.0071650751717833305, 0.9928349248282167]]
7775384	[1, [0.00012396646937784528, 0.9998760335306222]]
38069628	[1, [0.041602991658283184, 0.9583970083417168]]
9199910	[1, [0.0029957084105377563, 0.9970042915894622]]
92784087	[1, [0.044710879523960134, 0.9552891204760399]]
6727454	[1, [0.0018162789596675166, 0.9981837210403325]]
69475766	[1, [0.02795016546274598, 0.972049834537254]]
9199918	[1, [0.0313335105642889, 0.9686664894357111]]
9198198	[1, [0.04084179795970089, 0.9591582020402991]]
6958866	[1, [1.8163796303705126e-06, 0.9999981836203696]]
7455520	[1, [0.00026730818890385866, 0.9997326918110961]]
7336460	[1, [0.04807072888070718, 0.9519292711192928]]
7334427	[1, [0.01452980999071496, 0.985470190009285]]
98524994	[1, [0.019536366048372833, 0.9804636339516272]]
60287555	[1, [0.005215826807950963, 0.994784173192049]]
6394233	[1, [0.03554403794786731, 0.9644559620521327]]
6564347	[1, [0.011471691688925922, 0.9885283083110741]]
7462997	[1, [0.03253818282939047, 0.9674618171706095]]
98502305	[1, [0.0119964233068377, 0.9880035766931623]]
7033350	[1, [0.0015138271242141066, 0.9984861728757859]]
7336585	[1, [0.012851958445706635, 0.9871480415542934]]
9140307	[1, [0.025997819894884144, 0.9740021801051159]]
6567942	[1, [0.016405466365045362, 0.9835945336349546]]
6568832	[1, [0.03159577988791307, 0.9684042201120869]]
7330237	[1, [0.018363548498380067, 0.9816364515016199]]
7894522	[1, [0.008566353066427945, 0.991433646933572]]
7331706	[1, [0.0001746049228805724, 0.9998253950771194]]
7894357	[1, [0.011333321598293034, 0.988666678401707]]
81338071	[1, [0.033868138328736475, 0.9661318616712635]]
7330793	[1, [0.001552208297544433, 0.9984477917024556]]
98543868	[1, [0.033084370608419955, 0.96691562939158]]
19169748	[1, [0.0001478184126628701, 0.9998521815873371]]
6982943	[1, [3.695786280666358e-05, 0.9999630421371933]]
60573541	[1, [0.006167203396502119, 0.9938327966034979]]
90576146	[1, [0.029552718778818376, 0.9704472812211816]]
99012166	[1, [0.022577288536509088, 0.9774227114634909]]
7675980	[1, [0.013411520913510833, 0.9865884790864892]]
9257005	[1, [0.007219954548078555, 0.9927800454519214]]
7913985	[1, [0.021604220376669536, 0.9783957796233305]]
6983970	[1, [1.1914950756031217e-06, 0.9999988085049244]]
29591777	[1, [0.01970471545987551, 0.9802952845401245]]
9257479	[1, [0.008343629667915686, 0.9916563703320843]]
7913484	[1, [0.017397591831848525, 0.9826024081681515]]
7913488	[1, [0.009055239295115869, 0.9909447607048841]]
82910672	[1, [0.04550236362958471, 0.9544976363704153]]
91812099	[1, [0.015144714548077531, 0.9848552854519225]]
7913483	[1, [0.010199768211363147, 0.9898002317886369]]
5960256	[1, [0.0037258764022247703, 0.9962741235977752]]
17203873	[1, [0.0050197839403401945, 0.9949802160596598]]
5311509	[1, [0.01871761274889716, 0.9812823872511028]]
7972699	[1, [0.022413325582442356, 0.9775866744175576]]
5309703	[1, [0.020378511509370312, 0.9796214884906297]]
5309727	[1, [0.004016420968031342, 0.9959835790319687]]
7780773	[1, [0.009358842532355305, 0.9906411574676447]]
9037096	[1, [0.04433083338635235, 0.9556691666136476]]
7814890	[1, [0.0011768490304296941, 0.9988231509695703]]
6648077	[1, [0.008138757137479469, 0.9918612428625205]]
7972839	[1, [0.009830258818322668, 0.9901697411816773]]
7780247	[1, [0.00017507709354169787, 0.9998249229064583]]
7783998	[1, [0.04548991067912411, 0.9545100893208759]]
5310632	[1, [0.01953182494157224, 0.9804681750584278]]
39546963	[1, [0.02752208409888024, 0.9724779159011198]]
7783590	[1, [0.04308822915520205, 0.956911770844798]]
7814763	[1, [0.02735123805111317, 0.9726487619488868]]
5312044	[1, [2.8445319472769626e-05, 0.9999715546805272]]
5959203	[1, [0.01301697551333858, 0.9869830244866614]]
7839425	[1, [0.018355022456996828, 0.9816449775430032]]
6650617	[1, [0.03615071813887738, 0.9638492818611226]]
7784451	[1, [0.02768748179893432, 0.9723125182010657]]
24151861	[1, [0.044218535849152474, 0.9557814641508475]]
5312960	[1, [0.00011048115244816081, 0.9998895188475518]]
59654685	[1, [0.04038629154829543, 0.9596137084517046]]
7401110	[1, [0.0006296204413041018, 0.9993703795586959]]
7783541	[1, [0.00993155630580711, 0.9900684436941929]]
7957302	[1, [0.03813449785794565, 0.9618655021420544]]
7483938	[1, [0.004520434034393062, 0.9954795659656069]]
71176618	[1, [0.0012738047817146825, 0.9987261952182853]]
5310128	[1, [0.001351278947058887, 0.9986487210529411]]
5311606	[1, [0.03373833042360841, 0.9662616695763916]]
7783665	[1, [0.03134034521963114, 0.9686596547803689]]
7813996	[1, [0.026456475302879534, 0.9735435246971205]]
65588737	[1, [0.049285268744793775, 0.9507147312552062]]
7780447	[1, [0.004424827476159465, 0.9955751725238405]]
7801494	[1, [0.04760391731160518, 0.9523960826883948]]
7802033	[1, [0.04591528041906445, 0.9540847195809355]]
17996652	[1, [0.04395929274102306, 0.9560407072589769]]
90035960	[1, [0.04063864222273372, 0.9593613577772663]]
7421169	[1, [0.007439715023825233, 0.9925602849761748]]
7802177	[1, [0.002916959019674592, 0.9970830409803254]]
45400408	[1, [0.006659158532636877, 0.9933408414673631]]
98303809	[1, [0.014387014698635792, 0.9856129853013642]]
7931578	[1, [0.046034543895340674, 0.9539654561046593]]
9224380	[1, [0.026187004111412726, 0.9738129958885873]]
9220038	[1, [0.03761056346616243, 0.9623894365338376]]
7424046	[1, [0.043695184551919564, 0.9563048154480804]]
96135316	[1, [0.007155585826738697, 0.9928444141732613]]
79389342	[1, [0.0474175295183652, 0.9525824704816348]]
7931928	[1, [0.03561159242444378, 0.9643884075755562]]
6662748	[1, [0.0020298160868983395, 0.9979701839131017]]
60475405	[1, [0.034185595889571596, 0.9658144041104284]]
7802568	[1, [0.038751238539349586, 0.9612487614606504]]
27861054	[1, [0.046045336884150134, 0.9539546631158499]]
5977432	[1, [0.031028717119169547, 0.9689712828808305]]
7836833	[1, [0.0324303658532793, 0.9675696341467207]]
6786647	[1, [0.01293615532639747, 0.9870638446736025]]
6788831	[1, [4.4357002448647265e-05, 0.9999556429975514]]
6541307	[1, [4.4956485538150126e-05, 0.9999550435144618]]
5303833	[1, [0.004628636205717296, 0.9953713637942827]]
7936308	[1, [0.025487095699528672, 0.9745129043004713]]
93593470	[1, [0.030029905002388668, 0.9699700949976113]]
7977679	[1, [9.774821086871999e-05, 0.9999022517891313]]
6695272	[1, [0.00019768782390927608, 0.9998023121760907]]
5977995	[1, [0.0033288631623983322, 0.9966711368376017]]
59790757	[1, [0.006409898763113819, 0.9935901012368862]]
5302482	[1, [8.893163093470768e-05, 0.9999110683690653]]
5983457	[1, [0.04887410804865522, 0.9511258919513448]]
37083402	[1, [0.034007147332727805, 0.9659928526672722]]
5301681	[1, [0.019603575177698285, 0.9803964248223017]]
6692217	[1, [0.04156247203839758, 0.9584375279616024]]
7977688	[1, [7.697171944154313e-06, 0.9999923028280558]]
6787308	[1, [0.00901869071091288, 0.9909813092890871]]
5976182	[1, [0.020168451115176955, 0.979831548884823]]
6691398	[1, [0.047861239508427134, 0.9521387604915729]]
7977628	[1, [0.004276374418174411, 0.9957236255818256]]
5303016	[1, [0.03373833042360841, 0.9662616695763916]]
7935867	[1, [0.01790544202958666, 0.9820945579704133]]
6788220	[1, [0.049157597246996976, 0.950842402753003]]
6691177	[1, [0.026681005295856264, 0.9733189947041437]]
5303658	[1, [0.0025851476036593546, 0.9974148523963406]]
6786515	[1, [3.8244963595723824e-05, 0.9999617550364043]]
82753345	[1, [0.04389223109007523, 0.9561077689099248]]
7832483	[1, [0.01620159892394968, 0.9837984010760503]]
9267747	[1, [0.021098804547481365, 0.9789011954525186]]
7786142	[1, [0.04706585548218545, 0.9529341445178146]]
6063974	[1, [7.999613579112719e-05, 0.9999200038642089]]
7185608	[1, [4.604158089227539e-07, 0.9999995395841911]]
7786440	[1, [0.030383482476065815, 0.9696165175239342]]
7185712	[1, [0.001454106662475918, 0.9985458933375241]]
9138609	[1, [0.022508575484487148, 0.9774914245155129]]
7186449	[1, [0.010274079093406052, 0.989725920906594]]
7786295	[1, [0.00284007745106285, 0.9971599225489371]]
26050943	[1, [0.008979323773470438, 0.9910206762265296]]
7786175	[1, [0.012522096157688511, 0.9874779038423115]]
67987085	[1, [0.0061832683238006725, 0.9938167316761993]]
7184611	[1, [0.0004332306867188551, 0.9995667693132811]]
5739793	[1, [0.0008315143796155944, 0.9991684856203844]]
7785874	[1, [0.043198059400204825, 0.9568019405997952]]
7197324	[1, [0.013425684128296034, 0.986574315871704]]
69057840	[1, [0.017939400808702932, 0.9820605991912971]]
6061764	[1, [0.02311982527715095, 0.976880174722849]]
37370716	[1, [0.04799512526653871, 0.9520048747334613]]
15340660	[1, [0.006673251296176463, 0.9933267487038235]]
67041737	[1, [0.03513513446724437, 0.9648648655327556]]
5677476	[1, [0.041390519350525734, 0.9586094806494743]]
61311990	[1, [0.008289314110568435, 0.9917106858894316]]
35400227	[1, [0.04159535679370285, 0.9584046432062971]]
55218845	[1, [0.019975578588382947, 0.980024421411617]]
67051066	[1, [0.04344666302359901, 0.956553336976401]]
7844734	[1, [0.017743433396167352, 0.9822565666038326]]
6878513	[1, [0.042939452539089706, 0.9570605474609103]]
68184472	[1, [0.022172596366281105, 0.9778274036337189]]
6518066	[1, [0.007923033432685744, 0.9920769665673143]]
5227770	[1, [0.03692797823230565, 0.9630720217676944]]
5230027	[1, [0.021013617925564665, 0.9789863820744353]]
7926225	[1, [0.02937085594374056, 0.9706291440562594]]
7415547	[1, [0.03212151533821328, 0.9678784846617867]]
45486163	[1, [0.006513705010725568, 0.9934862949892744]]
7205469	[1, [0.006427664404848543, 0.9935723355951515]]
77714121	[1, [0.008545553275729811, 0.9914544467242702]]
6576566	[1, [0.036504746175946456, 0.9634952538240535]]
7962390	[1, [5.235064783870591e-05, 0.9999476493521613]]
7962757	[1, [0.0029017298133735547, 0.9970982701866264]]
92585546	[1, [0.008873912751175106, 0.9911260872488249]]
7157215	[1, [6.226529516428769e-07, 0.9999993773470484]]
5564656	[1, [0.022360264137228913, 0.9776397358627711]]
5527134	[1, [0.02637867086434953, 0.9736213291356505]]
7204078	[1, [0.04571624033741306, 0.9542837596625869]]
7154972	[1, [3.9428770195026885e-05, 0.999960571229805]]
71896879	[1, [0.0040978259120304505, 0.9959021740879695]]
7362137	[1, [1.2913207016129746e-05, 0.9999870867929839]]
7939560	[1, [0.036517664460641086, 0.9634823355393589]]
7360749	[1, [0.00031028443318281695, 0.9996897155668172]]
7414014	[1, [0.013030282694169615, 0.9869697173058304]]
49470727	[1, [0.01868677307068156, 0.9813132269293184]]
77705975	[1, [0.04889148030595081, 0.9511085196940492]]
7362119	[1, [3.2121808522855844e-05, 0.9999678781914771]]
24946842	[1, [0.046597729367849006, 0.953402270632151]]
67818407	[1, [0.01624991967463829, 0.9837500803253617]]
5635696	[1, [0.011954462702939761, 0.9880455372970602]]
5635636	[1, [0.022717917686248645, 0.9772820823137514]]
5584271	[1, [0.02793387265905778, 0.9720661273409422]]
5886116	[1, [0.04032691891060314, 0.9596730810893969]]
7785694	[1, [0.0006728030806822938, 0.9993271969193177]]
9128538	[1, [0.032942556322232974, 0.967057443677767]]
6557990	[1, [0.0001788481097215744, 0.9998211518902784]]
5568592	[1, [0.00044879079634985164, 0.9995512092036501]]
7784880	[1, [0.04043214750535917, 0.9595678524946408]]
5635906	[1, [0.0008154590257083427, 0.9991845409742917]]
9128894	[1, [0.028409835393062632, 0.9715901646069374]]
5636068	[1, [0.022708503778441247, 0.9772914962215588]]
5260481	[1, [0.0192148196647427, 0.9807851803352573]]
6562202	[1, [0.01968499901031373, 0.9803150009896863]]
5565758	[1, [0.02433024826723207, 0.9756697517327679]]
9129306	[1, [0.023870983468050944, 0.9761290165319491]]
5246926	[1, [0.025345292243259432, 0.9746547077567406]]
7785282	[1, [0.04111357507550917, 0.9588864249244908]]
39662702	[1, [0.01991595013863856, 0.9800840498613614]]
5633741	[1, [0.00439277383845782, 0.9956072261615422]]
5634008	[1, [0.020551014431117398, 0.9794489855688826]]
5246935	[1, [0.040253325157081354, 0.9597466748429186]]
86268986	[1, [0.020143430669210205, 0.9798565693307898]]
9311868	[1, [0.04015711625528484, 0.9598428837447152]]
9283382	[1, [0.04602451329747381, 0.9539754867025262]]
97925728	[1, [0.002926333932269487, 0.9970736660677305]]
5156998	[1, [0.0014815209110027316, 0.9985184790889973]]
9312884	[1, [0.0387521191562451, 0.9612478808437549]]
9283467	[1, [0.005053942500963027, 0.994946057499037]]
5155530	[1, [0.016734875091316437, 0.9832651249086836]]
7795943	[1, [0.04190742081409793, 0.9580925791859021]]
7796117	[1, [0.007694760437711112, 0.9923052395622889]]
6910534	[1, [0.015898044158256464, 0.9841019558417435]]
7788753	[1, [0.04534181473142973, 0.9546581852685703]]
7795733	[1, [0.0036948976032540326, 0.996305102396746]]
7795223	[1, [7.567850895517925e-05, 0.9999243214910448]]
7795102	[1, [0.012770622447675795, 0.9872293775523242]]
7788773	[1, [0.04627478851613909, 0.9537252114838609]]
9295959	[1, [0.03393351029947356, 0.9660664897005264]]
9295665	[1, [0.02840685299670931, 0.9715931470032907]]
35816755	[1, [0.002024781075212201, 0.9979752189247878]]
46163617	[1, [0.030423083942828222, 0.9695769160571718]]
6779493	[1, [0.0005458219270243481, 0.9994541780729757]]
5117063	[1, [0.009617725608149663, 0.9903822743918503]]
6904687	[1, [0.015475163562901129, 0.9845248364370989]]
66931151	[1, [0.016029309968004446, 0.9839706900319956]]
7981655	[1, [0.00206882808714437, 0.9979311719128556]]
7927078	[1, [0.010776070426993023, 0.989223929573007]]
7898545	[1, [0.026791249402316475, 0.9732087505976835]]
7982337	[1, [0.019380550737006175, 0.9806194492629938]]
79070207	[1, [0.03723313381583315, 0.9627668661841668]]
7795274	[1, [0.01675353645740596, 0.983246463542594]]
9294844	[1, [0.04015711625528484, 0.9598428837447152]]
5116163	[1, [0.030263929762006536, 0.9697360702379935]]
6777657	[1, [0.004597237486006267, 0.9954027625139937]]
5214340	[1, [0.03692797823230565, 0.9630720217676944]]
5214345	[1, [0.01924065941130193, 0.9807593405886981]]
7978859	[1, [0.04211608688025814, 0.9578839131197419]]
9313911	[1, [0.031614241761275697, 0.9683857582387243]]
7120049	[1, [0.03737465350755009, 0.9626253464924499]]
5213200	[1, [0.047785676408606315, 0.9522143235913937]]
5214304	[1, [0.00021974749514364067, 0.9997802525048564]]
5214303	[1, [0.008641345402149225, 0.9913586545978508]]
7093360	[1, [0.007610545787813394, 0.9923894542121866]]
33078403	[1, [0.014010360890735374, 0.9859896391092646]]
7943060	[1, [0.010588027160133628, 0.9894119728398664]]
94878751	[1, [0.04925154739056792, 0.9507484526094321]]
6134429	[1, [0.023902763000539173, 0.9760972369994608]]
94817237	[1, [0.035987693890566885, 0.9640123061094331]]
74631619	[1, [0.003115428465826353, 0.9968845715341736]]
5214356	[1, [0.004335131151000371, 0.9956648688489996]]
18415650	[1, [0.0011007278787638075, 0.9988992721212362]]
7978643	[1, [0.04420974097210362, 0.9557902590278964]]
5214429	[1, [0.0023837455930182383, 0.9976162544069818]]
5214337	[1, [0.03692797823230565, 0.9630720217676944]]
32179248	[1, [0.030298993939086416, 0.9697010060609136]]
5214312	[1, [0.018637253867724413, 0.9813627461322756]]
7092406	[1, [0.004151191659375053, 0.995848808340625]]
9229169	[1, [0.0053366335762813355, 0.9946633664237187]]
33053867	[1, [0.04918615766308598, 0.950813842336914]]
5214324	[1, [0.010005959841324574, 0.9899940401586754]]
6046379	[1, [0.007198784825855897, 0.9928012151741441]]
7117399	[1, [0.004478787045890331, 0.9955212129541097]]
9314597	[1, [0.036209578432109035, 0.963790421567891]]
77678432	[1, [0.03957816801166758, 0.9604218319883324]]
77653241	[1, [0.006446269605719368, 0.9935537303942806]]
7093248	[1, [0.010113317620063289, 0.9898866823799367]]
48993459	[1, [0.044179604127620786, 0.9558203958723792]]
7807918	[1, [0.04671190182095819, 0.9532880981790418]]
42018803	[1, [0.02596574409461594, 0.9740342559053841]]
9222201	[1, [0.031965574384323237, 0.9680344256156768]]
92016424	[1, [0.038604057353399, 0.961395942646601]]
7807148	[1, [0.018355022456996828, 0.9816449775430032]]
51049271	[1, [0.024440911424610468, 0.9755590885753895]]
7805384	[1, [0.004287765118501374, 0.9957122348814986]]
73883661	[1, [0.0026771078837929396, 0.9973228921162071]]
7353730	[1, [4.604836130106538e-05, 0.9999539516386989]]
22113077	[1, [0.036419491552101335, 0.9635805084478987]]
7690505	[1, [0.0007032573057885738, 0.9992967426942114]]
5716473	[1, [0.04065583641504589, 0.9593441635849541]]
42019917	[1, [0.016974996268208087, 0.9830250037317919]]
9336774	[1, [0.023768074273014417, 0.9762319257269856]]
6980459	[1, [1.4983678480406937e-05, 0.9999850163215196]]
9262734	[1, [0.013277170042144681, 0.9867228299578553]]
6170734	[1, [0.00011401583509929036, 0.9998859841649007]]
96872505	[1, [0.03975612478590762, 0.9602438752140924]]
5483251	[1, [0.0037192523518446707, 0.9962807476481553]]
6977662	[1, [3.4717503020753604e-05, 0.9999652824969792]]
6077688	[1, [0.008263846289891408, 0.9917361537101086]]
7251167	[1, [0.03455308611726948, 0.9654469138827305]]
7251072	[1, [0.03798157956798065, 0.9620184204320193]]
6975286	[1, [1.4255637363236318e-05, 0.9999857443626368]]
5479492	[1, [8.753612734613281e-05, 0.9999124638726539]]
6977189	[1, [0.006036003105629906, 0.9939639968943701]]
6980004	[1, [0.0002844898322484912, 0.9997155101677515]]
6082181	[1, [0.001126141391371016, 0.998873858608629]]
25175221	[1, [0.04407784132147663, 0.9559221586785234]]
9261983	[1, [0.024468626545979255, 0.9755313734540207]]
16317089	[1, [0.04587182458138783, 0.9541281754186122]]
7798038	[1, [0.04812785810121234, 0.9518721418987877]]
5882954	[1, [0.024996320261931437, 0.9750036797380686]]
7953541	[1, [0.008211068036508506, 0.9917889319634915]]
7797284	[1, [0.019984047104898317, 0.9800159528951017]]
6737388	[1, [0.00022817278844122768, 0.9997718272115588]]
7949281	[1, [0.0317506266960903, 0.9682493733039097]]
7129416	[1, [0.003319335508628618, 0.9966806644913714]]
6739352	[1, [9.473024715989098e-05, 0.9999052697528401]]
7949778	[1, [0.024119235179018816, 0.9758807648209812]]
7130133	[1, [3.9428770195026885e-05, 0.999960571229805]]
28251746	[1, [0.020369969794833076, 0.9796300302051669]]
9137810	[1, [0.030056971616187478, 0.9699430283838125]]
6388867	[1, [0.047391268918630325, 0.9526087310813697]]
7924547	[1, [0.04223645621626293, 0.9577635437837371]]
7126257	[1, [0.007266240491372367, 0.9927337595086276]]
7144465	[1, [0.004042413675457213, 0.9959575863245428]]
7428385	[1, [1.9801267664432132e-05, 0.9999801987323356]]
7429661	[1, [0.009380162136844228, 0.9906198378631558]]
7143115	[1, [0.006161313653162304, 0.9938386863468377]]
5694951	[1, [0.014572430817810456, 0.9854275691821895]]
71768295	[1, [0.026692503315338123, 0.9733074966846619]]
7794600	[1, [0.005886947909458873, 0.9941130520905411]]
5921630	[1, [0.00043917403976379, 0.9995608259602362]]
62914182	[1, [0.034193516192742024, 0.965806483807258]]
5920935	[1, [0.0015624928851554198, 0.9984375071148446]]
5925907	[1, [0.04310875684459836, 0.9568912431554016]]
7147166	[1, [0.0001790009382258706, 0.9998209990617741]]
6850638	[1, [0.002451866460234653, 0.9975481335397653]]
7150749	[1, [0.013700159437892712, 0.9862998405621073]]
7794045	[1, [0.0072187467187468934, 0.9927812532812531]]
5919981	[1, [0.039541972958404226, 0.9604580270415958]]
90899035	[1, [0.044222820508370564, 0.9557771794916294]]
6151274	[1, [0.023696230103478544, 0.9763037698965215]]
6151058	[1, [0.00013162127783672428, 0.9998683787221633]]
7144228	[1, [0.007266240491372367, 0.9927337595086276]]
7431935	[1, [0.008073348108054046, 0.991926651891946]]
5928353	[1, [0.0015503379633395875, 0.9984496620366604]]
7793017	[1, [0.04475560891549102, 0.955244391084509]]
5142348	[1, [0.04876111525389537, 0.9512388847461046]]
5144393	[1, [0.00011805624601424203, 0.9998819437539858]]
5144395	[1, [4.844157983230346e-05, 0.9999515584201677]]
5143779	[1, [0.020262065588877, 0.979737934411123]]
24523709	[1, [0.00046103148148002315, 0.99953896851852]]
9152656	[1, [0.04025359761493452, 0.9597464023850655]]
63547321	[1, [0.017804254038938483, 0.9821957459610615]]
5142096	[1, [0.026424521716929883, 0.9735754782830701]]
6847029	[1, [0.0003790817994782092, 0.9996209182005218]]
5142887	[1, [0.018288999292747077, 0.9817110007072529]]
9152343	[1, [0.03573745662381267, 0.9642625433761873]]
5617058	[1, [0.009437577180100853, 0.9905624228198991]]
5330569	[1, [0.007535275366829408, 0.9924647246331706]]
5131871	[1, [0.0004383301947903373, 0.9995616698052097]]
5330983	[1, [0.043367881259526286, 0.9566321187404737]]
5331000	[1, [0.027271670859297714, 0.9727283291407023]]
5328904	[1, [0.02447689745758641, 0.9755231025424136]]
5330193	[1, [0.01970211474615069, 0.9802978852538493]]
41572041	[1, [0.01913206792947142, 0.9808679320705286]]
5329802	[1, [0.0474257981816647, 0.9525742018183353]]
5329800	[1, [0.008914779580401766, 0.9910852204195982]]
5330682	[1, [0.01556839267184218, 0.9844316073281578]]
5331216	[1, [0.01642718289530165, 0.9835728171046983]]
5328419	[1, [0.024970774558676356, 0.9750292254413236]]
5329008	[1, [0.015851978929362298, 0.9841480210706377]]
5329435	[1, [0.04158911371018714, 0.9584108862898129]]
6680523	[1, [0.0340957992883012, 0.9659042007116988]]
9157951	[1, [0.026718495811724474, 0.9732815041882755]]
5330068	[1, [0.02960765301792989, 0.9703923469820701]]
6682717	[1, [0.005381527938765895, 0.9946184720612341]]
5329705	[1, [0.022390243749231598, 0.9776097562507684]]
5543373	[1, [9.333503643882413e-05, 0.9999066649635612]]
6044151	[1, [0.00048513976437258854, 0.9995148602356274]]
5328967	[1, [0.004517691921126166, 0.9954823080788738]]
5131884	[1, [0.0004171810421474964, 0.9995828189578525]]
6474677	[1, [1.8406392700343055e-05, 0.9999815936072997]]
5331429	[1, [0.01600584756652168, 0.9839941524334783]]
5131863	[1, [0.007257935874413479, 0.9927420641255865]]
21955688	[1, [0.04281475278941771, 0.9571852472105823]]
5331939	[1, [0.007535275366829408, 0.9924647246331706]]
5617572	[1, [0.007546310407795076, 0.9924536895922049]]
5332164	[1, [0.04459159586351369, 0.9554084041364863]]
9014662	[1, [0.02996740329232772, 0.9700325967076723]]
5328599	[1, [0.04403651298550881, 0.9559634870144912]]
54662403	[1, [0.008204342440122803, 0.9917956575598772]]
5328942	[1, [0.04470727512362205, 0.955292724876378]]
6682617	[1, [0.004992568267223274, 0.9950074317327767]]
5538478	[1, [0.02925060410301683, 0.9707493958969832]]
5330977	[1, [0.027271670859297714, 0.9727283291407023]]
5328314	[1, [0.0060938635049754275, 0.9939061364950246]]
21986163	[1, [0.019762241220622645, 0.9802377587793774]]
5330394	[1, [0.023684617121584206, 0.9763153828784158]]
5331364	[1, [0.020606707834657123, 0.9793932921653429]]
5331926	[1, [0.003327806054972293, 0.9966721939450277]]
5328170	[1, [0.04578048193464557, 0.9542195180653544]]
5328592	[1, [0.046785907570887075, 0.9532140924291129]]
5329616	[1, [0.000725621382680175, 0.9992743786173198]]
5328533	[1, [0.018004407225118202, 0.9819955927748818]]
6684729	[1, [0.027569727537635313, 0.9724302724623647]]
5330336	[1, [0.029881035501053033, 0.970118964498947]]
5331349	[1, [0.04798005141686501, 0.952019948583135]]
5328620	[1, [0.018004407225118202, 0.9819955927748818]]
5328557	[1, [0.0060938635049754275, 0.9939061364950246]]
5329905	[1, [0.006125905996042125, 0.9938740940039579]]
22858315	[1, [0.016755311454196953, 0.983244688545803]]
5114699	[1, [0.0008870834390581894, 0.9991129165609418]]
7988588	[1, [1.63569165454458e-05, 0.9999836430834546]]
7828422	[1, [0.04035625187914493, 0.9596437481208551]]
5111130	[1, [0.014563361908777606, 0.9854366380912224]]
56852389	[1, [0.016161811877520638, 0.9838381881224794]]
39741409	[1, [0.008717056406615242, 0.9912829435933848]]
9234723	[1, [0.038346227649256215, 0.9616537723507438]]
5256075	[1, [0.026806715270616288, 0.9731932847293837]]
5338282	[1, [0.016455000416862875, 0.9835449995831371]]
9234543	[1, [0.004725330975528741, 0.9952746690244713]]
5114709	[1, [0.017016914498101166, 0.9829830855018988]]
5114704	[1, [0.0035377418605512245, 0.9964622581394488]]
9234041	[1, [0.014080607577648285, 0.9859193924223517]]
5338177	[1, [0.03175527478585638, 0.9682447252141436]]
41331242	[1, [0.04445303948892654, 0.9555469605110735]]
7173029	[1, [1.6980268191524317e-08, 0.9999999830197318]]
6092380	[1, [0.0019986648768988147, 0.9980013351231012]]
5114756	[1, [0.0029719885009120706, 0.9970280114990879]]
7988516	[1, [0.002037991357294988, 0.997962008642705]]
5338299	[1, [0.04877341105592581, 0.9512265889440742]]
6226070	[1, [0.03362482413069079, 0.9663751758693092]]
6094869	[1, [0.022118509873296777, 0.9778814901267032]]
5572364	[1, [0.0001183358813473534, 0.9998816641186526]]
58518388	[1, [0.04048443009234637, 0.9595155699076536]]
5338062	[1, [0.012145111970942368, 0.9878548880290576]]
5114711	[1, [0.009334846498559868, 0.9906651535014401]]
5773952	[1, [0.048726200661397545, 0.9512737993386025]]
31295639	[1, [0.009296397329064288, 0.9907036026709357]]
47407917	[1, [0.0477340091208599, 0.9522659908791401]]
5962935	[1, [0.01236990641529534, 0.9876300935847047]]
9147108	[1, [0.022471813802448337, 0.9775281861975517]]
6940212	[1, [0.007276500615975401, 0.9927234993840246]]
5965302	[1, [0.032225984000955554, 0.9677740159990444]]
5818999	[1, [0.03161594679202018, 0.9683840532079798]]
5792709	[1, [0.04376494043365564, 0.9562350595663444]]
5791811	[1, [0.012995183122428311, 0.9870048168775717]]
6934481	[1, [0.04541627993953412, 0.9545837200604659]]
5823065	[1, [0.021823419568804625, 0.9781765804311954]]
6364927	[1, [5.880356853671387e-07, 0.9999994119643146]]
15555000	[1, [0.04699761853967699, 0.953002381460323]]
6764266	[1, [0.0005458219270243481, 0.9994541780729757]]
13192774	[1, [0.008355159917645683, 0.9916448400823543]]
9227192	[1, [0.026187004111412726, 0.9738129958885873]]
5827311	[1, [0.026780088942955027, 0.973219911057045]]
6364064	[1, [1.1053873361088762e-06, 0.9999988946126639]]
9208362	[1, [0.005706348986096121, 0.9942936510139039]]
6686651	[1, [0.0269072862569949, 0.9730927137430051]]
5934800	[1, [0.034006603564057936, 0.9659933964359421]]
9300943	[1, [0.03100263646830148, 0.9689973635316985]]
7987864	[1, [0.027666822473382924, 0.9723331775266171]]
6958135	[1, [0.04315365547192862, 0.9568463445280714]]
6687665	[1, [0.04571624033741306, 0.9542837596625869]]
9149922	[1, [0.025818663180336654, 0.9741813368196633]]
6955367	[1, [3.24452432739486e-05, 0.999967554756726]]
5174654	[1, [0.0011583516637503344, 0.9988416483362497]]
7470567	[1, [0.005029399843482607, 0.9949706001565174]]
37294207	[1, [0.03970802445648347, 0.9602919755435165]]
6953955	[1, [4.3241784250303006e-05, 0.9999567582157497]]
9300530	[1, [0.041287070384536384, 0.9587129296154636]]
6176316	[1, [0.0008922575140585254, 0.9991077424859415]]
7211761	[1, [2.950949835600625e-07, 0.9999997049050164]]
57587607	[1, [0.003918170407825161, 0.9960818295921748]]
7474755	[1, [0.028918919145915156, 0.9710810808540848]]
5174667	[1, [0.013385646207042856, 0.9866143537929571]]
6689670	[1, [0.01980215303389432, 0.9801978469661057]]
7210095	[1, [0.0001749247576907642, 0.9998250752423092]]
6957421	[1, [1.867347291328869e-05, 0.9999813265270867]]
7470981	[1, [0.01104245062140008, 0.9889575493785999]]
5174705	[1, [0.0055076525122791375, 0.9944923474877209]]
42127443	[1, [0.027393145907343097, 0.9726068540926569]]
5322048	[1, [0.009421505120158269, 0.9905784948798417]]
5923808	[1, [0.02709365146617604, 0.972906348533824]]
7972081	[1, [3.345586539960088e-05, 0.9999665441346004]]
5923416	[1, [0.03161815795849654, 0.9683818420415035]]
5321681	[1, [0.027240617136985668, 0.9727593828630143]]
5324663	[1, [0.037938850449750205, 0.9620611495502498]]
5271108	[1, [0.000483652350348196, 0.9995163476496518]]
6675530	[1, [0.002285004723997841, 0.9977149952760022]]
6344437	[1, [7.978410552222925e-07, 0.9999992021589448]]
5320323	[1, [0.003916850471773925, 0.9960831495282261]]
5275166	[1, [0.009390385806916646, 0.9906096141930834]]
15768735	[1, [0.01030637612561669, 0.9896936238743833]]
5319406	[1, [2.551234980396888e-05, 0.999974487650196]]
62494126	[1, [0.04838880050798533, 0.9516111994920147]]
7227399	[1, [0.030294521674952057, 0.9697054783250479]]
5862963	[1, [0.03143865579326033, 0.9685613442067397]]
5316000	[1, [0.008263846289891408, 0.9917361537101086]]
4085388	[1, [0.010382499766631414, 0.9896175002333686]]
5361832	[1, [0.03626398798998687, 0.9637360120100131]]
54053452	[1, [0.04006370354981359, 0.9599362964501864]]
57516329	[1, [0.04759797224413176, 0.9524020277558682]]
59601796	[1, [0.0005239803847559843, 0.999476019615244]]
6373592	[1, [0.04816934550087193, 0.9518306544991281]]
5100051	[1, [9.01002205377921e-06, 0.9999909899779462]]
6374264	[1, [0.04383398890450396, 0.956166011095496]]
5704093	[1, [0.047052466653577874, 0.9529475333464221]]
5359286	[1, [0.030761137818531514, 0.9692388621814685]]
34745459	[1, [0.0168885007219699, 0.9831114992780301]]
9128421	[1, [0.034441221467904515, 0.9655587785320955]]
54102055	[1, [0.04040631288875751, 0.9595936871112425]]
7318235	[1, [0.024594523474966157, 0.9754054765250338]]
6373670	[1, [0.017737325285669514, 0.9822626747143305]]
6890894	[1, [0.026065385055447532, 0.9739346149445525]]
6892126	[1, [0.0011370375131252164, 0.9988629624868748]]
6889604	[1, [0.000469321091326691, 0.9995306789086733]]
6373424	[1, [0.02999567629885913, 0.9700043237011409]]
34747294	[1, [0.03323689975305877, 0.9667631002469412]]
57519065	[1, [0.044690715413455595, 0.9553092845865444]]
6889875	[1, [0.0012080503770498519, 0.9987919496229501]]
34755020	[1, [0.0026313905631301093, 0.9973686094368699]]
7613978	[1, [0.04351963319746144, 0.9564803668025386]]
7318537	[1, [0.04709653619148235, 0.9529034638085176]]
4201613	[1, [0.0024696851092828043, 0.9975303148907172]]
5317496	[1, [0.00170535463997612, 0.9982946453600239]]
7317709	[1, [8.173852654780323e-05, 0.9999182614734522]]
6417953	[1, [0.047391268918630325, 0.9526087310813697]]
73146415	[1, [0.03222592888392384, 0.9677740711160762]]
6888464	[1, [0.011755498683627796, 0.9882445013163722]]
5631638	[1, [0.006532349509110857, 0.9934676504908891]]
5631168	[1, [0.010741578908612492, 0.9892584210913875]]
7245847	[1, [0.030294521674952057, 0.9697054783250479]]
5628546	[1, [0.03275763963223299, 0.967242360367767]]
74729490	[1, [0.04488164243106729, 0.9551183575689327]]
15982197	[1, [0.03394432761112143, 0.9660556723888786]]
5630927	[1, [0.015128550064810065, 0.9848714499351899]]
53277521	[1, [0.02036237100890459, 0.9796376289910954]]
5630730	[1, [0.0017649134541366518, 0.9982350865458633]]
5631898	[1, [0.023255742922167588, 0.9767442570778324]]
5631271	[1, [0.03121690274487099, 0.968783097255129]]
7609934	[1, [0.008952399131646138, 0.9910476008683539]]
95927495	[1, [0.023025304717216866, 0.9769746952827831]]
6024903	[1, [0.04966272150956619, 0.9503372784904338]]
5630148	[1, [0.021369499925857793, 0.9786305000741422]]
70783799	[1, [0.025804201864785714, 0.9741957981352143]]
5631863	[1, [0.024899673406139078, 0.9751003265938609]]
15652382	[1, [0.01374170242512851, 0.9862582975748715]]
9324810	[1, [0.03977342900256342, 0.9602265709974366]]
5631296	[1, [0.030978479978988838, 0.9690215200210112]]
92877831	[1, [0.049145937547793506, 0.9508540624522065]]
74711729	[1, [0.04159535679370285, 0.9584046432062971]]
6032947	[1, [0.005048292102974972, 0.994951707897025]]
5799303	[1, [0.031072272536067147, 0.9689277274639329]]
6816557	[1, [2.6158671673215395e-07, 0.9999997384132833]]
7000806	[1, [5.445233549106199e-05, 0.9999455476645089]]
6813480	[1, [0.03623008800419736, 0.9637699119958026]]
7581659	[1, [0.03442089271196758, 0.9655791072880324]]
6997485	[1, [0.04503900141230699, 0.954960998587693]]
5801061	[1, [0.039286929734319354, 0.9607130702656806]]
5799062	[1, [0.013094501924236335, 0.9869054980757637]]
99211562	[1, [0.01311569093215914, 0.9868843090678409]]
6997589	[1, [0.004288537592711972, 0.995711462407288]]
83174755	[1, [0.04343732402027367, 0.9565626759797263]]
9129861	[1, [0.006031791027855782, 0.9939682089721442]]
5709853	[1, [0.002119754064918822, 0.9978802459350812]]
5709940	[1, [0.041571523863821125, 0.9584284761361789]]
25740013	[1, [0.019975578588382947, 0.980024421411617]]
5800700	[1, [0.00593404013369514, 0.9940659598663049]]
9040200	[1, [0.04152622173486542, 0.9584737782651346]]
93864711	[1, [0.04365313520101777, 0.9563468647989822]]
97590832	[1, [0.04814857633641467, 0.9518514236635853]]
5650159	[1, [0.04827563234761234, 0.9517243676523877]]
88414067	[1, [0.03045970985387847, 0.9695402901461215]]
29923073	[1, [0.028840505196315314, 0.9711594948036847]]
5245335	[1, [0.006292800748181282, 0.9937071992518187]]
5245621	[1, [0.03684060819162582, 0.9631593918083742]]
91664737	[1, [0.01007288372060089, 0.9899271162793991]]
88860119	[1, [0.012376922178195304, 0.9876230778218047]]
76941202	[1, [0.023637491215048212, 0.9763625087849518]]
76918362	[1, [0.03529357680152767, 0.9647064231984723]]
5246920	[1, [0.023939409338126105, 0.9760605906618739]]
5108025	[1, [0.03967943713089084, 0.9603205628691092]]
29033237	[1, [0.032422510221344236, 0.9675774897786558]]
5688526	[1, [0.04715069799279148, 0.9528493020072085]]
26839929	[1, [0.010502509615177735, 0.9894974903848223]]
7160801	[1, [1.2631697576814815e-08, 0.9999999873683024]]
5688518	[1, [0.004380329533850813, 0.9956196704661492]]
6085905	[1, [0.00855924154392318, 0.9914407584560768]]
99126987	[1, [0.028535693516977823, 0.9714643064830222]]
6086959	[1, [6.870613921905466e-06, 0.9999931293860781]]
6088642	[1, [0.016114495752833302, 0.9838855042471667]]
6085505	[1, [0.029672351194788615, 0.9703276488052114]]
22679980	[1, [0.03743189829008953, 0.9625681017099105]]
6085806	[1, [0.0001449265206128203, 0.9998550734793872]]
99150005	[1, [0.04357402656269904, 0.956425973437301]]
6084793	[1, [0.009995644599386733, 0.9900043554006133]]
80391334	[1, [0.017765409998474535, 0.9822345900015255]]
52145725	[1, [0.041209778352916615, 0.9587902216470834]]
9109391	[1, [0.0027205167604865688, 0.9972794832395134]]
6087500	[1, [7.360828121216745e-05, 0.9999263917187878]]
6082917	[1, [7.335130841745752e-05, 0.9999266486915825]]
6082971	[1, [0.005297860565538159, 0.9947021394344618]]
5689650	[1, [0.030761137818531514, 0.9692388621814685]]
41849713	[1, [0.01962226408220724, 0.9803777359177928]]
53145516	[1, [0.020467145638425, 0.979532854361575]]
53743522	[1, [0.03261631943517018, 0.9673836805648298]]
5812078	[1, [0.030787621062211556, 0.9692123789377884]]
71701091	[1, [0.0031112619060106317, 0.9968887380939894]]
9103005	[1, [0.04955692092251307, 0.9504430790774869]]
5712633	[1, [0.039860277262142585, 0.9601397227378574]]
6952821	[1, [0.0027127774839027508, 0.9972872225160972]]
6723689	[1, [0.025371800308789383, 0.9746281996912106]]
6148645	[1, [0.005855491006002578, 0.9941445089939974]]
7044370	[1, [0.012070473992008335, 0.9879295260079917]]
5809451	[1, [8.134694245698348e-05, 0.999918653057543]]
6659725	[1, [0.004071684718335189, 0.9959283152816648]]
99619661	[1, [0.02068939898088229, 0.9793106010191177]]
5812247	[1, [0.006379807912967772, 0.9936201920870322]]
61202851	[1, [0.04627816654446215, 0.9537218334555378]]
6658503	[1, [0.014178103205193304, 0.9858218967948067]]
5809866	[1, [0.03692017727350938, 0.9630798227264906]]
65623123	[1, [0.024186432828649962, 0.97581356717135]]
36201672	[1, [0.0015506605366647497, 0.9984493394633353]]
6724082	[1, [0.014337331750459259, 0.9856626682495407]]
7046854	[1, [0.0013292928912100876, 0.9986707071087899]]
6192873	[1, [0.0001446859239337961, 0.9998553140760662]]
5325609	[1, [0.032642668449779366, 0.9673573315502206]]
5326940	[1, [0.019528691234687257, 0.9804713087653127]]
7935087	[1, [0.023810483473612476, 0.9761895165263875]]
9238234	[1, [0.035033216214618634, 0.9649667837853814]]
5153904	[1, [0.032555985104157914, 0.9674440148958421]]
5327642	[1, [0.04934135163453646, 0.9506586483654635]]
53981377	[1, [0.006167203396502119, 0.9938327966034979]]
52863023	[1, [0.017379857419918543, 0.9826201425800815]]
7934999	[1, [0.024302923553270128, 0.9756970764467299]]
5149828	[1, [0.03580687789089487, 0.9641931221091051]]
6507119	[1, [0.04842226664562033, 0.9515777333543797]]
7682177	[1, [0.0015791498857675723, 0.9984208501142324]]
7773173	[1, [0.01970116530379673, 0.9802988346962033]]
6509877	[1, [0.029469612284221514, 0.9705303877157785]]
6328536	[1, [0.0017627571166414224, 0.9982372428833586]]
83562359	[1, [0.03177089937376476, 0.9682291006262352]]
7824805	[1, [0.003998186296870543, 0.9960018137031295]]
7939231	[1, [0.04761809083358226, 0.9523819091664177]]
7939272	[1, [0.002212938780044915, 0.9977870612199551]]
7681893	[1, [0.01749618618937354, 0.9825038138106265]]
6379875	[1, [0.0313335105642889, 0.9686664894357111]]
7989427	[1, [0.0315395288214928, 0.9684604711785072]]
6254741	[1, [0.0021781771160588326, 0.9978218228839412]]
24923381	[1, [0.0037397612320160256, 0.996260238767984]]
6379336	[1, [0.011602203554605284, 0.9883977964453947]]
7989400	[1, [0.03126504235480243, 0.9687349576451976]]
7989567	[1, [6.173725339753133e-05, 0.9999382627466025]]
7747613	[1, [0.03869125846478827, 0.9613087415352117]]
6380908	[1, [0.04383398890450396, 0.956166011095496]]
6382001	[1, [0.012604973817437415, 0.9873950261825626]]
83296791	[1, [0.0034627887952793923, 0.9965372112047206]]
7939166	[1, [0.04211608688025814, 0.9578839131197419]]
5569491	[1, [4.4235020046912155e-05, 0.9999557649799531]]
5333552	[1, [0.03175527478585638, 0.9682447252141436]]
5569594	[1, [0.024174437048272046, 0.975825562951728]]
5337665	[1, [0.004875863130872848, 0.9951241368691272]]
5335890	[1, [0.022390243749231598, 0.9776097562507684]]
5336754	[1, [0.01140018620118588, 0.9885998137988141]]
5335619	[1, [0.02447689745758641, 0.9755231025424136]]
10198290	[1, [0.0071886613638335595, 0.9928113386361664]]
5335208	[1, [0.0060938635049754275, 0.9939061364950246]]
22019369	[1, [0.025444354786444023, 0.974555645213556]]
5334338	[1, [0.029040617933488333, 0.9709593820665117]]
10156912	[1, [0.04868088852207719, 0.9513191114779228]]
5335661	[1, [0.027271670859297714, 0.9727283291407023]]
5337628	[1, [0.03368688769054562, 0.9663131123094544]]
5334132	[1, [0.03747180603724709, 0.9625281939627529]]
5335471	[1, [0.01600584756652168, 0.9839941524334783]]
6164083	[1, [0.01953182494157224, 0.9804681750584278]]
5333366	[1, [0.016856495875899324, 0.9831435041241007]]
5334884	[1, [0.0005795913514315965, 0.9994204086485684]]
5335645	[1, [0.01642718289530165, 0.9835728171046983]]
5333138	[1, [0.036654537588869274, 0.9633454624111307]]
5333146	[1, [0.029773093422275854, 0.9702269065777241]]
5570896	[1, [0.034332558908697686, 0.9656674410913023]]
5335507	[1, [0.019528691234687257, 0.9804713087653127]]
5335339	[1, [0.019641395554610863, 0.9803586044453891]]
5334411	[1, [0.019528691234687257, 0.9804713087653127]]
5335686	[1, [0.03331479234468726, 0.9666852076553127]]
6604887	[1, [0.004987752477649043, 0.995012247522351]]
5334144	[1, [0.027271670859297714, 0.9727283291407023]]
5336598	[1, [0.043367881259526286, 0.9566321187404737]]
5333908	[1, [0.021716527911000094, 0.9782834720889999]]
5337601	[1, [0.041315744431047796, 0.9586842555689522]]
79027568	[1, [0.014758542349451731, 0.9852414576505483]]
7789331	[1, [0.026328727719143963, 0.973671272280856]]
5333124	[1, [0.00904338433646934, 0.9909566156635307]]
9339889	[1, [0.018955639676116687, 0.9810443603238833]]
5334895	[1, [0.010013992194212729, 0.9899860078057873]]
9310543	[1, [0.011073535604132934, 0.9889264643958671]]
9340579	[1, [0.03830179746808415, 0.9616982025319158]]
5332879	[1, [0.013356210944510671, 0.9866437890554893]]
5333082	[1, [0.017462050976624455, 0.9825379490233755]]
5784177	[1, [0.04059235285472251, 0.9594076471452775]]
5605815	[1, [0.026722831470291086, 0.9732771685297089]]
6069613	[1, [0.026824557112926417, 0.9731754428870736]]
6070482	[1, [0.010609012438347665, 0.9893909875616523]]
78612767	[1, [0.03619652994425715, 0.9638034700557429]]
7341021	[1, [0.0033400598600485942, 0.9966599401399514]]
7344640	[1, [0.002175847159545441, 0.9978241528404546]]
5607602	[1, [0.0013310622497155755, 0.9986689377502844]]
6944056	[1, [0.01731129519444774, 0.9826887048055523]]
5521790	[1, [0.03619087604144078, 0.9638091239585592]]
7343360	[1, [0.026470471492815006, 0.973529528507185]]
6943497	[1, [0.006370545031337049, 0.993629454968663]]
9278815	[1, [0.008761444817683373, 0.9912385551823166]]
5550841	[1, [0.03622692444695619, 0.9637730755530438]]
5378598	[1, [0.017009624993404526, 0.9829903750065955]]
5467069	[1, [0.032467418425219385, 0.9675325815747806]]
5551269	[1, [0.04143652891879446, 0.9585634710812055]]
5306796	[1, [0.03466265948284075, 0.9653373405171592]]
6452552	[1, [0.006545634285648361, 0.9934543657143516]]
5467352	[1, [0.03350830630603574, 0.9664916936939643]]
9279467	[1, [0.004777059554071039, 0.995222940445929]]
5380357	[1, [0.03655970204571146, 0.9634402979542885]]
5307819	[1, [0.0054303405316608044, 0.9945696594683392]]
5726384	[1, [0.020487939162947777, 0.9795120608370522]]
5304554	[1, [0.03083497904808641, 0.9691650209519136]]
7442784	[1, [0.006185101278494587, 0.9938148987215054]]
9022593	[1, [0.03259549610796675, 0.9674045038920333]]
9280301	[1, [0.007240611506970196, 0.9927593884930298]]
5377866	[1, [0.013130110846898413, 0.9868698891531016]]
5725567	[1, [0.0008011196324766434, 0.9991988803675234]]
5367432	[1, [0.03626398798998687, 0.9637360120100131]]
5725354	[1, [0.031072272536067147, 0.9689277274639329]]
76489758	[1, [0.04847890637050223, 0.9515210936294978]]
5377825	[1, [0.005810795172764838, 0.9941892048272352]]
5653170	[1, [0.037716722596893515, 0.9622832774031065]]
75081088	[1, [0.01486779517354564, 0.9851322048264544]]
32444345	[1, [0.048708980406956925, 0.9512910195930431]]
5365981	[1, [0.04715069799279148, 0.9528493020072085]]
5307744	[1, [0.019603575177698285, 0.9803964248223017]]
5305077	[1, [0.01390872916593855, 0.9860912708340615]]
5652289	[1, [0.011054893749012695, 0.9889451062509873]]
5468341	[1, [0.02383727712988115, 0.9761627228701188]]
5307823	[1, [0.03737805983079023, 0.9626219401692098]]
7980415	[1, [0.009326512589073244, 0.9906734874109268]]
56440784	[1, [0.02557111982737026, 0.9744288801726297]]
7791007	[1, [0.013353895415190165, 0.9866461045848098]]
7791065	[1, [0.0024601473637217985, 0.9975398526362782]]
7024677	[1, [0.006053612924228791, 0.9939463870757712]]
7791509	[1, [0.011003543630644375, 0.9889964563693556]]
56082357	[1, [0.03596824842762769, 0.9640317515723723]]
9306963	[1, [0.03977342900256342, 0.9602265709974366]]
5802994	[1, [0.0015632395845628366, 0.9984367604154372]]
55756753	[1, [0.003367616795147743, 0.9966323832048523]]
6711482	[1, [3.757733892939541e-07, 0.9999996242266107]]
7915269	[1, [0.0009666452059169384, 0.9990333547940831]]
7790641	[1, [0.03065256979879427, 0.9693474302012057]]
9257570	[1, [0.046844849095645125, 0.9531551509043549]]
56108268	[1, [0.018402855485033176, 0.9815971445149668]]
7791905	[1, [0.002273250773956459, 0.9977267492260435]]
7791704	[1, [0.0237489606925968, 0.9762510393074032]]
9258282	[1, [0.028058883127966006, 0.971941116872034]]
7915268	[1, [0.024970720900958754, 0.9750292790990412]]
7791958	[1, [0.043194275865463205, 0.9568057241345368]]
6708715	[1, [0.003442342298350498, 0.9965576577016495]]
6886815	[1, [0.021282457603145732, 0.9787175423968543]]
5403955	[1, [0.020877506605811558, 0.9791224933941884]]
5403954	[1, [0.015020423884279599, 0.9849795761157204]]
6265907	[1, [0.014722738668289215, 0.9852772613317108]]
9254494	[1, [0.0334247732923878, 0.9665752267076122]]
89738010	[1, [0.03705270464119814, 0.9629472953588019]]
7255561	[1, [0.045647275053113834, 0.9543527249468862]]
7955208	[1, [0.03549818507872937, 0.9645018149212706]]
7974303	[1, [0.04126904587830116, 0.9587309541216988]]
9008432	[1, [0.03172908404465935, 0.9682709159553406]]
5672853	[1, [0.028694623744269676, 0.9713053762557303]]
6038990	[1, [0.0030466075257199465, 0.99695339247428]]
7974506	[1, [0.0002486908243081176, 0.9997513091756919]]
98606271	[1, [0.011668755556930144, 0.9883312444430699]]
9254442	[1, [0.021147868829843763, 0.9788521311701562]]
6609740	[1, [0.005895219748879743, 0.9941047802511203]]
7951144	[1, [0.03338869043406556, 0.9666113095659344]]
7912029	[1, [0.035914584061475074, 0.9640854159385249]]
6882044	[1, [0.04640962685397654, 0.9535903731460235]]
7917565	[1, [0.002761319938366036, 0.997238680061634]]
7917563	[1, [0.0011611672021827335, 0.9988388327978173]]
6039037	[1, [0.0007605729381144899, 0.9992394270618855]]
98614004	[1, [0.04536191534891598, 0.954638084651084]]
27272241	[1, [0.00012882911555878174, 0.9998711708844412]]
6704384	[1, [0.002152483109195802, 0.9978475168908042]]
51947161	[1, [0.0031450539330017957, 0.9968549460669982]]
31072846	[1, [0.035957618672413316, 0.9640423813275867]]
9253504	[1, [0.002508648421666093, 0.9974913515783339]]
9269648	[1, [0.001306177423991084, 0.9986938225760089]]
9320598	[1, [0.008875879151856947, 0.991124120848143]]
99796754	[1, [0.0030786965724015625, 0.9969213034275984]]
6948390	[1, [0.0010285512671504016, 0.9989714487328496]]
9270039	[1, [0.046844849095645125, 0.9531551509043549]]
6947573	[1, [0.02206277662361067, 0.9779372233763893]]
7842175	[1, [0.033417035955084495, 0.9665829640449155]]
7131982	[1, [0.04971570994770114, 0.9502842900522989]]
82495393	[1, [0.003521970307168387, 0.9964780296928316]]
30998902	[1, [0.024789104198898237, 0.9752108958011018]]
6704885	[1, [0.0009173627825642683, 0.9990826372174357]]
5658380	[1, [0.03681503642706896, 0.963184963572931]]
7132547	[1, [0.0011534243747123307, 0.9988465756252877]]
7841597	[1, [0.021287071144195813, 0.9787129288558042]]
9269617	[1, [0.04819415380844161, 0.9518058461915584]]
7133647	[1, [0.004978665026978524, 0.9950213349730215]]
51935093	[1, [0.030376717601638514, 0.9696232823983615]]
24836287	[1, [0.0020947645930794456, 0.9979052354069206]]
20144064	[1, [0.018216801783864978, 0.981783198216135]]
5658588	[1, [0.0017153128762903425, 0.9982846871237097]]
5557865	[1, [3.742648563542783e-05, 0.9999625735143646]]
