7185608	[1, [0.00013527249404066133, 0.9998647275059593]]
19812641	[1, [0.035249788566209195, 0.9647502114337908]]
67987085	[1, [0.018478525370655308, 0.9815214746293447]]
6063974	[1, [0.00014604234948134565, 0.9998539576505187]]
58216472	[1, [0.037397922019660634, 0.9626020779803394]]
6816557	[1, [0.0002478667674123969, 0.9997521332325876]]
5800700	[1, [0.029996105795281225, 0.9700038942047188]]
45486163	[1, [0.017631825499701104, 0.9823681745002989]]
9059941	[1, [0.035770000373842814, 0.9642299996261572]]
46505090	[1, [0.043689002323667236, 0.9563109976763328]]
45619504	[1, [0.03930730869916155, 0.9606926913008385]]
7157215	[1, [0.004281595665930449, 0.9957184043340696]]
7962390	[1, [3.378880064630607e-07, 0.9999996621119935]]
7414014	[1, [0.002440117123781005, 0.997559882876219]]
34755020	[1, [0.013907162438321907, 0.9860928375616781]]
7317709	[1, [0.0008967191297597488, 0.9991032808702403]]
55388196	[1, [0.04073286162476808, 0.9592671383752319]]
6889100	[1, [0.0034652662465485262, 0.9965347337534515]]
5100051	[1, [5.649497379911494e-07, 0.999999435050262]]
92101129	[1, [0.03750950252993113, 0.9624904974700689]]
6373670	[1, [0.017263408430347016, 0.982736591569653]]
6889875	[1, [0.0003326581721213584, 0.9996673418278786]]
42929843	[1, [0.010175198168305477, 0.9898248018316945]]
57510385	[1, [0.014179323848545589, 0.9858206761514544]]
34740463	[1, [0.015748213252720467, 0.9842517867472795]]
6892126	[1, [0.0011993065273091519, 0.9988006934726908]]
6889604	[1, [0.0016987172816794738, 0.9983012827183205]]
6672721	[1, [0.016041541322338704, 0.9839584586776613]]
76523592	[1, [0.003686136393644346, 0.9963138636063557]]
5970242	[1, [0.009893425650681187, 0.9901065743493188]]
9107600	[1, [0.0007428236683991729, 0.9992571763316008]]
6659725	[1, [0.013714796015443786, 0.9862852039845562]]
5808950	[1, [0.0003045963863287371, 0.9996954036136713]]
7046854	[1, [0.0021243217921967927, 0.9978756782078032]]
7044370	[1, [0.02343671088893684, 0.9765632891110632]]
9103867	[1, [0.0036171447793238443, 0.9963828552206762]]
35053479	[1, [0.015011238168163521, 0.9849887618318365]]
97944586	[1, [0.04756646067492942, 0.9524335393250706]]
9145107	[1, [0.0014983636670843348, 0.9985016363329157]]
6542931	[1, [0.035681705777999895, 0.9643182942220001]]
5977995	[1, [0.007061330568084778, 0.9929386694319152]]
83524371	[1, [0.0038005876639212177, 0.9961994123360788]]
69719396	[1, [0.023261390516241875, 0.9767386094837581]]
5302482	[1, [0.02584908186925705, 0.974150918130743]]
5978951	[1, [0.04542380015647651, 0.9545761998435235]]
6541307	[1, [3.7765464677486094e-05, 0.9999622345353225]]
5303658	[1, [0.018387150033318367, 0.9816128499666816]]
90209818	[1, [0.020687361103436053, 0.979312638896564]]
5240652	[1, [0.04017462264065941, 0.9598253773593406]]
6790033	[1, [0.04559604946569629, 0.9544039505343037]]
7181580	[1, [0.0023392130718845605, 0.9976607869281154]]
56905379	[1, [0.002973709001296232, 0.9970262909987038]]
5471967	[1, [0.013025192213342307, 0.9869748077866577]]
5240604	[1, [0.022675220331535795, 0.9773247796684642]]
7455520	[1, [0.0008608182774411111, 0.9991391817225589]]
98524994	[1, [0.0009106784118878553, 0.9990893215881121]]
6564347	[1, [0.03047759255945348, 0.9695224074405465]]
7033350	[1, [0.0010651038051643358, 0.9989348961948357]]
98423990	[1, [0.030319599691544852, 0.9696804003084551]]
6568832	[1, [0.01033181969519148, 0.9896681803048085]]
7331706	[1, [0.0004117449502365478, 0.9995882550497635]]
62323522	[1, [0.03464114750680769, 0.9653588524931923]]
6983970	[1, [0.03370523052350349, 0.9662947694764965]]
88554431	[1, [0.021431036650129243, 0.9785689633498708]]
73525303	[1, [0.030329644106127374, 0.9696703558938726]]
24695854	[1, [0.003734376675726736, 0.9962656233242733]]
19169748	[1, [0.00030482388964014895, 0.9996951761103599]]
6086959	[1, [2.9757791427442726e-05, 0.9999702422085726]]
5587961	[1, [3.969274901427511e-06, 0.9999960307250986]]
6085806	[1, [0.0012453084061768704, 0.9987546915938231]]
6084793	[1, [0.010418045545257715, 0.9895819544547423]]
6087500	[1, [0.0001926839808847891, 0.9998073160191152]]
6082917	[1, [0.00017191186480447485, 0.9998280881351955]]
5808474	[1, [0.005568816653567676, 0.9944311833464323]]
9109434	[1, [0.0014983636670843348, 0.9985016363329157]]
9048418	[1, [0.0011576910349838654, 0.9988423089650161]]
61322739	[1, [0.007928904466985243, 0.9920710955330148]]
5144393	[1, [0.02691603281137578, 0.9730839671886242]]
5144395	[1, [0.034113906312259856, 0.9658860936877401]]
6151058	[1, [0.00012521265844434026, 0.9998747873415557]]
44564338	[1, [0.03063107331676429, 0.9693689266832357]]
63932909	[1, [0.01989252443223466, 0.9801074755677653]]
5928353	[1, [0.00026547636131191155, 0.9997345236386881]]
7143403	[1, [0.03491427877301012, 0.9650857212269899]]
55028272	[1, [0.044174679151483875, 0.9558253208485161]]
92016424	[1, [0.03622968407953375, 0.9637703159204662]]
34786335	[1, [0.035451662436559284, 0.9645483375634407]]
51036939	[1, [0.004166491716916743, 0.9958335082830833]]
22098301	[1, [0.03205136602695957, 0.9679486339730404]]
65519820	[1, [0.04738883411495898, 0.952611165885041]]
35615738	[1, [0.03015872758369087, 0.9698412724163091]]
78518273	[1, [0.012062573248954989, 0.987937426751045]]
6904687	[1, [0.00026260949749035145, 0.9997373905025096]]
34918957	[1, [0.0010620558648377632, 0.9989379441351622]]
9264383	[1, [0.0026386482115476895, 0.9973613517884523]]
6557990	[1, [7.441493996984683e-05, 0.9999255850600302]]
46944391	[1, [0.0316624000164023, 0.9683375999835977]]
5633741	[1, [0.0070095035098621805, 0.9929904964901378]]
5635696	[1, [0.0004986863381210016, 0.999501313661879]]
22474771	[1, [0.011688750307579987, 0.98831124969242]]
29393036	[1, [0.009419505143061224, 0.9905804948569388]]
5131871	[1, [0.001618461561202933, 0.9983815384387971]]
5131884	[1, [0.007632399872255946, 0.992367600127744]]
5331774	[1, [0.010547897236452664, 0.9894521027635473]]
54662403	[1, [0.005759949104952589, 0.9942400508950474]]
47986784	[1, [0.04683211729890624, 0.9531678827010938]]
5132935	[1, [0.03281245270380584, 0.9671875472961942]]
6378198	[1, [0.0008423021974724998, 0.9991576978025275]]
7778624	[1, [0.00856868987657411, 0.9914313101234259]]
6376166	[1, [0.009149730325850758, 0.9908502696741492]]
44894862	[1, [0.006804905737762157, 0.9931950942622378]]
40409022	[1, [0.04540723780249778, 0.9545927621975022]]
6376393	[1, [0.032618127764285965, 0.967381872235714]]
93864711	[1, [0.0019110403766289252, 0.9980889596233711]]
25371919	[1, [0.043971587122269784, 0.9560284128777302]]
88860119	[1, [0.012636503506846308, 0.9873634964931537]]
54300831	[1, [0.019676492032339565, 0.9803235079676604]]
7801799	[1, [0.030386784451085114, 0.9696132155489149]]
45400408	[1, [0.018020170900252763, 0.9819798290997472]]
98303809	[1, [0.017404110148128038, 0.982595889851872]]
80943365	[1, [0.046466906510268635, 0.9535330934897314]]
22326729	[1, [0.01315767345585428, 0.9868423265441457]]
5690935	[1, [0.03059583345237027, 0.9694041665476297]]
9220300	[1, [0.04090856867683623, 0.9590914313231638]]
6662748	[1, [0.0053139700183010286, 0.994686029981699]]
48066845	[1, [0.04171997755187984, 0.9582800224481202]]
60475405	[1, [0.03519504721541111, 0.9648049527845889]]
48021561	[1, [0.012369182159718717, 0.9876308178402813]]
22858315	[1, [0.018470575138958445, 0.9815294248610416]]
6092380	[1, [0.005298958181144009, 0.994701041818856]]
46292967	[1, [0.0477406472488805, 0.9522593527511195]]
9234723	[1, [0.046537406056750164, 0.9534625939432498]]
18756394	[1, [0.007656001910166688, 0.9923439980898333]]
41341013	[1, [0.01880483197367988, 0.9811951680263201]]
30806564	[1, [0.040880183505780154, 0.9591198164942198]]
7173029	[1, [3.905412603422143e-06, 0.9999960945873966]]
39764867	[1, [0.0020160547612039226, 0.9979839452387961]]
92833106	[1, [0.0009608516196797368, 0.9990391483803203]]
9224185	[1, [0.01477067000056842, 0.9852293299994316]]
77799065	[1, [0.004973964787097884, 0.9950260352129021]]
44708426	[1, [0.009326893136892167, 0.9906731068631078]]
99979019	[1, [0.009303270218267157, 0.9906967297817328]]
7404252	[1, [0.028572226867893846, 0.9714277731321062]]
90499934	[1, [0.023898640594386844, 0.9761013594056132]]
65141545	[1, [0.000904358758507029, 0.999095641241493]]
6206796	[1, [0.0075848295764079365, 0.9924151704235921]]
16475848	[1, [0.006412458609526994, 0.993587541390473]]
5948215	[1, [0.0010857013946770078, 0.998914298605323]]
30541337	[1, [0.02974511779860578, 0.9702548822013942]]
95036896	[1, [0.007602907332467268, 0.9923970926675327]]
6411210	[1, [0.0015948673922406842, 0.9984051326077593]]
93023090	[1, [0.04334211000845489, 0.9566578899915451]]
7978552	[1, [0.003049371484050045, 0.99695062851595]]
18415650	[1, [0.04604228998079751, 0.9539577100192025]]
5210721	[1, [0.0326280963422062, 0.9673719036577938]]
32171458	[1, [0.02841991560887336, 0.9715800843911266]]
7117399	[1, [0.02686213222204792, 0.9731378677779521]]
11549309	[1, [0.04140363278574666, 0.9585963672142533]]
33053867	[1, [0.01185791451870799, 0.988142085481292]]
20201385	[1, [0.02298101768143057, 0.9770189823185694]]
13927566	[1, [0.039702926299962416, 0.9602970737000376]]
7585110	[1, [0.03609896034420956, 0.9639010396557904]]
7775384	[1, [0.0008796688684783449, 0.9991203311315217]]
23145852	[1, [0.02922259878552047, 0.9707774012144795]]
9199909	[1, [0.022145836018284126, 0.9778541639817159]]
37866184	[1, [0.010416163127684785, 0.9895838368723152]]
6060663	[1, [0.0013481696905351948, 0.9986518303094648]]
64596340	[1, [0.010840013539647142, 0.9891599864603529]]
7322704	[1, [0.0013912655909629201, 0.9986087344090371]]
9284968	[1, [0.04993054911600092, 0.9500694508839991]]
5876774	[1, [0.015269350077487753, 0.9847306499225122]]
6971063	[1, [0.009408390353324303, 0.9905916096466757]]
10521278	[1, [0.023189840872807066, 0.9768101591271929]]
10551939	[1, [0.02900840623610379, 0.9709915937638962]]
5875020	[1, [0.028449453560807414, 0.9715505464391926]]
6971337	[1, [0.0077705615624520386, 0.992229438437548]]
30717877	[1, [0.045606985475495354, 0.9543930145245046]]
23471659	[1, [0.010729040131593037, 0.989270959868407]]
47846735	[1, [0.03592157605984725, 0.9640784239401528]]
35253237	[1, [0.0164322078267628, 0.9835677921732372]]
5796524	[1, [0.00828460654008023, 0.9917153934599198]]
64863478	[1, [0.015722978105991103, 0.9842770218940089]]
47892811	[1, [0.0010133382222204945, 0.9989866617777795]]
6192873	[1, [0.002489432879707265, 0.9975105671202927]]
5153798	[1, [0.0004599561478483283, 0.9995400438521517]]
5480186	[1, [0.02674284309973496, 0.973257156900265]]
6170734	[1, [0.00042916372109980117, 0.9995708362789002]]
25175221	[1, [0.013197348649573226, 0.9868026513504268]]
49444986	[1, [0.017234857340684306, 0.9827651426593157]]
5483251	[1, [0.00536882709014852, 0.9946311729098515]]
6211444	[1, [0.0067622589625117024, 0.9932377410374883]]
6290791	[1, [0.005616699638290257, 0.9943833003617097]]
88801850	[1, [0.03175547755553798, 0.968244522444462]]
9204099	[1, [0.0318014106086254, 0.9681985893913746]]
47089791	[1, [0.027781901786776975, 0.972218098213223]]
7959056	[1, [5.463024506102698e-06, 0.9999945369754939]]
17953249	[1, [0.042937007995165866, 0.9570629920048341]]
7095821	[1, [0.01798896200610911, 0.9820110379938909]]
32538182	[1, [0.034354240231641575, 0.9656457597683584]]
7136660	[1, [0.0010465370798606877, 0.9989534629201393]]
7096060	[1, [2.25897367622796e-06, 0.9999977410263238]]
6940212	[1, [0.00015749141191856442, 0.9998425085880814]]
6759550	[1, [0.010981649072042798, 0.9890183509279572]]
5962677	[1, [0.011982850555949609, 0.9880171494440504]]
45791063	[1, [0.017629616728630837, 0.9823703832713692]]
27669280	[1, [0.01225283058570914, 0.9877471694142909]]
6937879	[1, [0.0008817032669017344, 0.9991182967330983]]
37617251	[1, [0.03583914865016502, 0.964160851349835]]
7401110	[1, [0.001230015481384683, 0.9987699845186153]]
7779487	[1, [0.040468057676711466, 0.9595319423232885]]
66808223	[1, [0.017785435234552893, 0.9822145647654471]]
71176618	[1, [0.005286537319505125, 0.9947134626804949]]
7442784	[1, [0.03611692214266882, 0.9638830778573312]]
87326166	[1, [0.033367259338867084, 0.9666327406611329]]
5377825	[1, [0.008841730152486571, 0.9911582698475134]]
5337665	[1, [0.00828460654008023, 0.9917153934599198]]
51620573	[1, [0.03896501509361583, 0.9610349849063842]]
4028281	[1, [0.03997145581467798, 0.960028544185322]]
14487786	[1, [0.008354907394921396, 0.9916450926050786]]
5569491	[1, [0.017983147120888, 0.982016852879112]]
6177495	[1, [0.0002745164624449181, 0.9997254835375551]]
6182164	[1, [0.02228662854794261, 0.9777133714520574]]
71442596	[1, [0.025954604118100355, 0.9740453958818996]]
6179390	[1, [0.00024697986879118616, 0.9997530201312088]]
61810689	[1, [0.03190348552475286, 0.9680965144752471]]
5898825	[1, [0.03479783961704486, 0.9652021603829551]]
94370314	[1, [0.002993979307398753, 0.9970060206926012]]
7858693	[1, [0.011312650761321819, 0.9886873492386782]]
77360017	[1, [0.0025059936945026617, 0.9974940063054973]]
10099389	[1, [0.00012349032150105188, 0.999876509678499]]
5181141	[1, [0.03257310522635015, 0.9674268947736498]]
99564242	[1, [0.03903929712733256, 0.9609607028726674]]
59453354	[1, [0.026549022057396954, 0.973450977942603]]
67010104	[1, [0.008338530192220861, 0.9916614698077791]]
6886815	[1, [0.00023602443337511492, 0.9997639755666249]]
42063493	[1, [0.04771103432470847, 0.9522889656752915]]
9114452	[1, [0.0010187178065194091, 0.9989812821934806]]
5321681	[1, [0.041590119999807884, 0.9584098800001921]]
6675530	[1, [0.0060634548303319935, 0.993936545169668]]
81281760	[1, [0.04549382172156524, 0.9545061782784348]]
7987508	[1, [0.016962449544974167, 0.9830375504550258]]
7211761	[1, [0.0005847865288589604, 0.999415213471141]]
57587607	[1, [0.004496805480948329, 0.9955031945190517]]
5174705	[1, [0.014042782752166194, 0.9859572172478338]]
71349150	[1, [0.018143152442980037, 0.98185684755702]]
6176316	[1, [0.0009045512042886727, 0.9990954487957113]]
6328536	[1, [0.009705125124193748, 0.9902948748758063]]
7747613	[1, [0.0494654821432462, 0.9505345178567538]]
63046286	[1, [0.026835078385880284, 0.9731649216141197]]
9275495	[1, [0.030591520194046207, 0.9694084798059538]]
9274318	[1, [0.019423542286377327, 0.9805764577136227]]
54980145	[1, [0.0016560103230770506, 0.998343989676923]]
76116297	[1, [0.01921280515084256, 0.9807871948491574]]
7936572	[1, [0.035465747035124395, 0.9645342529648756]]
6246271	[1, [0.007319180577655349, 0.9926808194223447]]
99787389	[1, [0.040874872625138, 0.959125127374862]]
58750595	[1, [0.004781336569177341, 0.9952186634308227]]
6704885	[1, [0.0016205186843103458, 0.9983794813156897]]
7134583	[1, [0.009025184429742206, 0.9909748155702578]]
6947573	[1, [0.02841085478912453, 0.9715891452108755]]
5557865	[1, [0.003591153954100146, 0.9964088460458999]]
9269648	[1, [0.016444803614504067, 0.9835551963854959]]
23916447	[1, [0.0039642658253427054, 0.9960357341746573]]
82655321	[1, [0.027289162796448774, 0.9727108372035512]]
7344640	[1, [0.008676954148627791, 0.9913230458513722]]
7188875	[1, [0.015388630998193209, 0.9846113690018068]]
6167665	[1, [0.0015652929587578468, 0.9984347070412422]]
75617539	[1, [0.042289952068989334, 0.9577100479310107]]
7752353	[1, [0.0006538143737024882, 0.9993461856262975]]
6168446	[1, [0.0008154901546009174, 0.9991845098453991]]
5221571	[1, [0.03979149350029687, 0.9602085064997031]]
6006258	[1, [4.077934224522295e-05, 0.9999592206577548]]
