6177495	[1, [0.00032643957090894293, 0.9996735604290911]]
6182164	[1, [0.0208348888267329, 0.9791651111732671]]
5894514	[1, [0.003634106673275128, 0.9963658933267249]]
6839898	[1, [0.017279042265296307, 0.9827209577347037]]
94370314	[1, [0.002682170615935564, 0.9973178293840644]]
5235377	[1, [0.0052312188098259105, 0.9947687811901741]]
7955712	[1, [0.0005412254561720786, 0.9994587745438279]]
7211761	[1, [0.0008103143683038105, 0.9991896856316962]]
5174654	[1, [0.001439202320867472, 0.9985607976791325]]
5174705	[1, [0.0070894772800704775, 0.9929105227199295]]
7659337	[1, [0.03397629594181939, 0.9660237040581806]]
7470567	[1, [0.03913543101069206, 0.9608645689893079]]
96980787	[1, [0.0458488211873147, 0.9541511788126853]]
6176316	[1, [0.0026066466534551136, 0.9973933533465449]]
76860363	[1, [0.031109049340682815, 0.9688909506593172]]
7679457	[1, [0.03237173804433369, 0.9676282619556663]]
5221571	[1, [0.012684169700823866, 0.9873158302991761]]
75617539	[1, [0.024603709880076097, 0.9753962901199239]]
5221577	[1, [0.00227710760433264, 0.9977228923956674]]
6006258	[1, [0.008120667934976011, 0.991879332065024]]
74807528	[1, [0.03361044671114066, 0.9663895532888593]]
5224815	[1, [0.0012166399437470998, 0.9987833600562529]]
63235165	[1, [0.040487260972496664, 0.9595127390275033]]
7092406	[1, [0.0431717207280512, 0.9568282792719488]]
32171458	[1, [0.045080122563732616, 0.9549198774362674]]
5492396	[1, [0.005512302922371148, 0.9944876970776289]]
7987124	[1, [0.0023495591097209, 0.9976504408902791]]
6971337	[1, [0.007327877258979543, 0.9926721227410205]]
9126932	[1, [0.006599162245541801, 0.9934008377544582]]
9221828	[1, [0.010846345232966015, 0.989153654767034]]
5321681	[1, [0.03404168702515187, 0.9659583129748481]]
6675530	[1, [0.0009513160710012958, 0.9990486839289987]]
5320323	[1, [0.0022075933117956525, 0.9977924066882043]]
6675943	[1, [0.030542866160976456, 0.9694571338390235]]
5863482	[1, [0.023184468796559332, 0.9768155312034407]]
5312044	[1, [0.016953195387483966, 0.983046804612516]]
7483938	[1, [0.0024995984705604712, 0.9975004015294395]]
71176618	[1, [0.019511004752132965, 0.980488995247867]]
78113822	[1, [0.029195529545093857, 0.9708044704549061]]
7401110	[1, [0.0018405062372044423, 0.9981594937627956]]
7398811	[1, [0.028078457109163346, 0.9719215428908367]]
6747373	[1, [0.008714990858008087, 0.9912850091419919]]
62856228	[1, [0.007277518921838588, 0.9927224810781614]]
6596360	[1, [0.01898967442674604, 0.981010325573254]]
45309236	[1, [0.02176054635624647, 0.9782394536437535]]
6236399	[1, [0.04136776488349447, 0.9586322351165055]]
5751754	[1, [0.00529026677046418, 0.9947097332295358]]
50256493	[1, [0.032127776270846176, 0.9678722237291538]]
35911935	[1, [0.039970790598021555, 0.9600292094019784]]
5666377	[1, [0.02324736683687234, 0.9767526331631277]]
95036896	[1, [0.024839398746300256, 0.9751606012536997]]
7962390	[1, [0.03017581449371809, 0.9698241855062819]]
77700163	[1, [0.005380095949267694, 0.9946199040507323]]
80518513	[1, [0.0377554006561045, 0.9622445993438955]]
92607698	[1, [0.020887123446982736, 0.9791128765530173]]
7157215	[1, [0.04181553305235375, 0.9581844669476463]]
71896879	[1, [0.009158303329735995, 0.990841696670264]]
7362137	[1, [0.00997309160844062, 0.9900269083915594]]
5564656	[1, [0.004705954747851626, 0.9952940452521484]]
7414014	[1, [0.024094266455044977, 0.975905733544955]]
6557990	[1, [8.913040735603062e-05, 0.999910869592644]]
5633741	[1, [0.004958073386352679, 0.9950419266136473]]
88703557	[1, [0.00948580387796416, 0.9905141961220358]]
6562202	[1, [0.04519953710100366, 0.9548004628989963]]
5635906	[1, [0.03704506870445834, 0.9629549312955417]]
5964353	[1, [0.02715062597132656, 0.9728493740286734]]
5771470	[1, [0.03113676510139185, 0.9688632348986081]]
6934481	[1, [0.048159184464012905, 0.9518408155359871]]
13192774	[1, [0.016046368676628786, 0.9839536313233712]]
7977679	[1, [0.00968146506084, 0.99031853493916]]
7977688	[1, [0.011795266964715445, 0.9882047330352846]]
5977995	[1, [0.02781802495902097, 0.972181975040979]]
5976718	[1, [0.04656580412368483, 0.9534341958763152]]
6541307	[1, [0.0005846166954778242, 0.9994153833045222]]
5982871	[1, [0.021644340782805083, 0.9783556592171949]]
26961376	[1, [0.024626405507617632, 0.9753735944923824]]
93864711	[1, [0.013731318591688968, 0.986268681408311]]
7381388	[1, [0.006617047743144755, 0.9933829522568552]]
5553518	[1, [0.01760161267884819, 0.9823983873211518]]
9009088	[1, [0.038744309622695594, 0.9612556903773044]]
5650394	[1, [0.03677544001085187, 0.9632245599891481]]
5650604	[1, [0.04019894660804635, 0.9598010533919537]]
7455520	[1, [0.03324939314472308, 0.9667506068552769]]
7331706	[1, [0.0005978676605342681, 0.9994021323394657]]
6568832	[1, [0.003400657511979266, 0.9965993424880207]]
7330237	[1, [0.00812648697035867, 0.9918735130296413]]
98541732	[1, [0.04310753303031467, 0.9568924669696853]]
17093444	[1, [0.04741846845393072, 0.9525815315460693]]
7096060	[1, [0.029450234969322975, 0.970549765030677]]
7136660	[1, [0.0008784806084815022, 0.9991215193915185]]
6157508	[1, [0.027121818184668522, 0.9728781818153315]]
7959535	[1, [0.04914437996421883, 0.9508556200357812]]
6211444	[1, [0.007478883312417639, 0.9925211166875824]]
5374111	[1, [0.014880268935989593, 0.9851197310640104]]
65249438	[1, [0.013624742185829763, 0.9863752578141702]]
26839929	[1, [0.004348098641166587, 0.9956519013588334]]
6087241	[1, [0.04720149067577406, 0.9527985093242259]]
6085505	[1, [0.01501230240919349, 0.9849876975908065]]
6084793	[1, [0.032333573710023544, 0.9676664262899765]]
6087500	[1, [0.005124538732369288, 0.9948754612676307]]
6082917	[1, [2.2217741839081206e-05, 0.9999777822581609]]
6083924	[1, [0.004789642794353788, 0.9952103572056462]]
6980459	[1, [0.0013136948997516384, 0.9986863051002484]]
6170734	[1, [0.003031930311799047, 0.996968069688201]]
6077688	[1, [0.006866479391471891, 0.9931335206085281]]
6975286	[1, [0.007538388050086109, 0.9924616119499139]]
6082181	[1, [0.01595709531794498, 0.984042904682055]]
52392931	[1, [0.03856134045099957, 0.9614386595490004]]
19169748	[1, [0.00663208574329377, 0.9933679142567062]]
24695854	[1, [0.015392180898082253, 0.9846078191019177]]
88602252	[1, [0.029419940080226636, 0.9705800599197734]]
65386860	[1, [0.045749133891725635, 0.9542508661082744]]
7936572	[1, [0.021134622234944445, 0.9788653777650556]]
5316000	[1, [0.006866479391471891, 0.9931335206085281]]
4085388	[1, [0.01066655104492098, 0.989333448955079]]
7317709	[1, [0.0006864459108113508, 0.9993135540891886]]
6372606	[1, [0.04445448415740716, 0.9555455158425928]]
55413728	[1, [0.017754212662031144, 0.9822457873379689]]
73146415	[1, [0.04660016810635714, 0.9533998318936429]]
6373670	[1, [0.013621002512744562, 0.9863789974872554]]
5100051	[1, [4.249653691501543e-06, 0.9999957503463085]]
6889604	[1, [0.04139913808982243, 0.9586008619101776]]
6373940	[1, [0.031576581680363036, 0.968423418319637]]
90209818	[1, [0.04205044110893785, 0.9579495588910621]]
5240652	[1, [0.013858231657567277, 0.9861417683424327]]
6790033	[1, [0.017374261451231, 0.982625738548769]]
56917446	[1, [0.02621274377439453, 0.9737872562256055]]
5471967	[1, [0.0021990955247912503, 0.9978009044752087]]
5237344	[1, [0.01645795219081536, 0.9835420478091846]]
5240604	[1, [0.009425917946862317, 0.9905740820531377]]
21795496	[1, [0.021454224668371102, 0.9785457753316289]]
7796117	[1, [0.04607003177603319, 0.9539299682239668]]
5799303	[1, [0.0129579665447761, 0.9870420334552239]]
84419328	[1, [0.048383672386637544, 0.9516163276133625]]
5709940	[1, [0.04683453529225012, 0.9531654647077499]]
7479151	[1, [0.012965390495418339, 0.9870346095045817]]
7477684	[1, [0.03677544001085187, 0.9632245599891481]]
7475894	[1, [0.0217743066795425, 0.9782256933204575]]
7324985	[1, [0.025748039185538696, 0.9742519608144613]]
7143115	[1, [0.023942059115404812, 0.9760579408845952]]
7431935	[1, [0.009108006224140652, 0.9908919937758593]]
5928353	[1, [0.00931522861703915, 0.9906847713829608]]
6850638	[1, [0.018616348420424478, 0.9813836515795755]]
59347109	[1, [0.01793383162333073, 0.9820661683766693]]
39420351	[1, [0.016122795337078943, 0.9838772046629211]]
22858315	[1, [0.0040871581490175, 0.9959128418509825]]
6092380	[1, [0.0010902435765853813, 0.9989097564234146]]
39741409	[1, [0.046671521453386045, 0.953328478546614]]
7173409	[1, [0.03837030933986152, 0.9616296906601385]]
5114789	[1, [0.04077992552762122, 0.9592200744723788]]
7116935	[1, [0.0013413610151746802, 0.9986586389848253]]
7173029	[1, [0.017570781098415034, 0.982429218901585]]
5338062	[1, [0.04574100392939828, 0.9542589960706017]]
39764867	[1, [0.040660665807035645, 0.9593393341929644]]
95391960	[1, [0.03265522803136933, 0.9673447719686307]]
7801799	[1, [0.03909750566087322, 0.9609024943391268]]
48021561	[1, [0.036012841288587616, 0.9639871587114124]]
9199891	[1, [0.03515684148225007, 0.9648431585177499]]
6502279	[1, [0.017570609991296227, 0.9824293900087038]]
48935147	[1, [0.04545923276489794, 0.9545407672351021]]
9199944	[1, [0.04316300018054131, 0.9568369998194587]]
7585110	[1, [0.03210964765443791, 0.9678903523455621]]
6505833	[1, [0.022577043111365658, 0.9774229568886343]]
79615250	[1, [0.025444903193550972, 0.974555096806449]]
47859723	[1, [0.04254720018007796, 0.957452799819922]]
23471659	[1, [0.02619436357985694, 0.9738056364201431]]
5558794	[1, [0.01501230240919349, 0.9849876975908065]]
5796524	[1, [0.004341817392690683, 0.9956581826073093]]
47892811	[1, [0.0019428419406576358, 0.9980571580593424]]
6897503	[1, [0.027171199752537678, 0.9728288002474623]]
7442784	[1, [0.009447165537865843, 0.9905528344621342]]
5725354	[1, [0.0129579665447761, 0.9870420334552239]]
54528003	[1, [0.013187743897388082, 0.9868122561026119]]
5377825	[1, [0.01267341090098495, 0.987326589099015]]
64461775	[1, [0.013293628008193892, 0.9867063719918061]]
77360017	[1, [0.014519090149819225, 0.9854809098501808]]
6768772	[1, [0.011860167855918036, 0.988139832144082]]
5952414	[1, [0.028549912025014, 0.971450087974986]]
5180477	[1, [0.0011576352900253273, 0.9988423647099747]]
6192873	[1, [0.028046621762585766, 0.9719533782374142]]
30924007	[1, [0.00707101877041727, 0.9929289812295827]]
6188645	[1, [0.02018016086135843, 0.9798198391386416]]
6148645	[1, [0.03886375297116085, 0.9611362470288392]]
6659725	[1, [0.03774490835761346, 0.9622550916423865]]
5809451	[1, [0.000561574151874189, 0.9994384258481258]]
7046854	[1, [0.03667810372990943, 0.9633218962700906]]
61142207	[1, [0.036321786922701604, 0.9636782130772984]]
5131863	[1, [0.005817017461352436, 0.9941829825386476]]
5131871	[1, [0.0007036636062656143, 0.9992963363937344]]
5329773	[1, [0.004323157580705894, 0.9956768424192941]]
5131884	[1, [0.001013729168295563, 0.9989862708317044]]
5542938	[1, [0.019990166968839373, 0.9800098330311606]]
7940525	[1, [0.04527112635632036, 0.9547288736436796]]
25490665	[1, [0.008108872828021307, 0.9918911271719787]]
45874203	[1, [0.04879270295939975, 0.9512072970406003]]
5626422	[1, [0.03515684148225007, 0.9648431585177499]]
5624509	[1, [0.01501230240919349, 0.9849876975908065]]
64596340	[1, [0.047518524797151795, 0.9524814752028482]]
7322704	[1, [0.010733817197300377, 0.9892661828026996]]
5625063	[1, [0.008630452744625927, 0.9913695472553741]]
99979019	[1, [0.01348021044048775, 0.9865197895595123]]
13967669	[1, [0.045987508622331474, 0.9540124913776685]]
6376166	[1, [0.03250547519202984, 0.9674945248079702]]
18300901	[1, [0.026922034143010976, 0.973077965856989]]
6378198	[1, [0.001364539902258155, 0.9986354600977418]]
7778624	[1, [0.012729166129419767, 0.9872708338705802]]
5156185	[1, [0.025714263431122264, 0.9742857365688777]]
64109069	[1, [0.0438281727248262, 0.9561718272751738]]
6379882	[1, [0.040416102237992635, 0.9595838977620074]]
6379336	[1, [0.022628727413648075, 0.9773712725863519]]
6381210	[1, [0.008685229375940406, 0.9913147706240596]]
63046286	[1, [0.01758543422837444, 0.9824145657716256]]
7663951	[1, [0.042853231360405974, 0.957146768639594]]
6943497	[1, [0.023912738373525033, 0.976087261626475]]
5605815	[1, [0.04656710460297975, 0.9534328953970203]]
7344640	[1, [0.002623912004156126, 0.9973760879958439]]
6704885	[1, [0.00022397948319929917, 0.9997760205168007]]
9269648	[1, [0.0343626789960243, 0.9656373210039757]]
5337665	[1, [0.004341817392690683, 0.9956581826073093]]
5571322	[1, [0.03145793356196269, 0.9685420664380373]]
5670110	[1, [0.014110432028888287, 0.9858895679711117]]
7565307	[1, [0.0021646683375077247, 0.9978353316624923]]
77481835	[1, [0.02143488472498234, 0.9785651152750177]]
