27513274	[1, [0.00045696704211140027, 0.9995430329578886]]
6731714	[1, [0.03152444075387706, 0.9684755592461229]]
6959269	[1, [9.903673569011673e-07, 0.9999990096326431]]
71036355	[1, [0.02403310845576012, 0.9759668915442399]]
9199025	[1, [0.00789233981068449, 0.9921076601893155]]
9199761	[1, [0.021173843798234837, 0.9788261562017652]]
69502039	[1, [0.039859172703808454, 0.9601408272961915]]
69487039	[1, [0.001624092972381086, 0.9983759070276189]]
9019648	[1, [0.0037409229731830695, 0.9962590770268169]]
6503810	[1, [0.04729601759632451, 0.9527039824036755]]
9020052	[1, [0.04302871911611561, 0.9569712808838844]]
27526529	[1, [0.027184321776523523, 0.9728156782234765]]
96540362	[1, [0.006252794927689265, 0.9937472050723107]]
69534178	[1, [0.0006879227075390348, 0.999312077292461]]
6727454	[1, [0.0071420161683179995, 0.992857983831682]]
6958866	[1, [8.421340955577783e-06, 0.9999915786590444]]
9199039	[1, [0.015370527509334986, 0.984629472490665]]
69492730	[1, [0.0065876470060918235, 0.9934123529939082]]
9198206	[1, [0.029886247325369708, 0.9701137526746303]]
9198204	[1, [0.019333030761337078, 0.9806669692386629]]
6101575	[1, [0.020320282676730694, 0.9796797173232693]]
67359906	[1, [0.010021622373487693, 0.9899783776265123]]
9198200	[1, [0.003920124838950434, 0.9960798751610496]]
20270621	[1, [0.0010364879171906871, 0.9989635120828093]]
49133902	[1, [0.019189793252869958, 0.98081020674713]]
7193761	[1, [0.013028721101181029, 0.986971278898819]]
81708226	[1, [0.0029834686794102394, 0.9970165313205898]]
26193546	[1, [0.042217906345525025, 0.957782093654475]]
7983130	[1, [0.0029887646346745678, 0.9970112353653254]]
85695990	[1, [0.0024302462032980143, 0.997569753796702]]
7723965	[1, [0.007353048705598164, 0.9926469512944018]]
6714181	[1, [0.019342545552765822, 0.9806574544472342]]
87917734	[1, [0.0006187062075574401, 0.9993812937924426]]
75671585	[1, [0.02387759351054597, 0.976122406489454]]
6666660	[1, [0.0012389149673284194, 0.9987610850326716]]
71622297	[1, [0.005947700208950191, 0.9940522997910498]]
85683415	[1, [0.04206089524757772, 0.9579391047524223]]
6666255	[1, [0.02680574899708621, 0.9731942510029138]]
56763082	[1, [0.011017757378366744, 0.9889822426216333]]
9024653	[1, [0.006404824319758973, 0.993595175680241]]
6717415	[1, [8.249753252642655e-06, 0.9999917502467474]]
75962972	[1, [0.00450987159346794, 0.9954901284065321]]
6669119	[1, [0.037821924958235, 0.962178075041765]]
16759331	[1, [0.030979698421610746, 0.9690203015783893]]
5843963	[1, [0.03724670434149224, 0.9627532956585078]]
26242786	[1, [0.049390884199861707, 0.9506091158001383]]
56769769	[1, [0.014016829119013807, 0.9859831708809862]]
20574855	[1, [0.0022787294806516645, 0.9977212705193483]]
75960592	[1, [0.002801518565725747, 0.9971984814342743]]
6006258	[1, [8.907614862585511e-05, 0.9999109238513741]]
9024269	[1, [0.012900445921249948, 0.98709955407875]]
74807528	[1, [0.0030269952940483735, 0.9969730047059516]]
9146940	[1, [0.03780532565967487, 0.9621946743403251]]
27630872	[1, [0.010391167089498943, 0.9896088329105011]]
28099122	[1, [0.013290460010325078, 0.9867095399896749]]
72548498	[1, [0.04565469152487078, 0.9543453084751292]]
10265001	[1, [0.04272514320576293, 0.9572748567942371]]
74413718	[1, [0.0017496834658474736, 0.9982503165341525]]
9208362	[1, [0.03792130719735587, 0.9620786928026441]]
74430099	[1, [0.0333307983988782, 0.9666692016011218]]
9117925	[1, [0.03198400390427958, 0.9680159960957204]]
74406071	[1, [0.021313950586581698, 0.9786860494134183]]
5826716	[1, [8.352269344835683e-05, 0.9999164773065516]]
31309959	[1, [0.0007142147124767906, 0.9992857852875232]]
5792477	[1, [0.02912875143369631, 0.9708712485663037]]
9227192	[1, [0.0021126934677364595, 0.9978873065322635]]
13192774	[1, [0.016961098334113633, 0.9830389016658864]]
90777031	[1, [0.008931891324017283, 0.9910681086759827]]
6764266	[1, [0.0006132850649105404, 0.9993867149350895]]
9227292	[1, [0.005994914112030014, 0.99400508588797]]
10284031	[1, [0.02648425124977527, 0.9735157487502247]]
9147553	[1, [0.033178261176262436, 0.9668217388237376]]
9119451	[1, [0.023193103760921985, 0.976806896239078]]
9147538	[1, [0.03883339776060457, 0.9611666022393954]]
9147108	[1, [0.035062317429853995, 0.964937682570146]]
9227767	[1, [0.005744251257564836, 0.9942557487424352]]
7511495	[1, [0.00036433895995890975, 0.9996356610400411]]
27623786	[1, [0.04803701157368634, 0.9519629884263137]]
66275447	[1, [0.00816789005439722, 0.9918321099456028]]
64364038	[1, [0.017880019144060344, 0.9821199808559397]]
5959236	[1, [0.016757116973266317, 0.9832428830267337]]
7784562	[1, [0.008646058538854806, 0.9913539414611452]]
7784016	[1, [0.013371183602836623, 0.9866288163971634]]
80769211	[1, [0.026865843247538823, 0.9731341567524612]]
7839063	[1, [0.00284235529687904, 0.997157644703121]]
73655450	[1, [0.039677637576518876, 0.9603223624234811]]
73699560	[1, [0.002982045256976318, 0.9970179547430237]]
66851871	[1, [0.0013898582234017631, 0.9986101417765982]]
78103007	[1, [0.01834870617717277, 0.9816512938228272]]
9115072	[1, [0.008049805963997514, 0.9919501940360025]]
6649856	[1, [0.044057513054223785, 0.9559424869457762]]
6648077	[1, [0.0002164447263958147, 0.9997835552736042]]
14706887	[1, [0.00014532193224936485, 0.9998546780677506]]
9114856	[1, [0.02200424028555059, 0.9779957597144494]]
71176618	[1, [0.0018663709691614239, 0.9981336290308386]]
7838894	[1, [0.006399083336283584, 0.9936009166637164]]
5310128	[1, [0.01635488001877583, 0.9836451199812242]]
73651688	[1, [0.0032587394075594966, 0.9967412605924405]]
65992129	[1, [0.040451271064027905, 0.9595487289359721]]
69857656	[1, [0.004872716245693853, 0.9951272837543061]]
38053138	[1, [0.0065108967877343105, 0.9934891032122657]]
38031821	[1, [0.0015518955039836024, 0.9984481044960164]]
43671341	[1, [0.007170952224442528, 0.9928290477755575]]
65660336	[1, [0.008486400419729478, 0.9915135995802705]]
54112263	[1, [0.009983922485928831, 0.9900160775140712]]
99618964	[1, [0.012384411339536161, 0.9876155886604638]]
71729316	[1, [0.026613472577974306, 0.9733865274220257]]
79740942	[1, [0.0027709507652856624, 0.9972290492347143]]
54578992	[1, [0.02511214242238191, 0.9748878575776181]]
70010424	[1, [0.04910163987091265, 0.9508983601290873]]
53750600	[1, [0.006029554053062047, 0.993970445946938]]
6949752	[1, [0.041616420183950176, 0.9583835798160498]]
5809451	[1, [0.002171969586658329, 0.9978280304133417]]
7953774	[1, [0.01729570239088707, 0.9827042976091129]]
19210626	[1, [0.03430737448455112, 0.9656926255154489]]
9112925	[1, [0.03334078265906759, 0.9666592173409324]]
71702147	[1, [0.006591849564842933, 0.9934081504351571]]
21209530	[1, [0.03292148759527791, 0.9670785124047221]]
7950980	[1, [0.0379937823727019, 0.9620062176272981]]
9112811	[1, [0.0022986808924604363, 0.9977013191075396]]
79854567	[1, [0.030725201735264607, 0.9692747982647354]]
6655514	[1, [0.02549288868830224, 0.9745071113116978]]
7046854	[1, [0.021995885524148773, 0.9780041144758512]]
42363475	[1, [0.008636898150431782, 0.9913631018495682]]
86470466	[1, [0.011179194605342113, 0.9888208053946579]]
7222365	[1, [0.010797018502367917, 0.9892029814976321]]
6240184	[1, [0.009335910867055763, 0.9906640891329442]]
68244015	[1, [0.029261470508369913, 0.9707385294916301]]
9014210	[1, [0.015315999683053971, 0.984684000316946]]
6045257	[1, [0.03724670434149224, 0.9627532956585078]]
6044151	[1, [0.018335616655841824, 0.9816643833441582]]
9158299	[1, [0.03708265917191744, 0.9629173408280826]]
94026134	[1, [0.03125116845915288, 0.9687488315408471]]
41601326	[1, [0.005651246568718404, 0.9943487534312816]]
9014662	[1, [0.023208162301986968, 0.976791837698013]]
6240079	[1, [0.03414085014363388, 0.9658591498563661]]
93233517	[1, [0.017199785615984897, 0.9828002143840151]]
58030197	[1, [0.006997350035497729, 0.9930026499645023]]
32738571	[1, [0.0003516199444146828, 0.9996483800555853]]
21946826	[1, [0.0014496737719179587, 0.998550326228082]]
41597689	[1, [0.010418914179512795, 0.9895810858204872]]
6239651	[1, [0.00973247055353521, 0.9902675294464648]]
33007817	[1, [0.023919973848357645, 0.9760800261516424]]
94066694	[1, [0.04484552378118545, 0.9551544762188146]]
83888652	[1, [8.214158438935026e-05, 0.9999178584156106]]
9014430	[1, [0.03653486290523611, 0.9634651370947639]]
63339483	[1, [0.00836774572154686, 0.9916322542784531]]
63306855	[1, [0.034173973653599754, 0.9658260263464002]]
7686166	[1, [0.006991389788544855, 0.9930086102114551]]
45696190	[1, [0.0012192032610636172, 0.9987807967389364]]
59601796	[1, [2.897755972941507e-05, 0.9999710224402706]]
29131912	[1, [0.03645428903399994, 0.9635457109660001]]
11295624	[1, [0.031705565844800554, 0.9682944341551994]]
5100051	[1, [0.00017222732701194232, 0.9998277726729881]]
5704294	[1, [0.028008657266561543, 0.9719913427334385]]
93626351	[1, [0.014302812119100672, 0.9856971878808993]]
9287051	[1, [0.008220500971275246, 0.9917794990287248]]
11317450	[1, [0.014192224444278922, 0.9858077755557211]]
7593230	[1, [0.0021656625815721364, 0.9978343374184279]]
9120707	[1, [0.021925241428455977, 0.978074758571544]]
29142419	[1, [0.0047699729579456784, 0.9952300270420543]]
5100291	[1, [0.00016118805364995215, 0.99983881194635]]
59616801	[1, [0.004827577881013068, 0.9951724221189869]]
6889604	[1, [0.013935113378151898, 0.9860648866218481]]
97787176	[1, [0.003534803948730625, 0.9964651960512694]]
51265817	[1, [0.01453683356661628, 0.9854631664333837]]
9243557	[1, [0.013888007535418634, 0.9861119924645814]]
97764816	[1, [0.0011035789516382621, 0.9988964210483617]]
30362137	[1, [0.0010679605977981232, 0.9989320394022019]]
9128329	[1, [0.017559639344689848, 0.9824403606553102]]
5703530	[1, [0.025105041480042445, 0.9748949585199576]]
34530675	[1, [0.010547307398646733, 0.9894526926013533]]
9243981	[1, [0.04126295732782026, 0.9587370426721797]]
7317709	[1, [0.005086424188704863, 0.9949135758112951]]
5704247	[1, [0.020755858453713194, 0.9792441415462868]]
9287112	[1, [0.029730330071465194, 0.9702696699285348]]
5704282	[1, [0.019807754336855332, 0.9801922456631447]]
25163977	[1, [0.0022901650811756324, 0.9977098349188244]]
31698160	[1, [0.0001303925067269729, 0.999869607493273]]
9078779	[1, [0.014916087977033143, 0.9850839120229669]]
7251072	[1, [0.04760160107215039, 0.9523983989278496]]
6975828	[1, [0.04712624468057891, 0.9528737553194211]]
9078936	[1, [0.003960652732239889, 0.9960393472677601]]
63069234	[1, [0.007152245930899803, 0.9928477540691002]]
9079603	[1, [0.000418214374719339, 0.9995817856252807]]
55638906	[1, [0.0010399959777644963, 0.9989600040222355]]
28875880	[1, [0.031567854482629776, 0.9684321455173702]]
9078873	[1, [0.000237066135355124, 0.9997629338646449]]
9261476	[1, [0.01473933336158062, 0.9852606666384194]]
85855537	[1, [0.0003682761779578714, 0.9996317238220421]]
21082259	[1, [0.018707260754613264, 0.9812927392453867]]
23987287	[1, [0.009663244689086192, 0.9903367553109138]]
31718049	[1, [0.04692169970696225, 0.9530783002930378]]
9336896	[1, [0.004377126389459085, 0.9956228736105409]]
6976971	[1, [0.0024351061512907224, 0.9975648938487093]]
9261983	[1, [0.018622827612533865, 0.9813771723874661]]
28818986	[1, [0.015170141833335204, 0.9848298581666648]]
6170734	[1, [0.001070161533222147, 0.9989298384667779]]
24392260	[1, [0.02628858832264147, 0.9737114116773585]]
6980004	[1, [0.03503514168262556, 0.9649648583173744]]
9337514	[1, [0.002957205054167522, 0.9970427949458325]]
7948872	[1, [0.04110896370914263, 0.9588910362908574]]
9267747	[1, [0.01671753818676769, 0.9832824618132323]]
9343761	[1, [0.013417527872008117, 0.9865824721279919]]
7185608	[1, [0.0018782712119486122, 0.9981217287880514]]
9343428	[1, [0.03460941870676193, 0.9653905812932381]]
7947991	[1, [0.04270702973607943, 0.9572929702639206]]
70856241	[1, [0.029561593714201972, 0.970438406285798]]
7197324	[1, [5.500562285853938e-05, 0.9999449943771415]]
7948939	[1, [0.02876821193761514, 0.9712317880623849]]
9267174	[1, [0.043713157738883845, 0.9562868422611162]]
26664724	[1, [0.0460019133256937, 0.9539980866743063]]
7786724	[1, [0.002366559197279794, 0.9976334408027202]]
7948156	[1, [0.03328136704079465, 0.9667186329592053]]
7948441	[1, [0.019795024937599326, 0.9802049750624007]]
7647979	[1, [0.01011444369372616, 0.9898855563062738]]
38344702	[1, [0.03793612092602616, 0.9620638790739738]]
6064801	[1, [0.032306113817016424, 0.9676938861829836]]
9343295	[1, [0.03365425990106519, 0.9663457400989348]]
37370716	[1, [0.0006105602031162283, 0.9993894397968838]]
70848913	[1, [0.04327053294780392, 0.9567294670521961]]
28524737	[1, [0.006557896302368804, 0.9934421036976312]]
6065793	[1, [0.043597619026746304, 0.9564023809732537]]
19812641	[1, [0.030872493981504268, 0.9691275060184957]]
9344769	[1, [0.0025262635924639953, 0.997473736407536]]
25740195	[1, [0.0262946884485189, 0.9737053115514811]]
9345524	[1, [0.016695666362414374, 0.9833043336375856]]
9297075	[1, [0.0017845252452823868, 0.9982154747547176]]
25708687	[1, [0.029722817687947933, 0.9702771823120521]]
9130100	[1, [0.04915996167110692, 0.9508400383288931]]
9129650	[1, [0.0399536986169895, 0.9600463013830105]]
9323987	[1, [0.0008440762411318081, 0.9991559237588682]]
6816557	[1, [0.001074662934423376, 0.9989253370655766]]
80005801	[1, [0.012805067642405854, 0.9871949323575941]]
97504629	[1, [0.004824252680518892, 0.9951757473194811]]
9142224	[1, [0.024547190646403094, 0.9754528093535969]]
9344651	[1, [0.03735405309470197, 0.962645946905298]]
86798012	[1, [0.011731290051266274, 0.9882687099487337]]
46081524	[1, [0.01660121070679732, 0.9833987892932027]]
9153512	[1, [0.04768294080482782, 0.9523170591951722]]
83191224	[1, [0.028145918608327714, 0.9718540813916723]]
9153869	[1, [0.03600946273994288, 0.9639905372600571]]
9142256	[1, [0.00851178802910757, 0.9914882119708924]]
58207053	[1, [0.04981855318091288, 0.9501814468190871]]
9142182	[1, [0.023401012018580247, 0.9765989879814198]]
88227448	[1, [0.040862056844482186, 0.9591379431555178]]
99170889	[1, [0.008548385091198263, 0.9914516149088017]]
12814471	[1, [0.007289156898730331, 0.9927108431012697]]
9297207	[1, [0.0054822188738226085, 0.9945177811261774]]
9075424	[1, [0.008389440341417309, 0.9916105596585827]]
45894595	[1, [0.02937053428764058, 0.9706294657123594]]
98248543	[1, [0.0007787428368613014, 0.9992212571631387]]
98695406	[1, [0.004847083915990202, 0.9951529160840098]]
45874203	[1, [0.035794606665312534, 0.9642053933346875]]
7319925	[1, [0.0057252267351523, 0.9942747732648477]]
52945737	[1, [0.045508753558127446, 0.9544912464418726]]
64596340	[1, [0.016738268581845683, 0.9832617314181543]]
9075346	[1, [0.013888007535418634, 0.9861119924645814]]
16690047	[1, [0.005213668354067669, 0.9947863316459323]]
9074626	[1, [0.028296068526043494, 0.9717039314739565]]
9136704	[1, [0.012688750939055304, 0.9873112490609447]]
9075514	[1, [0.009357344562765713, 0.9906426554372343]]
21268058	[1, [0.02544304688421639, 0.9745569531157836]]
91283317	[1, [0.00027549453736630536, 0.9997245054626337]]
7928380	[1, [0.028513465333188992, 0.971486534666811]]
57702659	[1, [0.03233185824552265, 0.9676681417544774]]
9075438	[1, [0.013888007535418634, 0.9861119924645814]]
9286267	[1, [0.026063987150658385, 0.9739360128493416]]
7931210	[1, [0.020772574397896926, 0.9792274256021031]]
16416212	[1, [0.0388356376179283, 0.9611643623820717]]
9284968	[1, [0.02991439562969045, 0.9700856043703096]]
9136428	[1, [0.005345553705798478, 0.9946544462942015]]
52995464	[1, [0.04450462898187357, 0.9554953710181264]]
7662808	[1, [0.0008092831691376423, 0.9991907168308624]]
9136830	[1, [0.03233363713400306, 0.9676663628659969]]
25529536	[1, [0.001159595538853475, 0.9988404044611465]]
7322704	[1, [0.0007422657329373417, 0.9992577342670627]]
5281501	[1, [0.011257508351803724, 0.9887424916481963]]
9080693	[1, [0.005470153696148783, 0.9945298463038512]]
9304406	[1, [0.010076360188321254, 0.9899236398116787]]
6240864	[1, [3.8050204342221505e-05, 0.9999619497956578]]
9303031	[1, [0.02864164485473475, 0.9713583551452653]]
9274999	[1, [0.04495612429139573, 0.9550438757086043]]
13669882	[1, [0.0011211926022723917, 0.9988788073977276]]
79332907	[1, [0.0003690863752316975, 0.9996309136247683]]
30224294	[1, [0.03521489240885145, 0.9647851075911485]]
6994869	[1, [0.022988691985750376, 0.9770113080142496]]
9275317	[1, [0.00166454787506376, 0.9983354521249362]]
9275310	[1, [0.010440561773122914, 0.9895594382268771]]
9031522	[1, [0.006724450023806394, 0.9932755499761936]]
54926094	[1, [0.002735716267135313, 0.9972642837328647]]
9031195	[1, [0.0068265842714869684, 0.993173415728513]]
6247210	[1, [0.032306113817016424, 0.9676938861829836]]
9275495	[1, [0.0019126230789076049, 0.9980873769210924]]
43120385	[1, [0.006652400799866509, 0.9933475992001335]]
9031533	[1, [0.0028914751724389287, 0.9971085248275611]]
92207815	[1, [0.03149097221464259, 0.9685090277853574]]
9080342	[1, [0.022941352292228934, 0.9770586477077711]]
9031942	[1, [0.00022518972836382822, 0.9997748102716362]]
13403620	[1, [0.03512208579010645, 0.9648779142098936]]
6623176	[1, [0.010734554470231972, 0.989265445529768]]
9031705	[1, [0.012799327577931785, 0.9872006724220682]]
9274318	[1, [0.0013468807933880722, 0.9986531192066119]]
9275249	[1, [0.0008305166808180164, 0.999169483319182]]
9239575	[1, [0.0021126934677364595, 0.9978873065322635]]
6994109	[1, [0.045241003388795775, 0.9547589966112042]]
9240242	[1, [0.03418012767463485, 0.9658198723253651]]
7246923	[1, [0.03293198347021509, 0.9670680165297849]]
9080142	[1, [0.012087598741838401, 0.9879124012581616]]
9240325	[1, [0.035967831994532684, 0.9640321680054673]]
7249798	[1, [0.016162786035104793, 0.9838372139648952]]
9239657	[1, [0.007522926580204037, 0.992477073419796]]
6246271	[1, [0.0426071605157049, 0.9573928394842951]]
9239233	[1, [0.014572726997082786, 0.9854272730029172]]
9304255	[1, [0.0025663490996595817, 0.9974336509003404]]
7936726	[1, [0.0030858660152094375, 0.9969141339847906]]
9080662	[1, [0.021958406011893028, 0.978041593988107]]
9030983	[1, [0.016525832875173063, 0.9834741671248269]]
9031033	[1, [0.0005676275305003253, 0.9994323724694997]]
7249230	[1, [0.028780431717925103, 0.9712195682820749]]
30247720	[1, [0.04098365131903747, 0.9590163486809625]]
9080075	[1, [0.023814980577886224, 0.9761850194221138]]
9080373	[1, [0.003448484403941854, 0.9965515155960581]]
9036883	[1, [0.016427367102196944, 0.9835726328978031]]
9032224	[1, [0.02423336902391182, 0.9757666309760882]]
43127171	[1, [0.010529519744880811, 0.9894704802551192]]
12603521	[1, [0.025051682329970792, 0.9749483176700292]]
23279578	[1, [0.00953442804719884, 0.9904655719528012]]
23249736	[1, [0.019320903382228916, 0.9806790966177711]]
7311114	[1, [0.04054999484226596, 0.959450005157734]]
12595254	[1, [0.0017153620131891145, 0.9982846379868109]]
15507818	[1, [0.047669005727929314, 0.9523309942720707]]
74036107	[1, [0.002367362602691103, 0.9976326373973089]]
25046248	[1, [0.007049348970222358, 0.9929506510297776]]
15437661	[1, [0.006279096685737895, 0.9937209033142621]]
9192369	[1, [0.008650730738415158, 0.9913492692615848]]
12591767	[1, [0.015812853190297238, 0.9841871468097028]]
9155581	[1, [0.0354764181924897, 0.9645235818075103]]
7096060	[1, [5.806936868535395e-05, 0.9999419306313146]]
7240235	[1, [0.04159564338929611, 0.9584043566107039]]
78145050	[1, [0.02901663515863273, 0.9709833648413673]]
37735763	[1, [0.0020800674331854507, 0.9979199325668145]]
40975418	[1, [0.018393919508333023, 0.981606080491667]]
6117729	[1, [0.005451701638421347, 0.9945482983615787]]
7984296	[1, [0.01398933326363283, 0.9860106667363672]]
9155553	[1, [0.027778589933904363, 0.9722214100660956]]
85272878	[1, [0.0490024744066736, 0.9509975255933264]]
16890145	[1, [0.010880924617495014, 0.989119075382505]]
7309388	[1, [0.03979549153295381, 0.9602045084670462]]
85270494	[1, [0.04623998882138969, 0.9537600111786103]]
7136660	[1, [0.019762293681062193, 0.9802377063189378]]
32091255	[1, [0.008473421097664025, 0.991526578902336]]
63254471	[1, [0.014850757884208976, 0.985149242115791]]
7942518	[1, [0.0064394646447050174, 0.993560535355295]]
9313911	[1, [0.012780616522503507, 0.9872193834774965]]
7119716	[1, [0.018932621979395492, 0.9810673780206045]]
7979062	[1, [0.0025456308796583116, 0.9974543691203417]]
9081597	[1, [0.023814980577886224, 0.9761850194221138]]
28890070	[1, [0.02735500250643197, 0.972644997493568]]
28913315	[1, [0.01265403835465928, 0.9873459616453407]]
7943060	[1, [0.023984987703767224, 0.9760150122962328]]
11504153	[1, [0.006811795725034209, 0.9931882042749658]]
77949747	[1, [0.0004569500870690302, 0.999543049912931]]
35471050	[1, [0.04601506855108184, 0.9539849314489182]]
9081962	[1, [0.019964706057244985, 0.980035293942755]]
7978552	[1, [0.00035219096105088, 0.9996478090389491]]
77926725	[1, [0.009704568567321936, 0.9902954314326781]]
7942507	[1, [0.029397818070078685, 0.9706021819299213]]
73799637	[1, [0.003970366328031272, 0.9960296336719687]]
9080984	[1, [0.043997049426488744, 0.9560029505735113]]
7979114	[1, [0.0024945351691674222, 0.9975054648308326]]
9313393	[1, [0.02864164485473475, 0.9713583551452653]]
9081472	[1, [0.007042875309895891, 0.9929571246901041]]
9314597	[1, [0.0008188573622348594, 0.9991811426377651]]
77678432	[1, [0.017196138400040972, 0.982803861599959]]
89931251	[1, [0.005345405188005525, 0.9946545948119945]]
38439208	[1, [2.7583180438717214e-05, 0.9999724168195613]]
44875363	[1, [0.009420058859915814, 0.9905799411400842]]
5395734	[1, [0.035033374502050796, 0.9649666254979492]]
6697335	[1, [1.8878494910778976e-05, 0.9999811215050892]]
9026692	[1, [0.012900445921249948, 0.98709955407875]]
9240849	[1, [0.03243347746617331, 0.9675665225338267]]
50380649	[1, [0.04079186090839371, 0.9592081390916063]]
9242589	[1, [0.005732459495811026, 0.994267540504189]]
63372888	[1, [0.03182433012536379, 0.9681756698746362]]
44894862	[1, [0.010840235931732556, 0.9891597640682674]]
7778696	[1, [0.03304052650452283, 0.9669594734954772]]
9241668	[1, [0.012495090188930025, 0.98750490981107]]
90456518	[1, [0.014792133449243572, 0.9852078665507564]]
5400267	[1, [0.006589563215556038, 0.993410436784444]]
5388823	[1, [0.0009542747820707742, 0.9990457252179292]]
79171730	[1, [0.0046185303829695545, 0.9953814696170304]]
5398902	[1, [0.02859231631229464, 0.9714076836877054]]
67174118	[1, [0.012594693070535845, 0.9874053069294642]]
9241936	[1, [0.0073205461907740466, 0.992679453809226]]
85469748	[1, [0.02971894655127294, 0.9702810534487271]]
34361588	[1, [0.011567390632661989, 0.988432609367338]]
9026822	[1, [0.0038832852884077562, 0.9961167147115922]]
40437966	[1, [0.004487274364090799, 0.9955127256359092]]
5391739	[1, [0.023019120370389, 0.976980879629611]]
64249171	[1, [0.005076529949169406, 0.9949234700508306]]
49066532	[1, [0.04375056956647405, 0.956249430433526]]
9240839	[1, [0.017244715917190123, 0.9827552840828099]]
7778869	[1, [0.018013584939329363, 0.9819864150606706]]
40785159	[1, [0.01981136709709619, 0.9801886329029038]]
40813669	[1, [0.025147723837362412, 0.9748522761626376]]
97225574	[1, [0.027070717362755237, 0.9729292826372448]]
50066818	[1, [0.0017985058401251974, 0.9982014941598748]]
5997415	[1, [0.022593840083100503, 0.9774061599168995]]
9325749	[1, [0.02245381684328518, 0.9775461831567148]]
9330662	[1, [0.0002842228261660251, 0.999715777173834]]
95009464	[1, [0.0043077711427139675, 0.995692228857286]]
74704030	[1, [0.02958631065693862, 0.9704136893430614]]
59149606	[1, [0.005502762399675398, 0.9944972376003246]]
9330807	[1, [0.0010048445790771243, 0.9989951554209229]]
5997606	[1, [0.03948966519122987, 0.9605103348087701]]
9325651	[1, [0.031425551113679395, 0.9685744488863206]]
15939411	[1, [0.04375056956647405, 0.956249430433526]]
95940368	[1, [0.0015232734097856415, 0.9984767265902144]]
9325211	[1, [0.024674387662423802, 0.9753256123375762]]
53259739	[1, [0.04725331238569075, 0.9527466876143093]]
7958106	[1, [0.03220451846909411, 0.9677954815309059]]
93411659	[1, [0.0007654260785252553, 0.9992345739214747]]
6971063	[1, [0.00872448639500556, 0.9912755136049944]]
41703037	[1, [0.02293571254394955, 0.9770642874560505]]
10506890	[1, [0.006228815593881665, 0.9937711844061183]]
6971337	[1, [0.04252383674536464, 0.9574761632546354]]
6974923	[1, [9.091286920059893e-05, 0.9999090871307994]]
7886228	[1, [0.0017959037412375034, 0.9982040962587625]]
92949358	[1, [0.03341269993249241, 0.9665873000675076]]
74224778	[1, [0.006509038778306886, 0.9934909612216931]]
12968212	[1, [0.00048016203969347693, 0.9995198379603065]]
93421192	[1, [0.007514321777658761, 0.9924856782223412]]
13000830	[1, [0.0010626016734882615, 0.9989373983265117]]
7957970	[1, [0.04859049173790786, 0.9514095082620921]]
80468306	[1, [0.0017956086245618508, 0.9982043913754381]]
7970838	[1, [0.0268316938110974, 0.9731683061889026]]
56288333	[1, [0.0044532517574050745, 0.9955467482425949]]
9292549	[1, [0.0039987610720852995, 0.9960012389279147]]
62205144	[1, [0.01961919686060043, 0.9803808031393996]]
56278632	[1, [0.04340170529835852, 0.9565982947016415]]
39231453	[1, [0.0012131228224964152, 0.9987868771775036]]
7644598	[1, [0.029564880618388023, 0.970435119381612]]
7988923	[1, [0.015008942133612035, 0.984991057866388]]
9234859	[1, [0.02018076473568764, 0.9798192352643124]]
62170567	[1, [0.0016419580619856378, 0.9983580419380144]]
6612195	[1, [0.016567777553336382, 0.9834322224466636]]
88125504	[1, [0.002108384182461176, 0.9978916158175388]]
7174158	[1, [0.00200532439126877, 0.9979946756087312]]
9291619	[1, [0.0012688594024247157, 0.9987311405975753]]
18801346	[1, [0.004318650645055433, 0.9956813493549446]]
7235550	[1, [0.024682734417722063, 0.9753172655822779]]
39737932	[1, [0.01827572628484153, 0.9817242737151585]]
9234041	[1, [0.008835643320881048, 0.991164356679119]]
7173029	[1, [2.4621185974016413e-05, 0.999975378814026]]
7642246	[1, [0.00996597713009495, 0.990034022869905]]
29442591	[1, [0.004033331061045642, 0.9959666689389544]]
48679126	[1, [0.005684525989302913, 0.9943154740106971]]
59461811	[1, [0.036852601503164495, 0.9631473984968355]]
5835476	[1, [0.006386538506746198, 0.9936134614932538]]
5957885	[1, [0.008792116661528682, 0.9912078833384713]]
7995333	[1, [0.008506934975294644, 0.9914930650247054]]
7861861	[1, [0.0223412991918992, 0.9776587008081008]]
64515224	[1, [0.04053571986236337, 0.9594642801376366]]
9318863	[1, [0.024407307379721632, 0.9755926926202784]]
84292905	[1, [0.046189688352821445, 0.9538103116471786]]
10967212	[1, [0.04465695130290226, 0.9553430486970977]]
9318295	[1, [0.0010048445790771243, 0.9989951554209229]]
64467328	[1, [0.024027371859185465, 0.9759726281408145]]
84328147	[1, [0.01282843184017013, 0.9871715681598299]]
77333713	[1, [0.024663071565266814, 0.9753369284347332]]
84288944	[1, [0.025177212487176304, 0.9748227875128237]]
6574948	[1, [0.0024640394902339935, 0.997535960509766]]
77360017	[1, [0.04830622711196286, 0.9516937728880371]]
53418821	[1, [0.008996849085627256, 0.9910031509143727]]
29412213	[1, [0.02541937230368363, 0.9745806276963164]]
7995196	[1, [0.03758327026993047, 0.9624167297300695]]
96182429	[1, [0.01581501801790619, 0.9841849819820938]]
9090140	[1, [0.01701431022193778, 0.9829856897780622]]
83766262	[1, [0.04330484296512749, 0.9566951570348725]]
99576322	[1, [0.00615414013802984, 0.9938458598619702]]
92663362	[1, [0.0030064424081645003, 0.9969935575918355]]
64461775	[1, [0.0013618103742013554, 0.9986381896257986]]
17327835	[1, [0.02175275999454218, 0.9782472400054578]]
56578291	[1, [0.004563488262897986, 0.995436511737102]]
9318287	[1, [0.04298953371239267, 0.9570104662876073]]
9224380	[1, [0.0021126934677364595, 0.9978873065322635]]
33777506	[1, [0.04547556403754305, 0.954524435962457]]
5693452	[1, [0.00999795910077328, 0.9900020408992267]]
96108866	[1, [0.03639411358282363, 0.9636058864171764]]
9220038	[1, [0.018405434659463316, 0.9815945653405367]]
9061902	[1, [0.0016382557583661805, 0.9983617442416338]]
55932055	[1, [0.03414615752260475, 0.9658538424773953]]
6664420	[1, [0.03545439297261599, 0.964545607027384]]
50590768	[1, [0.006507275877615792, 0.9934927241223842]]
48007967	[1, [0.006118598654086482, 0.9938814013459135]]
79420131	[1, [0.014514002100485368, 0.9854859978995146]]
7802370	[1, [0.04735593300587582, 0.9526440669941242]]
7802608	[1, [0.03097653187959115, 0.9690234681204088]]
60475405	[1, [0.00394443482980833, 0.9960555651701917]]
96091522	[1, [0.025181679021655357, 0.9748183209783446]]
6664527	[1, [0.031530484028515215, 0.9684695159714848]]
27861054	[1, [0.006375512954744922, 0.9936244870452551]]
7962390	[1, [0.0332636883609394, 0.9667363116390606]]
26577874	[1, [0.024465382401458347, 0.9755346175985417]]
5562163	[1, [0.03799958793502822, 0.9620004120649718]]
7208675	[1, [2.7781283309380456e-06, 0.9999972218716691]]
7157215	[1, [0.0033292251947708573, 0.9966707748052291]]
77720062	[1, [0.002595828726508431, 0.9974041712734916]]
92585546	[1, [0.001723311187761034, 0.998276688812239]]
9009675	[1, [0.02021350246481668, 0.9797864975351833]]
7939797	[1, [0.0028991016033346195, 0.9971008983966654]]
7208915	[1, [0.0008073406613673395, 0.9991926593386327]]
9193456	[1, [0.02321471613191184, 0.9767852838680882]]
11871717	[1, [0.02476478241990432, 0.9752352175800957]]
47417935	[1, [0.0004357595734360009, 0.999564240426564]]
5530513	[1, [0.03040005117436373, 0.9695999488256363]]
7939923	[1, [0.014717115074238896, 0.9852828849257611]]
49470727	[1, [0.0029292192675224316, 0.9970707807324776]]
7962576	[1, [0.0034787197430916628, 0.9965212802569083]]
71889823	[1, [0.04005728668524344, 0.9599427133147566]]
45654973	[1, [0.018658650542638933, 0.9813413494573611]]
34110627	[1, [0.0019260455507467134, 0.9980739544492533]]
5988848	[1, [0.04478878527234087, 0.9552112147276591]]
9339481	[1, [0.0008440762411318081, 0.9991559237588682]]
9338667	[1, [0.0023101050750740093, 0.997689894924926]]
7996772	[1, [0.03248000352884406, 0.9675199964711559]]
9338314	[1, [0.011736628523397075, 0.9882633714766029]]
9137079	[1, [0.037992084564028694, 0.9620079154359713]]
9137950	[1, [0.005715638009416213, 0.9942843619905838]]
7125501	[1, [0.024773404212938055, 0.975226595787062]]
7949281	[1, [0.0012929191704464937, 0.9987070808295535]]
64436317	[1, [0.03765115994051149, 0.9623488400594885]]
9289681	[1, [0.032472788802569874, 0.9675272111974301]]
80547554	[1, [0.013804904703207388, 0.9861950952967926]]
6737388	[1, [1.3273063703800325e-05, 0.9999867269362962]]
78443052	[1, [0.007665985767004502, 0.9923340142329955]]
7797801	[1, [0.004616803949189285, 0.9953831960508107]]
80621099	[1, [0.0026049533429566285, 0.9973950466570434]]
7949595	[1, [0.041583421911094876, 0.9584165780889051]]
9137507	[1, [0.007716324716486644, 0.9922836752835134]]
5991611	[1, [0.0031530475645025202, 0.9968469524354975]]
56659306	[1, [0.03794706655165181, 0.9620529334483482]]
9213153	[1, [0.014705318879088991, 0.985294681120911]]
17329168	[1, [0.01626400048447829, 0.9837359995155217]]
70194289	[1, [0.0006179585418903955, 0.9993820414581096]]
82215025	[1, [0.041946948443307375, 0.9580530515566926]]
9214695	[1, [0.004004835673612761, 0.9959951643263872]]
70140535	[1, [0.040932092261648845, 0.9590679077383512]]
5698658	[1, [0.032152249611815065, 0.9678477503881849]]
19678001	[1, [0.0239822012761175, 0.9760177987238825]]
7805384	[1, [0.00980889158525744, 0.9901911084147426]]
76958634	[1, [0.0016873443135393407, 0.9983126556864607]]
21759281	[1, [0.03904734203152793, 0.9609526579684721]]
70146329	[1, [0.02759260420479448, 0.9724073957952055]]
9027664	[1, [0.0017567755384980677, 0.9982432244615019]]
87723977	[1, [0.030725201735264607, 0.9692747982647354]]
9221077	[1, [0.01873970748915965, 0.9812602925108403]]
9027773	[1, [0.0034557522366266413, 0.9965442477633734]]
9222201	[1, [0.018393919508333023, 0.981606080491667]]
9220539	[1, [0.04296475915970288, 0.9570352408402971]]
6982943	[1, [0.00042064587668178, 0.9995793541233182]]
9290382	[1, [0.0016848680555280326, 0.998315131944472]]
82930449	[1, [0.03299140776386156, 0.9670085922361384]]
6983970	[1, [0.020070582944028414, 0.9799294170559716]]
29565882	[1, [0.014491917873046045, 0.985508082126954]]
7303953	[1, [0.02397775046899353, 0.9760222495310065]]
60590503	[1, [0.020998744734030517, 0.9790012552659695]]
41434424	[1, [0.026458597902216052, 0.973541402097784]]
93826596	[1, [0.006916824896026408, 0.9930831751039736]]
51497393	[1, [0.00875725828163032, 0.9912427417183697]]
60138544	[1, [0.00039027872112462614, 0.9996097212788754]]
16800334	[1, [0.0003216970368304928, 0.9996783029631695]]
90619404	[1, [0.009441878492828737, 0.9905581215071713]]
9291042	[1, [0.02252684319048026, 0.9774731568095197]]
9065880	[1, [0.04515688893156078, 0.9548431110684392]]
89549422	[1, [0.012921357462034044, 0.987078642537966]]
19169748	[1, [1.8851524381857665e-05, 0.9999811484756181]]
7301191	[1, [0.02557377235351521, 0.9744262276464848]]
9257005	[1, [0.01699898690348589, 0.9830010130965141]]
61403235	[1, [0.0073342240202195486, 0.9926657759797805]]
56520582	[1, [0.01542408086111613, 0.9845759191388839]]
7913484	[1, [0.027257046708187405, 0.9727429532918126]]
9235686	[1, [0.007027831100458681, 0.9929721688995413]]
9292983	[1, [0.015475521905670253, 0.9845244780943297]]
9293335	[1, [0.006848955011014457, 0.9931510449889855]]
9293485	[1, [0.025991263191792457, 0.9740087368082075]]
7907259	[1, [0.007009939261195974, 0.992990060738804]]
7656899	[1, [4.178537509558211e-06, 0.9999958214624904]]
35220434	[1, [0.0034760773061383032, 0.9965239226938617]]
23484412	[1, [0.004838371550572651, 0.9951616284494273]]
9149678	[1, [0.04443842166617773, 0.9555615783338223]]
9237013	[1, [0.0033425116447727277, 0.9966574883552273]]
5796524	[1, [0.03333170519092932, 0.9666682948090707]]
31927534	[1, [0.014230581678761456, 0.9857694183212385]]
9293197	[1, [0.006404824319758973, 0.993595175680241]]
33516780	[1, [0.045493734980936784, 0.9545062650190632]]
5795705	[1, [0.005248587484493972, 0.994751412515506]]
94147137	[1, [0.01888864071350982, 0.9811113592864902]]
9224185	[1, [0.0014643071632213234, 0.9985356928367787]]
58820577	[1, [0.003249139396539369, 0.9967508606034606]]
9222389	[1, [0.03839471794725513, 0.9616052820527449]]
52530558	[1, [0.04492913035684254, 0.9550708696431575]]
7962083	[1, [0.008767382891697095, 0.9912326171083029]]
9249652	[1, [0.03808785502373635, 0.9619121449762636]]
93315340	[1, [0.004618023871330368, 0.9953819761286696]]
9250440	[1, [0.03142990160107151, 0.9685700983989285]]
9248640	[1, [0.0209552202542872, 0.9790447797457128]]
5756566	[1, [0.01517117804943513, 0.9848288219505649]]
94194027	[1, [0.024987292185986276, 0.9750127078140137]]
9299412	[1, [0.005641270329412529, 0.9943587296705875]]
9251947	[1, [0.029640451988324434, 0.9703595480116756]]
7655432	[1, [0.02600685534025471, 0.9739931446597453]]
7749931	[1, [0.04672870145329644, 0.9532712985467036]]
7233819	[1, [0.03780208201445423, 0.9621979179855458]]
7963546	[1, [0.0013684406423050133, 0.998631559357695]]
58825677	[1, [0.001421429869093771, 0.9985785701309062]]
7942037	[1, [0.008607567276696648, 0.9913924327233034]]
94145245	[1, [0.008548636352876837, 0.9914513636471232]]
7232504	[1, [0.0008091002869474728, 0.9991908997130525]]
92833899	[1, [0.0014460711864698883, 0.9985539288135301]]
9249218	[1, [0.0025420930523639695, 0.997457906947636]]
9299404	[1, [0.04796487162309526, 0.9520351283769047]]
7287969	[1, [0.04426791847153744, 0.9557320815284626]]
61730012	[1, [0.011234448949197895, 0.9887655510508021]]
7983999	[1, [0.024474158618973285, 0.9755258413810267]]
9134574	[1, [0.019768978396688675, 0.9802310216033113]]
9249179	[1, [0.007126280723479761, 0.9928737192765202]]
57781003	[1, [0.0009355517702973604, 0.9990644482297026]]
65749641	[1, [0.04791635578840181, 0.9520836442115982]]
7835073	[1, [0.018157285264143064, 0.9818427147358569]]
7943777	[1, [0.03618530705398204, 0.963814692946018]]
7944158	[1, [0.02513290305830418, 0.9748670969416958]]
93558413	[1, [0.0062891270383880205, 0.993710872961612]]
7836833	[1, [0.01647430580707754, 0.9835256941929225]]
57823772	[1, [0.016302686261189026, 0.983697313738811]]
6541307	[1, [0.00021903470187811802, 0.9997809652981219]]
6693373	[1, [0.024361598859679034, 0.975638401140321]]
35096788	[1, [0.011152937886355185, 0.9888470621136448]]
6053295	[1, [0.02822448075302786, 0.9717755192469721]]
7834610	[1, [0.006157346864368418, 0.9938426531356316]]
9217594	[1, [0.03959539517592503, 0.960404604824075]]
9217210	[1, [0.00166454787506376, 0.9983354521249362]]
9154705	[1, [0.030316170052575142, 0.9696838299474249]]
9218305	[1, [0.010028806947210311, 0.9899711930527897]]
9115995	[1, [0.030847844881894404, 0.9691521551181056]]
31265565	[1, [0.02786525502200643, 0.9721347449779936]]
5977503	[1, [0.02164789633079811, 0.9783521036692019]]
6050333	[1, [0.04598781037010713, 0.9540121896298929]]
9017498	[1, [0.00021827024557086183, 0.9997817297544291]]
7787972	[1, [0.03398268942382765, 0.9660173105761723]]
9105403	[1, [0.0020386071794871174, 0.9979613928205129]]
9105695	[1, [0.0028522303354917566, 0.9971477696645082]]
38648959	[1, [0.0012927854517748028, 0.9987072145482252]]
9018495	[1, [0.018703383933224682, 0.9812966160667753]]
35816755	[1, [0.0008192781260092374, 0.9991807218739908]]
5117169	[1, [0.00036727247082646297, 0.9996327275291735]]
9215626	[1, [0.0496240725103001, 0.9503759274896999]]
9018639	[1, [0.045551116814508075, 0.9544488831854919]]
61984749	[1, [0.03759099321893711, 0.9624090067810629]]
9295665	[1, [0.0008428887659791551, 0.9991571112340208]]
7926714	[1, [0.001614313902417397, 0.9983856860975826]]
79105787	[1, [0.03587156662346225, 0.9641284333765378]]
9215980	[1, [0.039171040801958656, 0.9608289591980413]]
6779493	[1, [0.0006132850649105404, 0.9993867149350895]]
71579885	[1, [0.03416216947559303, 0.965837830524407]]
7605282	[1, [0.012904932654074552, 0.9870950673459254]]
9295640	[1, [0.0010048445790771243, 0.9989951554209229]]
9215594	[1, [0.011445898498293361, 0.9885541015017066]]
7899534	[1, [0.016567777553336382, 0.9834322224466636]]
35856322	[1, [0.022776914733290576, 0.9772230852667094]]
7981650	[1, [0.0002963204215690185, 0.999703679578431]]
5117178	[1, [0.0009752608809973085, 0.9990247391190027]]
21790779	[1, [0.013894234998856558, 0.9861057650011434]]
9263764	[1, [0.0059899602506269245, 0.9940100397493731]]
9215913	[1, [0.00914089565605325, 0.9908591043439468]]
9264509	[1, [0.002940658320495504, 0.9970593416795045]]
6781212	[1, [0.011634868385870911, 0.9883651316141291]]
9105354	[1, [0.012836514005656219, 0.9871634859943438]]
9232276	[1, [0.040003844900661556, 0.9599961550993384]]
9294844	[1, [0.0007428159615016083, 0.9992571840384984]]
6654390	[1, [0.008963697408184146, 0.9910363025918159]]
62701568	[1, [0.045576903824412596, 0.9544230961755874]]
98524994	[1, [0.00012559277490220566, 0.9998744072250978]]
47492893	[1, [0.0020896714824226725, 0.9979103285175773]]
98539185	[1, [0.0004665493544655508, 0.9995334506455344]]
7331785	[1, [0.032226068365870386, 0.9677739316341296]]
48541747	[1, [0.02039675468352209, 0.9796032453164779]]
46635558	[1, [0.03515543967886514, 0.9648445603211349]]
7455520	[1, [0.0055282895241716146, 0.9944717104758284]]
24582827	[1, [0.027028307922590034, 0.97297169207741]]
9028785	[1, [0.003656347504857882, 0.9963436524951421]]
6124997	[1, [0.03391471396352308, 0.9660852860364769]]
84997532	[1, [0.012136115156461402, 0.9878638848435386]]
7331706	[1, [0.0052497555138711904, 0.9947502444861288]]
9029327	[1, [0.013705859653573738, 0.9862941403464263]]
95912004	[1, [0.00189417846791895, 0.998105821532081]]
9141119	[1, [0.018507333305626594, 0.9814926666943734]]
98530385	[1, [0.0235125764104408, 0.9764874235895592]]
60304970	[1, [0.03839817676917345, 0.9616018232308265]]
9326979	[1, [0.03623410413800188, 0.9637658958619981]]
91472314	[1, [0.028472240017556993, 0.971527759982443]]
9326833	[1, [0.04974875148224156, 0.9502512485177584]]
9028359	[1, [0.007060837385802099, 0.9929391626141979]]
37479880	[1, [0.03568695025575275, 0.9643130497442473]]
70736363	[1, [0.007091271030689739, 0.9929087289693103]]
60016508	[1, [0.043157958896353654, 0.9568420411036463]]
7453031	[1, [0.002851533088063185, 0.9971484669119368]]
17105904	[1, [0.04790945621945153, 0.9520905437805485]]
9327719	[1, [0.00022518972836382822, 0.9997748102716362]]
9327321	[1, [0.021655545352626038, 0.978344454647374]]
7993982	[1, [0.03800778088995782, 0.9619922191100422]]
5695611	[1, [0.010815223673106722, 0.9891847763268933]]
63568397	[1, [0.0025727202122108883, 0.9974272797877891]]
63523842	[1, [0.0023880763731405352, 0.9976119236268595]]
88089444	[1, [0.020810303091664872, 0.9791896969083351]]
6847029	[1, [0.00011832323852467574, 0.9998816767614753]]
7498166	[1, [0.013779299826318314, 0.9862207001736817]]
63915222	[1, [0.010004155429566453, 0.9899958445704335]]
5919813	[1, [0.00016801724728676692, 0.9998319827527132]]
5693606	[1, [0.023205624546913994, 0.976794375453086]]
7794005	[1, [0.016861123428182467, 0.9831388765718175]]
7431935	[1, [0.03566026460271954, 0.9643397353972805]]
5694802	[1, [0.02388531951286721, 0.9761146804871328]]
7147166	[1, [0.0012067080821080989, 0.9987932919178919]]
14869806	[1, [0.002313985752311676, 0.9976860142476883]]
78962139	[1, [0.02981263059267736, 0.9701873694073226]]
7966615	[1, [0.014845910645371774, 0.9851540893546282]]
9147995	[1, [0.01848723370840233, 0.9815127662915977]]
56905379	[1, [0.009415378581964395, 0.9905846214180356]]
68666612	[1, [0.04712485618185147, 0.9528751438181485]]
40270437	[1, [0.0037554995198277874, 0.9962445004801722]]
9023225	[1, [9.847405580243329e-05, 0.9999015259441976]]
14879182	[1, [0.038101504254506424, 0.9618984957454936]]
7981457	[1, [0.025776491587051753, 0.9742235084129482]]
7678729	[1, [0.045235632325724695, 0.9547643676742753]]
7687483	[1, [0.0476034569305438, 0.9523965430694562]]
14070020	[1, [0.035447745182964896, 0.9645522548170351]]
52767303	[1, [0.03062583180821299, 0.969374168191787]]
85618798	[1, [0.0239858945263407, 0.9760141054736593]]
5241287	[1, [0.00031623954195347803, 0.9996837604580465]]
9331742	[1, [0.00021827024557086183, 0.9997817297544291]]
27012353	[1, [0.04133424499185645, 0.9586657550081435]]
9022937	[1, [0.0011626767731073295, 0.9988373232268927]]
17171679	[1, [0.027329633908357298, 0.9726703660916427]]
9332864	[1, [0.039430015694591036, 0.960569984305409]]
5238721	[1, [0.020329398928815134, 0.9796706010711849]]
9130950	[1, [0.03260360105589244, 0.9673963989441076]]
23534703	[1, [0.041009317064061634, 0.9589906829359384]]
40261464	[1, [0.007923896723751489, 0.9920761032762485]]
86344098	[1, [0.0037179405201931415, 0.9962820594798069]]
76233071	[1, [0.018964359817743137, 0.9810356401822569]]
9024012	[1, [0.016460629445896213, 0.9835393705541038]]
9332690	[1, [0.047898952591067356, 0.9521010474089326]]
5241217	[1, [0.008932280312190732, 0.9910677196878093]]
7933194	[1, [0.04601152746845949, 0.9539884725315405]]
35882547	[1, [0.003724527613662043, 0.996275472386338]]
67569784	[1, [0.004953504513701357, 0.9950464954862986]]
5947519	[1, [0.018416093995715754, 0.9815839060042842]]
95100227	[1, [0.0388356376179283, 0.9611643623820717]]
7947727	[1, [0.03166943644628617, 0.9683305635537138]]
55070542	[1, [8.686921133704839e-05, 0.999913130788663]]
9342785	[1, [0.03154350031204445, 0.9684564996879556]]
50210794	[1, [0.004947205494049922, 0.9950527945059501]]
44065671	[1, [0.021003981850928444, 0.9789960181490716]]
5947523	[1, [0.0050756347870258844, 0.9949243652129741]]
5947521	[1, [0.002069313374830517, 0.9979306866251695]]
5947520	[1, [0.016381832815003827, 0.9836181671849962]]
36134886	[1, [0.0014494615499931474, 0.9985505384500069]]
23794267	[1, [0.02543475505818593, 0.9745652449418141]]
9342676	[1, [0.012363400946348801, 0.9876365990536512]]
52116589	[1, [0.00022301127294555023, 0.9997769887270544]]
6237821	[1, [0.004269346556533105, 0.9957306534434669]]
9342845	[1, [0.0016641751416111017, 0.9983358248583889]]
9341328	[1, [0.0010048445790771243, 0.9989951554209229]]
9342540	[1, [0.02570974174746754, 0.9742902582525325]]
6236458	[1, [0.006136907369807765, 0.9938630926301922]]
7947662	[1, [0.02978741874808377, 0.9702125812519162]]
9342295	[1, [0.01350064463818157, 0.9864993553618184]]
86943081	[1, [0.014226373531400327, 0.9857736264685997]]
9040200	[1, [0.00039017163351706685, 0.9996098283664829]]
5105788	[1, [0.0019483037919310053, 0.998051696208069]]
6643768	[1, [0.005884767483244291, 0.9941152325167557]]
9039774	[1, [0.049029830119025064, 0.9509701698809749]]
9144272	[1, [0.019762317311674327, 0.9802376826883257]]
7892184	[1, [0.019342545552765822, 0.9806574544472342]]
9009142	[1, [0.049029830119025064, 0.9509701698809749]]
93864711	[1, [0.007920949159608615, 0.9920790508403914]]
26951609	[1, [0.013153033885613175, 0.9868469661143868]]
9144166	[1, [0.0012033480651689743, 0.998796651934831]]
88533796	[1, [0.04151979437775388, 0.9584802056222461]]
9072698	[1, [0.009200762486583969, 0.990799237513416]]
9073021	[1, [0.006799638216565818, 0.9932003617834342]]
88410618	[1, [0.0005098053335360619, 0.9994901946664639]]
65414172	[1, [0.02067216001192096, 0.979327839988079]]
69318046	[1, [0.048218131165461364, 0.9517818688345386]]
6643787	[1, [0.04248901863676835, 0.9575109813632317]]
9144217	[1, [0.04997246678895373, 0.9500275332110463]]
25671305	[1, [0.03860992040813849, 0.9613900795918615]]
6108406	[1, [0.007572295567090381, 0.9924277044329096]]
9108167	[1, [0.0031305903287117687, 0.9968694096712882]]
58185017	[1, [0.027751139550094006, 0.972248860449906]]
7391120	[1, [0.0472486015832303, 0.9527513984167697]]
76580003	[1, [0.0175522934789909, 0.9824477065210091]]
9108650	[1, [0.0010125041691527725, 0.9989874958308472]]
76523592	[1, [0.0010450265575707718, 0.9989549734424292]]
7524333	[1, [0.04396053817314316, 0.9560394618268568]]
7475150	[1, [0.04724049462029556, 0.9527595053797044]]
19417863	[1, [0.033988824690299846, 0.9660111753097002]]
12100402	[1, [0.004151460816512409, 0.9958485391834876]]
52643446	[1, [0.0404446281730384, 0.9595553718269616]]
7818692	[1, [0.003042923112552165, 0.9969570768874478]]
7328237	[1, [0.017006618078102775, 0.9829933819218972]]
9201932	[1, [0.006742798922441118, 0.9932572010775589]]
5973928	[1, [0.027621363399781718, 0.9723786366002183]]
9201581	[1, [0.0045251795518177484, 0.9954748204481823]]
9200679	[1, [0.044495669948215744, 0.9555043300517843]]
38525745	[1, [0.010833405060484025, 0.989166594939516]]
7391332	[1, [0.008660943096001739, 0.9913390569039983]]
6670778	[1, [2.0138244251399762e-05, 0.9999798617557486]]
58147042	[1, [4.9561553550625526e-05, 0.9999504384464494]]
45529739	[1, [0.044608811678247484, 0.9553911883217525]]
5974852	[1, [0.027621363399781718, 0.9723786366002183]]
7944680	[1, [0.04871529499740723, 0.9512847050025928]]
16216990	[1, [0.0030488900450390544, 0.996951109954961]]
7371414	[1, [0.0472740542333735, 0.9527259457666265]]
84860171	[1, [0.03710151387602367, 0.9628984861239763]]
90781234	[1, [0.040246003978568035, 0.959753996021432]]
9111555	[1, [0.015568646187894664, 0.9844313538121053]]
96252623	[1, [0.03843454171958671, 0.9615654582804133]]
9275886	[1, [0.02077647150910178, 0.9792235284908982]]
9111173	[1, [0.00718013308235943, 0.9928198669176406]]
91381598	[1, [0.010063611727921251, 0.9899363882720787]]
90780809	[1, [0.009720317411479606, 0.9902796825885204]]
5216764	[1, [0.0020107209519105718, 0.9979892790480894]]
90818154	[1, [0.00996317199732022, 0.9900368280026798]]
20380473	[1, [0.0014266409318758333, 0.9985733590681242]]
91308671	[1, [0.014918915245433095, 0.9850810847545669]]
16240402	[1, [0.03049550873160911, 0.9695044912683909]]
84867740	[1, [0.04375056956647405, 0.956249430433526]]
7804937	[1, [0.008362758502894252, 0.9916372414971057]]
5216766	[1, [0.001179540514783084, 0.9988204594852169]]
50174926	[1, [0.023472077343355324, 0.9765279226566447]]
9277238	[1, [0.006916141471513759, 0.9930838585284862]]
9111446	[1, [1.3273063703800325e-05, 0.9999867269362962]]
9207031	[1, [0.025167046038705676, 0.9748329539612943]]
9206540	[1, [0.020387484559555524, 0.9796125154404445]]
9230729	[1, [0.024280709751409946, 0.97571929024859]]
9046960	[1, [0.013075215382030159, 0.9869247846179698]]
5913720	[1, [0.02532472612722858, 0.9746752738727714]]
42880937	[1, [0.02670635643990471, 0.9732936435600953]]
43930772	[1, [0.04618604843525442, 0.9538139515647456]]
7821940	[1, [0.005690113114411033, 0.994309886885589]]
6122624	[1, [0.035799542253015626, 0.9642004577469844]]
9317545	[1, [0.01821663445388133, 0.9817833655461187]]
9142733	[1, [0.039076393953392796, 0.9609236060466072]]
72604088	[1, [0.02389889173094617, 0.9761011082690538]]
5916610	[1, [0.0027255660891645217, 0.9972744339108355]]
9206754	[1, [0.02390388953279432, 0.9760961104672057]]
9206886	[1, [0.009671660385198955, 0.990328339614801]]
6747319	[1, [1.3273063703800325e-05, 0.9999867269362962]]
65079499	[1, [0.03411140023694481, 0.9658885997630552]]
9317752	[1, [0.012237898764292043, 0.987762101235708]]
5913836	[1, [0.004171527585580259, 0.9958284724144197]]
5913974	[1, [0.030781906120271207, 0.9692180938797288]]
6122822	[1, [0.04514783307956438, 0.9548521669204356]]
9231528	[1, [0.018405434659463316, 0.9815945653405367]]
75383070	[1, [0.025742566947249856, 0.9742574330527501]]
18859874	[1, [0.0017870998144093875, 0.9982129001855906]]
9206283	[1, [0.0103656515453181, 0.9896343484546819]]
6742043	[1, [0.0047047980604105755, 0.9952952019395894]]
6747160	[1, [0.006597166758006923, 0.9934028332419931]]
33328769	[1, [0.00580269832169078, 0.9941973016783092]]
6085806	[1, [0.01411076003936862, 0.9858892399606314]]
9010917	[1, [0.02021350246481668, 0.9797864975351833]]
48279383	[1, [0.0006064143699844315, 0.9993935856300156]]
69244465	[1, [0.033712970864548275, 0.9662870291354517]]
5690139	[1, [0.033126815871859394, 0.9668731841281406]]
6086959	[1, [0.0016860396255627963, 0.9983139603744372]]
80384755	[1, [0.009443382438531378, 0.9905566175614686]]
52145725	[1, [0.0409017062556164, 0.9590982937443836]]
6087500	[1, [0.013064860417558166, 0.9869351395824418]]
43321132	[1, [0.024984991702815207, 0.9750150082971848]]
69203962	[1, [0.038903785913486755, 0.9610962140865132]]
74960975	[1, [0.03360119586877974, 0.9663988041312203]]
99093811	[1, [0.03896328628806378, 0.9610367137119362]]
15370739	[1, [0.010833405060484025, 0.989166594939516]]
58269888	[1, [0.032891441875929406, 0.9671085581240706]]
6082917	[1, [0.0008204035922899644, 0.99917959640771]]
10438854	[1, [0.020034255032193138, 0.9799657449678069]]
58309333	[1, [0.025529183670971456, 0.9744708163290285]]
9010873	[1, [0.021244500332401328, 0.9787554996675987]]
7165438	[1, [0.0022255609130100718, 0.9977744390869899]]
88952711	[1, [0.003915591296055121, 0.9960844087039449]]
11707605	[1, [0.020648351635835338, 0.9793516483641647]]
78437399	[1, [0.0024484289819105554, 0.9975515710180894]]
9073668	[1, [0.00917521547161848, 0.9908247845283815]]
98803898	[1, [0.01998692341617825, 0.9800130765838218]]
6113190	[1, [0.01964670711177352, 0.9803532928882265]]
9272570	[1, [0.019051382835043706, 0.9809486171649563]]
6640964	[1, [0.03392268046349811, 0.9660773195365019]]
9074026	[1, [0.005672606893948773, 0.9943273931060512]]
35400267	[1, [0.012971075551569844, 0.9870289244484302]]
92498438	[1, [0.0010969693594987673, 0.9989030306405012]]
61313266	[1, [0.017316020040112345, 0.9826839799598877]]
71963650	[1, [0.04282860989255455, 0.9571713901074455]]
9048498	[1, [0.02268602415823584, 0.9773139758417642]]
9073555	[1, [0.003975375144442794, 0.9960246248555572]]
9283198	[1, [0.003937109646299453, 0.9960628903537005]]
67622695	[1, [0.035349539660188056, 0.9646504603398119]]
7261695	[1, [0.013542193961442517, 0.9864578060385575]]
9312516	[1, [0.017440689519490626, 0.9825593104805094]]
9284540	[1, [0.0067944036060657576, 0.9932055963939342]]
9311868	[1, [0.0007428159615016083, 0.9992571840384984]]
7262348	[1, [0.030538766603746104, 0.9694612333962539]]
9283382	[1, [0.0044273087596162775, 0.9955726912403837]]
45831536	[1, [0.010049427003249845, 0.9899505729967502]]
63426978	[1, [0.034704550865580774, 0.9652954491344192]]
87057860	[1, [0.022638966168865737, 0.9773610338311343]]
7276722	[1, [0.008329280458492683, 0.9916707195415073]]
9283693	[1, [0.03201468352023129, 0.9679853164797687]]
6989641	[1, [0.03589260587474652, 0.9641073941252535]]
6990077	[1, [0.0032897948537696786, 0.9967102051462303]]
9016037	[1, [0.0031825290837922404, 0.9968174709162078]]
20884631	[1, [0.02474378598002802, 0.975256214019972]]
38371849	[1, [0.021395722956124463, 0.9786042770438755]]
38395632	[1, [0.015262348258670566, 0.9847376517413294]]
40551802	[1, [0.02478800327445696, 0.975211996725543]]
6990194	[1, [0.03247499922988384, 0.9675250007701162]]
9311537	[1, [0.0006765311028751331, 0.9993234688971249]]
61453956	[1, [0.0083939198605113, 0.9916060801394887]]
9128749	[1, [0.0015727042836575222, 0.9984272957163425]]
5251126	[1, [0.004889909817785143, 0.9951100901822149]]
22940382	[1, [0.007522556106058564, 0.9924774438939414]]
5251085	[1, [0.025824487592463252, 0.9741755124075367]]
7263967	[1, [0.03030112405338825, 0.9696988759466117]]
5585067	[1, [0.04862198622103042, 0.9513780137789696]]
6557990	[1, [0.0004894813439531021, 0.9995105186560469]]
9129009	[1, [0.04161662736699323, 0.9583833726330068]]
9129416	[1, [0.04932248938097594, 0.9506775106190241]]
92390270	[1, [0.013381748110025904, 0.9866182518899741]]
5567561	[1, [0.04132725258148662, 0.9586727474185134]]
46720378	[1, [0.039297756223204305, 0.9607022437767957]]
9128783	[1, [0.0477867863352851, 0.9522132136647149]]
66180307	[1, [0.012918368070729547, 0.9870816319292705]]
67787641	[1, [0.007521556076788172, 0.9924784439232118]]
5567078	[1, [0.00999956763630172, 0.9900004323636983]]
7785124	[1, [0.018157285264143064, 0.9818427147358569]]
9204897	[1, [0.03551610124111404, 0.964483898758886]]
9205808	[1, [0.010189992798301906, 0.9898100072016981]]
5567006	[1, [0.02672825112702959, 0.9732717488729704]]
5565867	[1, [0.04532704273688881, 0.9546729572631112]]
24955133	[1, [0.009398700234723445, 0.9906012997652766]]
51698938	[1, [0.019018888893677532, 0.9809811111063225]]
9204558	[1, [0.005665364540962559, 0.9943346354590374]]
5633741	[1, [0.026066840813797842, 0.9739331591862022]]
88703557	[1, [0.0007470560163066464, 0.9992529439836934]]
7913189	[1, [0.03500043186487145, 0.9649995681351285]]
7911078	[1, [0.03716744819155393, 0.9628325518084461]]
7911080	[1, [0.0299517851169403, 0.9700482148830597]]
6678939	[1, [0.0022415872118515257, 0.9977584127881485]]
62509215	[1, [0.0002676986936732684, 0.9997323013063267]]
7911076	[1, [0.002431120285122934, 0.9975688797148771]]
9314770	[1, [0.017638249778670012, 0.98236175022133]]
9077585	[1, [0.04321421658975377, 0.9567857834102462]]
7227109	[1, [0.010287381696830411, 0.9897126183031696]]
6678014	[1, [0.01212669592238591, 0.9878733040776141]]
7227030	[1, [0.017607481969303618, 0.9823925180306964]]
44419390	[1, [0.0049755890764449084, 0.9950244109235551]]
67501600	[1, [0.012699798333086654, 0.9873002016669133]]
7623834	[1, [0.010195212570250134, 0.9898047874297499]]
9302513	[1, [0.00595482201515829, 0.9940451779848417]]
83363028	[1, [0.006046209144560888, 0.9939537908554391]]
6344088	[1, [0.04441019713373007, 0.9555898028662699]]
7952632	[1, [0.014198488569186152, 0.9858015114308138]]
5373357	[1, [0.03993068753214335, 0.9600693124678567]]
9110906	[1, [0.0005850152501939432, 0.9994149847498061]]
9110443	[1, [0.0045719645704025424, 0.9954280354295975]]
88782072	[1, [0.024992897512399415, 0.9750071024876006]]
36381790	[1, [0.0001264210569597024, 0.9998735789430403]]
7271483	[1, [0.039658834120039455, 0.9603411658799605]]
26720147	[1, [0.03268636496642441, 0.9673136350335756]]
9306205	[1, [0.001132120072496523, 0.9988678799275035]]
5373387	[1, [0.0003592930191720356, 0.999640706980828]]
33215377	[1, [0.006495441100996868, 0.9935045588990031]]
29477742	[1, [0.00210853002384892, 0.9978914699761511]]
6158270	[1, [0.019342545552765822, 0.9806574544472342]]
6155929	[1, [0.0007433339652167525, 0.9992566660347832]]
7959557	[1, [0.04564113669248537, 0.9543588633075146]]
7697476	[1, [0.0462925386318348, 0.9537074613681652]]
9305366	[1, [0.0072334495342254446, 0.9927665504657746]]
29506597	[1, [0.029116042741929582, 0.9708839572580704]]
13255258	[1, [0.03364974114157504, 0.966350258858425]]
65818373	[1, [0.016099288323679906, 0.9839007116763201]]
9110230	[1, [0.024822286284075568, 0.9751777137159244]]
31850981	[1, [0.009257826752063103, 0.9907421732479369]]
7124005	[1, [3.7419871320665266e-05, 0.9999625801286793]]
31658319	[1, [0.03237688616628309, 0.9676231138337169]]
6291688	[1, [0.00018501145091198712, 0.999814988549088]]
33220301	[1, [0.016581820109485945, 0.983418179890514]]
9306079	[1, [0.009821407864250009, 0.99017859213575]]
7696350	[1, [0.002310205538818999, 0.997689794461181]]
9305474	[1, [0.0012987333598817319, 0.9987012666401183]]
9110415	[1, [0.0006912507692237169, 0.9993087492307763]]
21495756	[1, [0.005163553319299186, 0.9948364466807008]]
5373391	[1, [0.0004085133204573266, 0.9995914866795427]]
9203951	[1, [0.011684028880542652, 0.9883159711194573]]
7696464	[1, [0.013510275433739394, 0.9864897245662606]]
13304827	[1, [0.0062519599685741944, 0.9937480400314258]]
5373406	[1, [0.04766884280634054, 0.9523311571936595]]
13255666	[1, [0.015058030011719126, 0.9849419699882809]]
9203086	[1, [0.03827967359608608, 0.9617203264039139]]
9078380	[1, [0.004081009676801917, 0.9959189903231981]]
9014983	[1, [0.004980561994086141, 0.9950194380059139]]
83538093	[1, [0.022699802603965313, 0.9773001973960347]]
9016027	[1, [0.0009446653541763661, 0.9990553346458236]]
63016779	[1, [0.0015388476420958863, 0.9984611523579041]]
69111094	[1, [0.005990295463098705, 0.9940097045369013]]
9015024	[1, [0.022477754415833884, 0.9775222455841661]]
6507285	[1, [0.007368759603815778, 0.9926312403961842]]
31466612	[1, [0.0022422546275281396, 0.9977577453724719]]
6510218	[1, [0.018083355506597898, 0.9819166444934021]]
28663381	[1, [0.02239296067949459, 0.9776070393205054]]
9082202	[1, [0.012087598741838401, 0.9879124012581616]]
82570327	[1, [0.015261392033651955, 0.984738607966348]]
9014953	[1, [0.003065950990359778, 0.9969340490096402]]
9082676	[1, [0.006703113463065846, 0.9932968865369342]]
83296791	[1, [0.04716116915647384, 0.9528388308435262]]
7939153	[1, [0.047229890493518, 0.952770109506482]]
7989747	[1, [0.042868725931189955, 0.95713127406881]]
9077998	[1, [0.008310786275552706, 0.9916892137244473]]
6262126	[1, [0.0007720056194372438, 0.9992279943805628]]
9068617	[1, [0.03827967359608608, 0.9617203264039139]]
9015071	[1, [0.00036331330682126683, 0.9996366866931787]]
5787405	[1, [0.04553043711869431, 0.9544695628813057]]
7823155	[1, [0.00436541343428809, 0.9956345865657119]]
6179390	[1, [0.04201289293919552, 0.9579871070608045]]
65861714	[1, [0.01637512304401545, 0.9836248769559846]]
6177495	[1, [0.0011112683899455744, 0.9988887316100544]]
85203278	[1, [0.0042335740597804206, 0.9957664259402196]]
9038632	[1, [0.00027612732700643683, 0.9997238726729936]]
36863229	[1, [0.02950502983646419, 0.9704949701635358]]
38175895	[1, [0.03267920306537775, 0.9673207969346223]]
9110057	[1, [0.005744196039479843, 0.9942558039605202]]
9271536	[1, [0.019533874125295392, 0.9804661258747046]]
38195517	[1, [0.004835322298310962, 0.995164677701689]]
7999318	[1, [0.023019120370389, 0.976980879629611]]
9045919	[1, [0.0019266401983982773, 0.9980733598016017]]
36848150	[1, [0.028490385354023484, 0.9715096146459765]]
72080558	[1, [0.036853453876606324, 0.9631465461233937]]
60875150	[1, [0.00010610550950362896, 0.9998938944904964]]
6841798	[1, [0.017715105086027028, 0.982284894913973]]
9038584	[1, [0.023019120370389, 0.976980879629611]]
94420405	[1, [0.04236759349572239, 0.9576324065042776]]
85203758	[1, [0.0011400912611612135, 0.9988599087388388]]
48217683	[1, [0.022393693092015443, 0.9776063069079846]]
61623772	[1, [0.038469941358744375, 0.9615300586412556]]
91687701	[1, [6.949217301510657e-05, 0.9999305078269849]]
9038900	[1, [0.030781906120271207, 0.9692180938797288]]
7800724	[1, [0.0016333620461512766, 0.9983666379538487]]
6192873	[1, [0.002990107281286347, 0.9970098927187137]]
52873799	[1, [0.013609101879175634, 0.9863908981208244]]
9281458	[1, [0.01341746622845652, 0.9865825337715435]]
9058140	[1, [0.009078066050705269, 0.9909219339492947]]
54019682	[1, [0.004014121715510743, 0.9959858782844893]]
46604803	[1, [0.0029764753817695944, 0.9970235246182304]]
9238092	[1, [0.0014899635972890346, 0.998510036402711]]
9034721	[1, [0.020701666093703275, 0.9792983339062967]]
9245569	[1, [0.012448070574063386, 0.9875519294259366]]
9246034	[1, [0.012323656981898079, 0.9876763430181019]]
9281366	[1, [0.013147959918532237, 0.9868520400814678]]
9133712	[1, [0.004423311722762557, 0.9955766882772374]]
9265982	[1, [0.0033450270150705563, 0.9966549729849294]]
9035269	[1, [0.0007796439962215462, 0.9992203560037785]]
51446085	[1, [0.038082022815785876, 0.9619179771842141]]
9123776	[1, [0.011042372941591716, 0.9889576270584083]]
9266371	[1, [0.038784348961123594, 0.9612156510388764]]
9132813	[1, [0.017584791749351014, 0.982415208250649]]
66616709	[1, [0.0005113712159003914, 0.9994886287840996]]
7935008	[1, [0.03708240812858399, 0.962917591871416]]
68866368	[1, [0.0071765305335934615, 0.9928234694664065]]
68917717	[1, [0.02222204529451066, 0.9777779547054893]]
53539216	[1, [0.009327530770924963, 0.990672469229075]]
21369651	[1, [0.0061652931450616455, 0.9938347068549384]]
9237868	[1, [0.000613490024550023, 0.99938650997545]]
30693188	[1, [0.016295044313556883, 0.9837049556864431]]
6704384	[1, [3.302266960680811e-05, 0.9999669773303932]]
9252495	[1, [0.01710908744465134, 0.9828909125553487]]
6949354	[1, [0.04610363152910857, 0.9538963684708914]]
56414691	[1, [0.0037512193807107685, 0.9962487806192892]]
57940628	[1, [0.04153051609508729, 0.9584694839049127]]
6704813	[1, [0.015286540379604086, 0.9847134596203959]]
9268749	[1, [0.015975701885947324, 0.9840242981140527]]
9329479	[1, [0.017119238287728544, 0.9828807617122715]]
7843067	[1, [0.02675386000770097, 0.973246139992299]]
9320025	[1, [0.0388712844789888, 0.9611287155210112]]
57932327	[1, [0.0025267601437719556, 0.997473239856228]]
9253504	[1, [0.0360619989438169, 0.9639380010561831]]
9020554	[1, [0.0031413595325768817, 0.9968586404674231]]
99796754	[1, [0.0072346817795688745, 0.9927653182204311]]
7841600	[1, [0.03097653187959115, 0.9690234681204088]]
9270039	[1, [0.0033425116447727277, 0.9966574883552273]]
9329108	[1, [0.04363947277480029, 0.9563605272251997]]
35669190	[1, [0.005119133611036886, 0.9948808663889631]]
51966822	[1, [0.0032827755363153965, 0.9967172244636846]]
9329566	[1, [0.028781366308348932, 0.9712186336916511]]
9252970	[1, [0.030434726409540702, 0.9695652735904593]]
21379546	[1, [0.03593339511087401, 0.964066604889126]]
9118858	[1, [0.002914275940487543, 0.9970857240595125]]
6704885	[1, [0.0019866674295225817, 0.9980133325704774]]
51958505	[1, [0.047670819688944155, 0.9523291803110558]]
7929787	[1, [0.01490647341871254, 0.9850935265812875]]
9269617	[1, [0.029640451988324434, 0.9703595480116756]]
9320105	[1, [0.024123687665851268, 0.9758763123341487]]
7843420	[1, [0.008197904705187442, 0.9918020952948126]]
20144064	[1, [0.03561807766333136, 0.9643819223366686]]
9320210	[1, [0.02722648514713122, 0.9727735148528688]]
24809875	[1, [0.005638042000393861, 0.9943619579996061]]
7841576	[1, [0.026861648316772624, 0.9731383516832274]]
9269564	[1, [0.008277981318380201, 0.9917220186816198]]
9270161	[1, [0.010143591249641926, 0.9898564087503581]]
5555773	[1, [0.026093745175500005, 0.9739062548245]]
6946304	[1, [0.0028020299328649356, 0.9971979700671351]]
9319952	[1, [0.03249726365972816, 0.9675027363402718]]
9118701	[1, [0.03548542044065206, 0.9645145795593479]]
5343270	[1, [0.014340923018077212, 0.9856590769819228]]
6159381	[1, [0.046932498773852416, 0.9530675012261476]]
5343279	[1, [0.01103871770985454, 0.9889612822901455]]
7723026	[1, [0.0025946172929162126, 0.9974053827070838]]
5337665	[1, [0.03333170519092932, 0.9666682948090707]]
10198290	[1, [0.00605035884752525, 0.9939496411524747]]
9139591	[1, [0.0044811157354338604, 0.9955188842645661]]
39150012	[1, [0.045612965412427764, 0.9543870345875722]]
35182951	[1, [0.02318335385401027, 0.9768166461459897]]
9340175	[1, [0.0010300571712530404, 0.998969942828747]]
51676998	[1, [0.03393007590337327, 0.9660699240966267]]
6035048	[1, [0.024594212152601824, 0.9754057878473982]]
5342761	[1, [0.008581481313871264, 0.9914185186861287]]
9341090	[1, [0.005723652024399617, 0.9942763479756004]]
9339648	[1, [0.03165962735612915, 0.9683403726438709]]
7559980	[1, [0.045510647715859665, 0.9544893522841403]]
5571330	[1, [0.04298036065996458, 0.9570196393400354]]
89982129	[1, [0.02578771485650644, 0.9742122851434936]]
5571110	[1, [0.04566062130114967, 0.9543393786988503]]
9341145	[1, [0.013995117580490657, 0.9860048824195093]]
6034602	[1, [0.022034890423293874, 0.9779651095767061]]
46788104	[1, [0.0010387936707337841, 0.9989612063292662]]
46792215	[1, [0.00018406137723803173, 0.999815938622762]]
9340931	[1, [0.012535182301627312, 0.9874648176983727]]
21594889	[1, [0.0011994931226068095, 0.9988005068773932]]
9139450	[1, [0.023360108415779735, 0.9766398915842203]]
9340579	[1, [0.0008862157285242089, 0.9991137842714758]]
9310567	[1, [0.003615675793804618, 0.9963843242061954]]
39679172	[1, [0.014562889483151431, 0.9854371105168486]]
9030833	[1, [0.0010048445790771243, 0.9989951554209229]]
87290733	[1, [0.036675285058627494, 0.9633247149413725]]
50858031	[1, [0.03191158074531797, 0.968088419254682]]
14644165	[1, [0.0021891045759726557, 0.9978108954240273]]
40862066	[1, [0.004126351275730578, 0.9958736487242694]]
76769190	[1, [0.02554329264521782, 0.9744567073547822]]
9022593	[1, [0.0004832363946990492, 0.999516763605301]]
5380460	[1, [0.008624510372483352, 0.9913754896275166]]
9280301	[1, [0.001364331210199743, 0.9986356687898003]]
9279467	[1, [0.02276782516055742, 0.9772321748394426]]
9280387	[1, [0.023700807129030776, 0.9762991928709692]]
84930503	[1, [0.013491281282873469, 0.9865087187171265]]
50859053	[1, [0.0018985710089212127, 0.9981014289910788]]
7976893	[1, [0.04820627547538614, 0.9517937245246139]]
36771029	[1, [0.014875914822376268, 0.9851240851776237]]
9022556	[1, [0.007139600394444057, 0.9928603996055559]]
75084709	[1, [0.015877841960836303, 0.9841221580391637]]
74335699	[1, [0.017498914035481317, 0.9825010859645187]]
6452552	[1, [0.023573702584819167, 0.9764262974151808]]
5534065	[1, [0.03424008308574911, 0.9657599169142509]]
74506725	[1, [0.013966715381986128, 0.9860332846180139]]
7980453	[1, [0.00046352484479383893, 0.9995364751552062]]
57363525	[1, [0.04311992163277967, 0.9568800783672203]]
9258282	[1, [0.002950481258961468, 0.9970495187410385]]
68963883	[1, [0.04659202549046748, 0.9534079745095325]]
77842707	[1, [0.01071101639842953, 0.9892889836015705]]
55741890	[1, [0.002693332084971134, 0.9973066679150289]]
63700718	[1, [0.003123044771770944, 0.9968769552282291]]
67422580	[1, [0.0037359948898136874, 0.9962640051101863]]
22564342	[1, [0.005295444078625811, 0.9947045559213742]]
13384777	[1, [0.002341371849117868, 0.9976586281508821]]
67432986	[1, [0.0013804292111719851, 0.998619570788828]]
7946510	[1, [0.03680554787200474, 0.9631944521279953]]
9257570	[1, [0.0033425116447727277, 0.9966574883552273]]
91890772	[1, [0.0006949170748029587, 0.999305082925197]]
5802817	[1, [0.03389758731435988, 0.9661024126856401]]
9259165	[1, [0.004307900684662913, 0.9956920993153371]]
9307425	[1, [0.013064291738364875, 0.9869357082616351]]
56046654	[1, [0.02555086629379133, 0.9744491337062087]]
22500497	[1, [0.022518356828068575, 0.9774816431719314]]
7914413	[1, [0.0468719370104731, 0.9531280629895269]]
41155307	[1, [0.01577134032653882, 0.9842286596734612]]
72045249	[1, [7.069032881068527e-05, 0.9999293096711893]]
7915269	[1, [0.012486752218541564, 0.9875132477814584]]
9113827	[1, [0.0033450270150705563, 0.9966549729849294]]
80838554	[1, [0.01435012519474288, 0.9856498748052571]]
7344640	[1, [0.02674970856305725, 0.9732502914369427]]
47236062	[1, [0.024096294390693496, 0.9759037056093065]]
9278815	[1, [0.027776257925919534, 0.9722237420740805]]
7992054	[1, [0.03775550544302397, 0.962244494556976]]
70561236	[1, [0.043147392554948705, 0.9568526074450513]]
9084944	[1, [0.049029830119025064, 0.9509701698809749]]
80665307	[1, [0.037763568144874804, 0.9622364318551252]]
9278458	[1, [0.025052492417593553, 0.9749475075824064]]
7295068	[1, [0.024682734417722063, 0.9753172655822779]]
9277544	[1, [0.0034002020003230937, 0.9965997979996769]]
29904078	[1, [0.011950953459537339, 0.9880490465404627]]
85044898	[1, [0.015145784867458989, 0.984854215132541]]
51873849	[1, [0.005499272924730625, 0.9945007270752694]]
7992605	[1, [0.01743564595956104, 0.982564354040439]]
7343360	[1, [0.02207850198347472, 0.9779214980165253]]
27599757	[1, [0.018778432321196692, 0.9812215676788033]]
29858324	[1, [0.017068423065235594, 0.9829315769347644]]
7295727	[1, [0.030538766603746104, 0.9694612333962539]]
5521815	[1, [0.00023150369273006177, 0.9997684963072699]]
7854718	[1, [0.017649859529739187, 0.9823501404702608]]
78664991	[1, [0.0003810152508993969, 0.9996189847491006]]
7343595	[1, [0.00507927071409886, 0.9949207292859011]]
7292431	[1, [0.0007210582751400185, 0.99927894172486]]
95596633	[1, [0.036275119099850706, 0.9637248809001493]]
7293071	[1, [0.0316797451486277, 0.9683202548513723]]
42194486	[1, [0.012005547474980505, 0.9879944525250195]]
9072094	[1, [0.0016496326249351156, 0.9983503673750649]]
7987862	[1, [0.0009402477863045267, 0.9990597522136955]]
9300881	[1, [0.008249308366091612, 0.9917506916339084]]
29823375	[1, [0.0029558969989113004, 0.9970441030010887]]
9004683	[1, [0.03827562796288653, 0.9617243720371135]]
15088916	[1, [0.03272698403377283, 0.9672730159662272]]
7988067	[1, [0.009990822270610544, 0.9900091777293895]]
9301137	[1, [0.0025840432266037716, 0.9974159567733962]]
6955367	[1, [0.049353077163275194, 0.9506469228367248]]
5174654	[1, [3.94801334024919e-06, 0.9999960519866598]]
7713257	[1, [0.009039366654203684, 0.9909606333457963]]
9300530	[1, [0.0029168670608590297, 0.997083132939141]]
9072281	[1, [0.012307121122716258, 0.9876928788772837]]
6176316	[1, [0.009235122983534905, 0.9907648770164651]]
6955019	[1, [0.010420326248719247, 0.9895796737512808]]
89053531	[1, [0.016423274030078927, 0.9835767259699211]]
7211761	[1, [0.027235954010279007, 0.972764045989721]]
29780879	[1, [0.011519068071988992, 0.988480931928011]]
57587607	[1, [0.00021759111308550239, 0.9997824088869145]]
9072081	[1, [0.021044436985299897, 0.9789555630147001]]
82984430	[1, [0.04299058815631063, 0.9570094118436894]]
9004592	[1, [0.03926160413718083, 0.9607383958628192]]
61108262	[1, [0.00895435545763179, 0.9910456445423682]]
6957421	[1, [4.08183054079192e-05, 0.9999591816945921]]
9150726	[1, [0.025090835282718382, 0.9749091647172816]]
88999523	[1, [0.004745942947375403, 0.9952540570526246]]
61104200	[1, [0.04523307352479411, 0.9547669264752059]]
7643379	[1, [0.04257947503493542, 0.9574205249650646]]
9301186	[1, [0.04689502897770603, 0.953104971022294]]
9150813	[1, [0.002606760429827104, 0.9973932395701729]]
6958236	[1, [0.0047221096287534126, 0.9952778903712466]]
94465678	[1, [0.004894749915985375, 0.9951052500840146]]
7255763	[1, [0.04533386428587016, 0.9546661357141298]]
9254494	[1, [0.0025418956537714976, 0.9974581043462285]]
24115953	[1, [0.011733223208270971, 0.988266776791729]]
9321600	[1, [0.0002842228261660251, 0.999715777173834]]
9308164	[1, [0.04623446023548805, 0.953765539764512]]
7256820	[1, [0.011583602398333781, 0.9884163976016662]]
69388847	[1, [0.0030194317677118, 0.9969805682322882]]
84761756	[1, [0.03324906683216744, 0.9667509331678326]]
9254442	[1, [0.028301137588269354, 0.9716988624117306]]
55500993	[1, [0.026695138170863553, 0.9733048618291364]]
64777670	[1, [0.005046913797901342, 0.9949530862020987]]
9309453	[1, [0.012535182301627312, 0.9874648176983727]]
9006617	[1, [0.02250435573147669, 0.9774956442685233]]
6039081	[1, [0.0406317460266985, 0.9593682539733015]]
89732846	[1, [0.009115670325191783, 0.9908843296748082]]
64797503	[1, [0.01858909916276097, 0.981410900837239]]
72206302	[1, [0.024938388263958777, 0.9750616117360412]]
86539151	[1, [0.011001713991257822, 0.9889982860087422]]
77512502	[1, [0.028616619157478818, 0.9713833808425212]]
72203414	[1, [0.03218215205854469, 0.9678178479414553]]
55449711	[1, [0.04361626771809368, 0.9563837322819063]]
27272241	[1, [8.673644013690307e-05, 0.9999132635598631]]
