90320766	[1, [0.04809353068287614, 0.9519064693171239]]
85256730	[1, [0.034633862705371166, 0.9653661372946288]]
19364569	[1, [0.0073624691456788405, 0.9926375308543212]]
7580876	[1, [0.0009008171217638195, 0.9990991828782362]]
9266940	[1, [0.0010451126850796744, 0.9989548873149203]]
28103170	[1, [0.026677690630593442, 0.9733223093694066]]
9267064	[1, [0.008727889320265025, 0.991272110679735]]
7661911	[1, [0.006669853373634238, 0.9933301466263658]]
91234998	[1, [0.011677947446721237, 0.9883220525532788]]
70958041	[1, [0.021953614090418294, 0.9780463859095817]]
37439128	[1, [0.01718098231782006, 0.9828190176821799]]
50120615	[1, [0.006654169282568012, 0.993345830717432]]
75527520	[1, [0.043144193373879314, 0.9568558066261207]]
49893310	[1, [0.034329778809177536, 0.9656702211908225]]
74989681	[1, [0.005379746665458707, 0.9946202533345413]]
38474479	[1, [0.0441941229373195, 0.9558058770626805]]
9255911	[1, [0.021004007866417873, 0.9789959921335821]]
20732573	[1, [0.01843684506385801, 0.981563154936142]]
7959919	[1, [0.0033812157520553, 0.9966187842479447]]
67618492	[1, [0.008796390701310774, 0.9912036092986892]]
9284007	[1, [0.008884502134904881, 0.9911154978650951]]
21338764	[1, [0.0341575341669037, 0.9658424658330963]]
9230552	[1, [0.0008095961457587064, 0.9991904038542413]]
42877308	[1, [0.020285749351382165, 0.9797142506486178]]
29377360	[1, [0.040479038532306166, 0.9595209614676938]]
68255452	[1, [0.042772719229153267, 0.9572272807708467]]
7704267	[1, [0.006186910585853078, 0.9938130894141469]]
7702995	[1, [0.025256605768018803, 0.9747433942319812]]
7704083	[1, [0.004585334900218174, 0.9954146650997818]]
7684354	[1, [0.022810845200818552, 0.9771891547991814]]
47629299	[1, [0.014657608242882092, 0.9853423917571179]]
70620028	[1, [0.025459023749528242, 0.9745409762504718]]
10582194	[1, [0.03674668398697856, 0.9632533160130214]]
9242077	[1, [0.0062798829463661665, 0.9937201170536338]]
9241700	[1, [0.00027769652532039224, 0.9997223034746796]]
7573442	[1, [0.020763193571762595, 0.9792368064282374]]
12728806	[1, [0.0031028513666289115, 0.9968971486333711]]
94713059	[1, [0.010040129047978796, 0.9899598709520212]]
9274308	[1, [0.03600689027408366, 0.9639931097259163]]
9273943	[1, [0.00471906238812414, 0.9952809376118759]]
9240226	[1, [0.010979894867716, 0.989020105132284]]
9248375	[1, [0.003974217132613034, 0.996025782867387]]
9249769	[1, [0.001297113495062563, 0.9987028865049374]]
9223188	[1, [0.013336562967134813, 0.9866634370328652]]
61752442	[1, [0.014828733255352722, 0.9851712667446473]]
45574109	[1, [0.04617884782042492, 0.9538211521795751]]
7783437	[1, [0.038472005474299076, 0.9615279945257009]]
9201685	[1, [0.000969650063434857, 0.9990303499365651]]
45582240	[1, [0.03977912643418391, 0.9602208735658161]]
7686952	[1, [0.03366338724092521, 0.9663366127590748]]
5470913	[1, [0.013303695887801115, 0.9866963041121989]]
7686761	[1, [0.001377879961955042, 0.998622120038045]]
7688385	[1, [0.037146322140577115, 0.9628536778594229]]
7678549	[1, [0.015607082137252482, 0.9843929178627475]]
7688827	[1, [0.00251026624442785, 0.9974897337555721]]
6049813	[1, [0.047511374426841835, 0.9524886255731582]]
7677991	[1, [0.015047880075488296, 0.9849521199245117]]
26989322	[1, [0.014941585721328199, 0.9850584142786718]]
7627621	[1, [0.04183633139012455, 0.9581636686098755]]
7687460	[1, [0.001231194576253647, 0.9987688054237464]]
32958284	[1, [0.01951823480624637, 0.9804817651937536]]
9033402	[1, [0.04820380588239903, 0.951796194117601]]
9235360	[1, [0.012026479288085534, 0.9879735207119145]]
62228700	[1, [0.02427400690503323, 0.9757259930949668]]
9233913	[1, [0.028187154895042643, 0.9718128451049574]]
9224649	[1, [0.0011084306638307062, 0.9988915693361693]]
9220244	[1, [0.029769627324321757, 0.9702303726756782]]
9224514	[1, [0.014114573948551867, 0.9858854260514481]]
9220052	[1, [0.02517243028157834, 0.9748275697184217]]
9220312	[1, [0.021049612857621858, 0.9789503871423781]]
9225712	[1, [0.0008660651668203068, 0.9991339348331797]]
9219846	[1, [0.0041559353873554805, 0.9958440646126445]]
9219192	[1, [0.005957780121280565, 0.9940422198787194]]
9219664	[1, [0.0002943725303545808, 0.9997056274696454]]
36012707	[1, [0.032010873258349504, 0.9679891267416505]]
55026851	[1, [0.02425667569094725, 0.9757433243090528]]
9213735	[1, [0.04326420871325476, 0.9567357912867452]]
17345859	[1, [0.005065505880447074, 0.9949344941195529]]
9221602	[1, [0.01981927134594419, 0.9801807286540558]]
83118420	[1, [0.03737490053562642, 0.9626250994643736]]
39520902	[1, [0.044974611162295175, 0.9550253888377048]]
28285223	[1, [0.041270200859163775, 0.9587297991408362]]
23425112	[1, [0.038799723336156444, 0.9612002766638436]]
21559698	[1, [0.045672266917866855, 0.9543277330821331]]
53754959	[1, [0.027510098139693184, 0.9724899018603068]]
19176025	[1, [0.020694000825495773, 0.9793059991745042]]
61176143	[1, [0.018703001762382487, 0.9812969982376175]]
80060099	[1, [0.03941828035542938, 0.9605817196445706]]
39600074	[1, [0.011382052604880566, 0.9886179473951194]]
9217206	[1, [0.0028538586499230467, 0.997146141350077]]
9215414	[1, [0.0016593581134577429, 0.9983406418865423]]
50907586	[1, [0.016819589123016843, 0.9831804108769832]]
9263807	[1, [0.00017693284311448565, 0.9998230671568855]]
9215217	[1, [0.04473113442542864, 0.9552688655745714]]
7605450	[1, [0.03984168194760007, 0.9601583180523999]]
27224220	[1, [0.029285107970297375, 0.9707148920297026]]
24068163	[1, [0.03973963577872275, 0.9602603642212773]]
48725104	[1, [0.03008869591826613, 0.9699113040817339]]
23443189	[1, [0.013281911244606426, 0.9867180887553936]]
9237087	[1, [0.011540044461270105, 0.9884599555387299]]
9262567	[1, [0.04239624705494227, 0.9576037529450577]]
9227511	[1, [0.0005950073180106541, 0.9994049926819893]]
9227585	[1, [0.021240415743848273, 0.9787595842561517]]
9247539	[1, [0.00606049158574451, 0.9939395084142555]]
67487493	[1, [0.04994619484020657, 0.9500538051597934]]
9246967	[1, [0.031133771108082242, 0.9688662288919178]]
7696277	[1, [0.007353605094711613, 0.9926463949052884]]
43234757	[1, [0.02867796772639808, 0.9713220322736019]]
26745474	[1, [0.04795375237222177, 0.9520462476277782]]
7697025	[1, [0.013638405663868425, 0.9863615943361316]]
7696147	[1, [0.004694901363654358, 0.9953050986363456]]
9204036	[1, [0.0002216986515025665, 0.9997783013484974]]
76841567	[1, [0.02328510015349816, 0.9767148998465018]]
97980086	[1, [0.0345219865521289, 0.9654780134478711]]
9277558	[1, [0.02826051854047218, 0.9717394814595278]]
9278859	[1, [0.008407317097518519, 0.9915926829024815]]
7682480	[1, [0.001377879961955042, 0.998622120038045]]
69175994	[1, [0.04926507750317366, 0.9507349224968263]]
63052405	[1, [0.002450503954744554, 0.9975494960452554]]
97680491	[1, [0.049687431941519034, 0.950312568058481]]
75857281	[1, [0.006758674028003897, 0.9932413259719961]]
7867727	[1, [0.010959687654371164, 0.9890403123456288]]
9268389	[1, [0.007552781725293056, 0.9924472182747069]]
9253205	[1, [0.01041807243057069, 0.9895819275694293]]
24810437	[1, [0.044010124073842305, 0.9559898759261577]]
9269292	[1, [0.0014564320078063187, 0.9985435679921937]]
20142888	[1, [0.04720308332049039, 0.9527969166795096]]
9245911	[1, [0.009973459743251034, 0.990026540256749]]
20377995	[1, [0.01660914901157029, 0.9833908509884297]]
9238781	[1, [0.0035372219905944746, 0.9964627780094055]]
30447640	[1, [0.00995762990902549, 0.9900423700909745]]
9245204	[1, [0.004221442557818977, 0.995778557442181]]
52866899	[1, [0.023850158859679893, 0.9761498411403201]]
9265287	[1, [0.021530525049678007, 0.978469474950322]]
6882852	[1, [0.02613045814084769, 0.9738695418591523]]
74510557	[1, [0.0033083988329432046, 0.9966916011670568]]
9257886	[1, [0.009630731776209989, 0.99036926822379]]
7695379	[1, [0.03247664682840601, 0.967523353171594]]
50859885	[1, [0.01845302984714603, 0.981546970152854]]
9281142	[1, [0.004517697051698466, 0.9954823029483015]]
9281120	[1, [0.020136948305093716, 0.9798630516949063]]
