43763027	[1, [0.016524552085826594, 0.9834754479141734]]
43763056	[1, [0.005714819778006586, 0.9942851802219934]]
37176698	[1, [0.04879906775500831, 0.9512009322449917]]
13192774	[1, [0.0028307728891083794, 0.9971692271108916]]
9300943	[1, [0.008999222712227972, 0.991000777287772]]
7470981	[1, [0.00028053998084831555, 0.9997194600191517]]
6955367	[1, [0.0008641929313385477, 0.9991358070686615]]
97980776	[1, [0.03456643960971517, 0.9654335603902848]]
6176316	[1, [0.010798933989721204, 0.9892010660102788]]
71349150	[1, [0.032938162378522984, 0.967061837621477]]
6953955	[1, [0.0027844094938501707, 0.9972155905061498]]
71366291	[1, [0.037247931161849546, 0.9627520688381505]]
6980459	[1, [0.010308375054271512, 0.9896916249457285]]
6977662	[1, [0.011249969035518004, 0.988750030964482]]
9337272	[1, [0.022858009543686775, 0.9771419904563132]]
6975286	[1, [0.00010656334861713912, 0.9998934366513829]]
25193415	[1, [0.008337760242036696, 0.9916622397579633]]
6170734	[1, [0.012818575704751423, 0.9871814242952486]]
62100817	[1, [0.008332875282220154, 0.9916671247177798]]
9276750	[1, [0.01696879506574822, 0.9830312049342518]]
7371628	[1, [0.00020220225410527704, 0.9997977977458947]]
65141545	[1, [0.017142316723763762, 0.9828576832762362]]
99033903	[1, [0.04621825624607068, 0.9537817437539293]]
6983970	[1, [0.0008419379107641456, 0.9991580620892359]]
93831711	[1, [0.03152402033072066, 0.9684759796692793]]
89528284	[1, [0.032942836322706226, 0.9670571636772938]]
20764820	[1, [0.016475976084764254, 0.9835240239152357]]
9312884	[1, [0.021712443485243593, 0.9782875565147564]]
85814040	[1, [0.028441971769333385, 0.9715580282306666]]
85728028	[1, [0.031229562007214273, 0.9687704379927857]]
85788867	[1, [0.031163896962365545, 0.9688361030376345]]
74907918	[1, [0.011187690752825441, 0.9888123092471746]]
10521278	[1, [0.01047361372036304, 0.989526386279637]]
6971063	[1, [0.0007599601355043895, 0.9992400398644956]]
72998209	[1, [0.01627723540037962, 0.9837227645996204]]
6971337	[1, [0.04515240221262562, 0.9548475977873744]]
5907930	[1, [0.026100601605524187, 0.9738993983944758]]
5911412	[1, [3.092323446218792e-05, 0.9999690767655378]]
6969990	[1, [0.005564431346221976, 0.994435568653778]]
54492570	[1, [0.037339332304890616, 0.9626606676951094]]
76492094	[1, [0.00665834525285991, 0.9933416547471401]]
9216500	[1, [0.026393981327117233, 0.9736060186728828]]
7796117	[1, [0.048957389490976944, 0.9510426105090231]]
9260462	[1, [0.0037600402609284655, 0.9962399597390715]]
79083490	[1, [0.008595683399917786, 0.9914043166000822]]
79724143	[1, [0.03270474992661854, 0.9672952500733815]]
34918957	[1, [0.0005177984935178515, 0.9994822015064821]]
25562140	[1, [0.024197214797483046, 0.975802785202517]]
6086959	[1, [0.029387497330154555, 0.9706125026698454]]
6087500	[1, [0.02341411490708245, 0.9765858850929175]]
6082917	[1, [0.005808820919291802, 0.9941911790807082]]
9108934	[1, [0.015773024457177764, 0.9842269755428222]]
58287459	[1, [0.016753809736975156, 0.9832461902630248]]
9109434	[1, [0.009854327674709507, 0.9901456723252905]]
20367382	[1, [0.016419398916538097, 0.9835806010834619]]
9238203	[1, [0.027279997476871154, 0.9727200025231288]]
66639581	[1, [0.04196191393940729, 0.9580380860605927]]
9246186	[1, [0.04794594675378927, 0.9520540532462107]]
68184472	[1, [0.011900386589068557, 0.9880996134109314]]
28707574	[1, [0.04550229003725681, 0.9544977099627432]]
40087383	[1, [0.02827816664230376, 0.9717218333576962]]
33717541	[1, [0.04252932571239798, 0.957470674287602]]
7195038	[1, [0.00040073782257643575, 0.9995992621774236]]
6006258	[1, [0.005966755796265266, 0.9940332442037347]]
7188875	[1, [0.003699268238707587, 0.9963007317612924]]
74807528	[1, [0.04491466367867292, 0.9550853363213271]]
9145107	[1, [0.009854327674709507, 0.9901456723252905]]
17812704	[1, [0.010158552306182123, 0.9898414476938179]]
6541307	[1, [0.004234066003305892, 0.9957659339966941]]
11366428	[1, [0.029721459727504507, 0.9702785402724955]]
69746520	[1, [0.04065141013837659, 0.9593485898616234]]
6788831	[1, [0.0017416125860466591, 0.9982583874139533]]
6786515	[1, [0.03602424664075854, 0.9639757533592415]]
9141066	[1, [0.017023049058677242, 0.9829769509413228]]
37484643	[1, [0.024310777584728882, 0.9756892224152711]]
47492893	[1, [0.004337876762036785, 0.9956621232379632]]
98423990	[1, [0.01641245447518025, 0.9835875455248198]]
7033350	[1, [0.0022632298792593097, 0.9977367701207407]]
17053848	[1, [0.021036542309781026, 0.978963457690219]]
7331706	[1, [0.00752966747494066, 0.9924703325250593]]
9213324	[1, [0.03620592729650396, 0.963794072703496]]
9213344	[1, [0.00732848037544509, 0.9926715196245549]]
48855764	[1, [0.04869700256706044, 0.9513029974329396]]
7807233	[1, [0.010586910493166402, 0.9894130895068336]]
55028272	[1, [0.023744706144789962, 0.97625529385521]]
67500765	[1, [0.02647687007735, 0.97352312992265]]
42109670	[1, [0.014039488442250891, 0.9859605115577491]]
5241287	[1, [0.04154240760512229, 0.9584575923948777]]
56919071	[1, [0.004422363071968638, 0.9955776369280314]]
85578047	[1, [0.047665002907193776, 0.9523349970928062]]
65289247	[1, [0.02683929417781261, 0.9731607058221874]]
14939122	[1, [0.014200638152919942, 0.9857993618470801]]
7181580	[1, [0.008571564697173129, 0.9914284353028269]]
5471967	[1, [0.0013355443522892196, 0.9986644556477108]]
7687483	[1, [0.017189109480208353, 0.9828108905197916]]
63845414	[1, [0.03495465216529692, 0.9650453478347031]]
30736662	[1, [0.008137136536612855, 0.9918628634633871]]
22858315	[1, [0.00416032263102406, 0.9958396773689759]]
39764867	[1, [0.0027973173574009635, 0.997202682642599]]
7116935	[1, [0.00022196043323186032, 0.9997780395667681]]
46262683	[1, [0.03129183047397144, 0.9687081695260286]]
7173029	[1, [0.0034739633379745616, 0.9965260366620254]]
30813701	[1, [0.025004986983225508, 0.9749950130167745]]
63504312	[1, [0.009458420194192074, 0.9905415798058079]]
81584307	[1, [0.027001147969988204, 0.9729988520300118]]
81573244	[1, [0.010461858487247122, 0.9895381415127529]]
24523709	[1, [0.018139065637426732, 0.9818609343625733]]
90904466	[1, [0.015845713474507805, 0.9841542865254922]]
7429661	[1, [0.0003106941109057848, 0.9996893058890942]]
90861377	[1, [0.003707723519850048, 0.99629227648015]]
5928353	[1, [0.00031629895627538485, 0.9996837010437246]]
9201859	[1, [0.022899991809702813, 0.9771000081902972]]
7479151	[1, [0.048921394464041645, 0.9510786055359584]]
50687253	[1, [0.018719100076103, 0.981280899923897]]
9107600	[1, [5.8760583314332315e-05, 0.9999412394166857]]
6557990	[1, [0.011677957626213709, 0.9883220423737863]]
12433794	[1, [0.0002896168047518133, 0.9997103831952482]]
5635696	[1, [0.04869189392907913, 0.9513081060709209]]
6060663	[1, [0.0013450865961407432, 0.9986549134038593]]
9285628	[1, [0.039586985451024126, 0.9604130145489759]]
57724285	[1, [0.035788199525322084, 0.9642118004746779]]
16691774	[1, [0.026071222398114102, 0.9739287776018859]]
7362119	[1, [0.005292460722731707, 0.9947075392772683]]
7157215	[1, [0.0002882119524021398, 0.9997117880475979]]
60352188	[1, [0.03028273217991717, 0.9697172678200828]]
7362137	[1, [0.00013799347609078083, 0.9998620065239092]]
11878648	[1, [0.016586552321078418, 0.9834134476789216]]
64461775	[1, [0.03999515014379085, 0.9600048498562092]]
30168643	[1, [0.02074950619578675, 0.9792504938042133]]
33010803	[1, [0.019348089607770014, 0.98065191039223]]
5331774	[1, [0.011489411596023458, 0.9885105884039765]]
58569675	[1, [0.02296413574919154, 0.9770358642508085]]
86467010	[1, [0.046526317350248814, 0.9534736826497512]]
11054794	[1, [0.03378983200604424, 0.9662101679939558]]
9138609	[1, [0.02940686772842338, 0.9705931322715766]]
13880982	[1, [0.0074259058446599635, 0.99257409415534]]
18422256	[1, [0.049967655219614215, 0.9500323447803858]]
37815561	[1, [0.049893414574953776, 0.9501065854250462]]
7117399	[1, [0.006158585898647928, 0.9938414141013521]]
71727847	[1, [0.020104006639233174, 0.9798959933607668]]
6659725	[1, [0.009193442650087036, 0.990806557349913]]
9296457	[1, [0.02131855715473341, 0.9786814428452666]]
91956689	[1, [0.03935517445494863, 0.9606448255450514]]
7000806	[1, [0.002439080117721426, 0.9975609198822786]]
58234753	[1, [0.04966682394675137, 0.9503331760532486]]
53330666	[1, [0.04799685264132747, 0.9520031473586725]]
6411210	[1, [0.0073744928778941565, 0.9926255071221058]]
93023090	[1, [0.024029988840328254, 0.9759700111596717]]
89711726	[1, [0.012315002709552436, 0.9876849972904476]]
48758218	[1, [0.04705861130251909, 0.9529413886974809]]
7656899	[1, [0.01927750567679687, 0.9807224943232031]]
77119006	[1, [0.03476114262987595, 0.965238857370124]]
97062029	[1, [0.03376059797579478, 0.9662394020242052]]
86022434	[1, [0.0009389557746626309, 0.9990610442253374]]
54901865	[1, [0.037955629254045165, 0.9620443707459548]]
9236370	[1, [0.009065084560526349, 0.9909349154394737]]
48797970	[1, [0.02682162858527193, 0.9731783714147281]]
97024539	[1, [0.039068859793471744, 0.9609311402065283]]
54868037	[1, [0.004586994537996603, 0.9954130054620034]]
49255058	[1, [0.03522650873453903, 0.964773491265461]]
14276360	[1, [0.03014156872343665, 0.9698584312765633]]
34297794	[1, [0.01574689093544812, 0.9842531090645519]]
9134468	[1, [0.03822156078564154, 0.9617784392143585]]
78838360	[1, [0.023654533352763796, 0.9763454666472362]]
5373406	[1, [0.03300592393080237, 0.9669940760691976]]
85249182	[1, [0.041716735915198866, 0.9582832640848011]]
60857770	[1, [0.026131969242239816, 0.9738680307577602]]
87571818	[1, [0.02792705497223491, 0.9720729450277651]]
87572102	[1, [0.04723524769682019, 0.9527647523031798]]
96023306	[1, [0.014864484696982427, 0.9851355153030176]]
6704885	[1, [0.005467557120648836, 0.9945324428793512]]
31015417	[1, [0.0370163150738112, 0.9629836849261888]]
35698417	[1, [0.046679547775032026, 0.953320452224968]]
9274943	[1, [0.046596462664471816, 0.9534035373355282]]
6991068	[1, [0.014963327385810077, 0.9850366726141899]]
70075177	[1, [0.022357878813114573, 0.9776421211868854]]
76093947	[1, [0.008203825683185118, 0.9917961743168149]]
31506322	[1, [0.0424540985089803, 0.9575459014910197]]
32577137	[1, [0.0022485246765518996, 0.9977514753234481]]
7136660	[1, [0.017015481956121126, 0.9829845180438789]]
18300901	[1, [0.013190049582602836, 0.9868099504173972]]
84506549	[1, [0.039147876917868474, 0.9608521230821315]]
7778624	[1, [0.002720046482610927, 0.9972799535173891]]
40400425	[1, [0.021883002707106636, 0.9781169972928934]]
39832660	[1, [0.01255589813268665, 0.9874441018673134]]
61557563	[1, [0.037166643446072456, 0.9628333565539275]]
31077397	[1, [0.029386105224050718, 0.9706138947759493]]
6739352	[1, [0.0017057091646531797, 0.9982942908353468]]
6662748	[1, [0.002521433118761851, 0.9974785668812381]]
45403652	[1, [0.02916587947947935, 0.9708341205205206]]
7932318	[1, [0.014971546225684307, 0.9850284537743157]]
5473608	[1, [0.033909627876506754, 0.9660903721234932]]
5474349	[1, [0.006305349377115577, 0.9936946506228844]]
48100879	[1, [0.03901320811166642, 0.9609867918883336]]
5312044	[1, [0.006584500032034257, 0.9934154999679657]]
7401110	[1, [0.005861449072262825, 0.9941385509277372]]
64308601	[1, [0.011612763680195815, 0.9883872363198042]]
71176618	[1, [0.02100828428096202, 0.978991715719038]]
18854395	[1, [0.015056846588782924, 0.9849431534112171]]
20201385	[1, [0.01999543207075949, 0.9800045679292405]]
9231529	[1, [0.018018816599087883, 0.9819811834009121]]
86571998	[1, [0.005291887788531513, 0.9947081122114685]]
5100051	[1, [5.65497981774854e-09, 0.9999999943450202]]
73188316	[1, [0.023215446294535758, 0.9767845537054642]]
19486138	[1, [0.04279360017494571, 0.9572063998250543]]
7317709	[1, [0.019600819198855257, 0.9803991808011447]]
80874922	[1, [0.04949854757537975, 0.9505014524246203]]
82655321	[1, [0.02287686507015907, 0.9771231349298409]]
25087703	[1, [0.018491049664907555, 0.9815089503350924]]
10156912	[1, [0.02841813618127853, 0.9715818638187215]]
84815450	[1, [0.002869452110593529, 0.9971305478894065]]
42089410	[1, [0.034967210197358045, 0.965032789802642]]
6608050	[1, [0.024702843911721173, 0.9752971560882788]]
99325678	[1, [0.047272114703627244, 0.9527278852963728]]
7915269	[1, [0.027466842935243374, 0.9725331570647566]]
9114452	[1, [0.029596526798478573, 0.9704034732015214]]
