7932232	[1, [0.023132396681792455, 0.97686760331820754]]
59537100	[1, [0.028721787009912458, 0.97127821299008754]]
6377886	[1, [6.010657882826731e-05, 0.99993989342117173]]
6376599	[1, [0.021555543981159997, 0.97844445601884]]
7639006	[1, [1.161758614531827e-06, 0.99999883824138547]]
84521099	[1, [0.020935752457185486, 0.97906424754281451]]
74485996	[1, [0.0050743111578676059, 0.99492568884213239]]
5803396	[1, [0.027816257227653129, 0.97218374277234687]]
5795081	[1, [0.008993293865710239, 0.99100670613428976]]
5796795	[1, [0.0053062070819689389, 0.99469379291803106]]
7734471	[1, [0.0016774837056682257, 0.99832251629433177]]
9149324	[1, [0.012281349071566194, 0.98771865092843381]]
5813849	[1, [0.037599341513801288, 0.96240065848619871]]
7630303	[1, [0.00014042025290439408, 0.99985957974709561]]
7935594	[1, [0.046048951342994915, 0.95395104865700509]]
6395140	[1, [3.8375573958582265e-06, 0.99999616244260414]]
7667055	[1, [0.0083070464008386802, 0.99169295359916132]]
7337140	[1, [0.00096508626595270819, 0.99903491373404729]]
7873716	[1, [0.015301968674823252, 0.98469803132517675]]
5537034	[1, [0.0008980032110964542, 0.99910199678890355]]
69837958	[1, [0.016028437768303205, 0.98397156223169679]]
7256673	[1, [0.031189502439255889, 0.96881049756074411]]
5674110	[1, [0.022850482091364199, 0.9771495179086358]]
5672842	[1, [0.016658637979188318, 0.98334136202081168]]
7664492	[1, [0.04554631984245272, 0.95445368015754728]]
7291645	[1, [0.022794395351493746, 0.97720560464850625]]
5622304	[1, [0.031989192227476537, 0.96801080777252346]]
7552659	[1, [0.00056819987538836436, 0.99943180012461164]]
7371038	[1, [0.010567040675242168, 0.98943295932475783]]
7949762	[1, [0.00028676604360289293, 0.99971323395639711]]
7127965	[1, [0.011462013838039686, 0.98853798616196031]]
82219786	[1, [0.043595479623629974, 0.95640452037637003]]
76954951	[1, [0.036563434805084061, 0.96343656519491594]]
5717392	[1, [0.033721152459430526, 0.96627884754056947]]
5487754	[1, [4.1557755397048091e-05, 0.99995844224460295]]
7633218	[1, [1.3751175422793693e-06, 0.99999862488245772]]
7634321	[1, [0.00039863445319754387, 0.99960136554680246]]
7412105	[1, [0.038097828791156751, 0.96190217120884325]]
7761285	[1, [0.0062685439179178681, 0.99373145608208213]]
46377977	[1, [0.0087425365082424156, 0.99125746349175758]]
5582805	[1, [2.7058303665894456e-05, 0.99997294169633411]]
81852540	[1, [0.045955251114541462, 0.95404474888545854]]
51711224	[1, [0.039177655734195627, 0.96082234426580437]]
5684385	[1, [0.0042663604164849822, 0.99573363958351502]]
7431527	[1, [0.044361232705115827, 0.95563876729488417]]
5928915	[1, [0.00021733084678443593, 0.99978266915321556]]
5927984	[1, [0.0003156230502252555, 0.99968437694977474]]
5929394	[1, [0.00021733084678443593, 0.99978266915321556]]
7967063	[1, [0.0116254641734852, 0.9883745358265148]]
5800874	[1, [0.028542880892423517, 0.97145711910757648]]
7933307	[1, [0.006461687721678544, 0.99353831227832146]]
44210732	[1, [0.025708829226356311, 0.97429117077364369]]
5664718	[1, [0.029365838922689957, 0.97063416107731004]]
77239068	[1, [0.042056089178817535, 0.95794391082118246]]
5950861	[1, [0.0013346416680389828, 0.99866535833196102]]
7017542	[1, [0.00043316622771572, 0.99956683377228428]]
7933994	[1, [0.00013584842981462231, 0.99986415157018538]]
7478791	[1, [0.0016329353539036306, 0.99836706464609637]]
7782898	[1, [0.018803435787533518, 0.98119656421246648]]
7016445	[1, [0.019856076825591096, 0.9801439231744089]]
5610662	[1, [0.0043504780032468382, 0.99564952199675316]]
7954237	[1, [0.0011543992599404307, 0.99884560074005957]]
79774252	[1, [0.040145474532098491, 0.95985452546790151]]
5611238	[1, [0.0029185511360163563, 0.99708144886398364]]
5609808	[1, [0.0017003116355082115, 0.99829968836449179]]
5613899	[1, [0.010305488064496382, 0.98969451193550362]]
5714215	[1, [9.1972422025632383e-05, 0.99990802757797437]]
7937438	[1, [0.014374080175107329, 0.98562591982489267]]
7937943	[1, [0.0077916462202696213, 0.99220835377973038]]
6050094	[1, [0.030676581950868864, 0.96932341804913114]]
7628122	[1, [0.034563447283807891, 0.96543655271619211]]
7937714	[1, [0.0084037350054598781, 0.99159626499454012]]
7627117	[1, [0.0052291168185106818, 0.99477088318148932]]
98004540	[1, [0.021715232877129398, 0.9782847671228706]]
82991784	[1, [0.043752843413979781, 0.95624715658602022]]
5170005	[1, [0.0036043913987713339, 0.99639560860122867]]
5543110	[1, [0.00065693208610684284, 0.99934306791389316]]
5616382	[1, [0.003870131171902047, 0.99612986882809795]]
5540895	[1, [0.027285444603769138, 0.97271455539623086]]
7223843	[1, [0.048782628144862672, 0.95121737185513733]]
24501333	[1, [0.02041709975306738, 0.97958290024693262]]
97224346	[1, [0.03495823825648825, 0.96504176174351175]]
63818665	[1, [0.044735762801051737, 0.95526423719894826]]
74677652	[1, [0.0055255017322664024, 0.9944744982677336]]
5628173	[1, [0.00028446771435297613, 0.99971553228564702]]
72466029	[1, [0.047082178768768967, 0.95291782123123103]]
7956419	[1, [1.396208065618243e-05, 0.99998603791934382]]
7940611	[1, [0.04849108183232731, 0.95150891816767269]]
7940583	[1, [0.042156200795457788, 0.95784379920454221]]
7956816	[1, [8.0650539558635437e-05, 0.99991934946044136]]
6535613	[1, [0.034872522962156038, 0.96512747703784396]]
7941300	[1, [0.035767261072169654, 0.96423273892783035]]
5626778	[1, [0.019319176140533134, 0.98068082385946687]]
7940770	[1, [0.045171395838117023, 0.95482860416188298]]
5706840	[1, [0.048515131357978136, 0.95148486864202186]]
16403016	[1, [0.037048729655882351, 0.96295127034411765]]
7941251	[1, [0.00041843203894920133, 0.9995815679610508]]
7010832	[1, [0.046590064369503859, 0.95340993563049614]]
7013227	[1, [0.00069743148859968684, 0.99930256851140031]]
57261030	[1, [0.04844643558249484, 0.95155356441750516]]
6379823	[1, [0.01610382940702193, 0.98389617059297807]]
6381947	[1, [0.00056015100984674326, 0.99943984899015326]]
55729119	[1, [0.043800158001675471, 0.95619984199832453]]
57086675	[1, [0.036970693033706814, 0.96302930696629319]]
45114089	[1, [0.023354841317205, 0.976645158682795]]
28683487	[1, [0.028691148092436669, 0.97130885190756333]]
6878729	[1, [0.036687202960699827, 0.96331279703930017]]
7926232	[1, [0.0051253124395804761, 0.99487468756041952]]
5868315	[1, [0.03807611398510713, 0.96192388601489287]]
5870847	[1, [0.01392049334630252, 0.98607950665369748]]
99022067	[1, [0.028292892116976276, 0.97170710788302372]]
16765405	[1, [0.0010128531343026603, 0.99898714686569734]]
6981761	[1, [0.0010483896597576203, 0.99895161034024238]]
5310352	[1, [6.6327095426199634e-05, 0.9999336729045738]]
7957516	[1, [0.0001687895289871344, 0.99983121047101287]]
64319892	[1, [0.030356435679301241, 0.96964356432069876]]
17210816	[1, [0.045801670776718373, 0.95419832922328163]]
7927101	[1, [0.00087499804357060729, 0.99912500195642939]]
86004939	[1, [0.011437701530650268, 0.98856229846934973]]
7229618	[1, [0.032863548696345446, 0.96713645130365455]]
7961338	[1, [0.0085754220760223543, 0.99142457792397765]]
6966801	[1, [0.020238699629253731, 0.97976130037074627]]
7961618	[1, [1.396208065618243e-05, 0.99998603791934382]]
18800155	[1, [0.045029281737209437, 0.95497071826279056]]
47714952	[1, [0.042140863832386355, 0.95785913616761365]]
5929465	[1, [0.037825542754791219, 0.96217445724520878]]
7625802	[1, [0.033972277188936251, 0.96602772281106375]]
5923526	[1, [0.0022802266623903611, 0.99771977333760964]]
5930300	[1, [0.0008100723091205575, 0.99918992769087944]]
7935304	[1, [0.010038655152688203, 0.9899613448473118]]
52917911	[1, [0.02093692820456261, 0.97906307179543739]]
7934541	[1, [0.028803674704348081, 0.97119632529565192]]
6084211	[1, [0.044663935796185328, 0.95533606420381467]]
74557824	[1, [0.030551487000862187, 0.96944851299913781]]
51556706	[1, [0.0087421769832256579, 0.99125782301677434]]
7705322	[1, [0.028194909080643704, 0.9718050909193563]]
5525628	[1, [0.019911707931840827, 0.98008829206815917]]
7925032	[1, [0.00049379531729065729, 0.99950620468270934]]
7925302	[1, [0.0011348812275150388, 0.99886511877248496]]
6008650	[1, [0.025433179559782082, 0.97456682044021792]]
5656215	[1, [0.042969478373777403, 0.9570305216262226]]
76789301	[1, [0.022315606411879019, 0.97768439358812098]]
5366125	[1, [0.031100800468588652, 0.96889919953141135]]
7922483	[1, [0.018180552682744544, 0.98181944731725546]]
5785933	[1, [0.034320030931798806, 0.96567996906820119]]
7922506	[1, [0.048134677640876089, 0.95186532235912391]]
59880896	[1, [0.0096865795937070009, 0.990313420406293]]
7959156	[1, [0.028905934511413101, 0.9710940654885869]]
7959325	[1, [0.0060503903158739547, 0.99394960968412605]]
7273648	[1, [0.046537667251155712, 0.95346233274884429]]
48643317	[1, [0.035901070645302569, 0.96409892935469743]]
