5161663	1
7279611	1
7968450	1
5768140	1
7959966	1
7261923	1
7437858	1
5767719	1
87038432	1
7261078	1
35037882	1
27329575	1
5156082	1
7281583	1
7259672	1
7261322	1
5308166	1
5651063	1
7718819	1
6453592	1
5531819	1
55563446	1
7719903	1
6452744	1
7976927	1
5467394	1
5651580	1
5652637	1
5467211	1
7714981	1
5725697	1
6455658	1
5366506	1
70312894	1
76458500	1
6455555	1
7444207	1
5363175	1
5653668	1
7720759	1
5304605	1
5367811	1
5651311	1
5363579	1
5468394	1
5366125	1
14618305	1
5549264	1
36760993	1
55531924	1
5305517	1
5304932	1
7720219	1
5652561	1
5363585	1
5551402	1
5805991	1
7162891	1
5807445	1
5687729	1
5603012	1
26864522	1
5807424	1
33328769	1
5602638	1
5808617	1
5807416	1
74524254	1
7916910	1
6097806	1
5807853	1
5805989	1
5806016	1
10494251	1
5689284	1
5805992	1
5601789	1
5805990	1
95769089	1
7163300	1
7408226	1
6810303	1
5808377	1
7785363	1
66136723	1
5565827	1
5567078	1
5581437	1
6562536	1
35556050	1
5634829	1
5634226	1
5633324	1
5583790	1
7265388	1
5248483	1
5262167	1
67771412	1
66204105	1
5633167	1
7996772	1
62869011	1
6452033	1
5985948	1
6450410	1
6449089	1
6596719	1
6448891	1
28252311	1
6449351	1
6447797	1
7128106	1
5883499	1
82831887	1
6448278	1
9288827	1
7949289	1
6387819	1
6447776	1
7125068	1
5882581	1
6736557	1
7950002	1
10786654	1
9139763	1
39126174	1
79047928	1
7722903	1
6605570	1
39152482	1
39087646	1
7723083	1
6161138	1
6159882	1
6605981	1
22035385	1
7538812	1
5669250	1
7868506	1
6037808	1
7598662	1
7870761	1
67349681	1
9102671	1
5474720	1
55835824	1
5474250	1
82157782	1
5785528	1
5473370	1
9198614	1
6104175	1
5474411	1
71028102	1
5472627	1
6960765	1
5785551	1
6961008	1
5474943	1
5785014	1
5473126	1
10610813	1
5472899	1
5787569	1
83293350	1
6507633	1
57236330	1
7681057	1
5463682	1
5459372	1
6261658	1
7683138	1
24927676	1
5458176	1
7989274	1
7989515	1
7938522	1
7939182	1
7989786	1
7824502	1
5456823	1
7682897	1
7681130	1
5788429	1
66947155	1
5509738	1
5348197	1
7955027	1
6607995	1
9006636	1
5405423	1
5672842	1
48423443	1
6039621	1
7257021	1
7974467	1
7258123	1
7951706	1
9255254	1
6882983	1
7974507	1
72240801	1
6267122	1
5674110	1
84750996	1
6981413	1
7889464	1
7300778	1
7969537	1
82931623	1
88594668	1
7968849	1
7674562	1
7677432	1
6551916	1
7889838	1
7888882	1
7299607	1
5866535	1
73534254	1
7968880	1
6981690	1
7888858	1
6553272	1
6982548	1
19132412	1
6983090	1
6555346	1
7889262	1
88585666	1
7847876	1
7725748	1
7726160	1
7941180	1
7322720	1
5627014	1
7965135	1
7919496	1
5626359	1
7319941	1
16368626	1
5878438	1
13717069	1
7928104	1
6140285	1
7919497	1
7321505	1
7956790	1
7920991	1
7921023	1
7928500	1
5626086	1
64608493	1
32250422	1
6142651	1
7320243	1
29729507	1
5281956	1
7964480	1
44632868	1
7456265	1
5536745	1
7894402	1
5535776	1
5537497	1
6563976	1
6127371	1
7894940	1
6564279	1
7894628	1
5536879	1
7873091	1
5537092	1
7893511	1
7037251	1
5537099	1
7667898	1
7964288	1
9028999	1
7031211	1
7893873	1
7025105	1
7979636	1
44779894	1
6712706	1
94812361	1
7914696	1
55750309	1
7103829	1
9307480	1
7101689	1
7792562	1
7979665	1
7003340	1
58477683	1
9258116	1
7102600	1
7100664	1
7914697	1
5352042	1
50600077	1
24247912	1
6445173	1
60512466	1
50590884	1
7419078	1
6072927	1
5692186	1
6442927	1
95336389	1
7801455	1
40025272	1
50595895	1
31533057	1
6444551	1
7422333	1
31529718	1
5691551	1
5692505	1
5980235	1
7528844	1
5104845	1
5301887	1
5104003	1
5978459	1
5301873	1
63728126	1
5303508	1
69738684	1
5105109	1
5304085	1
5286044	1
6050865	1
93343651	1
6546624	1
9116506	1
6543447	1
82733542	1
5103797	1
6787022	1
6787291	1
5105131	1
7833676	1
6050942	1
5303217	1
5302274	1
6539063	1
5302149	1
5301748	1
5102768	1
7533959	1
7835868	1
6050711	1
63733059	1
7835994	1
5104921	1
6051422	1
5103796	1
6441563	1
57968473	1
5660158	1
6439492	1
6703584	1
6441345	1
5660740	1
6705403	1
5557820	1
7517244	1
7519096	1
6441142	1
7057963	1
6439033	1
7063576	1
6947952	1
5556621	1
6440321	1
86138883	1
5557159	1
5555740	1
5555299	1
6441279	1
6948495	1
7132107	1
6440982	1
7072877	1
7517997	1
5659630	1
6440877	1
7512496	1
82434062	1
5661128	1
5659701	1
6441734	1
5659905	1
5658213	1
5128360	1
6044047	1
83863116	1
6472648	1
6044693	1
94010376	1
7223609	1
5539426	1
6045535	1
94056988	1
5539345	1
5619541	1
9158083	1
41617750	1
5128876	1
5128129	1
7222455	1
5128252	1
5544470	1
6045606	1
6472477	1
5538336	1
5540684	1
5128124	1
5731618	1
6472920	1
6473077	1
5123849	1
6470590	1
5127833	1
6999032	1
5798470	1
7000560	1
6997035	1
88245406	1
99175030	1
6998063	1
7001123	1
5800855	1
96677534	1
9346062	1
7849673	1
88217601	1
5801935	1
6997660	1
9297789	1
7617961	1
14239186	1
7580308	1
6999824	1
58189625	1
6366994	1
6874279	1
6360650	1
5428078	1
27665503	1
7705635	1
5824724	1
5825179	1
5428288	1
5771903	1
5426815	1
5428235	1
28059002	1
33870206	1
5429217	1
13248116	1
5792205	1
5822200	1
5821356	1
27649383	1
33840208	1
5425727	1
5428648	1
47350463	1
57616828	1
5826560	1
5425576	1
5429054	1
5425499	1
6763063	1
5427529	1
5429219	1
47352137	1
5429414	1
5825936	1
5425883	1
5820158	1
5825521	1
5792001	1
7778826	1
79135830	1
7573092	1
5397868	1
7634792	1
5192451	1
27797409	1
7778889	1
5401331	1
50433710	1
69939426	1
7970377	1
7778009	1
7778322	1
5402050	1
5401759	1
7778339	1
9053134	1
7778518	1
78796985	1
7728009	1
7169639	1
7778865	1
40456345	1
7779017	1
7778103	1
84556463	1
16251317	1
20433693	1
5217341	1
5622240	1
5217336	1
7403794	1
44733647	1
45975866	1
7404089	1
7944649	1
5217339	1
7804565	1
6623330	1
6627797	1
7249187	1
78562944	1
6994896	1
6622366	1
70114908	1
7976006	1
49812773	1
7975858	1
5705166	1
5812646	1
5705173	1
5705067	1
10330105	1
5705069	1
5705151	1
5914710	1
5705174	1
5813008	1
5705077	1
5705140	1
5812986	1
5813770	1
5705134	1
27078959	1
67983273	1
5705745	1
5914757	1
5816274	1
6619086	1
72666697	1
5705195	1
5915920	1
5915598	1
88636931	1
5705054	1
5705607	1
5813666	1
42510078	1
5815434	1
5705141	1
6122768	1
95165288	1
5916189	1
5705129	1
7631109	1
53349781	1
6412568	1
5665082	1
6237659	1
7960619	1
5665775	1
6415591	1
7960508	1
5665194	1
7960571	1
5754142	1
93074750	1
6238553	1
5751093	1
6406028	1
9342352	1
5665624	1
6026975	1
6859300	1
71018730	1
40799657	1
7650669	1
5629118	1
6858434	1
5263910	1
15651879	1
5632302	1
36970023	1
74712905	1
6001096	1
5629563	1
5764604	1
36551991	1
5763744	1
5764327	1
52507701	1
6490912	1
7231126	1
7983641	1
7749749	1
7963799	1
7654520	1
9013658	1
6966446	1
5760478	1
77771269	1
7655219	1
7358271	1
6488805	1
7748666	1
6932430	1
7963610	1
76409649	1
7654232	1
7748872	1
6967974	1
7749579	1
7962198	1
94191609	1
7356831	1
7356919	1
6492819	1
6493587	1
6487644	1
68625091	1
5558749	1
14579731	1
6900358	1
68586172	1
44344841	1
53065482	1
56949241	1
5560721	1
5795179	1
5561837	1
5559419	1
56990595	1
7981046	1
6049618	1
85623468	1
5470688	1
95321609	1
5470631	1
5471918	1
85597391	1
6789562	1
5472060	1
9012078	1
6049323	1
7626253	1
7177503	1
5469300	1
6789752	1
96825113	1
7179734	1
7178962	1
7986228	1
7904430	1
7886670	1
5874774	1
5912018	1
7886701	1
6973082	1
7986381	1
6755442	1
5492124	1
7904135	1
6917654	1
7634504	1
5268919	1
6617491	1
7903817	1
5911793	1
5872681	1
5697986	1
7807940	1
5698464	1
19305750	1
5700201	1
6431159	1
5265303	1
7350594	1
5700498	1
22080806	1
5580826	1
5699837	1
6047372	1
6047517	1
7876306	1
6046808	1
28956817	1
38486525	1
77678567	1
7878202	1
7978725	1
5214076	1
6134517	1
73799766	1
6047430	1
6045976	1
7365198	1
5212976	1
7118293	1
5213550	1
7092282	1
6046323	1
7979039	1
7875463	1
6136917	1
7367412	1
5106891	1
5245315	1
7892534	1
5734649	1
28984782	1
5734479	1
5552151	1
28967209	1
5663316	1
5553446	1
5554751	1
7891919	1
69268579	1
5109254	1
5649238	1
5661246	1
5663108	1
5554823	1
88856870	1
5245572	1
88445426	1
29310240	1
7383206	1
5554341	1
5650213	1
34322158	1
7697916	1
25936153	1
13254933	1
7738153	1
7696457	1
6284541	1
20972685	1
7959265	1
47092641	1
6294447	1
7271167	1
7958926	1
7959497	1
65218377	1
5376896	1
7959388	1
17564219	1
7123257	1
71179787	1
7740666	1
7123161	1
52590757	1
9305124	1
6158121	1
6860949	1
7185341	1
55269642	1
5739050	1
7182973	1
93997114	1
7200160	1
6065789	1
69066068	1
69070071	1
56128184	1
7948585	1
7787147	1
7184918	1
5738548	1
7184643	1
7832717	1
57105973	1
6944817	1
5116165	1
6777663	1
6944993	1
6781562	1
7603970	1
5119716	1
7898326	1
35832881	1
7903096	1
7899564	1
6906973	1
7788119	1
7606104	1
5119734	1
7898989	1
7899439	1
59811623	1
5432108	1
5431320	1
7779679	1
6487192	1
5430936	1
7815628	1
6481259	1
7781205	1
5310352	1
5429804	1
73672646	1
5431760	1
7839673	1
9115298	1
6478181	1
7488662	1
5431933	1
6476933	1
5308840	1
6484375	1
7396313	1
5311170	1
5311661	1
7393949	1
7779217	1
5311594	1
7779737	1
6486655	1
5452165	1
6480442	1
37589802	1
6479088	1
6480109	1
5431088	1
7972664	1
6486215	1
5431109	1
7957805	1
5432170	1
5431244	1
7780356	1
25290442	1
6480434	1
59724559	1
7779874	1
7972349	1
5429785	1
7779487	1
5229970	1
9074135	1
33286432	1
5228996	1
7925947	1
52349297	1
89237402	1
6111722	1
5228424	1
5228437	1
55152575	1
92518530	1
6110150	1
40357435	1
6110634	1
11774538	1
7844302	1
5228435	1
5228428	1
6111185	1
6110171	1
6514429	1
5230301	1
5482377	1
6432857	1
5480996	1
6080781	1
16603478	1
5480679	1
6466170	1
6467044	1
5480373	1
42439106	1
11921380	1
78709497	1
6468209	1
6432448	1
6977694	1
6980130	1
96857944	1
6977579	1
6468737	1
25194845	1
6465343	1
5481054	1
7237317	1
5115606	1
7988223	1
5574875	1
5115612	1
22844685	1
5115607	1
22579584	1
5252951	1
7988219	1
7646428	1
7116643	1
7971197	1
5115608	1
5111973	1
7176967	1
5115605	1
5833112	1
5834186	1
7694730	1
15024506	1
7859371	1
7641363	1
5831577	1
10075401	1
64475780	1
5829368	1
54415690	1
5830295	1
5181046	1
15071878	1
7695908	1
5180222	1
5548188	1
7695302	1
5186181	1
5952325	1
7695449	1
5182545	1
6369891	1
6369888	1
5548070	1
5175721	1
5830430	1
5614016	1
7051432	1
5809202	1
7953860	1
30569419	1
5854214	1
6726300	1
7055158	1
6726690	1
7953830	1
7950586	1
7950674	1
6723330	1
54563428	1
6043541	1
53802649	1
5809779	1
5610849	1
5809082	1
6144678	1
6145957	1
7950724	1
5809017	1
6146601	1
6148532	1
6951797	1
5809749	1
7953991	1
6148396	1
54138467	1
7950955	1
6147359	1
7782049	1
5478056	1
7782285	1
7526691	1
7818001	1
6672945	1
7782509	1
5477012	1
5476769	1
7326675	1
7782358	1
5479344	1
7781536	1
45559048	1
6107549	1
22254878	1
73085018	1
7524965	1
7782923	1
25613484	1
7782898	1
5478002	1
5359524	1
5100770	1
17464509	1
7018094	1
5100013	1
54057550	1
73195212	1
5100643	1
5701246	1
73154878	1
7612256	1
45717926	1
6417311	1
7684524	1
5100004	1
5701619	1
51260643	1
92116880	1
7319206	1
7686120	1
54040739	1
5316097	1
6371146	1
5421027	1
5233411	1
9209925	1
6829441	1
15654269	1
6842013	1
5236142	1
61591575	1
5234924	1
6219063	1
5729543	1
36865477	1
5236143	1
5421108	1
5743204	1
5728029	1
5235071	1
7955853	1
5412852	1
5233579	1
5420802	1
5727926	1
5421044	1
5233466	1
6837540	1
7933425	1
5235076	1
13544993	1
5234310	1
6117729	1
7099669	1
6872851	1
40948765	1
7109490	1
7098569	1
6117723	1
36960659	1
7004110	1
7136672	1
7105126	1
7984795	1
7138384	1
9155357	1
7008283	1
7099293	1
7110915	1
7008258	1
7984762	1
7095176	1
7109635	1
5524077	1
7006783	1
7984429	1
7139597	1
5525258	1
34662337	1
7141299	1
7007267	1
7004836	1
31195034	1
7962827	1
53679387	1
7940307	1
6577193	1
7157795	1
7361057	1
7906320	1
7150840	1
7156985	1
7202192	1
5528323	1
5527852	1
47441806	1
19774459	1
5528031	1
46474055	1
7209026	1
5563050	1
7206832	1
7152836	1
7360219	1
7157280	1
53739953	1
5527885	1
5529709	1
5565130	1
7156882	1
7205259	1
45473949	1
5162625	1
7219845	1
7714227	1
6526777	1
6176179	1
6956035	1
7375051	1
7659474	1
5258286	1
61092511	1
76808874	1
5259287	1
7709928	1
6825112	1
7213252	1
7643182	1
6458934	1
6958236	1
5162593	1
7657778	1
7710869	1
6955974	1
7214321	1
5259320	1
6825388	1
6957743	1
6462742	1
7220285	1
6956643	1
7710171	1
5781562	1
5782629	1
5781551	1
5781575	1
5605675	1
51882340	1
52003375	1
5781559	1
7856163	1
6943238	1
81807356	1
6068356	1
6069071	1
5781568	1
59258104	1
7295748	1
5782355	1
5781555	1
5781548	1
5523001	1
5781556	1
7854852	1
32332186	1
5781569	1
5781570	1
5784554	1
7858030	1
5781544	1
59227224	1
7295802	1
5781564	1
16118582	1
96357264	1
9148001	1
90866909	1
6845222	1
5144332	1
6151769	1
63564570	1
24510878	1
5142951	1
5641218	1
5920928	1
5637014	1
5685218	1
6149528	1
5141932	1
7794374	1
5641450	1
5142939	1
6150801	1
5695655	1
5693911	1
5920400	1
5637858	1
7966371	1
5685080	1
5144331	1
82287454	1
7966847	1
5682841	1
5685498	1
7148235	1
7494801	1
6152167	1
6633321	1
5864393	1
5321821	1
5322797	1
6495224	1
5319266	1
89347458	1
7224748	1
5863868	1
7913041	1
5272363	1
7226789	1
7910850	1
5322808	1
64919655	1
7622771	1
6496336	1
5322973	1
5273311	1
5274482	1
5271679	1
5271909	1
5865683	1
6666287	1
5655132	1
6718461	1
26218123	1
5655632	1
49114829	1
5656412	1
5224164	1
7982988	1
7982498	1
7724108	1
84127631	1
7704241	1
47712021	1
7750960	1
6717836	1
5224108	1
7724345	1
7701990	1
9024766	1
16722524	1
5224167	1
6131276	1
53544057	1
5422169	1
5425321	1
6584170	1
6133421	1
5423586	1
5424654	1
5423144	1
6131101	1
5423263	1
6132254	1
6132052	1
5422877	1
5152091	1
5423455	1
7934599	1
5422445	1
6132275	1
6131280	1
6131442	1
5423930	1
5152348	1
46602823	1
5425135	1
5421350	1
9237639	1
5423221	1
5423836	1
6584829	1
