98785522	1
74859080	1
28670522	1
9074458	1
9073661	1
6114341	1
9073542	1
52404549	1
9074075	1
6113301	1
33294877	1
71923913	1
98819691	1
6877961	1
79228729	1
67061090	1
9073864	1
26433142	1
79209849	1
9073476	1
6878021	1
9273625	1
9074128	1
9073736	1
9074138	1
7844008	1
9073842	1
9272993	1
9073705	1
9073658	1
92522687	1
9074231	1
52411196	1
7985579	1
5228996	1
98819725	1
26451378	1
5229007	1
74873934	1
6878081	1
9074164	1
45123351	1
11755256	1
9074189	1
6112837	1
28672868	1
79257918	1
71973312	1
89219584	1
40372671	1
5228435	1
67028115	1
45133783	1
61333784	1
71943291	1
9074059	1
5675245	1
82383878	1
9074333	1
9074149	1
61329314	1
18366050	1
9073745	1
9074113	1
9073815	1
9074324	1
98818523	1
61281373	1
18364175	1
33323205	1
39040203	1
9073503	1
9074199	1
9073808	1
9073721	1
5228995	1
9073898	1
68181516	1
74851272	1
9074056	1
9273484	1
5229013	1
5675247	1
28679348	1
79258422	1
9074293	1
61299762	1
9073757	1
71979302	1
89215469	1
9073463	1
68148663	1
40373961	1
9074281	1
79268014	1
9073823	1
40348210	1
35420239	1
6518191	1
33260556	1
9272610	1
9074221	1
92516339	1
97931054	1
9016099	1
97958820	1
86302084	1
9284912	1
63485739	1
9283711	1
21046729	1
74918321	1
67620657	1
85832311	1
9284007	1
61466938	1
61479330	1
5766322	1
9284315	1
9312756	1
47166398	1
5767964	1
12330476	1
9017031	1
5156706	1
6985999	1
45820596	1
45842892	1
57856749	1
9016499	1
40184477	1
38380633	1
9016653	1
66320966	1
9284732	1
12325996	1
20907861	1
45837169	1
20919816	1
9311402	1
9311513	1
27340288	1
74914858	1
7730297	1
9312151	1
62644256	1
5765437	1
40200817	1
74894906	1
97911583	1
27328902	1
86297426	1
6988759	1
9283836	1
21000320	1
21019742	1
57862359	1
9283642	1
9312274	1
5768846	1
7730181	1
85723614	1
64110358	1
85832452	1
9284270	1
9283544	1
38419968	1
40583094	1
9017018	1
9283469	1
9283606	1
7959919	1
9283556	1
18715339	1
9311761	1
63473807	1
40557909	1
86999117	1
9284099	1
64111959	1
83091624	1
9284427	1
5769735	1
27340111	1
9284204	1
18734825	1
47156389	1
21042886	1
5768934	1
7437847	1
9016816	1
9312046	1
5769137	1
40608063	1
87023237	1
9016633	1
9247792	1
50002136	1
7625634	1
9247527	1
5931518	1
6347351	1
50031322	1
67501156	1
93504586	1
89351867	1
9077533	1
9076773	1
9077099	1
7625793	1
7625611	1
67489910	1
5933022	1
5922056	1
42104024	1
7625625	1
5931573	1
9246562	1
5931358	1
83348509	1
6633248	1
9077320	1
9246407	1
9247901	1
93498417	1
9077293	1
9247152	1
89299620	1
67522862	1
5932000	1
62525894	1
89362821	1
5931878	1
9077654	1
17732038	1
6679134	1
89411126	1
9077213	1
16545938	1
67523646	1
9247758	1
70930693	1
7625731	1
9076872	1
16530739	1
62489363	1
9247841	1
9077045	1
93540343	1
5275057	1
9076818	1
5931831	1
70937875	1
9077109	1
66083662	1
7625687	1
5933068	1
70920391	1
9247990	1
5932381	1
70927109	1
44463887	1
17684586	1
5931112	1
9315171	1
19900925	1
9076916	1
44466164	1
9247539	1
9076694	1
64890598	1
9077303	1
9302634	1
9315389	1
89335705	1
6676213	1
9315768	1
5931756	1
9301928	1
57231970	1
9076677	1
15762958	1
9315574	1
9301562	1
42173756	1
70903839	1
67483860	1
16502468	1
81222426	1
7624562	1
5931998	1
9076718	1
19894471	1
5865088	1
9076941	1
19931858	1
89329197	1
42173534	1
9301836	1
7625775	1
5931089	1
9247097	1
15780580	1
9076752	1
5931239	1
17703985	1
9247636	1
9247833	1
42116264	1
9316124	1
9076717	1
64951974	1
17705923	1
9315270	1
5932015	1
9246452	1
9076670	1
62520314	1
9077367	1
9076913	1
50001430	1
9077349	1
9246819	1
6678632	1
9247440	1
5931195	1
64958526	1
9302882	1
70898718	1
9072183	1
6957541	1
7472312	1
57606184	1
5934209	1
9149962	1
9072171	1
9300359	1
7373660	1
6525645	1
98038925	1
15098680	1
5936444	1
9150499	1
82972926	1
9150021	1
5933262	1
5935622	1
5934105	1
5935029	1
94482892	1
89058170	1
6954169	1
5934945	1
5934485	1
42184006	1
9003845	1
5935026	1
7658142	1
94465691	1
5936352	1
7376081	1
82977062	1
9299705	1
61117997	1
9072153	1
42195551	1
5933607	1
9300388	1
5934102	1
7644000	1
9150237	1
75760508	1
5934994	1
61120800	1
9300098	1
97980086	1
9072308	1
5936443	1
5936022	1
61125427	1
9072154	1
71220551	1
7212225	1
15131202	1
82955254	1
82960023	1
97996728	1
7988099	1
71360287	1
6176809	1
5933274	1
5936343	1
5934995	1
89003359	1
9070291	1
5934132	1
6954883	1
6526457	1
5934830	1
9150224	1
7372570	1
5935161	1
9003938	1
9072275	1
5936353	1
7373795	1
97999423	1
89033793	1
5936439	1
97997905	1
9072151	1
5933695	1
29830901	1
9300320	1
9150112	1
7376264	1
42190112	1
9004564	1
37315385	1
5935554	1
5259254	1
7643040	1
7852812	1
82961806	1
6954065	1
9108146	1
19449525	1
12337219	1
7390018	1
51814348	1
9108128	1
9201117	1
43962834	1
9200813	1
9107577	1
9107771	1
9201127	1
9201685	1
58390881	1
61680590	1
9107655	1
87178759	1
9107994	1
9131797	1
58359706	1
9201791	1
73080037	1
34599878	1
11179824	1
34569113	1
50668135	1
29631168	1
34597631	1
11166993	1
9066874	1
7524238	1
42839201	1
7386237	1
9200693	1
9132000	1
9131946	1
9132383	1
9107616	1
9108389	1
27906182	1
7385912	1
6673397	1
42787480	1
58140950	1
58164753	1
12070720	1
9107922	1
6672698	1
73112652	1
22247537	1
12107286	1
87143634	1
52702652	1
7390196	1
25608093	1
9201572	1
43950052	1
51823269	1
6672777	1
9107796	1
61713452	1
45547339	1
58136448	1
9108106	1
9108431	1
58368381	1
29630370	1
27953132	1
9202088	1
19430360	1
7113496	1
5478465	1
9201528	1
7522794	1
34559834	1
12373587	1
73082898	1
12080578	1
11166649	1
76572300	1
58151763	1
29650581	1
9200491	1
9202172	1
27915639	1
45574109	1
25628859	1
7519790	1
31896607	1
9212448	1
9293635	1
7656936	1
9235806	1
9211643	1
9191434	1
9211833	1
7733174	1
28816412	1
33493409	1
86070143	1
68559800	1
9149826	1
47924216	1
13139438	1
9294015	1
9236093	1
54841971	1
5849766	1
9212003	1
5849011	1
24068163	1
5796543	1
79646551	1
9294264	1
27993052	1
7906790	1
54867738	1
97010553	1
9236590	1
68600895	1
77142578	1
64845356	1
9236173	1
9294330	1
9236358	1
44355955	1
9211475	1
79637452	1
9235465	1
68545095	1
28749670	1
9236658	1
56956170	1
28001353	1
5796023	1
68541278	1
9212046	1
14558472	1
9236118	1
9211653	1
6352003	1
9236365	1
77170992	1
9211493	1
9211730	1
33510711	1
31904591	1
54846245	1
77161245	1
9235699	1
77149503	1
86025965	1
47887544	1
99742485	1
47932649	1
9294265	1
5793172	1
13127743	1
9236416	1
90310695	1
5795991	1
9212274	1
9235556	1
9149418	1
9211743	1
9236474	1
9294011	1
9149464	1
99683486	1
47916476	1
9237003	1
77149429	1
27991302	1
33491884	1
35262484	1
24045813	1
5795576	1
68648287	1
9294225	1
24010445	1
5849012	1
9212045	1
56988692	1
9294387	1
28789075	1
9149037	1
9203527	1
65829553	1
53221974	1
43275606	1
9110850	1
6288311	1
6154384	1
9202345	1
89206887	1
59913830	1
59925741	1
65824117	1
9203289	1
76161507	1
6211943	1
9111063	1
9202872	1
9203318	1
7121519	1
9202401	1
6294694	1
6284322	1
9111036	1
17567092	1
33237788	1
7124005	1
9110475	1
9305447	1
73270449	1
98109257	1
7123537	1
47094290	1
7120454	1
65237963	1
9203452	1
9110379	1
6281795	1
53168438	1
9202495	1
31612644	1
9111102	1
78853582	1
76160916	1
33217587	1
31633566	1
9306066	1
7740102	1
13283173	1
76201521	1
5373897	1
7696147	1
6291903	1
20948196	1
9203368	1
9203369	1
6280721	1
9202652	1
35760757	1
7959044	1
76149542	1
9305653	1
9305079	1
9110129	1
7696277	1
9203126	1
26730328	1
9110983	1
7697025	1
6286905	1
9204036	1
26717352	1
9203064	1
9305616	1
88803062	1
33240584	1
83709134	1
17580353	1
43218879	1
9111091	1
20991090	1
7124430	1
65766050	1
96075187	1
5728013	1
6839363	1
60853805	1
9211133	1
85232960	1
5234392	1
61802759	1
5728154	1
5232809	1
43621649	1
61822848	1
97072559	1
9270412	1
9211064	1
9038428	1
85232772	1
48153240	1
43659166	1
5727926	1
9038985	1
9209487	1
61848599	1
87568804	1
61805125	1
15693399	1
9271443	1
91729585	1
9109937	1
7999701	1
26790595	1
95486585	1
72868818	1
87513124	1
5234366	1
9109981	1
7955871	1
72115529	1
9210163	1
71450385	1
72063346	1
9210719	1
9271546	1
9209505	1
72855387	1
72833349	1
7974940	1
9039169	1
9038489	1
7933418	1
9038681	1
72821903	1
9209563	1
9209418	1
9038353	1
5744560	1
85244843	1
9109975	1
9039247	1
9210642	1
9210056	1
9210954	1
5232876	1
9270184	1
5236414	1
26821316	1
9210484	1
7934246	1
9209472	1
9109930	1
91728869	1
9209629	1
5234372	1
9271839	1
61815745	1
9270624	1
65865827	1
97098298	1
9110080	1
61801058	1
7975279	1
6841892	1
91698902	1
38178810	1
9210371	1
7861596	1
9319012	1
99540886	1
7640951	1
75259105	1
7694295	1
10967372	1
6369781	1
10990941	1
25816753	1
99551554	1
56569061	1
5835826	1
69797654	1
15074793	1
29455947	1
9318169	1
30178100	1
25824081	1
9318482	1
7693960	1
84284444	1
96152982	1
6571441	1
48681373	1
92654799	1
18520755	1
54427945	1
9317931	1
15042234	1
17281982	1
56605473	1
9318650	1
75316680	1
5954541	1
77333965	1
92699433	1
83785147	1
5187115	1
10999617	1
59452568	1
7642403	1
6370878	1
84332845	1
92655347	1
34003828	1
10949663	1
92706310	1
18465035	1
6571337	1
29396682	1
6368692	1
49348817	1
59466621	1
54432377	1
9318832	1
7695916	1
53446960	1
90248011	1
9317932	1
18514066	1
29461531	1
29415255	1
54411023	1
7994959	1
5547952	1
54423722	1
59481783	1
5186376	1
9318986	1
10133841	1
53507552	1
7695379	1
56569683	1
7693457	1
7642225	1
83816369	1
69947420	1
9241455	1
9084715	1
9084674	1
7990742	1
9083886	1
7727366	1
30027835	1
9242058	1
57442756	1
81950730	1
57409081	1
9084237	1
9084669	1
9084218	1
79154620	1
9084699	1
7727264	1
7639313	1
9084047	1
9084108	1
62573092	1
40436905	1
9084394	1
40434536	1
9241304	1
7171338	1
40463494	1
9084555	1
9084232	1
9084062	1
7638745	1
9084203	1
9084542	1
78790878	1
27761311	1
9084676	1
84552977	1
49539850	1
7727282	1
9084465	1
9026675	1
9084451	1
7172286	1
9084384	1
7635293	1
30023639	1
7990726	1
9242229	1
81893419	1
18258717	1
63366135	1
7573910	1
6377727	1
49081967	1
9084086	1
9241589	1
9084642	1
9084735	1
79166121	1
69557019	1
50421009	1
9084444	1
69541273	1
9084181	1
9084182	1
9242593	1
67177715	1
9084618	1
9084001	1
9241495	1
9083962	1
40408097	1
49585976	1
9084200	1
7573442	1
9084311	1
57391986	1
62602007	1
7635857	1
7638790	1
7172010	1
9084429	1
9241712	1
9241700	1
50440181	1
9084639	1
9241721	1
9242077	1
5401759	1
9241901	1
78817992	1
49028750	1
9084298	1
9084617	1
62569673	1
7728680	1
9242577	1
9084044	1
9084495	1
75694590	1
9083954	1
34359804	1
9084503	1
50462955	1
9084235	1
9084025	1
7727661	1
9084628	1
9241746	1
62587414	1
9242181	1
9242103	1
9084491	1
9083949	1
50506487	1
9084343	1
9242645	1
9084490	1
60659857	1
9241774	1
69974869	1
9084234	1
9241578	1
9084693	1
9084013	1
9083858	1
7636220	1
57409926	1
9084711	1
9084359	1
18926414	1
9084742	1
9241803	1
9241053	1
29387930	1
29377360	1
9124593	1
41588751	1
42399000	1
9123936	1
63333837	1
9124212	1
5123650	1
86457371	1
9158154	1
24442740	1
58034170	1
86458617	1
58626461	1
42345038	1
81431554	1
58040958	1
81451203	1
68219739	1
37208772	1
83892670	1
9157818	1
5733227	1
34126639	1
83836774	1
6685172	1
81510535	1
6239273	1
81430213	1
86471588	1
6239203	1
60050275	1
9124515	1
29383635	1
9158217	1
24442765	1
5130104	1
68252242	1
94065002	1
34128163	1
60050966	1
9157303	1
54635695	1
42374857	1
69638180	1
9157569	1
60070741	1
47937354	1
94054442	1
9124468	1
9124020	1
68255452	1
22492195	1
37196359	1
32714301	1
5618912	1
32687834	1
34169506	1
94064813	1
21984745	1
21977484	1
54685561	1
81477413	1
58002917	1
69634735	1
83872325	1
94066982	1
83902218	1
32677546	1
5539368	1
32704485	1
41580206	1
7453070	1
81355751	1
81366200	1
44653921	1
6569049	1
9140342	1
17056129	1
7461333	1
44644591	1
9028782	1
9140799	1
81340662	1
9327798	1
9141213	1
81342190	1
5535274	1
9140957	1
98553430	1
60282985	1
87265544	1
7666454	1
59956387	1
9140596	1
6128741	1
46650843	1
46607172	1
5349538	1
84979558	1
31745683	1
7032200	1
6570564	1
86674892	1
97835879	1
7039016	1
9141035	1
47561204	1
9140931	1
81332059	1
7964541	1
86653127	1
44667071	1
9141110	1
9029332	1
9140462	1
91533462	1
47548244	1
17083155	1
66666565	1
9327049	1
59956332	1
47499351	1
87266166	1
6570046	1
81346601	1
98470580	1
70713078	1
9141021	1
9141147	1
60315279	1
7460739	1
75421594	1
7927004	1
9233181	1
6945843	1
9215414	1
9232278	1
9259863	1
84221174	1
50878307	1
9105422	1
35858237	1
9215701	1
9233465	1
79103715	1
50875268	1
84274855	1
9215021	1
21792683	1
9264602	1
9232432	1
62458884	1
9263456	1
66937103	1
50918748	1
9233138	1
21807066	1
9017555	1
59832343	1
82618297	1
32460514	1
6652469	1
38656812	1
59813407	1
9105656	1
6652193	1
27229536	1
9017732	1
50925457	1
41955709	1
6652586	1
6910415	1
9295982	1
9231907	1
9106085	1
9106010	1
9106284	1
9232081	1
9232768	1
79103931	1
9295341	1
9294808	1
75466694	1
9264281	1
9232645	1
9216659	1
9106034	1
9263507	1
9105608	1
9263460	1
9264535	1
9216799	1
9215979	1
6945905	1
6945727	1
9264345	1
9261093	1
9263033	1
79688148	1
6944779	1
9263144	1
6654671	1
9264712	1
21803447	1
9260476	1
7606335	1
9216293	1
9233144	1
9215217	1
9264220	1
9105938	1
9232735	1
9105976	1
7605450	1
9216639	1
9259901	1
9215634	1
9105771	1
9233353	1
34927696	1
42651984	1
27209008	1
9232082	1
9295841	1
9018232	1
9106130	1
9216583	1
9295538	1
41948484	1
9105541	1
9105844	1
7606243	1
9295479	1
9295456	1
6944475	1
9233368	1
9232550	1
9106195	1
9017964	1
9106241	1
9232366	1
9264506	1
9215716	1
9233063	1
9215633	1
6944993	1
21793156	1
9105433	1
50887652	1
9263807	1
6655273	1
5903582	1
9075711	1
23777091	1
7863200	1
9076239	1
6972356	1
9003757	1
9075583	1
74214525	1
7725235	1
6969543	1
24742855	1
9002891	1
23732249	1
20710726	1
58652762	1
7907748	1
20697988	1
9002902	1
5268370	1
9076584	1
93474235	1
18118881	1
9076288	1
7886228	1
7986312	1
5912018	1
74123623	1
9075627	1
12982651	1
7633635	1
80468377	1
9076350	1
20682456	1
7958605	1
9076559	1
74091098	1
80448433	1
7958153	1
7631936	1
7865838	1
87079987	1
9075844	1
9075879	1
23775660	1
58679299	1
80111128	1
9076223	1
9076181	1
9075796	1
80110180	1
74097243	1
9076322	1
21919142	1
74131216	1
80468977	1
9076413	1
7631608	1
9075667	1
21859134	1
24767292	1
10580283	1
9076146	1
7987100	1
58683699	1
9076192	1
12973825	1
18110394	1
12992680	1
9075650	1
7958006	1
58651088	1
90375280	1
10532065	1
6969735	1
80408646	1
9075714	1
7633379	1
74250381	1
87127488	1
6971198	1
7725561	1
7863457	1
7907767	1
9075573	1
9076097	1
7907779	1
18109119	1
23734496	1
13007890	1
9075799	1
9075955	1
9075570	1
9076578	1
80445219	1
21883685	1
9076316	1
9075858	1
7631459	1
9076266	1
80121564	1
80407045	1
9076013	1
73023347	1
23740153	1
6971437	1
9076078	1
59799007	1
7753831	1
9218383	1
9218490	1
69747410	1
11407882	1
93555339	1
7529201	1
5138785	1
37091612	1
6547429	1
83491741	1
76328356	1
7978178	1
9116036	1
17821926	1
9218512	1
5138854	1
9154688	1
35081962	1
69699423	1
9217206	1
69709277	1
67847927	1
6542642	1
7528697	1
37043814	1
88378134	1
9116520	1
9216907	1
6050630	1
76325772	1
9116017	1
9217429	1
9217560	1
6543624	1
88375556	1
5303616	1
6053372	1
9218579	1
25401360	1
6786628	1
9218028	1
9145532	1
17808337	1
67846616	1
5138783	1
63729493	1
9218457	1
5138855	1
7533146	1
9154802	1
57812615	1
93567072	1
11403945	1
83506657	1
35116361	1
9144801	1
31264268	1
93587689	1
9154383	1
5304088	1
69709872	1
9117014	1
82783693	1
83501254	1
9218209	1
5135037	1
5977953	1
63722414	1
9144605	1
9218355	1
6549645	1
5102323	1
83471436	1
9218002	1
67893697	1
9154145	1
6691354	1
11424738	1
88350262	1
25450939	1
59748938	1
9217752	1
9217658	1
7755154	1
9217761	1
25417810	1
93393755	1
69435535	1
69730000	1
9218080	1
9145257	1
9217835	1
9145059	1
5104419	1
37066536	1
82719727	1
67869557	1
95166652	1
5705179	1
9142664	1
72723223	1
5705151	1
5705207	1
10354658	1
5705197	1
18844449	1
9146585	1
5705181	1
18882444	1
5705063	1
5705133	1
5705193	1
5705126	1
5705134	1
9146429	1
5705068	1
67913412	1
7820948	1
43944540	1
5705194	1
9146474	1
9206866	1
9316302	1
5705132	1
5812838	1
34213577	1
5705887	1
6124187	1
72633390	1
5705139	1
21327621	1
5705182	1
9231121	1
49982290	1
9229894	1
92301747	1
18882575	1
10821158	1
9145638	1
9142894	1
5705209	1
9146179	1
13487659	1
9231444	1
75343028	1
5705065	1
5705150	1
9142695	1
87427057	1
5705138	1
9146627	1
5916298	1
43877848	1
5705663	1
88686136	1
9143278	1
5917516	1
18842708	1
5916013	1
5705108	1
49955999	1
20193004	1
5705111	1
86567750	1
9206047	1
5705067	1
7628586	1
5705113	1
72670724	1
9206012	1
5705062	1
9230735	1
9317710	1
5705141	1
9146462	1
67984708	1
10298889	1
5705159	1
5705206	1
42921557	1
5705066	1
21338764	1
9231388	1
9316562	1
5705128	1
5705135	1
5705130	1
5705058	1
9145722	1
5705112	1
5705061	1
5705168	1
9142421	1
5705164	1
5705124	1
5705069	1
5915081	1
5705140	1
75369466	1
5705148	1
5705093	1
5813528	1
9142648	1
9230581	1
10832108	1
5705099	1
5705203	1
9146648	1
5705056	1
9146472	1
34235140	1
34210441	1
5813163	1
42877486	1
5705165	1
13485300	1
43897155	1
72707290	1
5705064	1
72608056	1
87358676	1
9316781	1
5705180	1
5705174	1
5705129	1
9317121	1
5705191	1
9142351	1
67984605	1
42549037	1
5705121	1
49939270	1
72600288	1
5705173	1
20224101	1
82034316	1
9207608	1
5705084	1
9230976	1
9207321	1
5915183	1
5914567	1
92285991	1
9231124	1
5705110	1
7760252	1
42476368	1
9142426	1
5705120	1
5705055	1
72633100	1
9206814	1
5814286	1
82021810	1
5705107	1
5705144	1
5916420	1
5705122	1
9206202	1
7629781	1
6297182	1
7760107	1
88692499	1
5705097	1
81981710	1
5705163	1
5916533	1
75361881	1
5705116	1
9230003	1
5913785	1
5705083	1
65072803	1
5705161	1
5914115	1
5705057	1
9142416	1
13506897	1
42485143	1
5705166	1
9230090	1
9231165	1
5705192	1
88636669	1
43899616	1
5705171	1
5705184	1
5705167	1
5705106	1
6120429	1
43940012	1
82020524	1
5812539	1
5705060	1
5705195	1
5915262	1
42508810	1
34264794	1
5812898	1
5705142	1
9230552	1
5705077	1
5705211	1
5705189	1
5705183	1
9230688	1
5705210	1
5705198	1
5705147	1
5705188	1
51377978	1
5917135	1
13521615	1
9317641	1
72618359	1
7630162	1
92280498	1
86621011	1
9145561	1
5683545	1
6149572	1
5683997	1
5683970	1
65949356	1
5682952	1
44608732	1
5140830	1
5921358	1
63508308	1
5919039	1
5647435	1
5683432	1
7495641	1
5918521	1
81583706	1
5682821	1
65949276	1
9151997	1
5647857	1
5684384	1
5683414	1
9152097	1
5683542	1
5682930	1
5682811	1
36656390	1
6151060	1
6152107	1
5684280	1
63926529	1
24551540	1
5684478	1
5684030	1
5683633	1
5682839	1
5682799	1
7150385	1
5684040	1
5683325	1
5683033	1
5637014	1
7497550	1
5684514	1
5683634	1
5921227	1
88061804	1
63572570	1
9151980	1
5684252	1
5647675	1
62981968	1
5920886	1
9152316	1
81538892	1
5684303	1
9148473	1
60941214	1
60836525	1
5684044	1
81529535	1
9148194	1
90883487	1
5684097	1
5684087	1
5683271	1
96310885	1
5683467	1
5142950	1
5684237	1
44562093	1
5684369	1
5683258	1
5683299	1
62963349	1
59332659	1
5683015	1
7428197	1
9148168	1
5918251	1
7994078	1
9148235	1
9147930	1
5682873	1
63506641	1
5684098	1
5682994	1
9148402	1
7426371	1
5926443	1
62937739	1
5683181	1
5918761	1
5684259	1
59328556	1
7432129	1
7994408	1
5918181	1
5920047	1
88032695	1
5683828	1
96349308	1
9152795	1
44587498	1
78969947	1
5682846	1
36639761	1
5682824	1
5919820	1
5684226	1
6153306	1
5683700	1
5920041	1
5918974	1
82309033	1
5683398	1
5684463	1
6152971	1
5683014	1
9148639	1
81541855	1
5684360	1
5684409	1
7738037	1
5683575	1
6150173	1
5142951	1
5646945	1
7737647	1
5682843	1
5683420	1
9152525	1
6149323	1
5920529	1
5682978	1
5683847	1
5683759	1
5684107	1
5142208	1
5684053	1
5684184	1
7495953	1
5684173	1
5682835	1
9019567	1
17521159	1
5473017	1
37918116	1
48128672	1
6506410	1
5786179	1
48896325	1
27481242	1
6959638	1
5786607	1
80266726	1
17482196	1
5785933	1
64677162	1
5860451	1
48876191	1
5860794	1
47639371	1
71026904	1
9102568	1
5785797	1
9019686	1
13917439	1
5784684	1
48908887	1
55816686	1
70620028	1
5475786	1
5786696	1
9000050	1
10582194	1
27501686	1
37851407	1
69488352	1
10645936	1
10608597	1
43482734	1
38096868	1
48123049	1
48922606	1
5786888	1
37852169	1
9019803	1
23098125	1
69494708	1
5785979	1
80297722	1
7583067	1
43444475	1
22355333	1
67357616	1
48099052	1
67207892	1
67196508	1
7583466	1
47634797	1
10613880	1
17531263	1
82148605	1
7775190	1
37904546	1
71048486	1
9102651	1
23104501	1
48922640	1
80296607	1
9000589	1
83988153	1
5785308	1
13909770	1
5473014	1
9019584	1
5787011	1
6505293	1
5784851	1
27517654	1
5785551	1
70617122	1
43445442	1
9136803	1
9075420	1
9075040	1
5878003	1
7920899	1
5628148	1
16038902	1
9074576	1
7919565	1
9075158	1
16659828	1
6140203	1
57747582	1
9075290	1
9285538	1
9285528	1
13720443	1
9074559	1
12248951	1
6055720	1
45919420	1
98703110	1
9136528	1
15882105	1
98213386	1
7920922	1
9285651	1
16642122	1
9075379	1
32263838	1
9074791	1
7919466	1
57726593	1
9075123	1
7726916	1
9075086	1
5877376	1
97325735	1
9074709	1
52996466	1
9285014	1
9075173	1
7661301	1
16377763	1
16055771	1
9285874	1
9075258	1
9285775	1
6140691	1
16045725	1
9074675	1
5875589	1
9286186	1
21217000	1
9074876	1
9074930	1
9075202	1
7920903	1
7661990	1
16408266	1
9074596	1
9075125	1
9285050	1
9286209	1
9074892	1
9135958	1
16373548	1
9136764	1
9075191	1
9075146	1
9075427	1
64646562	1
9285304	1
98259893	1
6535930	1
12210092	1
13708110	1
9136403	1
9075476	1
13689523	1
7920898	1
9135925	1
9074549	1
9074661	1
29717483	1
7661272	1
97310771	1
5875482	1
52965687	1
91244839	1
9136819	1
15870725	1
9075113	1
87827158	1
98705089	1
7920921	1
6057286	1
6141979	1
15907521	1
9075558	1
7920897	1
37954076	1
15880644	1
37992599	1
16006133	1
7956927	1
6054866	1
9075072	1
98683463	1
91239320	1
5281363	1
9136560	1
5282309	1
7941112	1
52944899	1
29733741	1
9074511	1
9074821	1
6536868	1
45935905	1
13740817	1
16395066	1
7626591	1
6793513	1
5243084	1
9332209	1
9023280	1
9041318	1
7180020	1
5471852	1
9331693	1
9024038	1
9040691	1
7628200	1
14063694	1
9131102	1
9130714	1
7179637	1
90212754	1
14069240	1
96829285	1
7627443	1
7627889	1
5243161	1
7626113	1
7625945	1
86355659	1
7178063	1
7627133	1
85555308	1
40246285	1
9131262	1
29233994	1
7688212	1
9064048	1
52716766	1
95309931	1
7678703	1
9131373	1
23544055	1
7687460	1
7181806	1
7628021	1
5240484	1
9040915	1
5240469	1
96815989	1
9040916	1
5470811	1
9130673	1
40284241	1
7687599	1
29225762	1
96785852	1
14938941	1
7686761	1
14884071	1
7686689	1
7688976	1
33657695	1
9131146	1
5243083	1
6049312	1
29184453	1
7626011	1
9130831	1
52735818	1
86369270	1
7628098	1
7687618	1
7687579	1
76211027	1
7678549	1
9041179	1
17172880	1
9130699	1
5243086	1
5355023	1
86335330	1
9131503	1
9040762	1
7688819	1
9332700	1
76220405	1
68724441	1
7627075	1
27021393	1
7626262	1
27002231	1
7686952	1
84093871	1
7628057	1
9130861	1
95326247	1
9023145	1
84078538	1
29214563	1
33619775	1
90209942	1
7626279	1
7627581	1
7687989	1
14091604	1
5240470	1
90233316	1
7626055	1
7177503	1
5469180	1
29227489	1
5243168	1
90168718	1
9131269	1
7625939	1
9023212	1
68662487	1
95267914	1
7688827	1
40255037	1
7810240	1
9331911	1
5470913	1
56853998	1
86334062	1
23326574	1
52124728	1
12937590	1
52201785	1
9109257	1
29063860	1
9108898	1
9109193	1
9104048	1
9104344	1
58309518	1
59043813	1
25576137	1
10490381	1
6083698	1
9109782	1
90646690	1
74971693	1
9108937	1
9104484	1
59049727	1
7410739	1
80393086	1
67715496	1
26825396	1
9104297	1
81593299	1
5806701	1
74968322	1
9104441	1
26873522	1
20641581	1
9105104	1
15375036	1
99142516	1
5806283	1
9105007	1
9108878	1
9109042	1
5806545	1
9104876	1
5806544	1
10484483	1
29073873	1
99102903	1
5806687	1
22662201	1
10504623	1
58332450	1
33333428	1
99126839	1
9105114	1
33332459	1
9109046	1
74579806	1
22656828	1
7159391	1
7162487	1
49893310	1
41868113	1
26861858	1
90638099	1
67688868	1
29102605	1
9104163	1
7410546	1
48282322	1
7407023	1
9109372	1
80347034	1
75006721	1
5806541	1
88987511	1
7411845	1
33347254	1
58271017	1
10471924	1
74989681	1
88971888	1
88974700	1
9105056	1
52124455	1
9104608	1
29104779	1
80390568	1
48255372	1
81657706	1
49882050	1
7159875	1
9104164	1
43294797	1
61363782	1
42268369	1
88575433	1
20007600	1
60593877	1
9257319	1
42305141	1
90616328	1
82912940	1
82901929	1
9255972	1
6981840	1
20732573	1
99029244	1
6983025	1
97553166	1
20780974	1
16790444	1
9256797	1
9255867	1
7677098	1
60597043	1
6554873	1
9256116	1
9257333	1
29582955	1
6552745	1
6551588	1
60590787	1
60742961	1
61364553	1
90617020	1
90589933	1
99080985	1
60708580	1
9290901	1
6551781	1
6554117	1
88581505	1
6552266	1
9291159	1
60599062	1
60556456	1
19147101	1
6982725	1
6554582	1
9290756	1
19118420	1
60585144	1
99042984	1
9290125	1
7674369	1
9290169	1
9257188	1
5867531	1
19113914	1
6982532	1
19138513	1
24653540	1
9256913	1
20756023	1
9257408	1
6984005	1
9257481	1
61398543	1
30284022	1
9066129	1
6552746	1
7299506	1
9290841	1
97515472	1
30311857	1
7674562	1
88577584	1
97563336	1
91818009	1
56503697	1
9256729	1
9256837	1
9255911	1
89500582	1
90551292	1
30300934	1
91808993	1
20763386	1
7570056	1
6983372	1
16812288	1
6551466	1
19111130	1
91824055	1
90591115	1
6612212	1
9122272	1
99278309	1
38624581	1
9291573	1
9291796	1
9292361	1
9235360	1
88169945	1
98123192	1
7988340	1
6088829	1
22600358	1
39750985	1
9235248	1
98153009	1
41329083	1
6437988	1
46263903	1
7645393	1
58554417	1
75203079	1
9122718	1
88147467	1
98159727	1
56849775	1
6612760	1
9234257	1
7176133	1
18781467	1
7176729	1
7988451	1
46283805	1
9235009	1
9291921	1
9233952	1
88133034	1
7356469	1
6610654	1
7116645	1
39781519	1
58523967	1
7354127	1
7354596	1
7176509	1
9234794	1
9235076	1
7354533	1
6436875	1
46240734	1
9122191	1
9122765	1
9233603	1
56276908	1
88180606	1
41317310	1
98134305	1
7988397	1
56335666	1
9122318	1
47764870	1
56780647	1
62228700	1
7354418	1
39177590	1
41324809	1
98149629	1
9234739	1
58523025	1
88143460	1
56309218	1
7114647	1
22844470	1
5256273	1
98161157	1
7176967	1
84735057	1
56813179	1
9291891	1
30795662	1
98141965	1
46285330	1
99279948	1
22829549	1
75235351	1
7580876	1
5800598	1
9107254	1
9297066	1
7921402	1
9142017	1
83209102	1
9129835	1
62023831	1
9141960	1
9106419	1
9142196	1
9345433	1
9296774	1
9346093	1
7850209	1
58199660	1
9130061	1
88217429	1
11070703	1
46056623	1
9346086	1
7619928	1
9106945	1
7850528	1
12761514	1
27723904	1
9297372	1
9129862	1
9141991	1
9142197	1
5800301	1
7921239	1
7921286	1
11597865	1
5802267	1
7851263	1
9346072	1
9297341	1
7849862	1
9142304	1
72310008	1
84375129	1
7921369	1
9346067	1
12764903	1
9344870	1
9106893	1
7921338	1
9106976	1
53944847	1
9129696	1
53899591	1
7921394	1
9324628	1
7921397	1
9106881	1
84417244	1
80035853	1
86810230	1
9107337	1
99194775	1
9106807	1
9106393	1
7921249	1
7921263	1
9107090	1
9346076	1
27740922	1
7579671	1
9346078	1
5801983	1
89129194	1
9153357	1
7921308	1
9346080	1
9107370	1
76029872	1
5799842	1
14214231	1
9323300	1
9107315	1
6999278	1
7921380	1
9153149	1
7000022	1
9129828	1
9153878	1
9107078	1
9297266	1
76021793	1
9346089	1
9324621	1
7921393	1
7921313	1
89119157	1
9106968	1
9106952	1
7921359	1
9153844	1
9106774	1
9346070	1
9153689	1
26114553	1
9323593	1
9141242	1
9107387	1
9153186	1
9130381	1
97480312	1
9346065	1
9344782	1
96670248	1
9153998	1
46100291	1
9296755	1
14225718	1
9324565	1
9153516	1
89077917	1
9297693	1
9142170	1
9153104	1
9107363	1
9106971	1
12776925	1
9153931	1
83237196	1
72313867	1
9106787	1
7921230	1
9296413	1
9323467	1
83200545	1
7543148	1
10743104	1
5670522	1
6160749	1
22063305	1
5669620	1
9139842	1
7597391	1
9311151	1
14465418	1
48626579	1
89951070	1
9341045	1
9340123	1
51675429	1
9339654	1
79020501	1
9309931	1
6036005	1
21612019	1
9139130	1
21615035	1
51669798	1
39106981	1
79014709	1
90004072	1
10202704	1
10729865	1
9139925	1
89965994	1
7789303	1
22050627	1
10741908	1
5344688	1
9139868	1
9340533	1
48583070	1
6162717	1
35158121	1
7537451	1
9340284	1
7567221	1
25142613	1
10741783	1
6162320	1
46769665	1
48626704	1
40715418	1
89983236	1
7789920	1
6162567	1
79018709	1
10783292	1
5669507	1
79011671	1
9139646	1
9340903	1
10896736	1
10729439	1
7790573	1
10734437	1
7564978	1
9340930	1
51671915	1
6036144	1
10790458	1
22055953	1
48641534	1
9309977	1
9340477	1
10731754	1
25088946	1
46784786	1
14460359	1
25090272	1
39138086	1
46760981	1
21618929	1
9139150	1
51633271	1
6159088	1
9139878	1
64320467	1
5309193	1
17216575	1
50947386	1
39528558	1
9037720	1
5310235	1
9115072	1
7956992	1
69884557	1
14680126	1
71170443	1
80801289	1
6649555	1
7972423	1
66012559	1
6649217	1
65615030	1
40491602	1
77056888	1
39550596	1
5310605	1
39559850	1
9037287	1
59417090	1
77064857	1
5311902	1
6647072	1
86696857	1
5959669	1
7395469	1
37589097	1
66844130	1
73672038	1
69902006	1
9038065	1
64339072	1
80807074	1
78122134	1
9115516	1
9037907	1
14702513	1
9115718	1
6481946	1
80769673	1
40490687	1
9115587	1
6647378	1
59394350	1
5311389	1
9114884	1
65570290	1
7488461	1
9115009	1
69864901	1
6649679	1
66799456	1
78070453	1
39579943	1
9037207	1
38051959	1
24189063	1
14429240	1
6667797	1
56734640	1
40093096	1
6668366	1
5224167	1
44249786	1
7680631	1
7192610	1
85667114	1
7704083	1
6666566	1
5657153	1
40079958	1
87893604	1
16714973	1
20265229	1
7983130	1
75945205	1
7702995	1
56728123	1
71667117	1
47649047	1
75967303	1
16752237	1
40087383	1
20577282	1
74772172	1
5656033	1
85699551	1
22866929	1
20558172	1
41038124	1
20307479	1
26225366	1
5219731	1
73215910	1
73228203	1
7724278	1
85678241	1
33686912	1
26200504	1
7751375	1
71681910	1
44274008	1
22908966	1
87903730	1
6665926	1
22863506	1
7704267	1
7752396	1
9024320	1
84159304	1
41030434	1
26232544	1
41411514	1
7190888	1
41417968	1
7752012	1
41349226	1
7724004	1
7723633	1
5656935	1
7194076	1
7679605	1
7193023	1
75623776	1
85690820	1
6164583	1
49113060	1
75916908	1
16764334	1
20255561	1
84200320	1
33687303	1
49103576	1
41060857	1
11350091	1
54103073	1
73952595	1
45688588	1
9243847	1
9128159	1
9243019	1
9128387	1
9287999	1
9242827	1
9287015	1
92075353	1
9121626	1
93672643	1
93666388	1
9242767	1
9121414	1
7684456	1
7965755	1
42948664	1
30361912	1
6888915	1
6371573	1
29154026	1
30364261	1
45676308	1
7589421	1
95813606	1
54092682	1
9128367	1
9287876	1
9121124	1
19516882	1
7683648	1
42959363	1
7684175	1
11301970	1
55400183	1
9127852	1
6894009	1
73964078	1
7966260	1
7591718	1
51290537	1
9286645	1
9242875	1
17442642	1
17439451	1
55368221	1
97778233	1
9120711	1
42952870	1
9242919	1
9121176	1
59635298	1
17416949	1
11297260	1
9287692	1
57492985	1
59628025	1
9243712	1
32825911	1
9288028	1
7594951	1
5101486	1
9243177	1
5317506	1
9243200	1
30382193	1
9243800	1
7683937	1
9120712	1
9128146	1
7613433	1
9242941	1
9127830	1
30360218	1
19515019	1
5101455	1
9121137	1
7685759	1
59609763	1
30352221	1
9128405	1
42984879	1
9287099	1
81858667	1
5634226	1
7996954	1
39656660	1
6558538	1
49724267	1
14119788	1
9205609	1
43421847	1
7997684	1
9135363	1
5567010	1
35529287	1
9135299	1
5585476	1
9129201	1
35559264	1
9204717	1
39600074	1
81871723	1
5584178	1
46354978	1
9205588	1
9205855	1
7996967	1
22776940	1
81888969	1
7997455	1
9135393	1
18099255	1
9204385	1
9205380	1
46731661	1
12432108	1
6557263	1
18053688	1
13061107	1
9128642	1
22987822	1
96424030	1
92413167	1
7997081	1
18042287	1
92365677	1
9204913	1
80074804	1
46326813	1
46953327	1
46357076	1
35522029	1
51730305	1
49752053	1
6559641	1
9129056	1
9128910	1
9204554	1
9134918	1
71270882	1
22949014	1
96440776	1
7997404	1
49715930	1
5566442	1
22728622	1
22715644	1
51703435	1
92364034	1
80074709	1
12496828	1
9204417	1
7997708	1
9204258	1
5582736	1
46328780	1
92411111	1
5566758	1
12474358	1
9205429	1
24944314	1
22749112	1
5587207	1
7199420	1
55242722	1
93955329	1
43575433	1
99850233	1
6062728	1
9267064	1
93923869	1
14769489	1
28550731	1
9266667	1
9138740	1
9138608	1
9266940	1
55698449	1
11002010	1
28103170	1
93956359	1
9343608	1
69084495	1
7648829	1
9139058	1
9267959	1
15363242	1
43018926	1
99857089	1
7648772	1
9344069	1
9266892	1
15339484	1
9138325	1
99883856	1
7198400	1
69051130	1
26642658	1
9138404	1
7185405	1
7182326	1
69065485	1
9267302	1
69084271	1
7832272	1
55667918	1
68043430	1
9138368	1
7198031	1
6064092	1
49664991	1
7648162	1
7196903	1
9266968	1
19882177	1
68028394	1
7183250	1
9138790	1
9266617	1
91129418	1
19814792	1
55680655	1
26639309	1
91151072	1
7648403	1
15302554	1
15321262	1
9138877	1
28130473	1
9344555	1
19851919	1
37360239	1
7196027	1
7786367	1
9138930	1
9138236	1
9138699	1
7196858	1
19825799	1
93976275	1
9267772	1
7195906	1
43165494	1
9138603	1
11035815	1
7830638	1
55727726	1
87587283	1
91117971	1
6064512	1
9138874	1
97172218	1
98269182	1
9219192	1
5353202	1
7423928	1
7991635	1
9007004	1
9219564	1
55962764	1
60488689	1
9002709	1
96120066	1
50590486	1
9007260	1
98276194	1
17973283	1
9002111	1
9225879	1
95343089	1
9224744	1
6663899	1
9219567	1
73592080	1
9225908	1
54304534	1
55961058	1
9224537	1
9219846	1
9224600	1
6664313	1
24238557	1
31583536	1
9219163	1
96090576	1
95355677	1
40015790	1
9224920	1
9061503	1
7931554	1
5353706	1
9220052	1
80977079	1
9225620	1
97175622	1
9225712	1
31535373	1
53834409	1
7418914	1
9224656	1
59552892	1
90065673	1
9224415	1
95387134	1
95390006	1
73608592	1
9224338	1
9006932	1
9225832	1
54265974	1
6442803	1
9225688	1
95345641	1
27869709	1
9219049	1
79385460	1
9225023	1
98279907	1
9219313	1
9225772	1
39997233	1
9224649	1
6664056	1
5351741	1
9002098	1
97164746	1
19579492	1
31559089	1
7421533	1
9225201	1
9220243	1
24237778	1
50581900	1
9219664	1
79405175	1
56040480	1
80925125	1
9007615	1
73576395	1
18000861	1
98297027	1
22308618	1
9002869	1
7931615	1
9258723	1
13360689	1
7980505	1
75611691	1
77860698	1
9114649	1
9257771	1
5805173	1
9259157	1
75542264	1
74514693	1
99426220	1
7023964	1
63655001	1
62799333	1
5802387	1
46853384	1
56436768	1
99003472	1
9257556	1
9114467	1
57316057	1
9258306	1
9113947	1
94746906	1
9258445	1
47318702	1
77853261	1
9114417	1
5668182	1
67404551	1
5802545	1
75564373	1
9258312	1
13371820	1
9257526	1
48320878	1
56444858	1
9114459	1
62797358	1
98936559	1
63665618	1
9114810	1
9257886	1
7980088	1
9258124	1
9113717	1
91845209	1
67426344	1
99453965	1
48318290	1
98940303	1
63671031	1
75602885	1
67420307	1
9113935	1
5803542	1
9258579	1
9258130	1
85146719	1
9257737	1
48300270	1
74510557	1
9258886	1
9307738	1
55782119	1
98981284	1
46873788	1
44817474	1
9114587	1
91845542	1
9114438	1
9307671	1
71991696	1
9114171	1
9258990	1
22561117	1
44198645	1
9032812	1
52105063	1
16465484	1
6237982	1
52088688	1
89688450	1
7933217	1
5750711	1
52084636	1
95695759	1
44185882	1
44190051	1
55118265	1
39239373	1
44030530	1
62272804	1
16475963	1
89664919	1
39276348	1
6238531	1
30506678	1
6404926	1
5667346	1
9033402	1
77205092	1
50278858	1
67558454	1
7961029	1
9342322	1
5665777	1
44043514	1
6207724	1
5665830	1
15853891	1
86983944	1
62248554	1
30514766	1
67542851	1
52085892	1
89700789	1
9033140	1
52104950	1
9341618	1
9032583	1
30495580	1
28378393	1
89713996	1
95091953	1
5754110	1
44202826	1
9033102	1
35902313	1
5664665	1
5754765	1
9341439	1
6403654	1
44211759	1
60236596	1
53306180	1
5666390	1
50222313	1
30494384	1
5750997	1
50220917	1
95058764	1
95678133	1
6415963	1
67604257	1
44241375	1
83149424	1
13804184	1
13805789	1
9221431	1
7805440	1
17345859	1
56680032	1
9214463	1
9127054	1
36082564	1
7692974	1
19269757	1
9126230	1
42002770	1
82243265	1
9221988	1
9221895	1
9028083	1
9213455	1
9222277	1
19732698	1
42025265	1
6319863	1
9126997	1
13790362	1
22155818	1
73890982	1
17365388	1
19260056	1
6316506	1
9214147	1
5576730	1
21761020	1
9213735	1
9214400	1
21782903	1
48817104	1
9127191	1
56693616	1
19702602	1
9221282	1
48862185	1
19068099	1
5577210	1
22096306	1
13759958	1
59092268	1
55037494	1
82247822	1
9027070	1
59096901	1
48857905	1
21766243	1
82264883	1
9220846	1
82247529	1
9221757	1
32631008	1
76992885	1
19314852	1
9126935	1
92001886	1
9214976	1
9220656	1
73884004	1
9214002	1
92057107	1
83118420	1
42026633	1
9027190	1
9213291	1
9213888	1
91984088	1
87685567	1
21733585	1
9213645	1
21755856	1
22074862	1
51026808	1
6320098	1
48960578	1
51049271	1
9213771	1
9222283	1
9027561	1
39871474	1
6449121	1
9289697	1
35612737	1
9137209	1
7128574	1
9137582	1
99459217	1
94261208	1
31121862	1
64420322	1
6389050	1
62862802	1
62870189	1
45320788	1
9137627	1
80589364	1
31115078	1
66359181	1
61576339	1
9289114	1
7130295	1
7128422	1
31088751	1
5989715	1
7952960	1
7996807	1
9338382	1
5880333	1
80552861	1
9289034	1
94258983	1
28248869	1
64389029	1
7799218	1
65514973	1
61538594	1
9137931	1
9137723	1
34096795	1
58070177	1
94224586	1
6452459	1
7126176	1
72929873	1
31140893	1
9137526	1
9289022	1
72934117	1
78443052	1
34072631	1
7125310	1
94223768	1
6596020	1
99469184	1
7127236	1
9288491	1
5881814	1
7125295	1
39867663	1
45320149	1
34057713	1
35618449	1
78504343	1
94270872	1
33166550	1
77717792	1
6575556	1
7939457	1
7763167	1
53692769	1
19806581	1
84481828	1
26575216	1
77740275	1
7360876	1
11872604	1
7205340	1
53729939	1
12865553	1
9193103	1
96707318	1
19799185	1
33168156	1
11868435	1
47421021	1
9193323	1
92626469	1
7360091	1
7939686	1
54187047	1
47428734	1
45484274	1
7157141	1
7963028	1
9193335	1
54186465	1
18552582	1
7928630	1
11901299	1
47470824	1
54179714	1
46234510	1
44467758	1
26593493	1
46463898	1
12889630	1
71898340	1
54388169	1
7360044	1
96742210	1
12833938	1
54234524	1
54241414	1
18564981	1
7763748	1
80486361	1
80540903	1
7413307	1
92630212	1
60339546	1
33139153	1
7416321	1
18551177	1
38864985	1
7362596	1
12827633	1
26572449	1
7361380	1
47437510	1
92599609	1
92608755	1
77749586	1
92622702	1
6876373	1
9193337	1
45490612	1
7205675	1
9193144	1
33118185	1
9194495	1
38910194	1
80528714	1
7202678	1
7416807	1
47457242	1
5527138	1
18556468	1
9193324	1
6875932	1
9194099	1
54385556	1
19773359	1
7962683	1
5810719	1
65636730	1
7950735	1
61146518	1
9103120	1
65693669	1
23373686	1
9103760	1
54171958	1
61156311	1
9113475	1
6655975	1
37633484	1
43685310	1
21571858	1
79755758	1
54121419	1
61169125	1
9113356	1
30571300	1
37645871	1
7953862	1
5811469	1
37632048	1
9103736	1
9103489	1
53754959	1
53107835	1
99637369	1
38953182	1
9103523	1
38932062	1
53079995	1
54106969	1
54120635	1
9112592	1
21548430	1
9112971	1
9103612	1
53107340	1
5714144	1
30628140	1
5851369	1
16932969	1
21166537	1
87775506	1
9112373	1
99648368	1
9102690	1
5811957	1
23425999	1
9103087	1
30618817	1
9113126	1
87772282	1
9112838	1
53766665	1
23425112	1
37661782	1
5811241	1
9103363	1
16928525	1
9102882	1
43683006	1
9102995	1
5713867	1
6658701	1
99678293	1
9103877	1
65622216	1
21559698	1
61163611	1
19176025	1
5811435	1
5812383	1
9113558	1
21568597	1
9083576	1
20403270	1
9083777	1
50202559	1
5855201	1
9083310	1
9276876	1
91363681	1
9083420	1
90847278	1
90484613	1
9083655	1
9083164	1
9083783	1
9111364	1
51150350	1
16242251	1
51153217	1
9083750	1
7405459	1
9083722	1
96245006	1
9083431	1
9083061	1
90825259	1
9083227	1
90814599	1
9083181	1
9083666	1
9277327	1
9083136	1
9083521	1
9083803	1
9083212	1
9083831	1
96267848	1
9083149	1
9083506	1
44720599	1
6339492	1
77319954	1
6336319	1
76652879	1
93162513	1
41224004	1
96256127	1
9277252	1
7406656	1
7371916	1
9111699	1
20394647	1
9083642	1
35954403	1
64061997	1
9112137	1
30061642	1
9111685	1
9083173	1
9111471	1
9083187	1
77258054	1
44684974	1
77318140	1
9083376	1
9276826	1
76638284	1
9111255	1
9083258	1
50195536	1
9083355	1
9083613	1
9276689	1
5856326	1
9083540	1
9083269	1
9276764	1
9083742	1
7402882	1
5217748	1
45960328	1
44714056	1
9277406	1
5857680	1
9083700	1
9111772	1
68382261	1
50561820	1
7406651	1
7404533	1
50181830	1
7556907	1
9083704	1
9083238	1
45951257	1
7804694	1
9277260	1
35996420	1
6338973	1
9083600	1
99918374	1
9276489	1
77303436	1
7406227	1
6339178	1
90493547	1
84853239	1
16269506	1
16224695	1
9083318	1
9083286	1
9276666	1
9083767	1
51153212	1
9083228	1
7404874	1
9083395	1
41227502	1
9111935	1
9083829	1
9083368	1
9083337	1
7406662	1
91381650	1
9083352	1
9112308	1
5854344	1
9083779	1
9111588	1
97408814	1
9083340	1
9083787	1
9083293	1
9083417	1
9083396	1
6338484	1
9083840	1
35974787	1
14001271	1
9083254	1
9083503	1
50195287	1
9083302	1
9277093	1
96238519	1
9083577	1
9083555	1
44681986	1
9083602	1
9112011	1
55607061	1
9333682	1
23977877	1
53648863	1
9261464	1
24372396	1
23999150	1
28829807	1
6979784	1
54823715	1
42751212	1
67114251	1
9334696	1
6976467	1
9001112	1
9079066	1
9262895	1
5484323	1
42759149	1
9262731	1
7998222	1
9079009	1
9334561	1
54814079	1
9337911	1
9333814	1
42439524	1
61036674	1
9262637	1
9261978	1
9079299	1
54802818	1
9079128	1
7878529	1
9334505	1
9078989	1
9078783	1
49402281	1
61017261	1
9079613	1
42459454	1
9334416	1
9078972	1
87967523	1
53651699	1
9337345	1
9079684	1
7998730	1
55636694	1
7998707	1
6433168	1
9079396	1
9334512	1
9000934	1
31722417	1
9261531	1
31677043	1
11942799	1
78713996	1
49456366	1
7998043	1
9078805	1
9337353	1
9078883	1
9334501	1
63065917	1
67146159	1
68463886	1
61019354	1
16626331	1
9079440	1
9079441	1
42714925	1
16585781	1
42440502	1
9261677	1
31680442	1
31666328	1
9337291	1
63081872	1
9079677	1
9336569	1
9079462	1
9333606	1
61019164	1
42729296	1
6431312	1
7880207	1
9337836	1
9262507	1
11936854	1
24394492	1
9261577	1
55614650	1
23949735	1
9337610	1
16578045	1
9001105	1
9262831	1
9079164	1
6979630	1
9079640	1
9251725	1
9248917	1
7941911	1
9298628	1
9299189	1
5764175	1
9251297	1
5763677	1
6965557	1
9134044	1
34475091	1
76382576	1
9251096	1
61765657	1
18973738	1
5756841	1
9249769	1
33928710	1
5763744	1
94168198	1
9250032	1
7743966	1
76366322	1
9250425	1
7961898	1
6969084	1
9251643	1
5756005	1
5758180	1
5755962	1
9222657	1
9223714	1
5757213	1
92842282	1
9134804	1
9299311	1
7941951	1
9249012	1
5757023	1
27172727	1
9223316	1
36541060	1
7983640	1
7983969	1
7356887	1
77823876	1
93285019	1
9298421	1
18975213	1
9223078	1
5763901	1
6964698	1
9248997	1
9251264	1
94175431	1
6490020	1
9298007	1
6966883	1
7356988	1
58803005	1
27159964	1
58836207	1
9223338	1
52550938	1
27174234	1
92858067	1
7742802	1
9250292	1
5763262	1
6928914	1
9299313	1
52510685	1
94145914	1
7358733	1
9248558	1
9134299	1
34428497	1
92797379	1
18989416	1
7358605	1
5765183	1
58819482	1
9248578	1
5757654	1
9248359	1
9249160	1
9222446	1
26032764	1
9299215	1
5758980	1
9298081	1
36525429	1
9134879	1
5764485	1
9298685	1
7654825	1
85954759	1
5764486	1
9251225	1
89434292	1
9249211	1
9134629	1
9134339	1
9251077	1
9223389	1
93321449	1
9251282	1
76368889	1
9249002	1
5762862	1
9248932	1
5759533	1
9250093	1
9123572	1
9125801	1
66585138	1
85482776	1
9238268	1
53524864	1
9123337	1
9265170	1
6133749	1
6584408	1
17647019	1
58947621	1
9238799	1
9132928	1
9123310	1
9245204	1
7993125	1
77607936	1
9238154	1
9125829	1
23623907	1
9266355	1
9238830	1
38843886	1
9123411	1
70470859	1
9238222	1
55308722	1
9122833	1
85537555	1
30869578	1
9238079	1
9237798	1
9283057	1
9265423	1
9265475	1
9244702	1
9266388	1
7767633	1
20309883	1
53577101	1
38824817	1
9281586	1
9125869	1
9123887	1
9238378	1
9035372	1
9122787	1
80708576	1
9246189	1
9245935	1
9133768	1
9125464	1
51422335	1
9035778	1
53544878	1
30894474	1
7993934	1
6130509	1
9123824	1
66633624	1
9244733	1
9245860	1
9266525	1
9245058	1
9244897	1
9282080	1
30447640	1
9238144	1
9265647	1
7993378	1
9264909	1
66633405	1
9245763	1
85518214	1
6584189	1
9245480	1
20311315	1
53999011	1
9122892	1
9265888	1
9282197	1
9057212	1
30879166	1
52866899	1
9245703	1
9237700	1
9034997	1
9133009	1
9237617	1
20321463	1
9123640	1
30992505	1
70524751	1
9122896	1
9126178	1
9123776	1
9282048	1
9237792	1
52873758	1
9057130	1
9126119	1
9133032	1
38842180	1
9245060	1
17677280	1
9265706	1
9123474	1
30980855	1
9237759	1
9132988	1
7993039	1
9246040	1
36515829	1
30859534	1
9279630	1
24298332	1
14652553	1
5652241	1
5651211	1
9334742	1
79441548	1
54523799	1
9021767	1
9336196	1
7977013	1
5651970	1
5305801	1
87297078	1
5380015	1
5651613	1
87303558	1
32398206	1
9335154	1
76735269	1
5651492	1
9280133	1
9281142	1
76470824	1
43827930	1
36792025	1
94335138	1
5467894	1
9280206	1
14656177	1
94323709	1
14596258	1
5305788	1
7721832	1
9237512	1
9237349	1
50861702	1
5308172	1
32417753	1
14632418	1
76766512	1
12148014	1
87305363	1
36757489	1
5653547	1
84898273	1
9022282	1
5652132	1
9280807	1
5468773	1
75059115	1
24306883	1
9281235	1
95412414	1
7746277	1
43866080	1
12172882	1
9280789	1
39721946	1
94334922	1
5651004	1
9334890	1
70363687	1
50859885	1
9237537	1
6455992	1
79498615	1
9335521	1
9281031	1
39729991	1
9237576	1
5653752	1
9022619	1
5721937	1
63578544	1
5305932	1
76438874	1
14634324	1
95459248	1
36811405	1
6453128	1
9335385	1
9280447	1
5532691	1
54544177	1
9280102	1
9281069	1
9335938	1
5530941	1
9335239	1
5652808	1
90750262	1
7507388	1
5792607	1
70244440	1
9226107	1
27640803	1
7507852	1
60414504	1
50753894	1
41069751	1
9227343	1
41070749	1
5790171	1
9151313	1
9117665	1
9117754	1
9117925	1
9147224	1
9227511	1
5790156	1
50747674	1
66214903	1
5770901	1
9207906	1
9147001	1
7671492	1
10233429	1
9120510	1
74430348	1
9207964	1
5792345	1
41127684	1
90753046	1
5791907	1
50786295	1
5772477	1
6359072	1
9117776	1
5791731	1
45239391	1
9209099	1
31324483	1
9208201	1
45276433	1
9227364	1
5774119	1
9226849	1
6874200	1
5790700	1
70219863	1
9227299	1
9118018	1
27673956	1
9120483	1
9151813	1
9120464	1
9151883	1
9209197	1
47413698	1
37165251	1
5773290	1
74381712	1
9151890	1
47389421	1
41114714	1
9151383	1
9226683	1
72563780	1
9207955	1
5790908	1
70244173	1
9151275	1
70237852	1
15509310	1
72530275	1
13203524	1
9117406	1
9151844	1
9209084	1
5790843	1
41105501	1
9208389	1
9151034	1
5790133	1
37162062	1
73713831	1
50791484	1
9208313	1
47381813	1
5790777	1
9147430	1
7510238	1
9119885	1
5791656	1
9120064	1
6874354	1
9208627	1
41108217	1
5773134	1
9208805	1
45735863	1
57612360	1
10267558	1
80838824	1
5784585	1
52025876	1
44144223	1
81074296	1
9084945	1
9084919	1
95601944	1
70583223	1
9084957	1
44164039	1
9278521	1
9084788	1
9278639	1
70537445	1
40664604	1
9084848	1
9085067	1
9084990	1
98409731	1
48473726	1
9278679	1
68296625	1
23876287	1
9084777	1
6942634	1
44113401	1
47273779	1
6943127	1
70547587	1
9084792	1
16135595	1
44129463	1
32370403	1
7665889	1
9084964	1
9085020	1
80874922	1
6942741	1
44164403	1
9278023	1
9084842	1
9277749	1
9278826	1
9084920	1
52030211	1
9084977	1
9279260	1
9278562	1
9084980	1
7663175	1
47209538	1
9277743	1
23891900	1
29868511	1
47242632	1
44119057	1
6943085	1
9084825	1
38728165	1
7855126	1
7992932	1
9279123	1
51891075	1
70585285	1
29878156	1
9084801	1
16134560	1
32376325	1
51997715	1
48504718	1
9277656	1
32375952	1
9085047	1
68291380	1
9085073	1
48477486	1
9085016	1
93706856	1
23931853	1
85103536	1
9085076	1
7666088	1
6943238	1
9085074	1
7972987	1
9278859	1
78661216	1
9084858	1
9277601	1
80888578	1
9084803	1
47247257	1
9084874	1
9085068	1
9084889	1
9084987	1
81777929	1
98393447	1
9084971	1
9084745	1
9084951	1
9278047	1
9084748	1
9084877	1
5784562	1
9084835	1
9278743	1
9279322	1
68345253	1
47245511	1
6943581	1
5649391	1
27468738	1
5662794	1
25309219	1
9073192	1
9144199	1
5650399	1
97647646	1
27430798	1
39330710	1
9143428	1
9144133	1
23163990	1
9072764	1
5648421	1
93913325	1
5661662	1
9073298	1
69268646	1
9039323	1
39920199	1
88457576	1
9072432	1
9073012	1
78263236	1
86871591	1
25327723	1
9039928	1
39327804	1
5649623	1
9039862	1
25362043	1
17010590	1
78265781	1
16983744	1
9072877	1
91634604	1
69270481	1
69304064	1
7385144	1
91626258	1
5663956	1
7383785	1
93873068	1
9073125	1
97597269	1
5661811	1
9073221	1
9072395	1
23195278	1
6644027	1
64975526	1
88428333	1
9072908	1
88892315	1
23154055	1
6642770	1
5650826	1
5649197	1
9143626	1
28972292	1
9039465	1
78282884	1
26904385	1
69315783	1
9072725	1
86901107	1
6643832	1
7380234	1
34324360	1
65445103	1
39960275	1
76888722	1
25307725	1
16991845	1
9072983	1
9072609	1
88410618	1
93913942	1
93909722	1
69314685	1
9072514	1
88866182	1
88518570	1
5650027	1
5662597	1
5650877	1
7379080	1
5554823	1
26966669	1
9254390	1
9007859	1
6274984	1
64802063	1
98742837	1
6265665	1
7974032	1
6277086	1
27259699	1
9254045	1
86500312	1
5673318	1
99313193	1
64197017	1
24096120	1
69322808	1
9321523	1
9309194	1
9308714	1
6269418	1
89732494	1
84753281	1
9308262	1
9008439	1
5405879	1
9254245	1
7917499	1
9322054	1
77542758	1
89766980	1
98569085	1
7918015	1
9005974	1
18632961	1
9321690	1
72204957	1
7954710	1
6039354	1
5671873	1
9254251	1
64741190	1
24094223	1
6043497	1
7917496	1
9008100	1
9322659	1
9322969	1
77535335	1
98567547	1
9005916	1
99334725	1
99375702	1
9008338	1
89729803	1
24125852	1
6266047	1
72261406	1
6042134	1
27306100	1
7951219	1
9321561	1
9255743	1
5405881	1
9006619	1
16159014	1
9309257	1
9008303	1
7917494	1
42039133	1
9308086	1
7918016	1
9253978	1
9005869	1
89724037	1
7951101	1
77533264	1
5405859	1
9322412	1
7918024	1
7918020	1
6266129	1
9006278	1
16171464	1
67011341	1
9254681	1
6266546	1
9322839	1
9308088	1
9254834	1
6000151	1
7608423	1
63844924	1
90147204	1
36992846	1
6000436	1
6032777	1
6000220	1
6000355	1
63798386	1
7649545	1
6000482	1
6000252	1
50090691	1
6000323	1
53237992	1
64579197	1
6032713	1
30712712	1
53299929	1
50109171	1
6000273	1
9330684	1
52434937	1
6032724	1
59194473	1
40767195	1
9325878	1
37441042	1
5997640	1
6000059	1
6599906	1
37019168	1
6600451	1
9325547	1
6000191	1
15631067	1
59165689	1
7650404	1
15582599	1
95997131	1
40164922	1
6000475	1
15646651	1
82089036	1
75514143	1
18242067	1
53296118	1
6000184	1
18196645	1
75511093	1
40128865	1
9329767	1
6000113	1
6032715	1
6000409	1
20462161	1
6000204	1
18212281	1
63827046	1
49216889	1
53270075	1
30774317	1
5262496	1
7608729	1
6000367	1
52486954	1
6032712	1
6032730	1
9330592	1
6591544	1
75513420	1
6000084	1
75480288	1
50120615	1
37466259	1
92870026	1
50097199	1
70788742	1
95018925	1
37453508	1
6000088	1
82116431	1
95954701	1
5632490	1
15579884	1
11781380	1
49218680	1
82079577	1
53282254	1
6000359	1
70759820	1
50108161	1
7930278	1
9269939	1
9253532	1
5660608	1
9328692	1
99770886	1
9269292	1
31019945	1
7135117	1
5660232	1
21401540	1
7513161	1
9269235	1
7134859	1
9251998	1
57929605	1
9268620	1
77448943	1
9328411	1
35697999	1
9269847	1
6946215	1
9118943	1
9321266	1
31034422	1
7929950	1
9021240	1
9252534	1
9321113	1
9118641	1
6588172	1
5660698	1
9268381	1
41781990	1
9253505	1
9321271	1
9269058	1
24793557	1
7514099	1
56406394	1
9253885	1
9118523	1
6949059	1
91211779	1
9319686	1
5659072	1
51968950	1
9021069	1
58763038	1
41755807	1
20142888	1
21397798	1
51951552	1
20098765	1
20120881	1
9119304	1
77458470	1
5657906	1
35679339	1
99822996	1
9269189	1
9269201	1
9252255	1
91189740	1
9252171	1
5557657	1
9253899	1
51959019	1
6438238	1
9329597	1
11678187	1
98885077	1
9321020	1
9269817	1
9269834	1
24855414	1
7134708	1
9328858	1
30675487	1
5658850	1
9269796	1
51947499	1
31069154	1
9252835	1
9119018	1
21396579	1
7513781	1
98864357	1
7930325	1
9252931	1
9253205	1
24839095	1
9020178	1
56410337	1
20110735	1
6118723	1
6519203	1
9156411	1
9192907	1
85273990	1
15459970	1
9192880	1
6118830	1
36952305	1
9156331	1
6872335	1
40927351	1
9155902	1
31161801	1
25011295	1
84630742	1
31984442	1
34683568	1
32576231	1
31979242	1
9005432	1
7984756	1
85262309	1
85289827	1
23228905	1
16849817	1
32583465	1
9155272	1
15463492	1
9155366	1
9192889	1
5523573	1
9192930	1
9157009	1
9157086	1
54758534	1
37748332	1
7110583	1
86167503	1
6523784	1
23259966	1
78147233	1
6115431	1
15486260	1
7142055	1
7141215	1
9192874	1
32537953	1
19378810	1
9192887	1
9155937	1
7111506	1
37725796	1
85305406	1
7984619	1
6521860	1
28495951	1
9155575	1
40962987	1
9192875	1
78207359	1
9156267	1
84645669	1
31974359	1
74021873	1
85298290	1
85256730	1
9156616	1
9156498	1
23244875	1
54750820	1
7139333	1
7985057	1
31196986	1
78213426	1
9192890	1
6521530	1
9156847	1
6524208	1
36956059	1
36917597	1
23662564	1
28466753	1
31968583	1
9156829	1
28457422	1
9004974	1
6872851	1
37740350	1
9157010	1
9005486	1
85260762	1
12612308	1
37764821	1
31178404	1
33077503	1
38494194	1
9081292	1
9229305	1
9229512	1
38491206	1
42590292	1
33082892	1
51535512	1
74613561	1
32164925	1
32150311	1
9229325	1
20798844	1
26291190	1
63270050	1
11544846	1
6135393	1
20844144	1
9227858	1
38443580	1
66515709	1
9081056	1
91437186	1
91418273	1
26492217	1
38452343	1
6135980	1
9081647	1
32102353	1
89872726	1
9314586	1
9081589	1
9082006	1
77980988	1
26302602	1
73442059	1
74651664	1
74638021	1
9081000	1
9228530	1
51534686	1
11498959	1
7367021	1
26501459	1
66508367	1
42604397	1
32229017	1
9229237	1
92457050	1
7364313	1
19622394	1
73807337	1
73814160	1
9081698	1
38487402	1
9229400	1
9081032	1
83390248	1
35489808	1
19652171	1
91423678	1
89898783	1
20825884	1
73462582	1
91438154	1
26526828	1
9081482	1
19638782	1
9082010	1
6137905	1
7119421	1
9229799	1
9314532	1
94855252	1
9081432	1
6047168	1
7875243	1
9081310	1
9228234	1
9081869	1
63258455	1
9081195	1
37777772	1
9081498	1
33083853	1
33093643	1
6138171	1
77643313	1
9081198	1
9081103	1
89878865	1
38488295	1
9081299	1
26521355	1
73444987	1
7366335	1
78325662	1
94825686	1
51588238	1
74660166	1
9081436	1
7365665	1
94880620	1
78336372	1
9082226	1
9078245	1
9078611	1
85404605	1
9077789	1
7747931	1
5789246	1
85359056	1
9083009	1
5789754	1
9082890	1
9082260	1
9082216	1
24881879	1
9078189	1
9083034	1
31441421	1
9082430	1
36672258	1
5788983	1
9078394	1
6326506	1
63029528	1
44929846	1
9069736	1
9077785	1
83909108	1
75883926	1
28643930	1
9077865	1
63033403	1
9082899	1
9082756	1
9082084	1
9082729	1
9078203	1
82519534	1
9078324	1
83560750	1
9082956	1
9034569	1
7682480	1
9078571	1
9034035	1
9082912	1
6426460	1
9015501	1
6252858	1
83239062	1
9082953	1
9078577	1
9033533	1
9077893	1
50352512	1
7747430	1
9077822	1
9069013	1
9034558	1
6325198	1
28603215	1
9078230	1
7918412	1
9082228	1
9082987	1
85405230	1
12643121	1
6508334	1
9015932	1
97680491	1
9082547	1
9082111	1
5788353	1
9078585	1
9078739	1
50292559	1
5787587	1
9033700	1
5789638	1
28632677	1
97683322	1
9077770	1
83643621	1
9077871	1
9016012	1
28603584	1
9078160	1
31463084	1
44911780	1
12622702	1
9033585	1
9083013	1
9082808	1
75866921	1
9082893	1
9014880	1
9034387	1
5787636	1
6259189	1
7772458	1
9082127	1
69109764	1
9082563	1
9077728	1
5788356	1
6324174	1
9082954	1
9082586	1
9082950	1
83677079	1
9083054	1
6263511	1
9015762	1
24925011	1
69167057	1
6324759	1
9082788	1
9083039	1
85341111	1
9082748	1
5790052	1
9082263	1
63016779	1
9078299	1
9078100	1
9077975	1
9078444	1
6327971	1
9082757	1
6256672	1
63031545	1
75855924	1
12700359	1
28446220	1
76118009	1
9304261	1
68753037	1
9240650	1
9080776	1
79352292	1
9275627	1
56250499	1
9079895	1
94713059	1
9080367	1
54959938	1
78015576	1
7976042	1
9274093	1
6245383	1
9240226	1
9240097	1
5749096	1
91586156	1
9240050	1
28445485	1
28441418	1
6990912	1
9031872	1
43096082	1
9239801	1
6247441	1
9304435	1
9080004	1
9303636	1
9080253	1
68739849	1
78042714	1
79299165	1
9080817	1
9080489	1
9080683	1
79305905	1
70126260	1
9240405	1
6993649	1
6991574	1
9080785	1
12721600	1
9080607	1
28422134	1
9079914	1
49784113	1
65342927	1
6246298	1
9035939	1
9080792	1
79343091	1
75103197	1
91600782	1
79290855	1
9036839	1
6248033	1
6250000	1
54973595	1
72179201	1
76107983	1
30204846	1
9080333	1
5749147	1
9080689	1
9080847	1
9079824	1
9303448	1
56263252	1
65343281	1
67273249	1
66752720	1
9274365	1
75173018	1
9036774	1
5749769	1
28429460	1
5747207	1
70102051	1
56194259	1
54974333	1
9080332	1
9239264	1
6243411	1
78054016	1
65394133	1
5749438	1
91550634	1
9080456	1
65351850	1
65381532	1
9239979	1
65373347	1
6400826	1
9239178	1
7976397	1
6991988	1
66756744	1
9080893	1
9079826	1
9079928	1
9275235	1
9080316	1
7975949	1
9304575	1
9036555	1
9273946	1
9240346	1
9240676	1
91596245	1
9275778	1
9274968	1
9080727	1
6401119	1
9239457	1
6242480	1
5749418	1
94730636	1
65398050	1
9080314	1
9080497	1
78045678	1
