48933406	1
6960229	1
67381228	1
7774273	1
6501432	1
51328027	1
5475348	1
67381312	1
64705397	1
6503923	1
10624510	1
5474851	1
22394753	1
47631314	1
7774660	1
9200151	1
38127325	1
9200198	1
69492730	1
80318147	1
9000589	1
9199970	1
71026904	1
5473552	1
7776057	1
5474681	1
17504916	1
6503251	1
5475708	1
80302551	1
43495907	1
9019475	1
5915714	1
34213577	1
9146472	1
9230003	1
94630756	1
5914526	1
9206686	1
9143278	1
9230048	1
9230183	1
5915290	1
9145722	1
9206076	1
9230132	1
49969132	1
13534741	1
5913697	1
9230619	1
34233216	1
9145638	1
9142416	1
9230688	1
9231121	1
9231385	1
9142421	1
7759320	1
5916217	1
9206202	1
13506897	1
9230090	1
49917308	1
9206012	1
9230562	1
95112664	1
6120213	1
9230976	1
9230581	1
9142426	1
9230102	1
9206047	1
9207321	1
9230552	1
5678535	1
45099362	1
9074042	1
74821440	1
89224947	1
9073661	1
5228456	1
9074059	1
74874314	1
9074471	1
11763259	1
9273163	1
9073503	1
9073815	1
9074324	1
9272839	1
6876824	1
28683487	1
9273156	1
9273625	1
9074128	1
7844219	1
9273063	1
9073808	1
7844008	1
6515932	1
52398782	1
9073842	1
9074056	1
6877709	1
9273484	1
74874243	1
6877025	1
9073607	1
9272704	1
9074293	1
9158378	1
11763055	1
79251271	1
7843879	1
7844578	1
7925771	1
9073823	1
9074189	1
6641198	1
89246192	1
5228181	1
9074164	1
11753856	1
9074221	1
98815550	1
9272388	1
7175840	1
7988526	1
7644682	1
7355507	1
6094964	1
9234432	1
9122589	1
17838770	1
9122680	1
7116199	1
7356017	1
7114787	1
9234371	1
88114124	1
5256275	1
9234257	1
98183832	1
5573359	1
5253897	1
7826737	1
5256346	1
62182099	1
7988956	1
7354165	1
5253195	1
5253663	1
58530484	1
9234794	1
9235076	1
9122191	1
9291927	1
75222273	1
22584709	1
6091791	1
56787739	1
7829089	1
7354309	1
7355460	1
9291445	1
9234739	1
9234472	1
7355829	1
56813179	1
9235123	1
75212739	1
5251893	1
9233952	1
7355921	1
7827079	1
7114748	1
58490815	1
7560472	1
7867770	1
9309688	1
7490755	1
9139646	1
9309992	1
9139864	1
9139919	1
7789098	1
5569348	1
78991603	1
9310786	1
7790573	1
6602323	1
9139130	1
90004072	1
22035385	1
21641663	1
5571110	1
7557852	1
7866797	1
9139128	1
9341258	1
7866959	1
40692901	1
10873737	1
9310251	1
9139878	1
9225108	1
9007754	1
24245526	1
9218593	1
7423928	1
9224338	1
6074222	1
9225832	1
9006879	1
9002111	1
39973839	1
94122383	1
59560865	1
55913016	1
9226001	1
98292270	1
54311587	1
9225879	1
9224649	1
22282081	1
9219983	1
31521274	1
7420614	1
9225979	1
48020472	1
6662195	1
9220425	1
9002098	1
95374527	1
79408393	1
40020647	1
9224531	1
45410100	1
97143907	1
7991635	1
22313368	1
5354159	1
79416344	1
9225620	1
9224688	1
24283526	1
7801346	1
9218887	1
96125751	1
9224759	1
9218926	1
9225352	1
9219567	1
6074687	1
9218651	1
7421377	1
9258723	1
9258896	1
9259287	1
7101337	1
9258214	1
7792391	1
9258423	1
9113717	1
44822920	1
94793531	1
7104262	1
72048100	1
13371820	1
22520266	1
9114810	1
9258899	1
69017784	1
55810331	1
99003472	1
9258579	1
94788436	1
44827454	1
9258306	1
9257737	1
9114417	1
9257556	1
7026237	1
9258784	1
7980453	1
9258312	1
7002060	1
9258990	1
6944016	1
9084874	1
9084825	1
7665329	1
6943258	1
78655813	1
9084945	1
9084919	1
9084801	1
9278743	1
81778896	1
9084986	1
9279219	1
9278480	1
9278881	1
9085067	1
9085073	1
9278435	1
5521641	1
9084842	1
70566844	1
6942978	1
9085016	1
7343595	1
9278826	1
9084858	1
6944172	1
9279203	1
9085074	1
6944300	1
9278458	1
70547587	1
9084854	1
5521479	1
9277601	1
9084792	1
5608272	1
9085044	1
9278816	1
9084964	1
9085020	1
9278098	1
47273160	1
48457757	1
98418570	1
9084889	1
9084987	1
6943022	1
9279260	1
9084748	1
6943643	1
80692270	1
9084877	1
7992295	1
9278921	1
9085052	1
9278562	1
9084913	1
9084980	1
9084803	1
9084966	1
9277743	1
9277596	1
81752036	1
9283566	1
21011070	1
18719802	1
9283642	1
6988452	1
5156262	1
9284017	1
97956933	1
57862359	1
9283556	1
85761355	1
6989544	1
6989018	1
9283746	1
87027958	1
9284427	1
6986193	1
74906538	1
9284374	1
7438555	1
6990068	1
61485640	1
7441943	1
5156655	1
9284576	1
6988806	1
7968204	1
9284315	1
83060789	1
6988879	1
31373203	1
47200268	1
64110830	1
9016653	1
64111959	1
74903284	1
9284732	1
34994590	1
6950428	1
30569419	1
38933638	1
53122916	1
16924678	1
6951259	1
7051612	1
5809473	1
7044200	1
9102855	1
79831718	1
6950391	1
9113126	1
6658753	1
7501935	1
54146909	1
7053852	1
21549913	1
5809541	1
37632048	1
6658521	1
9102882	1
21154780	1
38953182	1
61187036	1
7055268	1
7050765	1
69986155	1
9112547	1
6726074	1
79545963	1
9106393	1
9296859	1
11609512	1
9107315	1
7850915	1
84375129	1
79992849	1
9153186	1
9106893	1
9130381	1
9141960	1
84407357	1
7921273	1
9106787	1
9153516	1
9141585	1
9106971	1
27742528	1
9142170	1
7921327	1
9106945	1
9106968	1
86839979	1
62095484	1
7921359	1
6997850	1
9129696	1
91954806	1
9005960	1
9254251	1
55496839	1
9309330	1
9255150	1
9255191	1
6623996	1
9254294	1
7911755	1
64175146	1
9254094	1
28229997	1
9006619	1
6624248	1
98572126	1
18620692	1
5405859	1
6272160	1
9005905	1
6625921	1
9008434	1
9008077	1
6883439	1
9006075	1
9309129	1
9308063	1
5672280	1
9255743	1
9005916	1
86539291	1
64202855	1
24112805	1
9254681	1
7912322	1
9254966	1
9254212	1
9322687	1
55489802	1
9254905	1
69384278	1
9254669	1
9156616	1
12557697	1
9192907	1
37733581	1
54713022	1
7009399	1
7141846	1
9192906	1
74053135	1
6872250	1
9156847	1
37765058	1
7095933	1
23279578	1
74049380	1
17914205	1
74072991	1
31208127	1
6521420	1
7097739	1
7111069	1
19316492	1
6520318	1
7107303	1
9155226	1
7925503	1
23237236	1
7925634	1
31986453	1
6872705	1
25037341	1
9155210	1
7137447	1
9233181	1
9233019	1
9233016	1
9261093	1
9232626	1
9259610	1
7788046	1
9259863	1
9264345	1
9264049	1
9263955	1
9215659	1
5118653	1
34917677	1
35806083	1
6944563	1
9264220	1
46115667	1
9216296	1
62007651	1
9232432	1
9232735	1
35801913	1
9231967	1
9260792	1
9260476	1
9105771	1
9233138	1
34927696	1
9263166	1
6944549	1
9264728	1
9263053	1
9215061	1
7787414	1
82620879	1
9232550	1
7981803	1
6944424	1
9263040	1
9018376	1
21853990	1
9215414	1
9105831	1
9216390	1
9106296	1
9259512	1
42647796	1
9233368	1
80189473	1
9106010	1
9232081	1
7604848	1
9264506	1
9215716	1
9233063	1
9296029	1
9264535	1
9263380	1
9264281	1
6946065	1
21805854	1
9264663	1
9263130	1
7981853	1
9233521	1
59827061	1
9216799	1
6482987	1
24199221	1
80809738	1
7813981	1
50983341	1
5312204	1
7396933	1
39525027	1
64359627	1
77086205	1
64353823	1
66799777	1
66853999	1
6646515	1
78108821	1
69844240	1
7816236	1
9115175	1
59422000	1
7816265	1
86719271	1
9037720	1
9037287	1
5308840	1
73692496	1
24179580	1
59705156	1
37595408	1
77085201	1
5847027	1
40988243	1
85667257	1
81676845	1
5844343	1
10408204	1
6715733	1
5219656	1
33751546	1
7700736	1
5655363	1
87921961	1
71667117	1
5219637	1
44246563	1
7702670	1
7751400	1
7750893	1
26223768	1
7189447	1
7191054	1
7192566	1
56758157	1
7680482	1
7700757	1
73232933	1
7994883	1
9148402	1
36618768	1
5919093	1
14843104	1
9148235	1
9148138	1
87447425	1
6150978	1
88043066	1
7735405	1
65920410	1
9152913	1
90915050	1
36650674	1
5142208	1
24562786	1
7428385	1
7994408	1
44587498	1
7427197	1
5679273	1
7145035	1
36612728	1
90922675	1
36599196	1
5636982	1
5146333	1
7426399	1
7736080	1
6847645	1
9148473	1
5681973	1
7432240	1
9148160	1
7738037	1
7793414	1
62970250	1
7994524	1
5680878	1
5918003	1
96343440	1
65943366	1
7147085	1
87485633	1
5920434	1
7498874	1
72103253	1
61584868	1
61806035	1
9210371	1
5232809	1
5236143	1
7998954	1
9271024	1
9209418	1
9038425	1
9210642	1
9210954	1
9270412	1
9271839	1
9209561	1
9209563	1
9270624	1
7934212	1
9038985	1
9209487	1
7999793	1
65877218	1
9211008	1
5233610	1
9271443	1
43641961	1
5232666	1
9209629	1
9271901	1
7933375	1
9211200	1
5235447	1
9210408	1
7934128	1
9110080	1
5236142	1
7998892	1
9039151	1
5233579	1
15664915	1
7998853	1
9203409	1
7959164	1
59898460	1
7122082	1
9202414	1
7124635	1
7122504	1
59874419	1
9203668	1
9202998	1
9203138	1
9203341	1
6213746	1
6157503	1
9202597	1
7120545	1
17588016	1
36408318	1
31622068	1
98058934	1
6157340	1
7740764	1
6155929	1
98090200	1
9110924	1
9110230	1
35778026	1
83733523	1
9203625	1
9306038	1
6283243	1
98055573	1
43218879	1
9203942	1
9110415	1
35780140	1
9202544	1
9202309	1
46953327	1
9134918	1
92413167	1
7997081	1
5261794	1
6558538	1
9128868	1
9204990	1
5888156	1
9204258	1
9205429	1
43364613	1
88710514	1
9135299	1
13052024	1
9205609	1
5261599	1
7997455	1
13053643	1
9204662	1
35528341	1
9128642	1
5636173	1
81821923	1
51717280	1
9205855	1
67777119	1
9204417	1
46347026	1
9204761	1
51683300	1
96435700	1
35515882	1
9129056	1
5582805	1
5586957	1
9204595	1
16058103	1
7662727	1
9074892	1
9075040	1
57757017	1
9136764	1
9285014	1
7919565	1
9075191	1
64646562	1
9285304	1
5875806	1
9074559	1
25480967	1
9136403	1
9075476	1
7921053	1
7920924	1
12262635	1
9285862	1
7920898	1
72441617	1
5281811	1
9285302	1
9075420	1
7931103	1
7956788	1
13708110	1
9285251	1
7662600	1
29761654	1
12241765	1
7941112	1
9074709	1
16665525	1
57733347	1
7920897	1
6531650	1
7920925	1
7931389	1
16055771	1
7920921	1
7919468	1
98704611	1
9075113	1
6058891	1
7921038	1
21253452	1
98249195	1
7920903	1
21274377	1
9074596	1
98695815	1
9072183	1
6954936	1
6690132	1
9150224	1
9300993	1
6524655	1
6173850	1
7853058	1
9003938	1
7987933	1
7853367	1
15125575	1
82978958	1
9149962	1
7659835	1
6176625	1
96944404	1
7643926	1
6460120	1
29839845	1
61215652	1
7215388	1
6957500	1
6957762	1
9149983	1
71234721	1
75809422	1
9150112	1
6957808	1
9004367	1
75829244	1
7372911	1
7643945	1
71201961	1
6524880	1
9072184	1
5934078	1
45007971	1
9150244	1
9150176	1
7659879	1
12974289	1
9003122	1
9075711	1
24726419	1
7863792	1
7863200	1
6751054	1
6970742	1
7904046	1
12982651	1
9075570	1
9076224	1
9003799	1
9076350	1
5488274	1
9075573	1
7987100	1
9076559	1
9076413	1
5488116	1
6750607	1
72978297	1
13029632	1
6970293	1
9075650	1
9075879	1
9076288	1
7079748	1
9076013	1
7865955	1
9076584	1
93474235	1
7904169	1
7986292	1
6971838	1
7986276	1
5913466	1
9076322	1
7903915	1
9247792	1
67474846	1
19917887	1
9246562	1
93482000	1
89417606	1
7910914	1
7623576	1
9248113	1
6632226	1
9247527	1
9247446	1
9076677	1
9246929	1
9246528	1
17754424	1
9077349	1
7910909	1
9246407	1
9076913	1
6676990	1
9247758	1
5925156	1
89362821	1
9247203	1
9077298	1
6382854	1
7624881	1
15733550	1
5322618	1
6676085	1
6631123	1
6630929	1
9247841	1
64942459	1
70885746	1
15729781	1
7911118	1
7911103	1
9314977	1
42125064	1
83369404	1
6342220	1
6499124	1
9246819	1
9247328	1
9246456	1
9247440	1
15768735	1
19898997	1
50052338	1
9076872	1
6631636	1
50067118	1
50108161	1
9324826	1
64579197	1
6032693	1
37475336	1
5262645	1
15984647	1
90144500	1
95939307	1
70753747	1
75480288	1
9325812	1
52471974	1
49190376	1
9330388	1
74677652	1
53304486	1
96003146	1
7652065	1
15940455	1
82115815	1
20474609	1
40142646	1
7938727	1
9082987	1
9082954	1
7989427	1
9015501	1
9082547	1
7918434	1
7909719	1
9083029	1
9078739	1
7772428	1
12643121	1
7746842	1
9083054	1
9082923	1
9078160	1
9078348	1
9078189	1
36707704	1
44916304	1
7989558	1
9077770	1
9082911	1
9082912	1
12622702	1
83573724	1
9069369	1
63051671	1
9083013	1
9077785	1
7918427	1
7682629	1
9082899	1
9082756	1
6259189	1
9082111	1
7918416	1
9082563	1
9077728	1
9083010	1
7989416	1
9082950	1
9082956	1
7682330	1
9082979	1
28612029	1
5788564	1
9034035	1
83582918	1
85333939	1
9082893	1
9083039	1
9077893	1
9082263	1
9078577	1
7918871	1
36723574	1
7772962	1
6250535	1
9082808	1
9077822	1
83920005	1
9034558	1
7938295	1
9078245	1
7910240	1
7918412	1
9253885	1
82434062	1
7843067	1
9268622	1
9320190	1
9268479	1
9268389	1
9269618	1
9118523	1
9252387	1
82495393	1
9118761	1
9320911	1
6946842	1
7130872	1
7056675	1
7131241	1
9253532	1
9253914	1
7015526	1
82435208	1
9270181	1
9269235	1
77458470	1
9253309	1
9252255	1
7930320	1
9118858	1
31051475	1
9253899	1
6946220	1
24826290	1
5659629	1
9118943	1
7132547	1
7841173	1
5660498	1
9252534	1
7063367	1
9269861	1
9252435	1
7069273	1
99760751	1
9252931	1
86160773	1
9269058	1
9329339	1
9269817	1
9269796	1
20110735	1
9321039	1
49910556	1
74563754	1
9104048	1
25578256	1
22687304	1
58996298	1
9108878	1
15381700	1
15392213	1
25783959	1
7407058	1
81656758	1
26879792	1
5807448	1
95736564	1
15366257	1
7159875	1
9109782	1
59041698	1
41493084	1
20014045	1
19995143	1
7675914	1
60571992	1
9256837	1
7676617	1
33585524	1
60690002	1
9257290	1
9255972	1
6983350	1
73491541	1
9256044	1
99029244	1
6551916	1
7813414	1
82879968	1
9290558	1
91808993	1
7969095	1
51488098	1
9257408	1
6981955	1
7676434	1
9256190	1
6551466	1
61398543	1
9256864	1
29598807	1
93769828	1
44478469	1
9059243	1
5564974	1
7359805	1
45447190	1
7939686	1
7940321	1
45507934	1
7208675	1
11877788	1
77761913	1
7154972	1
7361562	1
92585546	1
60342384	1
9193165	1
7417119	1
9193284	1
33157810	1
9193435	1
11902046	1
96707318	1
45440707	1
53679387	1
19785766	1
44467244	1
6875696	1
46183585	1
33161607	1
7360855	1
7208803	1
7208503	1
7362182	1
9193289	1
7209456	1
7415696	1
6875421	1
5565207	1
46528333	1
7172700	1
9084715	1
9084394	1
9242671	1
9083886	1
79138334	1
9084108	1
60659857	1
9083962	1
9084569	1
9241783	1
9084237	1
9084520	1
7172930	1
9084218	1
9084699	1
9084702	1
9084047	1
9084343	1
9083916	1
84574928	1
9084495	1
40463494	1
9084555	1
9241327	1
9084062	1
9084203	1
9084542	1
9083866	1
27761311	1
9084676	1
9241072	1
79164787	1
9242058	1
9084384	1
7990726	1
81895231	1
9084086	1
9084642	1
9084735	1
9084490	1
5401302	1
69912198	1
9084639	1
9084181	1
9084182	1
7573566	1
5190620	1
62565692	1
9242577	1
18272453	1
9084526	1
7572641	1
69950712	1
9026811	1
9084537	1
27811816	1
9242062	1
69912350	1
9242582	1
9241901	1
34378136	1
9084298	1
5401642	1
9241721	1
9084444	1
64270781	1
5401629	1
9084374	1
9084711	1
7969837	1
9083954	1
9084120	1
9084503	1
50462955	1
9084235	1
9084300	1
9084025	1
9084628	1
9084644	1
9084491	1
9083949	1
9242645	1
9084100	1
9083994	1
9084234	1
9084693	1
9084200	1
9083858	1
5401759	1
75702107	1
9083912	1
60618700	1
9084013	1
9241302	1
9084697	1
9084018	1
93205196	1
24458626	1
94040596	1
81477413	1
57996672	1
69680859	1
24502908	1
33447185	1
5616154	1
6683271	1
5539606	1
6680749	1
9158155	1
9124070	1
9157977	1
9157818	1
83873777	1
42352936	1
68229718	1
22454813	1
9124341	1
5618519	1
9123572	1
9265796	1
9245860	1
9264795	1
9266525	1
9244897	1
9266401	1
9133768	1
9246148	1
9264804	1
9265647	1
7935316	1
66584231	1
9245210	1
9245763	1
9281447	1
9265746	1
9132928	1
80748342	1
9238154	1
7766302	1
7993122	1
6191263	1
9265468	1
9035257	1
9282045	1
9282818	1
52909529	1
9282197	1
9282057	1
30962416	1
9238079	1
9281941	1
53561916	1
7768540	1
9034780	1
53577185	1
9265423	1
9123776	1
9265555	1
9265475	1
66600663	1
9057615	1
9245634	1
9266388	1
17660529	1
9133032	1
9265706	1
9266355	1
9035366	1
7766578	1
5153968	1
9238737	1
9238455	1
77600957	1
53577101	1
66609273	1
9282048	1
9238144	1
9238341	1
6131806	1
9282141	1
17640064	1
18449638	1
26475347	1
26329657	1
73792940	1
7363708	1
9081876	1
7877585	1
7942890	1
63217212	1
9228757	1
9313947	1
7875849	1
94871387	1
18406405	1
9228661	1
9081482	1
7119039	1
33068991	1
9229799	1
94883637	1
7979465	1
32156435	1
9314602	1
5214290	1
7117482	1
9227858	1
9081310	1
7943283	1
9228234	1
7875708	1
9081195	1
9081979	1
9228260	1
7979191	1
9081647	1
9228736	1
66518605	1
32202964	1
7875725	1
9081103	1
19623380	1
11563877	1
7366632	1
9081299	1
7366934	1
9228203	1
9081505	1
7877377	1
6138738	1
9229237	1
7980751	1
33659486	1
9063255	1
76211027	1
7686474	1
7626519	1
56859947	1
7182155	1
33613930	1
5470036	1
9131503	1
5238760	1
7808954	1
9040762	1
9040605	1
56867897	1
26971529	1
7686626	1
9063537	1
33633847	1
17113623	1
7678667	1
76216678	1
7688944	1
7677650	1
7810240	1
7180481	1
68691594	1
9063682	1
7180935	1
7182174	1
59601796	1
92082482	1
7683357	1
51302057	1
93661370	1
5100004	1
5100013	1
9243767	1
7683937	1
6371170	1
9244329	1
17416949	1
9242941	1
7686009	1
9242827	1
95840309	1
73143116	1
51283801	1
9244131	1
9121626	1
73124156	1
7686100	1
57490100	1
9243712	1
54058926	1
92110356	1
9242767	1
7685053	1
92107770	1
7685759	1
92079555	1
9128405	1
5358535	1
97758127	1
7965924	1
6371370	1
9243386	1
9243094	1
9248917	1
5756566	1
9248867	1
7963249	1
9248521	1
76394127	1
94165445	1
9251264	1
9298051	1
92827944	1
7942037	1
9250292	1
9223869	1
7356534	1
85943560	1
7358324	1
9250739	1
9248844	1
9249953	1
7742277	1
9250340	1
9224149	1
5760478	1
9223555	1
9250042	1
9222934	1
9250032	1
7652947	1
89426230	1
9223285	1
9223934	1
9134339	1
9134204	1
9297957	1
9224121	1
9251838	1
9248578	1
9249211	1
9134629	1
9249012	1
9249002	1
7961691	1
7983750	1
9249865	1
7749830	1
7652412	1
6968477	1
9248932	1
9134879	1
9251643	1
7742173	1
9248986	1
9249160	1
7942161	1
5548890	1
5650988	1
9021511	1
5651484	1
14609780	1
76733065	1
7445674	1
7447367	1
74321992	1
9280638	1
9237512	1
9237349	1
39717486	1
9280025	1
9279630	1
40888323	1
9279576	1
9280220	1
50817837	1
5653547	1
5305581	1
9281158	1
5552043	1
70315950	1
9335772	1
9280102	1
9279850	1
7746071	1
9334806	1
7445449	1
9237483	1
55583890	1
9281069	1
36792025	1
9021535	1
74334717	1
12180462	1
9280789	1
9279740	1
76118009	1
6628348	1
6995055	1
61920608	1
9032197	1
54933719	1
6995924	1
6400731	1
9035886	1
6994162	1
65343281	1
9275053	1
9274093	1
9274365	1
70088373	1
6401152	1
9239457	1
9274968	1
65346380	1
7975869	1
9031871	1
9239264	1
6626933	1
6630013	1
6629429	1
6240864	1
78042714	1
9275614	1
6628756	1
9275722	1
6629705	1
61903354	1
7936881	1
9240097	1
9031872	1
56209183	1
9275235	1
66797997	1
6992536	1
75177081	1
49787091	1
9273946	1
9079839	1
9273865	1
6627499	1
9080333	1
9240167	1
9275267	1
9239533	1
66756744	1
9275438	1
81168462	1
9274777	1
9275627	1
7937252	1
9239108	1
6995597	1
9056270	1
88877926	1
69279635	1
49269715	1
88535416	1
65465691	1
88465577	1
7380770	1
88868613	1
88516737	1
9039557	1
9072983	1
29937771	1
9072395	1
88405806	1
6643768	1
5649367	1
25334791	1
9073298	1
5650941	1
16991563	1
9072585	1
14258329	1
7890938	1
86871591	1
97601674	1
29954370	1
9144133	1
7380234	1
9072877	1
9073177	1
9072963	1
88491415	1
9140342	1
7873091	1
7668060	1
7032200	1
7871368	1
7666821	1
9140870	1
81332059	1
7964493	1
9141110	1
9140799	1
6568160	1
98473843	1
7668363	1
7457808	1
7870914	1
24610421	1
9140462	1
7330593	1
7453070	1
35326768	1
44627618	1
7871425	1
9141147	1
37519553	1
17056929	1
9327006	1
9140596	1
98473168	1
7872966	1
9140931	1
9141213	1
81366200	1
7964687	1
9326963	1
14953273	1
11170898	1
42838379	1
9201127	1
7113317	1
43994297	1
7112108	1
7112292	1
9108133	1
7819780	1
7388988	1
9201528	1
51796425	1
29675370	1
9131797	1
12121419	1
6106300	1
11156636	1
7326883	1
7392551	1
52678945	1
9201080	1
7325577	1
7328376	1
42834656	1
73075236	1
43973388	1
9202063	1
9202088	1
9200417	1
29627869	1
7818692	1
51816327	1
52662601	1
6670778	1
9132383	1
76529483	1
7327046	1
89609222	1
7112091	1
5477243	1
7385912	1
9200491	1
9108256	1
6673301	1
22257901	1
12070720	1
9202172	1
27915639	1
9108411	1
7187864	1
7831047	1
9267772	1
9138740	1
6064092	1
9266968	1
7184611	1
55223691	1
7786367	1
9138762	1
9266840	1
9267959	1
69097597	1
57143996	1
9266892	1
68028227	1
15332177	1
6866297	1
7183914	1
9267893	1
7185712	1
7649261	1
7647287	1
9138404	1
9266885	1
13838375	1
15364692	1
38334164	1
93956359	1
89809807	1
9343232	1
55736814	1
89823870	1
9267554	1
99846215	1
9267890	1
55285749	1
49680580	1
57133730	1
7533374	1
82726562	1
76328356	1
9218209	1
9217720	1
5102323	1
7755124	1
9217287	1
6544053	1
67878427	1
9145106	1
17775177	1
11384212	1
35111152	1
7977788	1
93386539	1
7834610	1
9116036	1
9217761	1
20035948	1
6536876	1
9218383	1
25440806	1
7978067	1
88385902	1
9145257	1
9217587	1
9217835	1
63757251	1
9218457	1
5977538	1
6052211	1
25417056	1
5136064	1
9217392	1
7532588	1
48863014	1
9222010	1
19269757	1
9213320	1
9213817	1
9221633	1
9221988	1
73388555	1
9213455	1
66478492	1
17344160	1
21769892	1
6431100	1
17378060	1
9213960	1
70205474	1
76983209	1
9213606	1
9220519	1
83135958	1
9214976	1
9213533	1
21766243	1
13751542	1
9027070	1
82225906	1
42014502	1
83125159	1
83109460	1
6317709	1
48862170	1
9220846	1
56660973	1
7353438	1
73932983	1
9220845	1
9214002	1
51028550	1
9221757	1
9213291	1
13801821	1
87685567	1
21735244	1
9213645	1
73387636	1
9213664	1
6320098	1
9213771	1
9222283	1
5580774	1
62862800	1
7129416	1
46984082	1
80552861	1
6389805	1
9137209	1
7996572	1
7996598	1
94246781	1
7130133	1
62869011	1
35610506	1
62870189	1
80590985	1
99520612	1
78513808	1
45328213	1
82868986	1
10716877	1
66409129	1
58100084	1
7126956	1
31094467	1
99458561	1
9137526	1
7129424	1
7924473	1
78504343	1
34101671	1
14532079	1
31893433	1
9235806	1
6355601	1
33510711	1
9236437	1
9148940	1
56988643	1
9212738	1
9235429	1
9212524	1
9235556	1
28010030	1
47894898	1
9149826	1
77149429	1
9293257	1
9236093	1
90315936	1
7657122	1
9211493	1
6903626	1
9211475	1
5561158	1
9236132	1
9236474	1
9293064	1
9212106	1
9235490	1
9236590	1
68582085	1
9237003	1
9236358	1
28789320	1
9235465	1
9212045	1
9236173	1
7655899	1
9236658	1
97049198	1
7655502	1
9236403	1
68541278	1
9212046	1
53039327	1
48763671	1
9212823	1
68598867	1
9294195	1
99750681	1
9212003	1
7734449	1
9149037	1
5187115	1
5835714	1
10967372	1
7860670	1
7860847	1
5182013	1
96190242	1
7859793	1
5186912	1
5185328	1
25878376	1
56599571	1
7695034	1
5939011	1
17311391	1
5180222	1
6369614	1
6368024	1
96171835	1
15035117	1
10997044	1
7861927	1
5835820	1
6766364	1
7860391	1
18520755	1
9318393	1
7642119	1
54427945	1
6369354	1
7995681	1
75273687	1
9318110	1
15032947	1
92662030	1
5833615	1
6570987	1
49373930	1
10115500	1
15038653	1
30176908	1
9083777	1
9276576	1
9083700	1
9276876	1
91363681	1
9276758	1
7406651	1
9083164	1
9083750	1
9083355	1
7371419	1
20447601	1
9277088	1
9083722	1
7369529	1
9083061	1
9083613	1
9083666	1
9083187	1
6337057	1
9083506	1
99969144	1
84878090	1
62157043	1
9083228	1
9083803	1
41212868	1
16208043	1
9276295	1
9083340	1
9083577	1
9083254	1
9083077	1
9083787	1
9112137	1
5621920	1
9111685	1
44733647	1
6332749	1
9276489	1
76613557	1
6338484	1
9083642	1
9083258	1
9083845	1
9083503	1
9083302	1
9083655	1
9083540	1
9083269	1
9083840	1
9083352	1
9083555	1
32906804	1
9083542	1
9112011	1
9033140	1
5664908	1
51214896	1
7961147	1
6238531	1
53373693	1
51174941	1
51207309	1
53339109	1
86959786	1
95673633	1
7960592	1
94917351	1
60236596	1
9032583	1
6404262	1
60230687	1
95695759	1
52091194	1
16449172	1
37119106	1
27673956	1
9151275	1
41073779	1
9226107	1
5774129	1
9208518	1
50746233	1
13199064	1
9226924	1
9227742	1
7507200	1
5819112	1
9226496	1
9151890	1
9117925	1
66257708	1
6937739	1
37117474	1
5826716	1
9207955	1
6874707	1
28065209	1
15538192	1
7672430	1
5771903	1
15509310	1
9226122	1
27609934	1
45787133	1
57648928	1
9117406	1
9151844	1
9209084	1
9208389	1
10220950	1
9209050	1
9151034	1
7671302	1
9208313	1
31300235	1
70218433	1
9209257	1
5773952	1
45737669	1
9118182	1
5818527	1
5967005	1
7670825	1
9227299	1
27659462	1
45735863	1
9151884	1
9079684	1
9000967	1
24426985	1
9261464	1
5482377	1
7882467	1
6981081	1
96836040	1
9000934	1
9078774	1
23998074	1
9079799	1
63095096	1
7012390	1
9262765	1
5485021	1
61044822	1
68444805	1
7998043	1
9078805	1
54802818	1
31707819	1
6979276	1
55651532	1
9079440	1
49442952	1
9001548	1
9001192	1
42468098	1
9261677	1
9262467	1
9078753	1
9261978	1
6976958	1
6464131	1
9079066	1
9262343	1
9336344	1
7878529	1
6432453	1
9261577	1
5484656	1
6434217	1
7967654	1
78690913	1
7967583	1
42458484	1
68453154	1
9262831	1
