6957307	1
7853058	1
6463046	1
6955424	1
15125575	1
7214483	1
7642781	1
7643095	1
7987974	1
96977536	1
7988112	1
89019514	1
61136582	1
71234721	1
76865721	1
7711843	1
5936194	1
9003912	1
37277090	1
45028846	1
9004458	1
6819999	1
5175478	1
96940127	1
29771212	1
5175100	1
6821258	1
6956327	1
6690543	1
42146727	1
93553694	1
9301853	1
7910603	1
89399522	1
42125064	1
5863657	1
89338048	1
9314839	1
19914158	1
7621415	1
89300185	1
9315569	1
7621232	1
42173534	1
5929924	1
9044131	1
9315872	1
16809330	1
6556289	1
29598807	1
51469381	1
9291104	1
6554051	1
89563938	1
6982982	1
6983084	1
82931379	1
7812199	1
6551916	1
7569301	1
9255977	1
16825318	1
56550939	1
52124255	1
7916916	1
74997073	1
25800732	1
9109692	1
9109812	1
6083474	1
6087266	1
67717410	1
48274238	1
49879767	1
49890699	1
6084373	1
59055152	1
7916917	1
5806283	1
6083698	1
25755137	1
95736564	1
99126987	1
7164046	1
5807121	1
43344779	1
69197187	1
46738663	1
79916411	1
24997010	1
12535209	1
5249886	1
9135862	1
18090570	1
24951532	1
13034450	1
23000110	1
13099017	1
5582805	1
81878586	1
13067359	1
5135286	1
5285929	1
9145310	1
9217213	1
20086714	1
88336878	1
6693130	1
7534597	1
5301430	1
7977668	1
5137897	1
9116297	1
6539143	1
9217414	1
17775177	1
67839985	1
65737493	1
69749382	1
7763748	1
7940295	1
71910797	1
7906000	1
7155111	1
45457475	1
7962345	1
19749954	1
9195716	1
45600360	1
54207114	1
18545475	1
7962834	1
60345406	1
5563670	1
44472760	1
77727885	1
7360876	1
46461809	1
9327638	1
98556896	1
95894356	1
98551464	1
7895731	1
98480343	1
86693938	1
7666929	1
7669944	1
60304835	1
95908839	1
98484626	1
68095645	1
6129002	1
87229151	1
81700007	1
9024609	1
7704083	1
5222984	1
33683531	1
7704267	1
7702452	1
85659782	1
22888488	1
9025193	1
75933703	1
87907022	1
87918412	1
26193702	1
9024794	1
7702995	1
75628328	1
40038156	1
85690820	1
85698085	1
7724050	1
87889304	1
26223768	1
71668107	1
87915516	1
7700757	1
7752957	1
95605731	1
6071168	1
6068768	1
5784433	1
40654909	1
5784161	1
7344088	1
98407580	1
81752036	1
5521641	1
6942728	1
5522786	1
5609013	1
9277912	1
59233649	1
6942967	1
32374263	1
6943687	1
27550636	1
6886573	1
6886933	1
9008425	1
66995759	1
89724265	1
6624357	1
5672759	1
7912126	1
5406112	1
5673843	1
99480322	1
62859933	1
7996369	1
9338730	1
7952960	1
94246781	1
9137530	1
6636554	1
78485104	1
7996637	1
34101671	1
6392177	1
9337987	1
6737036	1
5884885	1
7924569	1
66420514	1
6449133	1
6594849	1
9289037	1
47044066	1
65520172	1
78443576	1
45327406	1
34777190	1
9126594	1
92020328	1
83109460	1
36054967	1
6320718	1
5579483	1
19689567	1
48960578	1
9027140	1
83144438	1
17375134	1
6430214	1
5579459	1
7349058	1
9213481	1
44586194	1
5144009	1
5680274	1
63538338	1
63535520	1
5143560	1
6849823	1
5680029	1
65949356	1
90921582	1
5143620	1
6849864	1
63907137	1
5647884	1
87485633	1
9148033	1
5143562	1
5144018	1
5141977	1
5144700	1
9152463	1
5928126	1
34917677	1
6944484	1
6944744	1
71610780	1
6655107	1
7981650	1
5117232	1
59831787	1
84271535	1
35828838	1
79682647	1
9215389	1
6945542	1
6653890	1
66045771	1
5309316	1
5312450	1
6649050	1
7397598	1
5308840	1
6483662	1
6648077	1
7838888	1
69892448	1
66010306	1
71161262	1
7957415	1
9115222	1
7398295	1
9115812	1
5311548	1
5256354	1
5253490	1
6091642	1
17826000	1
5251822	1
7644790	1
46243380	1
5252874	1
5256075	1
5255914	1
5255877	1
7645938	1
39776493	1
58490815	1
99244643	1
5255886	1
98139005	1
9233852	1
5113471	1
9291754	1
6095462	1
7176153	1
5256213	1
7989074	1
7646045	1
5255876	1
7646059	1
5256273	1
5255887	1
7356031	1
88140016	1
9233597	1
7826307	1
96993408	1
24025393	1
6897184	1
90279624	1
7655826	1
33516292	1
9294517	1
7655585	1
6796616	1
9294437	1
9236701	1
47795572	1
6902585	1
54852074	1
9148833	1
53039327	1
44377659	1
7734584	1
53052194	1
6900046	1
48740604	1
54841971	1
89963497	1
5341675	1
40747942	1
5335278	1
5344688	1
10783292	1
5569079	1
7545896	1
5336702	1
10774911	1
32817897	1
7546306	1
7492042	1
98300537	1
80951745	1
7932318	1
59556657	1
9061103	1
7424118	1
59525700	1
79398737	1
31565114	1
97329254	1
45878081	1
9074880	1
7930544	1
7931368	1
45931138	1
7324199	1
32257848	1
7941262	1
9074957	1
45934252	1
5626510	1
25468776	1
7660697	1
9286397	1
97298850	1
7928076	1
5626147	1
7725680	1
5877083	1
9136252	1
7940956	1
7920903	1
5877376	1
70393559	1
7791377	1
99427492	1
56061427	1
7792423	1
7102630	1
44822920	1
7979809	1
98935386	1
5667894	1
9258171	1
62812256	1
9319063	1
56595566	1
10140066	1
17297201	1
6571076	1
5546294	1
7695034	1
7995272	1
75280612	1
59466621	1
56571448	1
5180222	1
7695916	1
5175618	1
6370878	1
69834669	1
10106888	1
5175587	1
48704113	1
5829228	1
17319197	1
15038653	1
7907739	1
7986505	1
21919142	1
9003261	1
5493643	1
7631533	1
12978334	1
74279052	1
74198882	1
87075986	1
6614648	1
6921050	1
7986445	1
6920946	1
18133223	1
9003571	1
80136363	1
17576592	1
98085130	1
7952277	1
6155433	1
6155214	1
78851158	1
98090200	1
7959056	1
7952659	1
47114000	1
9204074	1
7697025	1
7273895	1
76159521	1
7738699	1
9304880	1
5374640	1
7738442	1
69947420	1
5402885	1
5401642	1
84536419	1
69573720	1
81904803	1
5402915	1
81938874	1
7572439	1
18902679	1
63415997	1
9241801	1
7571971	1
40442814	1
9026598	1
60685202	1
79145796	1
84574928	1
7171715	1
7729110	1
75725586	1
7573566	1
7960240	1
12298953	1
9311954	1
40232385	1
97925728	1
61433900	1
5154899	1
74890944	1
5161256	1
7439880	1
9284514	1
6987130	1
7959645	1
5154561	1
35053650	1
7731250	1
46570769	1
6131969	1
30862697	1
9282823	1
9244745	1
9265606	1
6586069	1
30931228	1
17634993	1
9265880	1
7769055	1
52876898	1
9058766	1
7934881	1
30423722	1
9265595	1
7769082	1
9125080	1
9245641	1
9123804	1
9281759	1
7993823	1
58040958	1
63352194	1
6045544	1
21978475	1
5617332	1
34151874	1
5538347	1
34158518	1
54620780	1
22442500	1
6238667	1
9158324	1
83900700	1
5125548	1
21989546	1
9124341	1
5133358	1
6045172	1
7678549	1
5470895	1
90181636	1
7687460	1
7808880	1
7686761	1
7686689	1
7678625	1
7938255	1
85564839	1
9331338	1
7809690	1
5241862	1
95311330	1
14060331	1
7937411	1
7980785	1
9063466	1
7686952	1
9023046	1
7688827	1
7677650	1
23514019	1
5241494	1
14051381	1
5472404	1
5241501	1
14029755	1
9332445	1
68210113	1
28703594	1
28673200	1
6111574	1
11711717	1
26439641	1
6878186	1
5228167	1
5228539	1
9074021	1
6110037	1
6110582	1
26462090	1
61316766	1
5230176	1
7844110	1
55151496	1
7844578	1
7925740	1
91762735	1
97112968	1
5728344	1
7998986	1
9039101	1
38198276	1
72838687	1
6836105	1
48175912	1
9270887	1
7999136	1
5236142	1
87522283	1
9038557	1
94375402	1
91691088	1
6834875	1
85234866	1
87550602	1
6828848	1
30689910	1
7930128	1
51900735	1
98865604	1
99832088	1
5658588	1
7840852	1
9329548	1
91189265	1
51908381	1
36231715	1
5556534	1
99760751	1
9328511	1
57928824	1
57933893	1
7929746	1
77455273	1
77440489	1
9118512	1
5531948	1
9280425	1
9029886	1
76771265	1
5653416	1
9280525	1
7976962	1
5531232	1
76442275	1
7719486	1
94335235	1
50823164	1
9030816	1
43851150	1
5466324	1
54512814	1
7745832	1
87332739	1
54490889	1
5467696	1
94338595	1
5363780	1
5380287	1
74302777	1
7527215	1
7326320	1
72728643	1
51787383	1
58148122	1
22212484	1
9067662	1
42801653	1
58150139	1
22219626	1
7113571	1
7478272	1
87200565	1
6108268	1
7818538	1
5478248	1
5477690	1
6670778	1
9108461	1
9325270	1
6598755	1
37439704	1
74683418	1
7610416	1
63840106	1
40166038	1
70965347	1
75490335	1
5631392	1
9325208	1
5837744	1
9325561	1
15629449	1
49233574	1
6029247	1
40779375	1
6431312	1
63108210	1
9262054	1
9261903	1
9262567	1
6978122	1
5482377	1
7882467	1
7998443	1
9001381	1
9337426	1
9337894	1
42702084	1
9079312	1
6975107	1
9333658	1
6172860	1
5484017	1
6976135	1
42759149	1
7012113	1
6431970	1
42458484	1
55609405	1
6118777	1
6119324	1
28508574	1
86165823	1
36935728	1
36931344	1
31173608	1
7925147	1
32568904	1
32544694	1
34672456	1
17939527	1
9192534	1
31218760	1
9005535	1
7309388	1
86187378	1
7953650	1
7051612	1
7905287	1
5809451	1
5851369	1
36201672	1
6949902	1
6043736	1
43726365	1
21202371	1
53766733	1
14319379	1
70017682	1
6147863	1
37648479	1
79776905	1
99644393	1
6952488	1
36212851	1
7846319	1
5664908	1
86953042	1
7946834	1
52064874	1
51230924	1
7932719	1
86976298	1
9033402	1
9342355	1
60232892	1
28319350	1
44030530	1
62314429	1
9342139	1
6998259	1
46071405	1
9346208	1
27741132	1
7000212	1
26332633	1
9106747	1
26158950	1
88201500	1
9107306	1
9107126	1
86824792	1
99161179	1
9296941	1
7921364	1
7921359	1
14231981	1
5709642	1
11097251	1
7578905	1
79964176	1
9068936	1
7747018	1
7910467	1
6427156	1
9068605	1
5788254	1
5788448	1
7682480	1
97675439	1
88313710	1
75846439	1
82523567	1
85384577	1
5788464	1
7771461	1
9015843	1
7747420	1
5788589	1
5788413	1
7773496	1
7681530	1
28643930	1
82513189	1
51137298	1
93100364	1
9111520	1
5622674	1
7549285	1
9111640	1
45961486	1
5621338	1
5619909	1
7805305	1
7367637	1
7556470	1
62115777	1
5227724	1
5624355	1
11057292	1
7948939	1
6862226	1
7197324	1
55698990	1
43072323	1
93986041	1
87590428	1
69097597	1
55223527	1
43176752	1
19834435	1
49655638	1
68063581	1
7199528	1
56179261	1
26674059	1
9343239	1
6859894	1
5771903	1
7706115	1
5822314	1
72544831	1
41104335	1
5790873	1
5774436	1
72567543	1
9227782	1
6940555	1
5818082	1
5773550	1
5827311	1
7705100	1
9227310	1
73714210	1
41070750	1
9208473	1
5821762	1
7510859	1
5790700	1
9226554	1
45730722	1
9151878	1
57508221	1
30364261	1
4201613	1
55422172	1
7684456	1
6892425	1
7317851	1
5360414	1
9242758	1
30405239	1
7686149	1
34722491	1
5316292	1
9127680	1
9287661	1
9244132	1
18405770	1
89926363	1
83445613	1
5211822	1
11509120	1
28913659	1
94837155	1
78313733	1
77653241	1
5211917	1
7875725	1
91416812	1
33094824	1
7978552	1
92458319	1
7117285	1
7877585	1
9081895	1
5211063	1
20797897	1
20841261	1
5105900	1
5109864	1
5109948	1
5736008	1
5663991	1
25368827	1
9144116	1
5648394	1
78234965	1
5107694	1
5109860	1
5554926	1
5662538	1
88408079	1
88435052	1
5650490	1
7742676	1
6964283	1
7652521	1
5760478	1
9224076	1
7743810	1
25981685	1
9251355	1
6928072	1
7655004	1
6969196	1
34459143	1
7654512	1
7654216	1
76431293	1
94146252	1
6967736	1
5765195	1
6926913	1
71506854	1
7748902	1
6928914	1
7357313	1
9304176	1
6622858	1
9303044	1
9036015	1
61946073	1
6630124	1
9239369	1
5748080	1
9304126	1
78581650	1
9240144	1
75143362	1
6621783	1
70090786	1
5747390	1
28399278	1
6241023	1
91589793	1
91574180	1
9080726	1
13632973	1
7936429	1
28449378	1
81168462	1
92278944	1
6742932	1
9047035	1
34207149	1
9206751	1
34246827	1
9230217	1
5705783	1
18875854	1
42899932	1
5813783	1
5705561	1
49955999	1
65073092	1
95172197	1
51358538	1
87420347	1
5786852	1
9019577	1
7775960	1
5861725	1
6103212	1
6959269	1
5785305	1
6103656	1
6104202	1
55876308	1
43501755	1
5784855	1
9199832	1
5785165	1
5784713	1
9199006	1
