11088450	1
7580876	1
9153387	1
9142017	1
83209102	1
9129957	1
9141960	1
9106419	1
9142196	1
84392126	1
83231016	1
9153844	1
9297202	1
9297291	1
58231703	1
84381613	1
79967470	1
26137017	1
91920794	1
9323850	1
9106945	1
9106393	1
9142197	1
9296775	1
9107290	1
9107315	1
26140245	1
12764903	1
9141484	1
72331862	1
25726703	1
9107254	1
9129696	1
84375129	1
9107182	1
9345710	1
9106893	1
58235414	1
9129835	1
84361453	1
9107379	1
26138946	1
27728207	1
14197732	1
91927510	1
9106566	1
46031484	1
9324088	1
9345544	1
9296810	1
86810230	1
9106774	1
9106807	1
97464275	1
9324190	1
62081394	1
7000280	1
89129194	1
9141524	1
9106881	1
99169439	1
26334009	1
9345709	1
9142038	1
9296627	1
6999278	1
72347753	1
9323073	1
26390797	1
9129828	1
9107078	1
9296859	1
76036618	1
89070513	1
9106971	1
11581214	1
9153999	1
89119157	1
9323342	1
76018264	1
83222326	1
9106952	1
26114553	1
9296386	1
12809877	1
26355603	1
14231981	1
9345299	1
11582719	1
9142299	1
11591606	1
25735186	1
9141242	1
14189738	1
9153186	1
9130381	1
11133067	1
9345706	1
9153998	1
9107387	1
9153978	1
9297737	1
27729394	1
14240135	1
96664054	1
9323248	1
9142170	1
9296698	1
46056153	1
83233646	1
9345527	1
9106968	1
7921208	1
9323338	1
9106787	1
9153516	1
97448448	1
65636730	1
65668992	1
5851718	1
38953182	1
43691975	1
37671210	1
54171958	1
9113074	1
30568084	1
53084219	1
21571858	1
9112725	1
36169704	1
37658339	1
79855677	1
16962369	1
79864494	1
37632048	1
9103489	1
9112440	1
30617378	1
65633369	1
21551734	1
79553348	1
21144928	1
5712592	1
53785048	1
99659701	1
9102690	1
65622216	1
23389193	1
9103169	1
9112373	1
19217331	1
7500887	1
37676908	1
9112838	1
9103523	1
9103363	1
79518858	1
43661636	1
54137725	1
79765640	1
7055268	1
7050765	1
9112921	1
16940865	1
79762263	1
21568597	1
7950215	1
43661131	1
9103120	1
37668694	1
16964060	1
9102882	1
5809827	1
6657453	1
9103879	1
87792460	1
23404267	1
53762765	1
7501200	1
5710481	1
9112871	1
30600516	1
53754959	1
54608342	1
9103802	1
9112329	1
79578337	1
5612970	1
21548813	1
21548430	1
9113063	1
79866919	1
9103612	1
61156311	1
5851369	1
61191503	1
9113274	1
23425999	1
9103087	1
9113126	1
6655861	1
9103293	1
21559698	1
53079673	1
87809608	1
38965690	1
16928525	1
9102867	1
30566575	1
21196447	1
5811794	1
9113153	1
79794318	1
82726562	1
83472111	1
37112304	1
7977656	1
9218302	1
63722414	1
20061628	1
5977105	1
76287908	1
7755393	1
9116269	1
63784593	1
76302471	1
11243951	1
7755695	1
69745157	1
59742441	1
57793179	1
7754512	1
9145222	1
9217902	1
67869557	1
11419233	1
69715734	1
9116036	1
7530913	1
17821926	1
20030911	1
6693499	1
82724031	1
6542601	1
57783161	1
31284836	1
11371447	1
6051510	1
82782304	1
35117939	1
7533374	1
93325523	1
9216878	1
7754845	1
93344803	1
82788956	1
5135037	1
11276407	1
65763930	1
63774315	1
5979959	1
57824481	1
67907548	1
7756457	1
9217349	1
9218192	1
59760107	1
31256562	1
11397774	1
67878413	1
63743358	1
25391574	1
9216912	1
7756464	1
5102323	1
25417810	1
69413748	1
9145429	1
9145532	1
57812615	1
5303807	1
9145257	1
5983873	1
76342847	1
93584884	1
63729493	1
20087371	1
67905920	1
7536094	1
7753224	1
17789005	1
7535474	1
59784289	1
69410289	1
9217835	1
9145059	1
31748445	1
68122639	1
47522723	1
44641337	1
60012515	1
9141021	1
31797290	1
97876507	1
9140440	1
7460240	1
17056027	1
5349569	1
44640070	1
44654858	1
7666454	1
68082028	1
46635558	1
9326655	1
9028782	1
9326791	1
85018691	1
31768848	1
70669446	1
68083331	1
91508650	1
62724345	1
9140799	1
46643844	1
9327135	1
9140931	1
9141213	1
84982486	1
9029051	1
91489183	1
44657399	1
87234222	1
44644613	1
7669266	1
9140342	1
5534979	1
95925062	1
91503200	1
95887451	1
97837665	1
66705597	1
81332059	1
24610421	1
46614808	1
7669178	1
9141110	1
6125093	1
48539498	1
37515911	1
70737678	1
17100309	1
9327989	1
84979558	1
17083155	1
9326960	1
70671918	1
17066966	1
98561185	1
59956332	1
62750923	1
9140587	1
17056929	1
81334281	1
6395128	1
98473168	1
87265544	1
66663603	1
9141147	1
7668242	1
46621547	1
5786260	1
6102221	1
67349405	1
37918116	1
5859388	1
70620028	1
23149215	1
47600683	1
55836913	1
71092752	1
9019686	1
5861783	1
80271653	1
9000721	1
5860410	1
69473907	1
9199766	1
45165343	1
38128451	1
10608597	1
71062645	1
7775188	1
84000904	1
9200151	1
9102568	1
22357198	1
70607439	1
38080735	1
45182208	1
55816686	1
6504765	1
27534979	1
71031016	1
9102651	1
7583705	1
43482734	1
6102106	1
7999909	1
23123019	1
9019803	1
9000134	1
23098125	1
13958749	1
80296607	1
22411984	1
48908887	1
64683352	1
96580085	1
9019009	1
55829807	1
5861725	1
6104202	1
48942311	1
17531263	1
43506921	1
10603700	1
27517654	1
67325044	1
55850738	1
23114416	1
9199970	1
38132630	1
22374660	1
5475348	1
9019584	1
5474681	1
48923610	1
48128672	1
9019475	1
36373767	1
9000050	1
43495907	1
7775138	1
57263637	1
7909649	1
9012446	1
7682480	1
9068895	1
7681246	1
9083009	1
12678824	1
12643121	1
83598878	1
9082260	1
88313710	1
28652381	1
9083034	1
24936992	1
9082911	1
36689945	1
9082430	1
9078181	1
63036995	1
9077865	1
88322693	1
9082729	1
44972337	1
9082338	1
9083039	1
9082956	1
75855924	1
9078571	1
9082912	1
9015501	1
9078189	1
9082953	1
9033585	1
9082950	1
7681097	1
9082263	1
9082728	1
44969511	1
7989248	1
9078606	1
69109764	1
9034558	1
9015981	1
31468223	1
69152498	1
31493179	1
6511378	1
9082893	1
9015932	1
85372450	1
28180091	1
7989380	1
9082890	1
9078585	1
9078739	1
50292559	1
97680491	1
28605748	1
57293974	1
82561231	1
44979631	1
9069655	1
9077770	1
28616409	1
7773274	1
28603584	1
7747664	1
31446997	1
9083013	1
85337202	1
75866921	1
9014880	1
9034387	1
9082987	1
6259189	1
7772458	1
50318516	1
9077874	1
9082111	1
9082563	1
97693530	1
6425663	1
28634467	1
50318250	1
9015762	1
83909108	1
82524329	1
9068577	1
50333828	1
9077893	1
9082072	1
63016779	1
83592380	1
9082808	1
9078100	1
7747145	1
6256672	1
31448455	1
50341855	1
9233181	1
9105976	1
9259910	1
42679769	1
27217751	1
9232278	1
9215015	1
62425273	1
9231904	1
32508704	1
9294843	1
41897773	1
9105315	1
9294721	1
9260242	1
32458874	1
84274855	1
21792683	1
9018060	1
9296212	1
9263955	1
35801913	1
9105945	1
9216756	1
21807066	1
27239563	1
9105401	1
6944566	1
9017555	1
59832343	1
6652469	1
9260303	1
9105656	1
50925457	1
9264661	1
9018577	1
9259745	1
61952157	1
9231907	1
9106012	1
21816300	1
9106241	1
9106010	1
27221087	1
80208655	1
34971716	1
34927696	1
9259418	1
62398881	1
9259520	1
21854359	1
38695823	1
9106034	1
38701498	1
9263130	1
34975433	1
32474456	1
9105422	1
9018333	1
5118789	1
32492225	1
5115868	1
6774685	1
9105766	1
9259374	1
84243436	1
38654250	1
7901101	1
59803393	1
9260448	1
9018232	1
9233246	1
9259382	1
9296067	1
7981910	1
7605450	1
9216156	1
9259960	1
79672901	1
9105771	1
9017538	1
9233353	1
79064138	1
80183606	1
9260781	1
9232951	1
9106303	1
80192597	1
9106130	1
41948484	1
9105541	1
9105844	1
9105433	1
5115893	1
21853990	1
9105608	1
59815920	1
38684029	1
9105981	1
9106110	1
9106195	1
9260951	1
9232145	1
32501764	1
9232468	1
80250260	1
50907586	1
9295495	1
6652586	1
9329471	1
98901413	1
9253532	1
58739587	1
9268389	1
9320671	1
77402113	1
9253189	1
7514099	1
21431557	1
35714311	1
31019945	1
9328613	1
31051313	1
99828371	1
5660232	1
99802371	1
91233186	1
9252992	1
9269235	1
7014667	1
9328522	1
82419519	1
11684380	1
7057367	1
9253309	1
86160773	1
35683036	1
9252119	1
36280134	1
9020500	1
9328867	1
9328171	1
9270179	1
41759745	1
9118943	1
7132152	1
82490252	1
7134558	1
9021240	1
9118641	1
30655342	1
41772344	1
5660698	1
9269432	1
6706160	1
9118774	1
31069154	1
98874663	1
6705350	1
9253903	1
9118523	1
36289112	1
11638875	1
91186774	1
36264077	1
9268789	1
9021069	1
9252970	1
9269021	1
41755807	1
20142888	1
5658603	1
9269697	1
20095025	1
9269419	1
5657906	1
5660546	1
9320741	1
35679339	1
41738407	1
9269051	1
9252457	1
9269856	1
9329178	1
9328848	1
35721208	1
9269139	1
9020178	1
9269540	1
36267899	1
5660134	1
77406780	1
9270017	1
9270107	1
9320829	1
24793557	1
5659994	1
20139594	1
31056833	1
9328435	1
82489271	1
24839095	1
20110735	1
77396706	1
6370574	1
15027126	1
5832476	1
83818426	1
53428361	1
53433747	1
53430699	1
56579809	1
48706121	1
9319072	1
10981814	1
77345830	1
15074793	1
29455947	1
34051457	1
17309098	1
83802144	1
84311336	1
84284444	1
56584528	1
30190118	1
9317931	1
99593676	1
92654799	1
18520755	1
9318393	1
96207134	1
56593587	1
15032947	1
54432087	1
34031930	1
10129256	1
75267847	1
5827759	1
5831272	1
49358464	1
92699433	1
17294738	1
96171835	1
83808477	1
10974405	1
6571154	1
7641871	1
9319100	1
10115500	1
9318873	1
5832351	1
59452568	1
96190242	1
10990941	1
96168897	1
29396682	1
92662030	1
49348817	1
56607240	1
77386854	1
29409499	1
5834461	1
84331450	1
77385974	1
53399208	1
15052235	1
9317932	1
59503839	1
18514066	1
54411023	1
90252476	1
53492864	1
48674989	1
48721966	1
53413297	1
5834109	1
69774317	1
9318928	1
59488035	1
7695916	1
7695379	1
49373930	1
7909368	1
9318370	1
9123572	1
9265978	1
30934910	1
20341590	1
68860285	1
53580293	1
9266234	1
7766302	1
9282694	1
6133749	1
9133160	1
6583455	1
85512656	1
5151224	1
9265746	1
80699191	1
9238874	1
30888839	1
85503919	1
55293836	1
68832575	1
9244946	1
9123434	1
7765382	1
5153845	1
9265760	1
30435875	1
7993767	1
77619594	1
9282057	1
68896467	1
9034780	1
9283057	1
9126175	1
9244745	1
9281880	1
20309883	1
9281586	1
9266355	1
9123887	1
9035366	1
9035372	1
30858142	1
9245543	1
7935139	1
52866899	1
46563472	1
9238613	1
6584313	1
46583055	1
30894474	1
7993934	1
55318748	1
51435737	1
66633624	1
36467093	1
9244733	1
9246071	1
85495310	1
9125366	1
9133768	1
9123862	1
9133524	1
9265180	1
9264909	1
55302160	1
30879166	1
36462128	1
70524751	1
9245892	1
9245798	1
30934585	1
9126025	1
9266034	1
9056978	1
9132928	1
53577101	1
66589933	1
9282818	1
17634581	1
9125080	1
17660529	1
23605362	1
9282115	1
38843886	1
66609528	1
30962416	1
9034997	1
9133009	1
9237617	1
53561916	1
20353652	1
7764958	1
9123776	1
58965670	1
80729223	1
9133032	1
30880342	1
9266342	1
9282439	1
9058245	1
55342234	1
20337089	1
17658450	1
30980855	1
80748342	1
9122892	1
9282048	1
9282217	1
9146648	1
82001646	1
18844449	1
9231450	1
9142664	1
9146044	1
5814903	1
18878450	1
72633100	1
9146078	1
43939368	1
9316957	1
87358676	1
9142351	1
10322742	1
5813876	1
18882444	1
9206397	1
95160393	1
9206483	1
9145561	1
42903663	1
9206901	1
6745132	1
9206973	1
10829098	1
43944540	1
5816106	1
9146474	1
9206866	1
9206816	1
7757718	1
34213577	1
9317484	1
9317282	1
72633390	1
21327621	1
88632803	1
5813659	1
10861691	1
42476368	1
9142426	1
5815242	1
5815271	1
9229894	1
10355614	1
9142695	1
9146179	1
13487659	1
75343028	1
21343791	1
43922961	1
13534741	1
65083951	1
9146627	1
43877848	1
9143278	1
7757168	1
88628538	1
9316907	1
75352846	1
86613414	1
9317649	1
9142416	1
9230824	1
21291570	1
9146429	1
86592238	1
75330254	1
10799829	1
7757362	1
9230553	1
43899616	1
43944381	1
9146462	1
88635106	1
5814279	1
65057953	1
42921557	1
9316366	1
94634413	1
9231388	1
51363915	1
43943454	1
10335953	1
9206892	1
10860115	1
9142421	1
27094322	1
75348016	1
13476703	1
9317701	1
5815647	1
9142648	1
42518106	1
92280498	1
9142761	1
9146407	1
92329394	1
53277570	1
7650283	1
64549292	1
5838650	1
6000184	1
36992846	1
6589940	1
59170795	1
94990501	1
70965977	1
82115815	1
90089804	1
18223842	1
94980643	1
40142646	1
9330388	1
11826117	1
20462161	1
37419279	1
9325231	1
5837626	1
52481482	1
9331181	1
49216008	1
7650202	1
9326035	1
6600217	1
9325448	1
18217579	1
74719224	1
53237992	1
7608423	1
7610572	1
49215465	1
36978385	1
5838781	1
9325715	1
5839425	1
70782888	1
75511093	1
70759820	1
63838312	1
82116431	1
9330990	1
75480288	1
15948143	1
50078153	1
49187325	1
5837192	1
5838006	1
6000359	1
20503276	1
70751854	1
7651611	1
49177298	1
40129618	1
5837378	1
30770312	1
49190376	1
50097199	1
95018925	1
37457126	1
15592021	1
75513420	1
53262435	1
94963981	1
40115709	1
9330936	1
64589995	1
9324807	1
7650899	1
15631067	1
53304486	1
9325801	1
97237213	1
6599906	1
74691754	1
7651074	1
5839553	1
30758985	1
70767135	1
53282254	1
40163999	1
31381787	1
86302084	1
9284912	1
9041715	1
9284315	1
63500734	1
63468289	1
9016089	1
12282422	1
9284559	1
9312946	1
97931590	1
31387767	1
12292379	1
5154992	1
87055829	1
87017489	1
9283480	1
12325996	1
20887193	1
34994590	1
5161020	1
9283875	1
47149018	1
45799243	1
45837169	1
31435548	1
9283853	1
9283726	1
5768999	1
57848942	1
86269039	1
9284374	1
61499950	1
35002960	1
9312755	1
63424464	1
57856749	1
9017103	1
9016499	1
9283469	1
38408431	1
9283746	1
18699480	1
61479849	1
9017031	1
21008242	1
74888357	1
38371504	1
85727961	1
9312086	1
9284444	1
9312274	1
85723614	1
74914675	1
31434537	1
5765626	1
9312178	1
83060789	1
35023802	1
18678754	1
40200817	1
9017018	1
5154991	1
87040362	1
38401751	1
5160971	1
9283722	1
9283606	1
86260163	1
20897303	1
7959919	1
87060626	1
20919816	1
83046090	1
62666718	1
18682804	1
34999681	1
6990068	1
47156389	1
9017005	1
7960306	1
9016816	1
7959645	1
31404647	1
5160956	1
9016633	1
7960144	1
9157180	1
19367926	1
9156411	1
84629284	1
36934490	1
74036107	1
9192874	1
7314282	1
54713328	1
78192377	1
16853047	1
16846984	1
9156084	1
9156331	1
16906260	1
9156829	1
31161801	1
12599253	1
31989020	1
5524350	1
32576231	1
7007935	1
25079232	1
86231015	1
16849817	1
28501021	1
12563890	1
9155272	1
9155174	1
28500793	1
32532818	1
9155243	1
9156608	1
9155366	1
15495844	1
86191478	1
40967484	1
9156549	1
9157086	1
19378810	1
37748332	1
9192878	1
17941141	1
32010944	1
28453723	1
86209048	1
54747444	1
12555728	1
9155652	1
85290801	1
15459970	1
32537953	1
23687815	1
9155902	1
28484131	1
9155937	1
37724074	1
9005218	1
9156764	1
9156704	1
9155575	1
37745564	1
9192369	1
23652145	1
7984909	1
9156616	1
25016377	1
25032652	1
40922294	1
32011854	1
7097500	1
9156847	1
9155446	1
36963674	1
9192738	1
40964987	1
9005168	1
9005608	1
23241037	1
84606710	1
37740350	1
6118520	1
17900983	1
9157010	1
31208127	1
7984651	1
13188244	1
72510710	1
27607795	1
50747674	1
28075461	1
7507852	1
5791228	1
9117132	1
74381712	1
43772057	1
9117563	1
37122735	1
74411089	1
90728934	1
7671435	1
9147160	1
9117925	1
9208313	1
60425992	1
5792294	1
57679877	1
9151245	1
90709570	1
9151118	1
9120265	1
5821295	1
15538192	1
9117508	1
5817570	1
90768678	1
41077901	1
73745889	1
5826343	1
5792042	1
5820763	1
5821273	1
66222365	1
70260581	1
90734992	1
5818402	1
5792070	1
6937916	1
47350463	1
6938695	1
5770160	1
9117339	1
73722155	1
9119867	1
45732093	1
27662981	1
45788056	1
27659462	1
47403891	1
9117702	1
27673956	1
9207955	1
10233429	1
50790296	1
9147578	1
47413698	1
27664816	1
9117340	1
9208104	1
9151890	1
9118094	1
9151383	1
9226683	1
73711375	1
37170631	1
9226281	1
6942019	1
74427187	1
9147557	1
9146930	1
9147600	1
15509310	1
27609934	1
5962057	1
47389421	1
5817794	1
9151844	1
5821841	1
45276078	1
9208389	1
9151034	1
9208248	1
9208507	1
73713831	1
13210546	1
9208805	1
5820966	1
9209257	1
45735863	1
9226082	1
6358561	1
7671438	1
9119885	1
9120064	1
50744899	1
9117665	1
5821557	1
5965516	1
9119446	1
60447544	1
5818207	1
6938856	1
10267558	1
9334183	1
9079299	1
9079029	1
6432636	1
6433729	1
63123891	1
9261464	1
23999150	1
28829807	1
5481737	1
42751212	1
6432140	1
6976467	1
9262765	1
6468781	1
28834730	1
42400245	1
68444805	1
42759149	1
16575917	1
9079736	1
31707819	1
6079407	1
9079124	1
81051977	1
9262637	1
21134286	1
9262467	1
24368053	1
55632333	1
24372396	1
63127340	1
9337433	1
88008596	1
9262618	1
11936854	1
9078989	1
7998156	1
88006376	1
42459454	1
11450879	1
11485660	1
9078783	1
9261944	1
87967523	1
9079684	1
55636694	1
9262054	1
9079396	1
96890098	1
42763377	1
67135929	1
21081320	1
49442036	1
23998074	1
24433691	1
68468497	1
9262423	1
9079462	1
96856350	1
9078883	1
9337896	1
9337667	1
9079440	1
9079441	1
9079555	1
49417523	1
31680442	1
7997990	1
23948294	1
63081872	1
42702591	1
9337377	1
9079066	1
61038672	1
49461078	1
42421809	1
23986956	1
9261577	1
85859212	1
61037231	1
85896068	1
9334586	1
63107090	1
28853828	1
54797494	1
9261959	1
49454380	1
9079640	1
9152373	1
94570610	1
9148235	1
9147930	1
78953179	1
9148402	1
9148168	1
5143620	1
71812594	1
81523999	1
9151997	1
62937739	1
36639610	1
7499492	1
5647435	1
88066216	1
63926529	1
5679065	1
9152795	1
9152154	1
5144700	1
9152296	1
82302137	1
9152913	1
7993963	1
5683033	1
9152784	1
62923975	1
63867957	1
9152560	1
82309033	1
7994107	1
24558704	1
5142434	1
63921967	1
78929152	1
7994188	1
5679122	1
62981968	1
60941214	1
9152316	1
9148473	1
7994128	1
9148639	1
9153025	1
36647415	1
81529535	1
87481669	1
5145630	1
88087136	1
14855859	1
62963349	1
9148068	1
9152846	1
5144018	1
81520393	1
36656390	1
15276616	1
39417475	1
7498874	1
79631254	1
7732464	1
9235806	1
97006814	1
64868867	1
28011265	1
5848670	1
77110630	1
6351665	1
28010030	1
9149826	1
13139438	1
9149707	1
86074571	1
23487750	1
24066333	1
5561158	1
9237261	1
5847606	1
35273306	1
13176098	1
86025965	1
53073616	1
9293415	1
7655887	1
54885624	1
14543622	1
54848625	1
6900262	1
7655707	1
9236173	1
5848730	1
47863748	1
90315818	1
14547792	1
28758193	1
9293851	1
53072443	1
7955376	1
14558836	1
31881326	1
86081472	1
5848352	1
14540166	1
33486733	1
7657527	1
56956011	1
9212324	1
48784173	1
23488172	1
28807471	1
6900167	1
33510711	1
48775125	1
33527130	1
68531099	1
86070646	1
9236166	1
9212448	1
35253440	1
9293257	1
9212829	1
68632308	1
9211344	1
9149418	1
31910934	1
99731062	1
5848408	1
54871579	1
24047865	1
90310695	1
90282939	1
5848463	1
5847392	1
9148984	1
5848051	1
9236474	1
9293064	1
47822443	1
99758887	1
68648287	1
7656764	1
77149429	1
24071902	1
56988643	1
9294166	1
9212463	1
31898506	1
23471154	1
9293997	1
31888429	1
99742485	1
79654877	1
9148980	1
9149037	1
89277508	1
79209849	1
74860872	1
74848983	1
40337256	1
9073661	1
74824671	1
9073542	1
28672868	1
52349297	1
71941821	1
28710913	1
82345553	1
9074409	1
92549701	1
89215469	1
9073864	1
23013638	1
41524150	1
9073907	1
61333784	1
9074128	1
9074272	1
9073547	1
82411141	1
11750728	1
74814782	1
9272993	1
52407079	1
91063854	1
11766202	1
9074221	1
11763055	1
92511851	1
5676832	1
74873934	1
5231147	1
9158531	1
9158544	1
7985478	1
9272518	1
67022836	1
9074189	1
9074281	1
92503645	1
18333399	1
68148663	1
45088414	1
89219584	1
82348009	1
78372192	1
5678346	1
71942980	1
82402400	1
9273349	1
68215832	1
9158400	1
39030262	1
9074333	1
92536622	1
9074149	1
61329314	1
9074325	1
9073503	1
26452612	1
9074324	1
46424777	1
9273156	1
67090723	1
9073745	1
52411196	1
9073721	1
9073898	1
45066962	1
74851272	1
9074056	1
33260556	1
74867925	1
26416494	1
6877025	1
52367487	1
98855765	1
5678184	1
67067125	1
9272373	1
55163503	1
23010378	1
74866286	1
67049193	1
40348210	1
45078396	1
98786682	1
82381372	1
79252293	1
9074407	1
6113515	1
82394516	1
6876829	1
9272300	1
7986132	1
11760735	1
62241378	1
55088620	1
67558574	1
5667709	1
9341888	1
23854566	1
52088688	1
95693493	1
93051622	1
77206824	1
44202826	1
55118265	1
36133535	1
44082713	1
44078627	1
50240568	1
9341914	1
28323743	1
50220917	1
36130914	1
51195895	1
52090141	1
30492510	1
55082536	1
67606501	1
15812508	1
94918854	1
95695759	1
35928716	1
35898994	1
35903393	1
35886054	1
60223222	1
94933467	1
93026062	1
5665777	1
51174941	1
44190837	1
94932096	1
53348036	1
50270660	1
23854949	1
6236458	1
9032583	1
16471617	1
44201136	1
44043318	1
7961099	1
52112181	1
95053719	1
36116676	1
9342925	1
86974382	1
44043514	1
89657016	1
89703916	1
86934588	1
60223135	1
94907555	1
95058764	1
9342955	1
9342224	1
86922006	1
5755411	1
44085632	1
39244570	1
5667426	1
52084975	1
7932600	1
87322374	1
7444360	1
5364555	1
5652241	1
5651211	1
54523799	1
55529203	1
9280060	1
70311899	1
5305801	1
5726610	1
76733065	1
50826948	1
87303558	1
9280102	1
9030060	1
5723992	1
5651492	1
9336224	1
84966661	1
9022234	1
5653547	1
9335197	1
63577488	1
5305690	1
9022644	1
5532773	1
5721056	1
87297907	1
54509367	1
5305788	1
40863720	1
43843335	1
9281069	1
32417753	1
74340242	1
87318875	1
5306052	1
40882013	1
87317778	1
7976802	1
9335012	1
9022282	1
5652132	1
5552075	1
9280807	1
55536745	1
9281145	1
32400994	1
24306883	1
79452827	1
9030314	1
7447512	1
5379955	1
5533857	1
9021871	1
76500855	1
5651004	1
95460641	1
9021673	1
5725602	1
94335138	1
50859885	1
14610503	1
9021767	1
24354363	1
9237576	1
5653752	1
5363780	1
75083995	1
9280076	1
5722941	1
5305932	1
5364120	1
5653824	1
84933945	1
9280705	1
75102669	1
95459248	1
14621578	1
76744164	1
79483267	1
9335772	1
70350011	1
5308172	1
7717528	1
74334717	1
12180462	1
5577566	1
5580806	1
9213527	1
56703424	1
5715921	1
9213453	1
83133270	1
9220825	1
82247529	1
9222218	1
6317509	1
19280842	1
22072725	1
73402668	1
83130993	1
56661660	1
6430358	1
48817104	1
56644681	1
21782903	1
55037494	1
22106181	1
19733482	1
82225906	1
21766243	1
32631008	1
83105712	1
9126997	1
19688046	1
9214002	1
19067583	1
9026938	1
9027253	1
73931696	1
21742586	1
87685567	1
9127054	1
5581353	1
7691542	1
21755856	1
21746607	1
9222268	1
9221683	1
9027061	1
9220483	1
82245380	1
59131506	1
17368032	1
9214575	1
9213868	1
19305501	1
9221293	1
19269757	1
82264146	1
9220726	1
73364306	1
5716164	1
19289476	1
5718849	1
73389132	1
55026851	1
83162045	1
34797427	1
91997286	1
9213227	1
56693616	1
56690860	1
51041959	1
9027070	1
51023336	1
9220966	1
19314852	1
9213941	1
56660973	1
22156036	1
7353438	1
66447815	1
9220519	1
83163110	1
34795060	1
9213291	1
9222283	1
83124485	1
19681070	1
34796300	1
83118420	1
9126430	1
36074693	1
5720349	1
41966297	1
76955439	1
9027561	1
96267848	1
99943181	1
7547763	1
9111292	1
91363681	1
9083355	1
9083779	1
9083655	1
9083164	1
90818771	1
9111364	1
9111539	1
16242251	1
20426422	1
9083750	1
99932484	1
9111214	1
65174164	1
96245006	1
9083431	1
99969297	1
9083227	1
9083181	1
7556694	1
9083666	1
84882710	1
9083149	1
90485921	1
9111255	1
30118247	1
91347626	1
9083079	1
46003436	1
14011693	1
14004820	1
45999772	1
51089740	1
45995252	1
9276379	1
9276042	1
76652879	1
50200252	1
9083420	1
44696875	1
64081932	1
9083254	1
9083787	1
9112137	1
9083783	1
96283636	1
9112230	1
9111471	1
20443221	1
9083803	1
9112209	1
9111685	1
9083642	1
9083258	1
64052849	1
9083600	1
9083401	1
9083269	1
50176376	1
99918374	1
65185196	1
51148286	1
44703177	1
68385283	1
9277406	1
9277438	1
5857680	1
5217122	1
9111772	1
65154413	1
30087037	1
7406651	1
96244527	1
97415316	1
93100744	1
96250514	1
9083704	1
41210017	1
9083848	1
9111835	1
9083302	1
62138727	1
9277360	1
41227502	1
9277260	1
35996096	1
93124851	1
9083767	1
64033002	1
5855590	1
44681986	1
9111978	1
9111935	1
9083829	1
9083340	1
91381650	1
9083352	1
35950277	1
9112011	1
90847278	1
9083845	1
9083293	1
9083417	1
50151127	1
9083840	1
91345954	1
9083781	1
97372508	1
9083503	1
50557159	1
16255901	1
7549061	1
9083173	1
9083577	1
30112642	1
9083602	1
69947420	1
9026259	1
9084715	1
9084394	1
78790878	1
79184598	1
9084465	1
9083926	1
9084237	1
40394695	1
9084669	1
9241304	1
90460822	1
50506487	1
9084047	1
9084343	1
60640075	1
34395934	1
9083958	1
9240839	1
9084495	1
64245946	1
7990657	1
40453223	1
7573442	1
62565261	1
9084203	1
9084100	1
30030123	1
27773130	1
9083971	1
60627569	1
50462035	1
79164787	1
9026675	1
9084451	1
9084018	1
81957563	1
7990726	1
75694590	1
9241820	1
60633589	1
57448987	1
9084086	1
69557019	1
9084182	1
30027358	1
69912198	1
9084639	1
9242296	1
9084181	1
9241796	1
9084618	1
9084001	1
18277326	1
50405709	1
69955589	1
18253152	1
9084620	1
7778929	1
9084429	1
9241712	1
40389705	1
49606161	1
49081967	1
9083872	1
69912350	1
9025790	1
9084676	1
9242582	1
7990615	1
9241901	1
78817992	1
9242446	1
9084298	1
9084711	1
6377494	1
9241700	1
9083954	1
50462955	1
9084235	1
90414999	1
49579602	1
9084025	1
9084628	1
18245980	1
69940493	1
85454204	1
9084491	1
9242645	1
81950764	1
60659857	1
69974869	1
9084234	1
9084693	1
9084013	1
9083858	1
69574380	1
18895880	1
85407180	1
9242455	1
85424131	1
81931970	1
9084697	1
42116264	1
6340971	1
19917887	1
16500183	1
5922074	1
9077213	1
9315941	1
81282690	1
93504586	1
17708539	1
9077533	1
66110800	1
66081760	1
9302208	1
9076677	1
15762958	1
64890598	1
42144158	1
70903356	1
89392513	1
6386126	1
9077320	1
62520314	1
9076913	1
16529467	1
9315096	1
89420896	1
9315445	1
83337348	1
62525894	1
6385082	1
9246911	1
93515236	1
9301724	1
9315520	1
7971768	1
9076941	1
9076974	1
16545938	1
67523646	1
9247284	1
62488638	1
64889247	1
17703985	1
19931858	1
5922198	1
9077311	1
66071427	1
9247508	1
81241075	1
7911057	1
9314786	1
64920806	1
9315352	1
62524564	1
93540343	1
9076818	1
6382857	1
7911056	1
9301637	1
9246452	1
16504693	1
9076984	1
5324829	1
9076916	1
17718603	1
62474266	1
9315372	1
50001430	1
9077349	1
9247107	1
89362821	1
9302504	1
9248050	1
44395642	1
93537943	1
9077367	1
11350091	1
45688588	1
11284711	1
54082435	1
29111710	1
34480637	1
6372150	1
9120517	1
34729239	1
9287679	1
9120930	1
93690776	1
9242827	1
92075353	1
54064128	1
9121626	1
51302057	1
9128085	1
9243386	1
6889975	1
17422571	1
32861127	1
7684456	1
7965755	1
30361912	1
7685260	1
95236487	1
9128227	1
7965611	1
30380256	1
42929067	1
73153267	1
5360414	1
11344999	1
19516882	1
9243259	1
52295496	1
95211521	1
9286845	1
54080379	1
92058978	1
59648466	1
9286714	1
55416416	1
34507596	1
9244329	1
57532042	1
11326626	1
93650678	1
7592542	1
45712636	1
92126077	1
51290020	1
30389899	1
57480293	1
6887699	1
17416949	1
32868007	1
11297260	1
19486138	1
9243808	1
73946925	1
34518275	1
7686100	1
59628025	1
30404054	1
45706471	1
30364261	1
19468285	1
95253696	1
9287627	1
97752151	1
34744185	1
95830173	1
55414961	1
9243014	1
73172182	1
6371575	1
9243813	1
7683937	1
19515019	1
52285830	1
73964078	1
7612013	1
57515783	1
9120740	1
93645359	1
9242713	1
34700373	1
30360218	1
6417944	1
95239009	1
9127877	1
9121567	1
9128405	1
42984879	1
32858268	1
42936657	1
51252221	1
9121179	1
94064813	1
37215940	1
47964335	1
81374572	1
42399000	1
9124788	1
24458626	1
32970147	1
9124574	1
9124435	1
9158154	1
29360518	1
24502908	1
41597689	1
5730629	1
83850117	1
9124125	1
9124515	1
9014088	1
5618519	1
69628294	1
9123957	1
94003667	1
9123965	1
83892670	1
5729782	1
5730909	1
32958488	1
83836774	1
9157942	1
37239918	1
81477413	1
81465165	1
5540344	1
22447862	1
69630418	1
9158217	1
9124292	1
22451617	1
34128163	1
60081127	1
22442357	1
86424486	1
94040119	1
37190063	1
32675960	1
42331017	1
69658287	1
81510129	1
6044786	1
58627235	1
81492484	1
37247538	1
6239025	1
63325086	1
42385916	1
21984745	1
54620780	1
9157818	1
33419394	1
94066982	1
83902218	1
41644149	1
32720500	1
15158371	1
15204410	1
15161370	1
9124593	1
9104529	1
12937590	1
22703442	1
95764374	1
9104048	1
43347478	1
9104386	1
22662201	1
49889929	1
58274510	1
81619176	1
90629260	1
9104987	1
9108898	1
15387494	1
20620076	1
22682184	1
58309518	1
9105038	1
9109782	1
9108937	1
9109778	1
5808523	1
9104484	1
9105024	1
80393086	1
9109908	1
67715496	1
74965575	1
33386422	1
58271017	1
9104297	1
81593299	1
99083644	1
74968322	1
9104441	1
9011092	1
9105104	1
10437248	1
69227879	1
9109799	1
9108878	1
9109042	1
9104876	1
25591549	1
29073873	1
67727467	1
9108714	1
41873992	1
9105007	1
9104195	1
33333428	1
99126839	1
9109855	1
25809631	1
12949364	1
49859346	1
22656828	1
49893310	1
6100838	1
5587326	1
20645824	1
26861858	1
43355734	1
41819814	1
9104163	1
25576137	1
5808646	1
88978041	1
9109372	1
52239274	1
69243183	1
75006721	1
9109039	1
26893197	1
15400964	1
15381700	1
15392213	1
10496017	1
5808204	1
81629920	1
5588153	1
5603328	1
5806376	1
9108986	1
9109257	1
22640453	1
9105102	1
88971888	1
74981449	1
9105056	1
52130420	1
9104608	1
25795351	1
81657706	1
49882050	1
58277736	1
43294797	1
9104855	1
74558774	1
61521383	1
6392432	1
6449121	1
9339294	1
16330813	1
58051722	1
99459217	1
9339136	1
65497459	1
34089688	1
5884813	1
62870189	1
9338624	1
35585138	1
72896516	1
80554004	1
47017428	1
31140911	1
64370267	1
5884316	1
45297152	1
28248869	1
82834613	1
16282976	1
78455389	1
9137582	1
61538594	1
9137723	1
5987595	1
35631935	1
58070177	1
9289384	1
82840775	1
9137608	1
5881270	1
9137526	1
7996228	1
99458561	1
5985284	1
9288541	1
6596020	1
5882847	1
9339278	1
94263796	1
16280133	1
9338239	1
78504343	1
78485254	1
65484834	1
31098501	1
66379832	1
9137209	1
7952861	1
9338422	1
35621692	1
31121862	1
28295704	1
34105379	1
64378815	1
9137138	1
6449320	1
6388454	1
72915396	1
82853863	1
65488969	1
5988126	1
9137431	1
9339354	1
80552861	1
9338328	1
9137100	1
7996171	1
6386953	1
6391459	1
6393386	1
10659390	1
9339380	1
9137931	1
66359181	1
28255741	1
6389805	1
72923305	1
9338327	1
35571396	1
72934117	1
9288929	1
7953527	1
6637524	1
6389954	1
66397803	1
7949846	1
7125295	1
34096795	1
66358248	1
28291874	1
9137110	1
82820740	1
65526284	1
7996766	1
78891087	1
9110850	1
25896108	1
88835710	1
9111116	1
31658695	1
35740981	1
9110983	1
76161507	1
25918633	1
98109257	1
65238969	1
52606404	1
9304665	1
35754169	1
9202597	1
31635549	1
20950749	1
9306034	1
20958822	1
31652547	1
76174521	1
7124005	1
33228594	1
7698718	1
9204036	1
36408318	1
20954275	1
9203821	1
7122936	1
9110475	1
13288146	1
7959382	1
9110415	1
53223181	1
31612644	1
47085446	1
17567092	1
9305225	1
9203409	1
53157920	1
57023670	1
9202836	1
7696147	1
7959344	1
9110888	1
7699126	1
6281509	1
17574695	1
52600621	1
9111091	1
7958921	1
83752223	1
7696277	1
9306077	1
35786008	1
9305643	1
31592260	1
6291938	1
83704211	1
13257353	1
29527264	1
7952392	1
7697025	1
76204562	1
88778964	1
26747732	1
9306088	1
76142942	1
33240584	1
73270449	1
89145960	1
9203138	1
59904917	1
47080947	1
31812999	1
6288471	1
26475347	1
66523580	1
73484142	1
9081938	1
9081198	1
9314078	1
38479447	1
38491206	1
9314127	1
7978929	1
9314642	1
89913852	1
91390220	1
9081103	1
20798844	1
83424456	1
94862171	1
7118793	1
11544846	1
91440987	1
9314602	1
38443580	1
38439208	1
7943099	1
42580693	1
83435941	1
37779620	1
9081647	1
89872726	1
9081139	1
89873168	1
77694441	1
20844144	1
26521355	1
94820730	1
9081589	1
51534686	1
66508367	1
9227839	1
26307894	1
7943313	1
32102429	1
9081310	1
32174221	1
89903669	1
63265151	1
9229400	1
78313647	1
9081345	1
7119270	1
77634054	1
77959612	1
73462582	1
38467593	1
26313137	1
26526828	1
28920692	1
7364530	1
7119039	1
9313925	1
66553924	1
28889231	1
35463950	1
9229799	1
9082010	1
7117181	1
94855252	1
9081511	1
42568318	1
37779078	1
28946057	1
7117182	1
32190124	1
51586331	1
77941012	1
37777772	1
9081869	1
7979166	1
94858952	1
18443826	1
63218906	1
89878865	1
9081673	1
9081299	1
9081824	1
73436538	1
20845185	1
73834959	1
7366335	1
89937372	1
33092787	1
9313970	1
51588238	1
33066882	1
9081436	1
42592716	1
35536450	1
46953327	1
39656660	1
9135234	1
49724267	1
9128658	1
81837692	1
51683300	1
9135363	1
39615129	1
5585590	1
12494127	1
9129201	1
71304667	1
39646319	1
39600074	1
39639346	1
92417797	1
92411581	1
18057854	1
81842820	1
79909006	1
46922823	1
9135867	1
9205380	1
46334109	1
9135283	1
51691552	1
96424030	1
46354565	1
22968652	1
5586422	1
24971129	1
13045761	1
9205077	1
81835542	1
46915738	1
5886884	1
9204386	1
9135299	1
12540712	1
9128910	1
9134918	1
9204668	1
66178057	1
9135208	1
12453232	1
12442477	1
67769824	1
79926175	1
9204486	1
46925301	1
18063365	1
71281213	1
13036170	1
7997621	1
79935790	1
5567181	1
9205808	1
9205675	1
92386715	1
9135563	1
96420619	1
22750320	1
9129215	1
92413167	1
96395989	1
24994486	1
92387277	1
71318204	1
46731661	1
49704233	1
5583492	1
22987822	1
22775541	1
39605255	1
13061107	1
13055124	1
13053787	1
9128523	1
9128717	1
43425726	1
12524245	1
12448264	1
22991487	1
71270882	1
35522029	1
49715930	1
24953411	1
88704156	1
66180307	1
12432108	1
7997614	1
49736121	1
12516136	1
13580618	1
95488268	1
7975030	1
7999701	1
91684705	1
9211133	1
9209465	1
96047461	1
38156339	1
13548575	1
85208760	1
72833349	1
9210163	1
38174073	1
97072559	1
85229622	1
5898190	1
7933881	1
9038985	1
9209487	1
72115301	1
9270191	1
9270529	1
61805125	1
9210184	1
7974874	1
43651653	1
7999765	1
15720959	1
72868818	1
61617689	1
72855387	1
61584868	1
13554589	1
65846592	1
61629366	1
26760185	1
15710229	1
43626050	1
9209826	1
7999713	1
9270333	1
48157316	1
15693399	1
26790595	1
9109981	1
96005931	1
9270768	1
60895149	1
85229099	1
61848599	1
96066423	1
9109937	1
48221653	1
9271940	1
85186602	1
9039237	1
9038489	1
5232807	1
60864352	1
9270417	1
38143357	1
61865010	1
38190340	1
9271381	1
9209592	1
94405507	1
61599184	1
7999693	1
9110080	1
13566148	1
9039169	1
61637635	1
72103253	1
72062686	1
95523159	1
13579362	1
6993246	1
76118009	1
9303175	1
68739849	1
13410635	1
9239779	1
9031288	1
5746341	1
13611600	1
81195347	1
6400731	1
92210693	1
9303222	1
9032173	1
9239119	1
43099170	1
68796079	1
70061062	1
28445485	1
9240393	1
67287401	1
12749226	1
6990912	1
9080004	1
72183433	1
9274732	1
43102300	1
6991243	1
5749671	1
9275279	1
78042714	1
9239117	1
54952916	1
61939508	1
13443433	1
78581566	1
61903354	1
9274968	1
9304572	1
9080603	1
70105625	1
75177081	1
12721600	1
28410550	1
9080607	1
9239323	1
9079914	1
9304623	1
9079868	1
72134510	1
9080333	1
81190883	1
65399054	1
9080792	1
5747784	1
9239486	1
9275627	1
75103197	1
66786047	1
9036839	1
9275490	1
54959182	1
9240679	1
66784709	1
7975704	1
54933719	1
81202429	1
70086968	1
9080785	1
67298727	1
91575835	1
9080170	1
6995483	1
12735751	1
9304365	1
9080577	1
30199439	1
9080268	1
49800482	1
30197579	1
9080260	1
9080332	1
7975864	1
9274357	1
12713511	1
70078987	1
65343281	1
9080456	1
65351850	1
61919475	1
79309455	1
9239369	1
65342927	1
9275590	1
9080472	1
9080893	1
9031872	1
12692845	1
9080316	1
9239542	1
9304114	1
9036555	1
9031456	1
9080817	1
54974333	1
30236334	1
49840084	1
78020400	1
9239457	1
72184092	1
28447530	1
9080314	1
91537190	1
9080497	1
6463058	1
9301114	1
6957541	1
61250493	1
9300307	1
75760508	1
52809659	1
9149962	1
9004333	1
7643419	1
9299916	1
97984000	1
29804929	1
9300343	1
9004406	1
15098598	1
9150614	1
7467087	1
15113989	1
97997905	1
7659759	1
9300749	1
52785959	1
9070137	1
71201097	1
5936345	1
42240942	1
7642659	1
57595624	1
9301165	1
7714446	1
6525209	1
9003944	1
45012897	1
98016972	1
76834638	1
76847814	1
71325200	1
94446711	1
76841567	1
9150237	1
6685487	1
71244650	1
7658660	1
97980086	1
44985001	1
57585512	1
5175477	1
61094758	1
98013427	1
75771779	1
71341352	1
7643329	1
71253163	1
15131202	1
82960023	1
7642924	1
29807445	1
71360287	1
57576896	1
5936343	1
7988137	1
15104735	1
29821789	1
9150920	1
9300993	1
57591019	1
61066565	1
7714299	1
9300995	1
9072275	1
94487789	1
15148030	1
15148851	1
57561272	1
9300999	1
9150176	1
29830901	1
7643085	1
9150112	1
6525844	1
44995935	1
37323163	1
15149502	1
5259254	1
75760087	1
7643147	1
89064237	1
71387137	1
6954065	1
7187233	1
89855870	1
9267068	1
93955329	1
9138806	1
93936665	1
9138762	1
9267711	1
99896591	1
9266972	1
5738190	1
91144736	1
28570839	1
26102346	1
91146964	1
7831701	1
9138411	1
28103170	1
37392552	1
9266885	1
9343379	1
69084495	1
13839859	1
91122047	1
68009144	1
93929517	1
9138514	1
9138699	1
26655507	1
38344083	1
9266892	1
28526717	1
69051130	1
9138325	1
7187181	1
9138404	1
28130473	1
91151072	1
56188898	1
9343272	1
57152529	1
9344021	1
87634165	1
9138368	1
56167685	1
43560151	1
70816100	1
9344540	1
19874221	1
7648162	1
6063789	1
26668473	1
9267893	1
9138790	1
9268020	1
55727726	1
56156500	1
7648200	1
9138608	1
15302554	1
26630227	1
7647875	1
9138877	1
55275209	1
37373265	1
9267147	1
26671658	1
68041468	1
13846139	1
87603177	1
9266840	1
5737614	1
9267099	1
19882177	1
49668826	1
9138874	1
38338247	1
14751940	1
15305738	1
49623151	1
14783531	1
93976275	1
7648747	1
70843242	1
9343150	1
9138603	1
5739950	1
91107208	1
11045933	1
55736814	1
14732224	1
43588908	1
20014045	1
9290693	1
97546001	1
33562508	1
97514858	1
30273660	1
16822807	1
6981654	1
89514452	1
5867159	1
20732573	1
99029244	1
41427842	1
6985470	1
5870160	1
20787558	1
82905190	1
9065272	1
29595428	1
9256715	1
56542047	1
60597043	1
61397142	1
9256952	1
7914320	1
61364553	1
91809174	1
30300934	1
9290813	1
99080985	1
19993763	1
60556456	1
97547086	1
88581505	1
82912531	1
61415174	1
7914319	1
9256258	1
29596202	1
19171732	1
9065615	1
60584188	1
9256797	1
9256237	1
60728271	1
99042984	1
30282395	1
56551404	1
60589001	1
20771384	1
7675509	1
90597702	1
61373129	1
19113914	1
60169111	1
90589681	1
60121051	1
90551292	1
51491191	1
6984005	1
24697535	1
20772218	1
93819955	1
60134525	1
16781804	1
91826257	1
9256535	1
5868757	1
62338270	1
6982725	1
97563336	1
56503697	1
9256729	1
93822234	1
90558775	1
7674693	1
20766502	1
89500582	1
9290558	1
91808993	1
30321905	1
51487530	1
16812288	1
9290084	1
9291063	1
9290164	1
89533902	1
30311857	1
9248594	1
92862404	1
5755961	1
61781003	1
5756602	1
9223607	1
9013694	1
92847504	1
92795717	1
9134044	1
7983746	1
34475091	1
9223568	1
7983380	1
7748942	1
85974252	1
9299194	1
9248763	1
5762727	1
7941786	1
92834580	1
9251264	1
63999057	1
9249381	1
85973575	1
9299397	1
7748550	1
92846173	1
7358925	1
71536003	1
9224053	1
52503847	1
9298938	1
9299406	1
63962233	1
36584604	1
27144371	1
33928710	1
58892172	1
6926913	1
7983750	1
7652596	1
9298950	1
9224121	1
9134299	1
77835906	1
9223365	1
25967983	1
7983893	1
63959243	1
36589470	1
85996884	1
85951846	1
25985852	1
34438082	1
9223517	1
27174234	1
76389131	1
34477184	1
33974550	1
18979290	1
9250093	1
9250739	1
9249953	1
76382576	1
94143676	1
9250891	1
85987279	1
9250189	1
7984052	1
7652452	1
9249160	1
63944726	1
26034558	1
58897901	1
7283424	1
9223161	1
5765225	1
36592313	1
9249369	1
9134470	1
7652458	1
7983820	1
7962171	1
9251633	1
25989202	1
9134339	1
33903714	1
77801567	1
58884763	1
9134214	1
19019996	1
89480234	1
89463711	1
7942079	1
18989416	1
9251959	1
9134879	1
33923999	1
85955361	1
85973866	1
93294221	1
9250232	1
23190493	1
26949545	1
65449180	1
5553038	1
9073318	1
25309219	1
9072777	1
91613949	1
69268646	1
9072432	1
26966669	1
29279168	1
5664497	1
9144199	1
29926072	1
88496814	1
88454087	1
39344071	1
88912647	1
26926578	1
9143428	1
39951487	1
88520655	1
39925254	1
26934914	1
5648421	1
17009625	1
88466994	1
34327183	1
29919265	1
5649623	1
23216863	1
9072738	1
26951641	1
9072725	1
39948119	1
65035495	1
23168409	1
97601674	1
14255613	1
78263236	1
65422817	1
23167640	1
9073230	1
93901382	1
88421439	1
93900148	1
34309701	1
78265781	1
9072877	1
9072683	1
9073221	1
69270481	1
49265261	1
91626258	1
9073433	1
27468738	1
78273912	1
14303053	1
39327804	1
39947218	1
9072395	1
23192036	1
65479586	1
27401324	1
29267163	1
5649020	1
88892315	1
29952449	1
5649197	1
9143626	1
9144379	1
49246630	1
28972292	1
9072991	1
26928954	1
9072841	1
9039862	1
91630227	1
9056706	1
49258808	1
34324360	1
25362043	1
26958009	1
88885065	1
65412722	1
5661291	1
76923409	1
5244715	1
16991845	1
9072983	1
17005386	1
93869345	1
88410618	1
5650941	1
9039323	1
5661811	1
86871591	1
25318887	1
91653633	1
23154055	1
26961205	1
23207817	1
5662597	1
9073298	1
9022896	1
76205833	1
56915827	1
14917788	1
7686761	1
33613930	1
23306105	1
90202533	1
9022787	1
7686626	1
56859797	1
52754074	1
5241354	1
9331929	1
9024038	1
85555308	1
9131262	1
9024204	1
9131453	1
95309931	1
7678703	1
14912678	1
9331801	1
7687460	1
7181806	1
9040915	1
52739819	1
96815989	1
26975331	1
96808530	1
7678524	1
9331975	1
9332083	1
9332987	1
84093871	1
27037749	1
76244134	1
9130827	1
6049813	1
9130861	1
84101298	1
9130831	1
7686509	1
86369270	1
9131503	1
7678030	1
76211027	1
86355659	1
52716766	1
9130699	1
56889198	1
56868530	1
9040762	1
7179113	1
7688827	1
65270680	1
17126811	1
9040605	1
96758113	1
7980746	1
9332134	1
27021393	1
7678823	1
7686952	1
23549179	1
56908035	1
65332038	1
5240517	1
9131102	1
29205280	1
7686258	1
7678549	1
65317848	1
40305533	1
5240470	1
95311007	1
6050250	1
9131373	1
52730400	1
17141227	1
9331631	1
84083046	1
26971529	1
40285165	1
26992437	1
27002231	1
7678667	1
95267914	1
7980706	1
40255037	1
9332491	1
9131646	1
68673436	1
5241142	1
40281984	1
18551177	1
77726047	1
53713725	1
46209948	1
6874972	1
46186138	1
38922904	1
19806581	1
45585561	1
9194100	1
9193116	1
84492828	1
12868496	1
9194099	1
45507934	1
84481828	1
9193435	1
33113329	1
7204409	1
19799185	1
71884214	1
9193117	1
9193118	1
44476191	1
9193121	1
9193144	1
46522419	1
96740177	1
7763646	1
11872604	1
7360539	1
49538991	1
46473294	1
46196684	1
9193146	1
7928982	1
46234510	1
9058919	1
46528333	1
44478469	1
46178728	1
84446149	1
46236510	1
18556748	1
45472564	1
84469726	1
45433197	1
19807455	1
12868357	1
45487932	1
77761913	1
12833938	1
46187014	1
38874710	1
33168847	1
47484992	1
7151903	1
9193284	1
71857077	1
11902046	1
7928630	1
7962609	1
7208503	1
54341576	1
26582900	1
9193434	1
18556468	1
9193436	1
54249882	1
54193761	1
92627793	1
54192332	1
9059075	1
71877590	1
19773359	1
7962776	1
9193289	1
26586964	1
9059278	1
47433606	1
7962886	1
7152427	1
46492653	1
7360723	1
18564981	1
6635618	1
78073889	1
69856162	1
17189364	1
39528558	1
9115742	1
50988456	1
66799456	1
65563715	1
5310235	1
9038065	1
7395469	1
17216575	1
73694798	1
9115787	1
69845084	1
86702914	1
73637260	1
7957351	1
69884304	1
50983341	1
69904037	1
25262353	1
71162510	1
37612702	1
17234513	1
80779252	1
9037851	1
9037287	1
59705156	1
5311902	1
25268904	1
73693791	1
66029241	1
77085201	1
25291252	1
38000246	1
5311389	1
73633797	1
38005572	1
7398709	1
37589097	1
66844130	1
5309193	1
65570290	1
17240546	1
6635594	1
39525027	1
7816236	1
59691936	1
78122134	1
7972936	1
40482818	1
17222321	1
69862151	1
7957746	1
40491602	1
59365088	1
50992657	1
64300113	1
65594437	1
77072769	1
9037720	1
9114884	1
80812571	1
9115126	1
66002201	1
73651578	1
9115020	1
40478028	1
7957374	1
6634629	1
77058010	1
7957228	1
66798865	1
5310605	1
44144223	1
68343911	1
9084945	1
9084919	1
47253821	1
48483048	1
9278521	1
98364658	1
9278098	1
93722268	1
9084788	1
9278639	1
40664604	1
5607356	1
9085067	1
68340758	1
51855719	1
7665053	1
32364719	1
59211861	1
81799662	1
82669116	1
81747384	1
9084777	1
51853592	1
81116011	1
44119057	1
44113401	1
47273779	1
23918213	1
9278480	1
59236309	1
16135595	1
44129463	1
9084964	1
47240758	1
9084771	1
23876287	1
44165325	1
81078101	1
29896529	1
38724838	1
9278562	1
9084913	1
44145918	1
7663175	1
44165354	1
80858254	1
7666046	1
9084825	1
9085081	1
32325269	1
29901057	1
70580675	1
9084977	1
51997715	1
80849153	1
9084748	1
32375952	1
9278782	1
44146902	1
81120897	1
44139356	1
9084858	1
9085016	1
9084980	1
7665008	1
81750713	1
9085076	1
68287630	1
9085074	1
7665264	1
16106301	1
93702379	1
9277653	1
5521479	1
9084874	1
5522508	1
70528435	1
80687821	1
9278114	1
9279182	1
9084877	1
59264905	1
85085127	1
80844469	1
85100344	1
9084803	1
68345253	1
6667797	1
40045879	1
20561314	1
81740936	1
16714973	1
5845118	1
5845415	1
81728580	1
10408204	1
47648963	1
5657153	1
7982617	1
9025466	1
40087538	1
7983130	1
75945205	1
7702995	1
20538063	1
87921961	1
74741172	1
85667257	1
75970147	1
5845489	1
5656723	1
7982808	1
14434087	1
5218946	1
33697318	1
5656158	1
22866929	1
7704314	1
56730838	1
87922322	1
56740278	1
7724062	1
26225366	1
73215910	1
71622297	1
22926694	1
75967303	1
22916499	1
41357277	1
5847027	1
73211305	1
10373380	1
5847138	1
20245125	1
20529048	1
5219102	1
26233101	1
5843748	1
7704267	1
7983209	1
5844384	1
5845269	1
6717690	1
71681910	1
7701363	1
84150340	1
7190888	1
41417968	1
75629900	1
44305133	1
22894324	1
5843771	1
7751179	1
26229606	1
9024537	1
7194076	1
5844385	1
5843727	1
6718385	1
14431086	1
10386698	1
7574526	1
5656935	1
20290569	1
9024611	1
98301465	1
98321752	1
50607601	1
97172218	1
98269182	1
9220391	1
17977658	1
98306046	1
39981876	1
9006932	1
98302037	1
9006998	1
50618621	1
27869709	1
9225108	1
19579492	1
19536430	1
22313368	1
6076112	1
59523379	1
60506784	1
22347806	1
17965672	1
18028378	1
9002098	1
80976224	1
97198583	1
9225065	1
9220059	1
45424069	1
9220135	1
9225979	1
6074929	1
60477343	1
60514749	1
9224600	1
9007483	1
73572347	1
40017795	1
50590486	1
40020647	1
22322714	1
55942888	1
18000861	1
9219076	1
6075185	1
53813764	1
54319800	1
19534029	1
80977079	1
97166731	1
6076351	1
9218950	1
9002827	1
39992726	1
6073262	1
9218706	1
9007615	1
17987828	1
31583536	1
9225688	1
6073733	1
17973283	1
6074503	1
9007793	1
96084066	1
9219664	1
9220205	1
63150498	1
94789714	1
9259032	1
75611691	1
46878531	1
47318702	1
94781889	1
63708336	1
9114649	1
9257771	1
6708715	1
62829764	1
13388608	1
13343592	1
9114181	1
13349026	1
98930299	1
94793531	1
46857075	1
9113654	1
62777641	1
9306857	1
77879502	1
9114467	1
9306319	1
21666386	1
9113787	1
77842747	1
9258251	1
9114417	1
13360532	1
7914344	1
63150700	1
41151276	1
9114491	1
77860698	1
9258312	1
46878378	1
9257835	1
56444858	1
9114459	1
91907098	1
7979631	1
58460143	1
7914343	1
55786211	1
70415086	1
9259160	1
9113717	1
9307135	1
46868494	1
99453965	1
74510557	1
57347549	1
48318290	1
22515396	1
44752935	1
67420307	1
9113935	1
41174186	1
9307331	1
9306307	1
94742306	1
9113647	1
9258518	1
13371820	1
41142036	1
9306757	1
9257738	1
7026065	1
99400746	1
63692885	1
9306303	1
9307767	1
9114438	1
13375497	1
56465867	1
9114171	1
58465422	1
48355110	1
7946463	1
48355964	1
7914360	1
9108146	1
19449525	1
9107577	1
11170898	1
9107912	1
9201801	1
50696305	1
76513880	1
12337219	1
9066450	1
27951817	1
43993047	1
15012444	1
9107796	1
51782862	1
14992454	1
9107994	1
9131797	1
58117274	1
34618888	1
9108596	1
9108650	1
38509056	1
12396735	1
12349462	1
73075236	1
9107886	1
72757698	1
11166993	1
34568940	1
9066874	1
9200560	1
42839201	1
11164052	1
12080578	1
22220445	1
9201165	1
9067304	1
9132383	1
9108389	1
9108235	1
42806990	1
9107616	1
12353470	1
7112949	1
72769320	1
5972078	1
72763314	1
12096065	1
58164753	1
58186519	1
12070720	1
43988396	1
52672437	1
9066406	1
22247537	1
7112398	1
72801950	1
7386412	1
89579215	1
9107710	1
42849320	1
12386356	1
9132643	1
9132628	1
7819288	1
50725746	1
58185385	1
9108634	1
52639572	1
29654959	1
45547339	1
9108106	1
22248284	1
9132121	1
9201080	1
9108431	1
12392769	1
45562999	1
73082898	1
27915639	1
7113496	1
9202102	1
19453784	1
19426705	1
58173416	1
72734675	1
9131946	1
11166649	1
9067124	1
25662487	1
9107897	1
72782118	1
6109361	1
9108141	1
9200491	1
61671002	1
45576461	1
72747676	1
7645649	1
9234536	1
99278309	1
38624581	1
5256302	1
47772614	1
58513356	1
41345728	1
5340370	1
9234720	1
5252821	1
22600358	1
9292793	1
56270782	1
41329083	1
62215604	1
58554417	1
75203079	1
9233635	1
7988678	1
88147715	1
56795108	1
62182099	1
7115764	1
47763549	1
84666745	1
39781519	1
58523967	1
5251461	1
30810800	1
88158147	1
9292002	1
22794038	1
62170567	1
9122479	1
7354474	1
76670577	1
9234541	1
41286620	1
9234146	1
5251459	1
56301706	1
46277466	1
5256273	1
22795754	1
5256210	1
7644825	1
56813179	1
58515174	1
41282135	1
84681788	1
9292674	1
18803840	1
5115773	1
98153009	1
99299013	1
47764628	1
5251464	1
9234677	1
98183832	1
30835262	1
7646441	1
56780647	1
5256209	1
56794526	1
41328983	1
7356469	1
99269659	1
22844725	1
9233973	1
7646547	1
9122765	1
9233884	1
5114026	1
99288514	1
18762571	1
5115785	1
5256259	1
5256297	1
9292049	1
7644918	1
5340379	1
88143460	1
46263903	1
56804295	1
9291445	1
84694042	1
98141965	1
46809859	1
5842213	1
9310671	1
5841153	1
5571686	1
9139842	1
6605771	1
46814406	1
32796853	1
9139646	1
40724823	1
40721208	1
89983236	1
9310171	1
5342685	1
51675429	1
5841279	1
9340502	1
10213367	1
6034292	1
51669798	1
89989861	1
7561022	1
9139925	1
5842029	1
7543054	1
39150012	1
32806197	1
40743764	1
22049875	1
9139868	1
9309981	1
10785127	1
9139130	1
90006401	1
5840044	1
25080974	1
35170034	1
5840080	1
32757132	1
7489940	1
5840032	1
10919377	1
9309992	1
7492148	1
79018709	1
9139919	1
5669507	1
89984935	1
90002077	1
10750312	1
9310786	1
40704663	1
9139489	1
7867727	1
10729439	1
5668506	1
10734437	1
9310251	1
9139716	1
48618091	1
21590622	1
5839980	1
48641534	1
10731754	1
9139239	1
10891070	1
35177050	1
9139128	1
10764166	1
5842977	1
35200701	1
6604153	1
79003631	1
9139841	1
9340626	1
9139878	1
9139626	1
9007859	1
9254564	1
48417891	1
7951816	1
24123727	1
9255206	1
9321850	1
98572126	1
64190445	1
9322922	1
6880981	1
9254045	1
64211123	1
6884248	1
9254222	1
9008271	1
89743073	1
98605247	1
69322808	1
84806311	1
84753281	1
6880698	1
86504472	1
66966172	1
9322687	1
6276423	1
86526113	1
84764387	1
9322930	1
72227964	1
64219963	1
9309230	1
9254862	1
16197478	1
99364515	1
18635493	1
28213972	1
7974681	1
96473246	1
9308799	1
98569085	1
9308656	1
9255300	1
7954428	1
98748774	1
24082811	1
72204957	1
64225195	1
89764927	1
66985323	1
24141079	1
7973935	1
64741190	1
72210806	1
64756021	1
48416821	1
6277418	1
86522251	1
18620692	1
28197740	1
5671774	1
18628504	1
72207285	1
18629459	1
6881622	1
9254687	1
9255379	1
66952554	1
9321617	1
7917967	1
27306100	1
98578189	1
9321972	1
9008201	1
6276011	1
42039133	1
9321859	1
69337638	1
9255304	1
55513383	1
98620039	1
27311000	1
5404356	1
86509006	1
9255443	1
7973954	1
64772085	1
27260104	1
77542758	1
9254681	1
64181980	1
9255429	1
9075427	1
15912434	1
37929017	1
9075040	1
5281460	1
64654983	1
16415843	1
9074576	1
45913958	1
9075328	1
16055771	1
29745712	1
21225813	1
98701677	1
97340433	1
7661670	1
13720443	1
9135925	1
12248951	1
25506262	1
7965055	1
32248170	1
9285862	1
9136528	1
7662308	1
9136400	1
9286441	1
64607841	1
9286354	1
16662355	1
16012825	1
9075379	1
21284921	1
13728696	1
9075047	1
9075123	1
9075086	1
5877376	1
29761654	1
15927349	1
9074709	1
9286450	1
9284974	1
64607080	1
64605553	1
9075191	1
98201525	1
98698127	1
9074930	1
15933112	1
7661990	1
97325735	1
9136515	1
21274377	1
15890945	1
7660246	1
64593108	1
9136764	1
5626402	1
97290721	1
9285585	1
64646562	1
9285920	1
15901605	1
32286247	1
91234998	1
5708585	1
13708110	1
9136403	1
9075476	1
9075036	1
72469177	1
9075139	1
9074504	1
52965687	1
45878891	1
64598676	1
98199841	1
6140691	1
7920921	1
9075113	1
87827158	1
72425597	1
9074511	1
16417142	1
15907521	1
98683508	1
52972402	1
52974562	1
15880644	1
21232917	1
16006133	1
9136819	1
9285769	1
52956452	1
37946794	1
16689159	1
9286157	1
9075072	1
98207637	1
9136560	1
16402921	1
9136803	1
9075311	1
9074661	1
16386729	1
7726646	1
9075125	1
64605821	1
29715442	1
9075202	1
16395066	1
9075711	1
6971238	1
6616394	1
74214525	1
58679299	1
74287396	1
80456643	1
6969543	1
6969735	1
5492915	1
5873165	1
9002902	1
58667839	1
93474235	1
18118881	1
74112707	1
9003466	1
90325915	1
6970742	1
9075627	1
9075774	1
24719277	1
73010801	1
9076350	1
5873546	1
20682456	1
9076559	1
41694405	1
90366624	1
87079420	1
93468708	1
87079987	1
74131216	1
9075844	1
74145408	1
58683699	1
7885193	1
9075955	1
9076154	1
9075796	1
21919142	1
7958533	1
9076422	1
9076413	1
7958299	1
74167379	1
21859134	1
9076146	1
7986574	1
9075728	1
9076132	1
5873445	1
18107601	1
18110394	1
24783969	1
90329355	1
41724695	1
58651088	1
92161398	1
24736082	1
9003637	1
9075783	1
73002408	1
72983347	1
9075628	1
9076223	1
9076097	1
5873245	1
9076209	1
6916736	1
7986527	1
9003582	1
80445219	1
74226739	1
21883685	1
9075858	1
74113804	1
9003337	1
7986532	1
9076266	1
9076627	1
72978297	1
18166720	1
9076013	1
72975183	1
24789255	1
72985416	1
13007481	1
7086409	1
9076078	1
