7983358	1
6718074	1
7703191	1
6168203	1
6716572	1
7191513	1
6714009	1
5845224	1
7193832	1
5844572	1
9024766	1
5220891	1
6166774	1
7700736	1
6718926	1
7194472	1
7752801	1
5657729	1
7700572	1
7680166	1
6719121	1
6013789	1
6011488	1
5846591	1
5221304	1
7724562	1
5221000	1
5219080	1
7752108	1
5654257	1
5656899	1
7194527	1
14436539	1
33695342	1
5219008	1
6667343	1
14409114	1
7724757	1
5279593	1
7724864	1
5278489	1
7982456	1
7723544	1
7724426	1
5224323	1
7191054	1
6168667	1
75669193	1
7723945	1
7701410	1
5657593	1
7750396	1
6667330	1
7191617	1
6168747	1
6715978	1
7723592	1
7192754	1
6164588	1
6165662	1
6167781	1
7192867	1
7679055	1
7193049	1
7751498	1
7983105	1
7680135	1
6167346	1
7188104	1
7750773	1
7680244	1
9025529	1
10368505	1
6668271	1
5657378	1
5657109	1
5656146	1
5219594	1
7680076	1
5654478	1
5222622	1
5224262	1
7723716	1
6168610	1
41380553	1
5656453	1
6714342	1
6166784	1
5222586	1
7574686	1
56771144	1
7190779	1
7680408	1
6165300	1
5655874	1
6718494	1
6664857	1
7983185	1
5655112	1
85688033	1
7700166	1
85657317	1
7700141	1
14422247	1
7982590	1
7752065	1
5655361	1
5220995	1
7752091	1
5222555	1
7723550	1
5655910	1
5844265	1
6166277	1
6716994	1
6669183	1
7190112	1
40076370	1
7752323	1
7750827	1
5657431	1
7723888	1
6167011	1
7725015	1
7723964	1
71656142	1
6168001	1
7680843	1
16707928	1
5657232	1
7699892	1
7751449	1
6164726	1
9024737	1
6714567	1
5657078	1
6482987	1
7840761	1
7576000	1
5310562	1
7837409	1
7972393	1
6483940	1
5310960	1
6477674	1
7814291	1
6650057	1
5310925	1
6650617	1
7784323	1
6484871	1
5958762	1
6486784	1
7783979	1
5309219	1
7779664	1
5311894	1
6633849	1
7972530	1
7815561	1
5430168	1
7838305	1
6486510	1
5309748	1
7837601	1
5959076	1
6480420	1
5959664	1
14701221	1
7957197	1
7972920	1
5959203	1
5311006	1
7784413	1
7396313	1
7781187	1
6482277	1
5310922	1
7816271	1
5308900	1
7577930	1
6481184	1
7488848	1
7780545	1
6650951	1
65996779	1
5312152	1
7837965	1
6647294	1
69844930	1
6482306	1
5309687	1
6479869	1
5311957	1
7972457	1
6482401	1
7394121	1
9088551	1
6487223	1
6634243	1
6477860	1
6634240	1
5309065	1
5309478	1
7972242	1
7396418	1
7972391	1
6484394	1
5455405	1
5309534	1
7839872	1
5311624	1
7780564	1
7957690	1
40525122	1
39574857	1
7957183	1
6477199	1
7957659	1
6475480	1
7576335	1
6484896	1
5452783	1
7577577	1
7780815	1
6482521	1
40487504	1
5310352	1
7575293	1
7838527	1
7957609	1
86756811	1
6476400	1
5309752	1
5310392	1
6648077	1
6475984	1
5309616	1
7957500	1
5452397	1
7398703	1
7839197	1
6649679	1
7779831	1
5310899	1
5308914	1
5310958	1
7814890	1
7923127	1
5474832	1
7922583	1
7923265	1
7923343	1
7922872	1
7923191	1
7922788	1
7588050	1
7923356	1
7922865	1
7922948	1
7923168	1
7923360	1
7923276	1
6963181	1
7923185	1
6963883	1
6101873	1
5785107	1
6963524	1
7922402	1
6728327	1
6732334	1
5786888	1
7923410	1
7923097	1
7922448	1
7922992	1
7922494	1
5473589	1
5473552	1
7922621	1
7922916	1
7922949	1
7585350	1
6104227	1
7923595	1
6731767	1
7923625	1
6731583	1
7923113	1
6105433	1
6501160	1
7773907	1
9000556	1
7922809	1
37869476	1
7922564	1
10610813	1
7923093	1
7922390	1
5474630	1
7923218	1
6104962	1
5860899	1
7922781	1
7922637	1
7923504	1
7922387	1
5474626	1
7923010	1
7923602	1
7922866	1
5858510	1
7922590	1
5474668	1
6501512	1
7923491	1
7922431	1
6505202	1
7922666	1
5786406	1
7923363	1
5474376	1
7922386	1
7923175	1
7922687	1
7922502	1
7922926	1
7923231	1
7922934	1
6731458	1
5860466	1
7922953	1
6728186	1
7923291	1
7922499	1
7922775	1
7774831	1
5858520	1
7922460	1
5475834	1
7923104	1
6503293	1
6506731	1
7923433	1
7923100	1
6502515	1
6963715	1
7922654	1
7922823	1
7923309	1
7923620	1
7922843	1
7923418	1
6960646	1
7923465	1
5858288	1
7923382	1
7922689	1
7922827	1
7922764	1
7923493	1
6103092	1
7923244	1
6734272	1
6102007	1
6734373	1
5785363	1
7586771	1
6959417	1
7922466	1
5472844	1
7775081	1
7923159	1
7922921	1
6103469	1
6962534	1
7922668	1
7923487	1
7922910	1
7583905	1
5859680	1
80296795	1
7922617	1
5474666	1
5785266	1
6959269	1
5784983	1
7583697	1
7922690	1
7923351	1
9000112	1
7922712	1
7922576	1
6101478	1
5862124	1
7922745	1
5861057	1
7583067	1
7774480	1
6506683	1
6103685	1
5475486	1
7923634	1
6103266	1
7776775	1
13953888	1
7584855	1
6103888	1
7923103	1
7922677	1
7923257	1
7923139	1
7922819	1
6503923	1
7587802	1
45184662	1
6734038	1
7922766	1
6503125	1
7923165	1
7922776	1
7583945	1
5475752	1
7923512	1
5859197	1
7923129	1
6104439	1
7585418	1
7922746	1
7585254	1
6102025	1
7922732	1
6503251	1
7923223	1
5859914	1
5474715	1
6501432	1
6961505	1
7923121	1
5473321	1
45195456	1
7588211	1
5473126	1
7922408	1
5785348	1
6960448	1
6101210	1
7923346	1
7922611	1
5473030	1
7922833	1
7922540	1
6103463	1
7922429	1
7922976	1
7923269	1
5475374	1
5473256	1
7922660	1
7922832	1
7922582	1
7583552	1
6414277	1
6236098	1
6413181	1
6236925	1
7933217	1
5750711	1
6415360	1
5665624	1
7846883	1
6407889	1
6413734	1
6206092	1
5754110	1
7960562	1
7933155	1
6403711	1
7846451	1
5949593	1
6406524	1
5950114	1
62283874	1
35896452	1
5666976	1
6407096	1
5666394	1
6237777	1
7960912	1
5665830	1
6408134	1
6403551	1
5664718	1
6414118	1
5944050	1
16435907	1
6409469	1
5948708	1
6414019	1
5753558	1
6202082	1
6414668	1
5666583	1
6238287	1
5944900	1
6405516	1
5754162	1
6407412	1
9342968	1
5664836	1
7846494	1
6404686	1
6235773	1
5754765	1
6409440	1
7845553	1
6238555	1
5666501	1
7845850	1
77208198	1
6204246	1
6404935	1
6410828	1
7846599	1
6408140	1
6407115	1
5665194	1
7845448	1
6403991	1
5752908	1
5947540	1
6408183	1
6235706	1
6410581	1
6410966	1
5665026	1
6408959	1
6409640	1
5664908	1
5950876	1
94919522	1
5752696	1
6408953	1
7961160	1
5666566	1
6413057	1
5753234	1
5752134	1
51199646	1
6405950	1
6238413	1
7845863	1
7845348	1
7845769	1
7845510	1
7846554	1
6405267	1
6203120	1
7961316	1
7932837	1
7845988	1
5667339	1
5950153	1
6409766	1
7960612	1
5665591	1
6409195	1
6415750	1
5754433	1
6405618	1
6414584	1
7932388	1
6205590	1
5946882	1
6651326	1
6905210	1
6653936	1
6907495	1
9017792	1
7927183	1
7605248	1
7900904	1
5116165	1
5117189	1
6945843	1
6777663	1
6200317	1
7795102	1
6944861	1
7795968	1
6782198	1
5117864	1
7927245	1
5117513	1
6196044	1
5116995	1
7927388	1
6912916	1
7787480	1
5115931	1
7927263	1
9233401	1
7788374	1
9018711	1
6774989	1
5117173	1
6652357	1
7899703	1
7900300	1
6653421	1
6653293	1
5117862	1
5120083	1
7903186	1
6653948	1
7982341	1
82637388	1
6945727	1
6944847	1
7795223	1
7927069	1
6654355	1
79060939	1
6945692	1
7788849	1
6652586	1
7899073	1
6906973	1
7787504	1
6196211	1
75400277	1
6778108	1
7788394	1
6198273	1
7606364	1
7787324	1
79721977	1
6776607	1
5117182	1
7981918	1
6196328	1
7926880	1
6652245	1
7899305	1
6783027	1
6655024	1
9018108	1
7902923	1
9105718	1
5116559	1
6150572	1
7737937	1
5696777	1
5695726	1
5921129	1
5682930	1
5682952	1
5684788	1
7149432	1
5696822	1
5693724	1
5679020	1
5919353	1
5694093	1
5685242	1
5918331	1
5637930	1
7967135	1
5693843	1
7793475	1
5927191	1
5636947	1
5694250	1
5925882	1
5919417	1
6151240	1
5696686	1
5927683	1
5693962	1
5927825	1
7146924	1
5695116	1
5686056	1
5919182	1
5696113	1
5680353	1
5683033	1
7497144	1
6846719	1
5696157	1
44544287	1
59330881	1
5920927	1
5693800	1
5679424	1
5929151	1
5696393	1
7147984	1
7429504	1
7145153	1
7429955	1
5694717	1
5695319	1
7498500	1
5926498	1
7737687	1
6149219	1
7735669	1
5695931	1
5637877	1
5694902	1
5140892	1
5683271	1
5695391	1
5694516	1
6850037	1
5142950	1
6149907	1
5696231	1
5683258	1
5679297	1
5695014	1
60788943	1
5637014	1
5917926	1
5926946	1
5694349	1
5919929	1
5696692	1
5696403	1
5696600	1
5681739	1
78925117	1
5696391	1
5648037	1
5696123	1
5647082	1
5637569	1
6152721	1
9152014	1
5145564	1
5696847	1
5919981	1
7966450	1
5637107	1
5680032	1
5694220	1
5682846	1
5693810	1
5146114	1
5647123	1
7430346	1
5144316	1
5144829	1
5695789	1
5696649	1
7149275	1
5695030	1
5684369	1
5926639	1
7149366	1
7736531	1
5683014	1
7737164	1
5695531	1
5693834	1
5683467	1
5684303	1
5919284	1
5920590	1
5927782	1
6151569	1
5693941	1
5696650	1
5695231	1
7145623	1
7143442	1
5696462	1
5694266	1
5695198	1
7144372	1
7496255	1
6849630	1
5696238	1
5145923	1
7495237	1
5143779	1
5696572	1
5684107	1
7966613	1
7428837	1
7428592	1
5693563	1
5917687	1
5647857	1
5696417	1
5918127	1
7425718	1
5695860	1
5684912	1
5696170	1
5686019	1
6151058	1
9152697	1
5694135	1
9148100	1
5684478	1
5694199	1
5684030	1
9152296	1
5682839	1
5683700	1
5693593	1
5647117	1
5695344	1
5693930	1
5683545	1
6151532	1
7793271	1
5696706	1
5695277	1
5695710	1
5697052	1
5693994	1
5694970	1
7735078	1
5696105	1
5696750	1
5682835	1
5694333	1
5686920	1
5696064	1
5695413	1
5694456	1
5144393	1
5921404	1
5694184	1
5646993	1
7793414	1
5695637	1
5140882	1
5685260	1
5928960	1
7966537	1
5693845	1
5918601	1
5695804	1
7147215	1
5684040	1
5643367	1
5679474	1
5696382	1
7737626	1
7737895	1
5682843	1
5694510	1
5696737	1
5686804	1
5142361	1
5920928	1
5684098	1
7144653	1
5696729	1
5696293	1
5695859	1
62918055	1
5926164	1
7496530	1
5694935	1
9148580	1
6151922	1
5684384	1
36653318	1
5695751	1
7737192	1
5680820	1
5695283	1
5694173	1
36601543	1
5927940	1
5695234	1
5145915	1
5683181	1
5684226	1
5142587	1
5682391	1
6150482	1
5684610	1
5696530	1
5694231	1
6149414	1
6847711	1
5694906	1
7147750	1
5694144	1
7150160	1
5694664	1
5693959	1
7146332	1
5686864	1
5693737	1
5694695	1
7425697	1
5696232	1
5919614	1
5142951	1
5680972	1
5696464	1
5683420	1
6149323	1
5696826	1
5144395	1
7429661	1
5695375	1
5927092	1
5686457	1
5686106	1
7794592	1
5696897	1
5696537	1
5699050	1
5698242	1
7807260	1
7693168	1
6428526	1
6430824	1
7346510	1
5698034	1
5697762	1
6320141	1
5576007	1
5699237	1
5576803	1
5698350	1
5575853	1
7346862	1
5720720	1
5699403	1
5578772	1
5699394	1
5697993	1
7691175	1
5698710	1
7692143	1
5699962	1
73864163	1
5697363	1
5700338	1
6429856	1
6430649	1
5699813	1
5699558	1
7349998	1
5698202	1
6430909	1
5697711	1
5698020	1
9028212	1
5697189	1
5697459	1
5699640	1
17373426	1
5579655	1
7693138	1
87735628	1
5579375	1
6319949	1
5697795	1
5697156	1
5698936	1
7693183	1
5697237	1
5698745	1
5717842	1
5697593	1
5699521	1
6319332	1
5697202	1
5698966	1
5698765	1
5697784	1
5699061	1
5576510	1
5700549	1
7353730	1
7353629	1
5699400	1
5578944	1
5698062	1
5579016	1
7690505	1
5581347	1
5698440	1
7805637	1
5698692	1
5698931	1
7807940	1
7689938	1
5576566	1
5698568	1
5697894	1
5700079	1
32623168	1
5697963	1
5699146	1
7692678	1
5698251	1
9222034	1
5714793	1
5698669	1
5715866	1
5698805	1
5699518	1
5698472	1
5700498	1
5698178	1
6431036	1
7348037	1
7690059	1
5698983	1
5699496	1
5699259	1
6314998	1
5699219	1
5699753	1
5699051	1
7348505	1
5697285	1
5699795	1
5698813	1
5697258	1
5576906	1
5698495	1
6315237	1
5697714	1
6430581	1
5697751	1
5577753	1
5700063	1
7692084	1
5720637	1
92050534	1
5699047	1
5697150	1
5698754	1
5576382	1
5699981	1
5697967	1
5579514	1
5697424	1
7693188	1
5699135	1
5698085	1
5578050	1
5700277	1
5714799	1
7347823	1
5577024	1
5577526	1
5697371	1
5698979	1
6429314	1
5697571	1
5698343	1
5700201	1
5700221	1
5697105	1
6428590	1
5699791	1
6320408	1
5700251	1
7692851	1
5699189	1
5699276	1
5698009	1
5698446	1
5698394	1
56691061	1
5698313	1
5697978	1
5719698	1
5699097	1
5698306	1
92025200	1
6317105	1
5698299	1
7807692	1
7353553	1
5580519	1
5698220	1
5697381	1
6429132	1
90812342	1
5855859	1
9112107	1
7406502	1
7804565	1
7547834	1
5226513	1
5227752	1
7557032	1
5217473	1
6336234	1
5216764	1
5215619	1
7404650	1
9111355	1
7550999	1
7804341	1
5622304	1
20448963	1
5216733	1
7403543	1
7548019	1
44716458	1
7803554	1
7406452	1
7402106	1
5856111	1
5619630	1
5216688	1
5855779	1
9083593	1
51113302	1
5855608	1
5215202	1
62157059	1
5215625	1
5215365	1
9083080	1
5217472	1
5857490	1
5857575	1
5857520	1
7367580	1
5216775	1
64011944	1
7403487	1
7368053	1
5217467	1
5856603	1
5216728	1
7804857	1
91348009	1
96272947	1
7370091	1
5217471	1
7405602	1
5855829	1
7803308	1
7803737	1
20394539	1
44733647	1
7555220	1
7369536	1
6338740	1
5217469	1
5216766	1
13991259	1
5619825	1
5217202	1
7804225	1
5855146	1
93140316	1
5215367	1
5216700	1
5216693	1
5856326	1
7804212	1
7405475	1
5855058	1
6337319	1
5216725	1
5227751	1
5216760	1
5215234	1
9083469	1
6744281	1
72654790	1
9316812	1
5705075	1
5915063	1
5705061	1
5705518	1
7629469	1
5705211	1
5704487	1
6747355	1
6122154	1
5704975	1
7629069	1
5704806	1
67931292	1
5705063	1
5705067	1
5704635	1
6742013	1
5704901	1
6741626	1
6122157	1
6121675	1
5705173	1
7758984	1
5914967	1
5705074	1
86594280	1
5916325	1
5705084	1
13507677	1
21339431	1
6122689	1
5917300	1
7629459	1
5915358	1
6746362	1
5705781	1
6123033	1
6311547	1
5705504	1
5705391	1
5705203	1
5704850	1
7629455	1
5705720	1
7628945	1
6120836	1
5705197	1
6747088	1
7630303	1
6312870	1
7759129	1
5705209	1
6120795	1
6748260	1
7629013	1
5916189	1
5705069	1
5914354	1
7820058	1
5704477	1
7628621	1
5704679	1
5914030	1
5705387	1
5915598	1
7759916	1
9142962	1
5705783	1
5705207	1
5704690	1
65074591	1
7629884	1
5704912	1
7821294	1
7628317	1
5705072	1
5705108	1
6124313	1
6748575	1
5814508	1
6748488	1
49938656	1
7629627	1
9142905	1
5705081	1
5705166	1
6312591	1
6122248	1
5705065	1
5815450	1
5705740	1
5704592	1
5705062	1
7628744	1
5705204	1
5705206	1
5812986	1
6120874	1
7758423	1
5704631	1
5705057	1
5704607	1
6124020	1
5705503	1
7630880	1
6123039	1
6120209	1
5705078	1
6311470	1
5705128	1
6296969	1
5705079	1
5704746	1
6312883	1
5815563	1
5705741	1
5916815	1
5705784	1
42525873	1
6306059	1
6122662	1
7822613	1
5705777	1
5705609	1
7628345	1
5705210	1
5705198	1
75333335	1
5816366	1
7629424	1
5705093	1
82026779	1
7630185	1
5704784	1
7630081	1
5705082	1
72592786	1
6599706	1
6857983	1
5837266	1
5630942	1
7651077	1
6590437	1
7244522	1
7607253	1
6851710	1
6593584	1
5631339	1
5837235	1
9330592	1
5263168	1
5628723	1
5630578	1
6854119	1
7246377	1
7650523	1
94976825	1
7243723	1
5629009	1
6856703	1
7246379	1
5839022	1
7245630	1
6004634	1
6032831	1
7608737	1
7245690	1
6028808	1
7244649	1
7649673	1
6591582	1
5630596	1
5262746	1
6591074	1
5262329	1
5629712	1
5630058	1
7245721	1
6590647	1
6601078	1
5264510	1
5630063	1
6854470	1
6590701	1
5629565	1
7242912	1
6000213	1
6591871	1
6590516	1
5629813	1
6853568	1
7651405	1
5838509	1
7649522	1
5631340	1
5629166	1
5628841	1
7245205	1
5632038	1
7609007	1
7246437	1
6032794	1
5262358	1
7608453	1
5631991	1
7609509	1
6853326	1
5632433	1
5630921	1
7609150	1
6000198	1
5632418	1
6592951	1
7650789	1
6030324	1
5631260	1
5628795	1
7924678	1
7923849	1
7924328	1
7949825	1
6389053	1
6594309	1
39822981	1
5883853	1
7923815	1
5883156	1
7924023	1
7923716	1
5883249	1
6598074	1
7797609	1
6392047	1
6593807	1
6636554	1
5881047	1
6451253	1
6386927	1
6391526	1
7923974	1
7126201	1
6393151	1
9137864	1
6637551	1
7923988	1
94240707	1
7924274	1
6388935	1
9137430	1
7924132	1
6391450	1
5881472	1
34087174	1
7996751	1
7923676	1
7996327	1
6595273	1
5883060	1
7923962	1
7923638	1
7923765	1
7923646	1
6392146	1
7923796	1
7924009	1
7924205	1
9137999	1
6391118	1
6386382	1
5882463	1
6387410	1
7924134	1
7924386	1
5882241	1
7923882	1
7923828	1
6735385	1
7923643	1
6393618	1
7923743	1
7923728	1
7923906	1
7923753	1
7129980	1
7924256	1
66397311	1
7924392	1
7924235	1
6636698	1
7924110	1
7924098	1
7923823	1
5995144	1
7923865	1
7924005	1
6390925	1
5883093	1
5985116	1
7923711	1
7923886	1
6452213	1
7923907	1
5988265	1
5881618	1
7923696	1
7924130	1
6386785	1
7923735	1
7923887	1
7923662	1
7923681	1
7128596	1
6391505	1
78458442	1
6735060	1
7923763	1
5884560	1
7127822	1
7130133	1
6392754	1
6594911	1
7924115	1
7924318	1
7923673	1
7923899	1
6637092	1
6741200	1
7953541	1
6393797	1
7923958	1
6734460	1
5985403	1
7924569	1
6390980	1
7923669	1
7923805	1
5882603	1
6392131	1
6390341	1
9137803	1
6596471	1
7924374	1
7924155	1
7924097	1
6392874	1
6452041	1
7127967	1
7949778	1
7923961	1
5881878	1
6388320	1
6597061	1
7924340	1
6392472	1
6393371	1
7924188	1
7923791	1
6450464	1
5883257	1
6390550	1
7924745	1
6595644	1
6637496	1
7923699	1
7924378	1
6597681	1
7127236	1
5986242	1
7129428	1
6388145	1
5882156	1
7924133	1
6449811	1
6386700	1
7924021	1
6452354	1
6393257	1
5881997	1
7127408	1
7923839	1
7924179	1
6736768	1
7924006	1
6523296	1
6521015	1
6119580	1
7240758	1
7138864	1
6521917	1
7985077	1
7099843	1
6868858	1
6117219	1
7009268	1
6523791	1
5524111	1
5526602	1
6520586	1
7005689	1
7108841	1
31964342	1
6524143	1
7309495	1
15467781	1
7098615	1
7140095	1
7140382	1
7111689	1
7984442	1
7984556	1
7007996	1
7984345	1
5526776	1
7984900	1
7095423	1
5525499	1
9156271	1
7310255	1
7008283	1
7312145	1
7109635	1
5526145	1
7314776	1
7139189	1
7925374	1
7106453	1
5523753	1
7240388	1
7312279	1
7110583	1
6869473	1
5525043	1
6519381	1
7008258	1
7310072	1
7006659	1
7309856	1
7313517	1
7141124	1
7138688	1
7137436	1
7925331	1
6871374	1
7241287	1
7310015	1
6872678	1
7139691	1
6520183	1
7925147	1
7004909	1
7137030	1
6868890	1
5525481	1
7100449	1
19335433	1
7985036	1
7004733	1
7311484	1
7313742	1
9155779	1
9155976	1
6871650	1
5523933	1
7140392	1
7096371	1
7312864	1
6117699	1
7137213	1
6521217	1
7925551	1
7306992	1
7005862	1
7925032	1
7111579	1
54701631	1
6872148	1
7984454	1
6871582	1
7094601	1
7925506	1
7004823	1
7240383	1
5524925	1
7110982	1
7097261	1
7009650	1
7139901	1
7006799	1
7094775	1
6117280	1
7098517	1
7308503	1
7925302	1
7009353	1
7099239	1
7009954	1
6119779	1
5524683	1
78196556	1
6523114	1
6521420	1
6116431	1
6367503	1
5829942	1
5185033	1
5548053	1
5958663	1
5942029	1
7642084	1
7640131	1
6369739	1
6369854	1
7694086	1
7641856	1
7695034	1
7639736	1
5186975	1
5953593	1
6368829	1
5180222	1
5187274	1
5548070	1
9318334	1
7909057	1
7639343	1
7908690	1
7908689	1
7908652	1
5185935	1
6767258	1
6370215	1
7909012	1
6369227	1
49322287	1
7695113	1
7909430	1
7694016	1
7695068	1
5180588	1
6765437	1
5956925	1
5939380	1
5957410	1
5545227	1
5829075	1
5830506	1
5952567	1
7858581	1
7694158	1
5834644	1
5941283	1
6772714	1
5180822	1
6368256	1
7995218	1
5544794	1
6575480	1
6369891	1
7908651	1
6574659	1
5182548	1
5181121	1
7642001	1
5942115	1
6766043	1
7858506	1
56625359	1
25880303	1
5547952	1
5186047	1
5186853	1
6571339	1
7641658	1
9318110	1
5545959	1
7642225	1
7694988	1
5955498	1
7640643	1
5954963	1
5941827	1
5942135	1
5955012	1
6368523	1
5186046	1
5833076	1
5545686	1
5186001	1
7694575	1
5546147	1
6370913	1
6368231	1
5182483	1
5181141	1
5544961	1
6774114	1
7695062	1
5548079	1
7995954	1
7860189	1
6370720	1
7858975	1
5186692	1
5940215	1
53473402	1
5940247	1
6370008	1
6572370	1
5186376	1
7859902	1
5181023	1
7908769	1
5548421	1
7859666	1
5546500	1
7640632	1
7695515	1
5544750	1
5185081	1
25856175	1
7695024	1
5186045	1
5940238	1
7861500	1
5181188	1
5938250	1
7909019	1
5941596	1
7860880	1
7695583	1
5180199	1
6572145	1
7860108	1
5544616	1
5185995	1
83798430	1
7640305	1
5952742	1
6368916	1
7859470	1
5181126	1
7694345	1
5954095	1
5546739	1
34020285	1
5548414	1
5702720	1
7613838	1
5702307	1
5316986	1
5360329	1
7018958	1
5702339	1
5702762	1
5101699	1
7683654	1
7610981	1
6890150	1
5703849	1
7685162	1
5702529	1
5702389	1
5700773	1
6421683	1
5700731	1
7317070	1
5702948	1
5700733	1
5704384	1
7317709	1
9242729	1
5701667	1
7016856	1
5701995	1
7614384	1
6418815	1
73168323	1
7017542	1
5703409	1
7965567	1
5703734	1
5703050	1
7318369	1
5702689	1
5701988	1
5100714	1
5701650	1
7965566	1
7965855	1
5702496	1
9128257	1
5314262	1
5100709	1
5703793	1
5704103	1
5702439	1
5704279	1
5704447	1
6371526	1
6892873	1
51300277	1
7611877	1
5358197	1
7017277	1
5702419	1
5702428	1
5703907	1
7316182	1
7592601	1
7684717	1
7591898	1
5701713	1
5701473	1
5704020	1
7966294	1
5700939	1
7966112	1
7611356	1
5100718	1
5703543	1
5358591	1
7683887	1
6894009	1
59635503	1
5701894	1
5701425	1
7612496	1
5701826	1
5702320	1
7612251	1
6887307	1
6888841	1
5702938	1
34495016	1
5701516	1
6420158	1
5702474	1
5703726	1
5704000	1
5700712	1
5703774	1
5702407	1
7610818	1
5704191	1
5703431	1
7966077	1
7612278	1
5316972	1
5702889	1
7612595	1
7611587	1
5704078	1
6891681	1
6371353	1
5701642	1
5704146	1
5702401	1
5100291	1
5702651	1
5701199	1
7966281	1
5703972	1
55367011	1
5702996	1
5704383	1
7589421	1
5703314	1
7318770	1
5703445	1
5700902	1
5703251	1
5701604	1
5701483	1
5702022	1
5701897	1
5702240	1
5701740	1
7018783	1
7613133	1
5704121	1
7591296	1
5702302	1
6417897	1
5701101	1
5704224	1
5702917	1
5703102	1
6894303	1
34521969	1
5703942	1
7966326	1
5357923	1
5703513	1
5702825	1
6417223	1
6371146	1
5700921	1
7966055	1
5701800	1
6371599	1
11316697	1
5100770	1
5702804	1
5703999	1
7017512	1
5703838	1
42974168	1
5318455	1
7966193	1
5702457	1
6371187	1
5703824	1
5702148	1
6421204	1
5703111	1
7965670	1
5704063	1
7965923	1
5702508	1
5100643	1
5704403	1
5703490	1
5100561	1
5703932	1
5703590	1
5704263	1
7019939	1
5316786	1
5100712	1
37275360	1
5934219	1
61107061	1
9150139	1
6956983	1
6461661	1
9072280	1
6826476	1
7373539	1
9004236	1
7708781	1
6530349	1
6686574	1
5935776	1
5162634	1
7642823	1
6526978	1
6021755	1
7374281	1
6690543	1
5933262	1
5934105	1
6526850	1
6826005	1
7987933	1
9150236	1
6174216	1
7708642	1
7713190	1
5936352	1
5257076	1
7709387	1
7987891	1
7712670	1
6528934	1
6462324	1
7714573	1
5256745	1
5935574	1
6825952	1
9004807	1
6687526	1
5162580	1
5933533	1
5934381	1
5174514	1
7709278	1
7711487	1
6820250	1
7710891	1
7713162	1
7220295	1
6461241	1
7213940	1
5256754	1
6461921	1
6953747	1
5935283	1
6177465	1
6461184	1
7659444	1
7713856	1
5936343	1
5935938	1
9300552	1
7853836	1
6687808	1
5934830	1
7214704	1
7642605	1
6953853	1
7708962	1
7987246	1
6460451	1
6458749	1
7987320	1
7644289	1
5935546	1
5935534	1
7713354	1
7713473	1
7713902	1
37291540	1
5935554	1
6529284	1
5256740	1
7712068	1
7658527	1
7987464	1
6526385	1
6524655	1
7374418	1
7210812	1
7987801	1
7713363	1
6173801	1
7373169	1
6957004	1
7714141	1
6822946	1
7214600	1
7374707	1
5258992	1
6525279	1
6526969	1
7210029	1
7710841	1
7710058	1
6527482	1
5258687	1
7708638	1
7659172	1
6530092	1
7713379	1
5256718	1
5935540	1
7714080	1
7712647	1
6689923	1
7714215	1
7851912	1
5935421	1
6174866	1
7644128	1
5162835	1
6177438	1
5173022	1
7713436	1
7712706	1
7711472	1
7659129	1
6462871	1
5174472	1
6461707	1
6462662	1
7710048	1
5934945	1
7709008	1
7375926	1
6462342	1
6823110	1
71349150	1
5933555	1
5256458	1
7376206	1
6174013	1
5934995	1
7473439	1
5934132	1
7711311	1
6822514	1
9149913	1
6528243	1
7711325	1
7659086	1
6525208	1
7712396	1
7373154	1
5172390	1
7213045	1
6955974	1
5174217	1
7220318	1
7711843	1
6689670	1
6526567	1
7711097	1
6526873	1
7987714	1
6175285	1
76853719	1
7713706	1
50055111	1
6346067	1
5922378	1
5933022	1
5931518	1
5923308	1
7228071	1
5320073	1
5924232	1
7225993	1
6499688	1
5274034	1
6347186	1
5930316	1
6385812	1
5930924	1
5924913	1
5924964	1
7228024	1
6343858	1
7971963	1
57175904	1
6499434	1
5862661	1
7972081	1
5322272	1
7910592	1
6631431	1
7225523	1
5931897	1
7910589	1
5318848	1
6679681	1
7224456	1
6383982	1
5923330	1
6497923	1
6384609	1
7224447	1
5321458	1
6675942	1
6386285	1
5924936	1
7625566	1
5924623	1
7912758	1
7225512	1
6341388	1
7226496	1
6348045	1
5864688	1
89372925	1
7227737	1
6498895	1
6498235	1
6342617	1
7621381	1
7625616	1
5321217	1
6498409	1
6500136	1
6630702	1
5862913	1
5923303	1
5932000	1
5862963	1
5932122	1
5931112	1
7225420	1
6384995	1
5922640	1
6674945	1
5932150	1
9098357	1
5930078	1
7226721	1
7911070	1
7224693	1
5925283	1
6346000	1
5864095	1
67478161	1
5274233	1
5931931	1
7228571	1
5324451	1
7227672	1
5321849	1
5930858	1
7624562	1
5930408	1
6342679	1
5922776	1
6386111	1
5924616	1
64909329	1
6384021	1
5924376	1
6499124	1
6497250	1
7227992	1
5924341	1
7912762	1
6385972	1
5930816	1
5321733	1
5923379	1
7228169	1
5863181	1
6345946	1
6500091	1
5931414	1
7228481	1
6500086	1
5322973	1
5272685	1
6384829	1
5865683	1
7625802	1
7971802	1
7910585	1
6500599	1
5924331	1
6495454	1
5863877	1
9316124	1
5925382	1
5925372	1
7622299	1
7228675	1
7971552	1
5932015	1
6494319	1
5932464	1
7971884	1
5863059	1
7971691	1
7224615	1
6382979	1
5862851	1
7912763	1
7971379	1
5930860	1
5931599	1
7971732	1
5320199	1
5864321	1
6807194	1
5806385	1
48285535	1
7917115	1
6097843	1
6810468	1
6097740	1
5808292	1
5690240	1
6084449	1
5687114	1
7916593	1
6086909	1
5588100	1
7917132	1
6086294	1
5806012	1
9109391	1
6085056	1
7163476	1
7162166	1
6087715	1
6098133	1
9011083	1
6099497	1
7916492	1
81636740	1
7410642	1
7411410	1
5688145	1
6100749	1
6100054	1
5806386	1
5601618	1
6082522	1
9011025	1
6085478	1
7917112	1
7411532	1
5806506	1
26844174	1
5603107	1
5807669	1
7411942	1
10486319	1
7407348	1
7165596	1
7161252	1
5688163	1
6084793	1
52265787	1
7409149	1
5808377	1
6088358	1
5690314	1
5690102	1
80351028	1
7917151	1
5808190	1
6098142	1
7917109	1
5688614	1
6096669	1
6098677	1
7410661	1
5587796	1
6807321	1
5807448	1
7916815	1
5807103	1
7164390	1
6809878	1
20633625	1
7159881	1
6098832	1
81666940	1
6100420	1
5689237	1
5807230	1
7916863	1
5688934	1
5690279	1
5689444	1
5806492	1
5688041	1
5687770	1
5689382	1
5687975	1
5689003	1
5689156	1
7407123	1
5602283	1
80381128	1
6084431	1
5690218	1
5690291	1
6808084	1
5807824	1
6807479	1
6100169	1
5603329	1
7163952	1
6809324	1
5806965	1
5602810	1
7916954	1
6807928	1
25571634	1
5690423	1
7162891	1
5688038	1
6099920	1
5689712	1
5806460	1
6808791	1
6811618	1
6087041	1
6812266	1
7408998	1
5690195	1
5603181	1
33328769	1
90654543	1
7951747	1
6043485	1
6885406	1
5509733	1
9255564	1
6623416	1
5404190	1
5404968	1
7954749	1
5404403	1
6609856	1
5348055	1
5674523	1
5671297	1
6608750	1
6609210	1
7256917	1
86532488	1
5404818	1
6608443	1
7974364	1
7974766	1
6610111	1
6267623	1
7255078	1
5404465	1
6625960	1
24122656	1
7254610	1
7917728	1
6271810	1
64784043	1
5404226	1
5346970	1
5671772	1
7254484	1
6624990	1
7951331	1
6881927	1
7917962	1
7917559	1
7917944	1
5509498	1
64171305	1
5345963	1
6625557	1
5404967	1
55441945	1
7954426	1
7973989	1
98758557	1
6609164	1
6606492	1
84771743	1
6884391	1
6270437	1
5346931	1
6039216	1
84750996	1
9008251	1
7917970	1
7951030	1
6043497	1
7257504	1
6623671	1
9322659	1
5674033	1
64163583	1
7912546	1
5671299	1
7951413	1
7258452	1
55483589	1
5672853	1
7954520	1
5671344	1
7254264	1
5672697	1
5348311	1
7917611	1
9254206	1
5672001	1
6042134	1
5404364	1
5674421	1
6609169	1
7974411	1
6886177	1
7954621	1
7951358	1
7258083	1
86509214	1
7955096	1
5345636	1
48368561	1
5404237	1
7254812	1
7254084	1
6606997	1
7255440	1
7951054	1
7917950	1
7973928	1
6042365	1
7917947	1
7258442	1
6610152	1
5405894	1
6068436	1
7293337	1
5522940	1
7663178	1
7665781	1
6069696	1
5781630	1
27556732	1
7973875	1
5781695	1
70578918	1
6942651	1
5781696	1
7664602	1
7294426	1
59227224	1
7295655	1
7296230	1
5605423	1
6071557	1
7296501	1
7344803	1
5606963	1
7663620	1
6943739	1
6942954	1
6068023	1
6068747	1
6708443	1
7291899	1
6067991	1
5781627	1
7296842	1
6070986	1
7664627	1
6070140	1
7665348	1
6070763	1
7292486	1
7343416	1
68351696	1
6943238	1
7664951	1
6069247	1
5605989	1
6069366	1
5521860	1
52022207	1
6067279	1
7854593	1
5609384	1
29895599	1
5784338	1
7856163	1
7290746	1
7665889	1
6070184	1
7343150	1
5606079	1
68337904	1
5781624	1
6067795	1
7973702	1
5781632	1
7856732	1
6071089	1
7663144	1
5776895	1
5608834	1
5781641	1
5606030	1
6068801	1
7291583	1
38728016	1
7663335	1
7665530	1
6069075	1
7291691	1
48504193	1
5609409	1
5781623	1
7293313	1
5781692	1
7856801	1
7664357	1
5691668	1
6074947	1
24247912	1
5693026	1
6443910	1
6445984	1
7802074	1
6076078	1
5692624	1
6073113	1
6445816	1
5692985	1
5691846	1
6076196	1
6072606	1
5691593	1
5692687	1
6072413	1
7991657	1
5692761	1
6662419	1
6072166	1
5692715	1
6444103	1
5691892	1
6445939	1
5352679	1
6075281	1
6072248	1
5693105	1
5692785	1
5692896	1
95349444	1
6071583	1
7801948	1
7931833	1
5692934	1
7991473	1
60475405	1
5693501	1
5693380	1
9060497	1
6075165	1
54300831	1
6073722	1
7801799	1
5692731	1
6075209	1
59577152	1
7424864	1
6075786	1
48009634	1
19544797	1
5693291	1
19541846	1
7419798	1
5693074	1
7932209	1
31533057	1
7803094	1
5692071	1
5692676	1
6076182	1
6074054	1
5691685	1
7802751	1
7991698	1
7932162	1
5691990	1
5692249	1
5692081	1
5692049	1
7803201	1
5693095	1
6445188	1
7991442	1
5692191	1
5691744	1
5692312	1
7991043	1
5693326	1
7419140	1
5692713	1
5693398	1
59531561	1
5693009	1
7991291	1
5352890	1
5692441	1
5692418	1
7991851	1
7931884	1
5691746	1
6076141	1
6445794	1
5693401	1
5691895	1
6662757	1
5692488	1
9220195	1
5693296	1
6073679	1
5692439	1
7424693	1
33806330	1
50631267	1
55961655	1
5693378	1
5692649	1
9061806	1
5692666	1
31511365	1
5693223	1
5691950	1
6071660	1
5691715	1
5691752	1
6074201	1
6660691	1
7271986	1
5376562	1
5376856	1
7738309	1
7958749	1
7740142	1
6157792	1
7952645	1
52635826	1
25898607	1
7740727	1
7275484	1
7271534	1
7952434	1
43254717	1
7274584	1
7696141	1
5375126	1
7699196	1
7958719	1
7272689	1
7952548	1
6214173	1
7269652	1
5374713	1
17556079	1
65805311	1
7959553	1
7739242	1
7121519	1
7273582	1
7275713	1
6213116	1
5375517	1
7739482	1
7740284	1
7123186	1
6281930	1
5375442	1
73329272	1
7958856	1
5373393	1
7952172	1
6158980	1
9110981	1
7739754	1
7741348	1
7699433	1
7958891	1
7274966	1
5377246	1
7959263	1
7122663	1
7952686	1
6210733	1
76186838	1
7959366	1
6155929	1
83703702	1
5373387	1
57032973	1
5373391	1
7739825	1
7739090	1
7270068	1
7697916	1
5373406	1
6211070	1
7122028	1
6211943	1
17600601	1
31826863	1
13274409	1
7952323	1
7952198	1
7697358	1
7121316	1
5376475	1
7122994	1
7738604	1
7959056	1
6287905	1
7739153	1
6279563	1
7122132	1
6155729	1
6212095	1
7740417	1
6210041	1
7123818	1
7958768	1
7274372	1
7952668	1
7738860	1
6288459	1
7674942	1
7676877	1
7888535	1
6555913	1
5867379	1
7298110	1
7969140	1
6985136	1
7303459	1
7888858	1
5867979	1
5870058	1
7811362	1
7969238	1
6554845	1
7969233	1
7569838	1
7968977	1
7847742	1
5866472	1
5869886	1
7889928	1
7298794	1
5870107	1
7306238	1
7969441	1
6555805	1
7847269	1
5869269	1
7848846	1
7568196	1
5868327	1
7812631	1
5869280	1
5868186	1
6982284	1
6551916	1
51528105	1
7302130	1
9290872	1
7301185	1
7299478	1
7303675	1
5866483	1
6554582	1
7968895	1
7676279	1
5866535	1
7847358	1
7969191	1
5870964	1
7969407	1
6552405	1
5868916	1
7301834	1
6984029	1
6553039	1
5870103	1
7674425	1
7570993	1
7811934	1
7888645	1
7676950	1
6983900	1
90584786	1
7568963	1
6552746	1
7676879	1
7969400	1
7299335	1
7889540	1
6982155	1
61392920	1
7848593	1
5867939	1
7849010	1
7811832	1
7969452	1
6556663	1
6551629	1
7847294	1
7888937	1
5868130	1
7570875	1
7913588	1
97555135	1
7569787	1
7567636	1
7849150	1
7969445	1
7001864	1
7915239	1
62825209	1
7791905	1
5803811	1
7915234	1
63661360	1
7104163	1
6713031	1
7020639	1
55753984	1
7792562	1
6711482	1
7945840	1
5803755	1
55751271	1
7021561	1
6709399	1
5668235	1
7020862	1
94744030	1
6713275	1
68993812	1
5668149	1
5668230	1
7023537	1
7104379	1
5802545	1
63703610	1
6711352	1
7026951	1
7790873	1
9306955	1
58469274	1
7915225	1
7979577	1
5803707	1
7980213	1
99419520	1
5668183	1
47300914	1
5804241	1
5668261	1
7023286	1
67402294	1
6711050	1
58440333	1
7915580	1
7915269	1
7023211	1
7001775	1
7023808	1
7004091	1
5668228	1
7004044	1
7023763	1
56108966	1
7102725	1
7003285	1
6709046	1
5805347	1
7025083	1
7980060	1
7790936	1
6713100	1
7026757	1
5667776	1
62780362	1
7101382	1
7979802	1
7801125	1
5232823	1
9046457	1
6182068	1
6180695	1
5727813	1
5727536	1
26822809	1
5234372	1
5900522	1
6842191	1
6182881	1
72077049	1
7799487	1
5728229	1
7955559	1
6839378	1
6177492	1
6834888	1
7801016	1
6830465	1
6220927	1
5729509	1
6833388	1
5235799	1
6219510	1
5728231	1
6219705	1
6180875	1
5728648	1
6181463	1
6838153	1
5235079	1
95510036	1
5236143	1
6180387	1
5900688	1
5232955	1
5232876	1
5901523	1
6841412	1
5236414	1
5236837	1
7933938	1
87517677	1
5728705	1
5234392	1
7999710	1
9270359	1
7975393	1
6218735	1
6841723	1
13585057	1
5235793	1
5896471	1
36875253	1
5900948	1
5894815	1
6224036	1
7934200	1
5235282	1
6839052	1
6178444	1
5236868	1
5232994	1
7999114	1
7800652	1
7975347	1
6834030	1
5235025	1
7999279	1
5236142	1
6828667	1
5727815	1
6180162	1
5728230	1
6224351	1
5742890	1
7933598	1
7955881	1
5741853	1
7800094	1
6223334	1
5414210	1
6836584	1
6218001	1
48166893	1
6832537	1
5727964	1
7933425	1
7975531	1
5742820	1
6829970	1
7975363	1
5728233	1
5902262	1
48192327	1
6182361	1
6610433	1
7356417	1
6090651	1
7646503	1
7116506	1
5338798	1
7971198	1
6436278	1
5338603	1
62223297	1
5341297	1
7114801	1
7355971	1
7827842	1
5255828	1
5338786	1
7355027	1
7175565	1
6614022	1
7645529	1
5339441	1
7971122	1
5339407	1
5252146	1
6089504	1
5252613	1
7176871	1
5338858	1
6612212	1
5338790	1
7354608	1
5340543	1
30804101	1
9292398	1
5338795	1
5112894	1
5338780	1
5338852	1
6611448	1
6435401	1
6089104	1
5573459	1
5341447	1
7116334	1
6434375	1
6090615	1
5338788	1
5341470	1
7115843	1
5338588	1
5113455	1
7988535	1
5338781	1
5338789	1
5573356	1
6610462	1
5256421	1
5338598	1
6614520	1
5341476	1
5338595	1
6434550	1
7237804	1
5338809	1
7175294	1
5573816	1
7970728	1
5572246	1
7645439	1
7988734	1
7238414	1
22582628	1
6094927	1
5341436	1
7236523	1
7971097	1
6613135	1
6092337	1
5341484	1
7115534	1
5340560	1
99261681	1
7646563	1
7114847	1
6435003	1
22825375	1
7988850	1
5341461	1
6435026	1
6611277	1
7355531	1
5341265	1
7235083	1
6092904	1
5339445	1
22788501	1
5114763	1
5338794	1
5341482	1
5341456	1
7971258	1
7176050	1
7645887	1
7645093	1
5339444	1
7644947	1
38622188	1
6226930	1
7646470	1
7173348	1
5341458	1
5340532	1
7235935	1
6092868	1
7173749	1
5341465	1
5253073	1
6611782	1
7971060	1
7114713	1
5341494	1
5340558	1
7826977	1
5338583	1
5113332	1
7988588	1
5256431	1
5114373	1
7174277	1
6614150	1
5341483	1
7988956	1
6611836	1
7174158	1
5341462	1
7988524	1
5339452	1
6228411	1
5341435	1
6612760	1
7176729	1
7644631	1
7175022	1
7354418	1
7235017	1
5341449	1
5338782	1
30810332	1
5255825	1
7173495	1
6437072	1
5338597	1
7176543	1
7114518	1
7826974	1
7355921	1
6228721	1
5574764	1
7176565	1
7175817	1
6613759	1
7234935	1
5340527	1
5114699	1
7988408	1
5574576	1
5252148	1
5114965	1
7355617	1
5341457	1
5339435	1
7644746	1
7646428	1
5574875	1
5340763	1
6434749	1
5341446	1
5341396	1
5256441	1
6089838	1
7988202	1
6232315	1
5338854	1
7240130	1
5339438	1
5575207	1
7116935	1
6610700	1
5341448	1
5338594	1
7355395	1
7354533	1
7238683	1
7175317	1
7644360	1
7116643	1
6088829	1
5573988	1
41302414	1
5255826	1
5341414	1
5256432	1
5340542	1
5340539	1
5339447	1
5114376	1
5253656	1
5570197	1
6163174	1
7870772	1
7789098	1
6160427	1
7601588	1
7789102	1
5570637	1
7567407	1
5669447	1
6034439	1
6161819	1
5336005	1
6163744	1
7599088	1
5569337	1
7600823	1
7491104	1
7723035	1
6603693	1
6037945	1
5332552	1
5668744	1
5334884	1
7537749	1
7537529	1
6038077	1
7493950	1
7722475	1
7869312	1
7870555	1
5570710	1
7559469	1
7722259	1
5670343	1
6035921	1
6163573	1
5571938	1
5669042	1
7723434	1
6605842	1
5333293	1
5569150	1
5843532	1
7493817	1
6602957	1
7492680	1
6603876	1
5670098	1
14512052	1
5569493	1
7723390	1
6036199	1
7494207	1
6161313	1
7563134	1
5570478	1
7722680	1
5840788	1
6603423	1
5570259	1
7492269	1
7600285	1
5669165	1
5345095	1
5669834	1
7489711	1
5840099	1
7599644	1
9310994	1
6159574	1
14469818	1
5344128	1
32808528	1
6605384	1
7596354	1
5332610	1
6605876	1
51625876	1
5333613	1
6162793	1
7494225	1
6161629	1
7541385	1
7541359	1
6038215	1
7866959	1
5840313	1
6034114	1
6161454	1
5571144	1
5338019	1
6602292	1
5333486	1
7722363	1
5569514	1
5332703	1
6604713	1
7490177	1
5344153	1
5841953	1
6038267	1
6605281	1
6603302	1
7600988	1
51619925	1
5569485	1
10733496	1
6159441	1
6037609	1
7542608	1
5334078	1
5334790	1
5337919	1
7492520	1
14509591	1
7722395	1
6033187	1
6604519	1
6161231	1
7656899	1
5558557	1
5560050	1
6901404	1
5559546	1
5796606	1
7907294	1
7907224	1
5560845	1
5850211	1
5849493	1
7657245	1
5560642	1
5849580	1
5849593	1
5849363	1
5849362	1
5849481	1
7657122	1
5849651	1
5849587	1
5849604	1
5559176	1
5796228	1
5561979	1
5849470	1
5560416	1
68637411	1
5849480	1
5849611	1
7732178	1
5849408	1
7732695	1
7906709	1
7732427	1
5561728	1
5794700	1
6349039	1
7732419	1
5795705	1
7656254	1
5849650	1
5850355	1
68558081	1
5849364	1
79630667	1
5849595	1
7656489	1
5559465	1
64882329	1
6797365	1
6354322	1
5793470	1
5795576	1
7732805	1
7734058	1
5796640	1
5560770	1
5849469	1
7907374	1
5561335	1
7733520	1
7907259	1
5849893	1
5849090	1
5796970	1
6348998	1
7907506	1
5849366	1
5796023	1
5560900	1
5849601	1
5795319	1
9212799	1
5849630	1
9211653	1
5849584	1
5849653	1
77125132	1
5849628	1
47902319	1
5849002	1
5849652	1
5848929	1
5849605	1
5795991	1
5849367	1
5849585	1
5849590	1
5849627	1
5849654	1
7733815	1
5849407	1
28764986	1
5849355	1
5848554	1
5849353	1
5849475	1
5796214	1
5849409	1
5849468	1
5847300	1
5849602	1
86021155	1
6899067	1
7732946	1
5559909	1
7907272	1
7733519	1
5558738	1
5849629	1
5849370	1
7906677	1
13154440	1
7907382	1
5794792	1
5558620	1
5849632	1
5849609	1
7656010	1
5849109	1
7734780	1
5849600	1
7657438	1
5850560	1
5849579	1
5795956	1
7734203	1
28792396	1
5849596	1
5849477	1
9149303	1
68582085	1
5796543	1
5849369	1
6796436	1
5849594	1
5849610	1
5793127	1
5849606	1
99726709	1
7907423	1
5795935	1
6897982	1
5849358	1
6900358	1
9236639	1
5561126	1
7906690	1
7733300	1
7732963	1
5849476	1
6353878	1
50433710	1
5402906	1
7778369	1
85466209	1
7638479	1
5403323	1
7573123	1
7969716	1
5402861	1
7728421	1
7170896	1
7778749	1
7170233	1
7637486	1
6700612	1
7638542	1
7727314	1
7990957	1
84556463	1
40456345	1
7727824	1
5398073	1
7990084	1
7636956	1
7636877	1
6698571	1
5398094	1
7636195	1
7172179	1
6701634	1
7778685	1
7167143	1
5398079	1
18909059	1
5191387	1
18252254	1
7729487	1
7171403	1
7990186	1
6699496	1
7637869	1
7639006	1
7636058	1
18955259	1
7172565	1
7637616	1
7169768	1
5401302	1
7969827	1
7638280	1
7635639	1
7969956	1
6701292	1
5402853	1
7572064	1
7970055	1
7171094	1
7639237	1
5190620	1
6375901	1
40394278	1
7990513	1
7639298	1
7970414	1
7168847	1
7728047	1
7171137	1
7727922	1
5191756	1
7637276	1
7778624	1
6699045	1
6696636	1
6701809	1
7970049	1
9084350	1
6701824	1
7172400	1
9053134	1
7639320	1
5401759	1
7727454	1
7638904	1
7572775	1
7990685	1
5398071	1
7637481	1
5401331	1
7778436	1
90406836	1
7171231	1
7571274	1
5398082	1
5194555	1
5401642	1
5399688	1
7172482	1
5399609	1
7970245	1
7970162	1
7728009	1
7572527	1
7777418	1
7728680	1
7727295	1
7172189	1
7728279	1
7572878	1
5402883	1
7729138	1
7322023	1
5875507	1
6534566	1
6532139	1
7660970	1
6142190	1
5628148	1
7930764	1
7956462	1
6058940	1
6533686	1
7322220	1
5627583	1
5876969	1
7965277	1
5280644	1
7725748	1
7660991	1
6530538	1
64620860	1
5706942	1
7660834	1
7930722	1
5879940	1
7956284	1
5875435	1
6140900	1
5626595	1
5708628	1
7940802	1
7660464	1
7965494	1
32307560	1
7940565	1
32241662	1
57702297	1
5627128	1
7931208	1
7661384	1
5707369	1
6530534	1
5876483	1
5628174	1
6140285	1
6535547	1
6534229	1
5282000	1
7941266	1
5625267	1
7928122	1
5627379	1
7930524	1
5878311	1
7927664	1
7928386	1
5879851	1
5875671	1
7919365	1
5878108	1
7931158	1
7320231	1
6535245	1
5875784	1
7940931	1
7921128	1
7921015	1
6530486	1
7964964	1
5875813	1
5707209	1
7931217	1
7726957	1
7928070	1
7956754	1
5626716	1
6531496	1
5285111	1
7660005	1
6141235	1
6535987	1
7919380	1
7931287	1
16051000	1
5284647	1
6142796	1
7931207	1
5877807	1
6061424	1
7956115	1
7956490	1
5628173	1
72433350	1
7322051	1
7964905	1
6058337	1
6143143	1
6141579	1
6143388	1
7956086	1
5878841	1
7965458	1
7931068	1
9136097	1
7725783	1
7965054	1
7661123	1
21237469	1
5627075	1
6141959	1
5879124	1
5285596	1
7726067	1
7930402	1
6535655	1
6141177	1
6056592	1
5280958	1
5879326	1
6534931	1
7965266	1
6060427	1
5627363	1
6060685	1
5877213	1
6535393	1
29729507	1
7927974	1
7320243	1
7919621	1
12254897	1
98679588	1
5878814	1
7956816	1
7940918	1
6532549	1
6531149	1
6139317	1
5538038	1
5130731	1
6045185	1
5543428	1
5730416	1
6470724	1
7221830	1
6684930	1
5614687	1
7221762	1
5121971	1
5543783	1
7220850	1
7221788	1
6680089	1
5133166	1
29353262	1
5542344	1
5329885	1
5542458	1
5729815	1
5330569	1
7222875	1
6044926	1
5540689	1
6680192	1
5542376	1
5329008	1
5329800	1
5130756	1
6471173	1
5329386	1
7221479	1
6473918	1
5537909	1
5330281	1
5538478	1
9157882	1
5133168	1
5331977	1
5538511	1
5540972	1
7223482	1
5331828	1
5133436	1
6044079	1
6239237	1
5544589	1
5131853	1
5615306	1
5327910	1
5542395	1
9158025	1
6680443	1
7223695	1
5133446	1
5328170	1
5133176	1
5540635	1
5538336	1
5133144	1
5543886	1
5329905	1
5543791	1
7223761	1
5133154	1
7222082	1
6684191	1
6044762	1
5543060	1
5617123	1
5542015	1
5731390	1
6472391	1
7223127	1
5731092	1
5133435	1
7221616	1
15177598	1
5329773	1
5543211	1
5539647	1
6471498	1
5731238	1
5616193	1
6239132	1
7224327	1
9157338	1
6469553	1
5133442	1
22449806	1
5540929	1
6044602	1
5330533	1
5543110	1
5131713	1
6044289	1
5618007	1
5541181	1
6240801	1
5538685	1
5330897	1
32982515	1
6681433	1
5539632	1
6471831	1
5732146	1
5617105	1
6044638	1
6682643	1
5540494	1
6239690	1
9014347	1
5543616	1
7220641	1
33014331	1
5328369	1
6043953	1
5331078	1
5331939	1
5541637	1
5130668	1
6044987	1
6239870	1
7220867	1
7223274	1
5133507	1
5541672	1
33446163	1
6239962	1
6867855	1
5738152	1
7787147	1
7197057	1
99845208	1
55221921	1
7786828	1
7949070	1
5738638	1
7832238	1
7832634	1
7829880	1
9139008	1
7647938	1
7647827	1
6864672	1
6065917	1
7786199	1
7185269	1
7948608	1
7183216	1
99900381	1
9138384	1
6065343	1
7195906	1
6864552	1
91123834	1
7199783	1
7647994	1
7648403	1
7182959	1
6062001	1
6859991	1
7832258	1
7184611	1
43068265	1
7196873	1
6062576	1
6066380	1
7198978	1
7198315	1
6062276	1
7185712	1
7647736	1
5739863	1
7831010	1
7833139	1
7196855	1
7200276	1
7198796	1
7832600	1
5738452	1
7646938	1
5739912	1
69059681	1
7831498	1
9138921	1
69059188	1
7201197	1
7198864	1
6865122	1
7787089	1
26103136	1
7196258	1
7832044	1
7647010	1
68018898	1
7832930	1
7188073	1
7647057	1
7647485	1
9138808	1
5740488	1
7185327	1
7184530	1
6859998	1
7648219	1
7887130	1
5908954	1
5874915	1
23777091	1
9095540	1
5875401	1
7886798	1
6751522	1
5871613	1
5873619	1
6618189	1
92165777	1
7862681	1
7090321	1
5872272	1
7631719	1
5913153	1
5905145	1
5493032	1
5486501	1
5909554	1
5903526	1
7631574	1
7957953	1
6752715	1
5486958	1
7085138	1
7887285	1
7633984	1
7864685	1
6617047	1
5873216	1
7904165	1
6971923	1
90377204	1
7986402	1
5910068	1
5913163	1
5907592	1
7986292	1
5492124	1
7958074	1
7725270	1
5489976	1
6617984	1
7904756	1
6752451	1
5871670	1
7886397	1
6618772	1
21870224	1
7986907	1
6616740	1
7863305	1
5487754	1
6754960	1
13020592	1
6973148	1
5904131	1
6751252	1
5875327	1
6617763	1
6750493	1
6913362	1
7725351	1
7904733	1
90361355	1
7987024	1
5269740	1
7886810	1
7633218	1
7886648	1
7863263	1
5491950	1
5908583	1
7087111	1
5488105	1
7090179	1
7079479	1
6750305	1
6615356	1
5509422	1
24760326	1
6974976	1
5906634	1
7886712	1
5509428	1
5871122	1
5913132	1
7886534	1
7884136	1
5911286	1
74081511	1
5491645	1
7089286	1
5907099	1
5872550	1
7725263	1
7090161	1
6618714	1
5910493	1
5873007	1
6618526	1
7632557	1
7886729	1
6751391	1
7725358	1
7883731	1
7090251	1
7634620	1
5872148	1
5908323	1
7862364	1
7633179	1
5905322	1
7075905	1
5904623	1
5875324	1
7091623	1
6973357	1
7077418	1
7631975	1
7887200	1
7089761	1
7862276	1
7987084	1
7884978	1
5487343	1
7634321	1
7885180	1
7904177	1
5487640	1
7863480	1
6969754	1
7632562	1
7631543	1
5492077	1
6922416	1
7864498	1
7904047	1
5871291	1
7904293	1
6913480	1
7634274	1
5873529	1
5912018	1
6749773	1
5908338	1
7634240	1
6972333	1
7090306	1
6753478	1
5903717	1
5509451	1
7634607	1
5874696	1
6919494	1
6754341	1
7076605	1
6750505	1
7725429	1
6973372	1
6969824	1
6614693	1
7884470	1
7986371	1
7958532	1
6969605	1
5904958	1
7957996	1
5872824	1
7091813	1
7091370	1
6047445	1
5213699	1
5213538	1
7117159	1
9313632	1
7876669	1
5213616	1
5209256	1
5213539	1
7119471	1
5214439	1
5213644	1
6046873	1
5214337	1
7363323	1
5211829	1
7875785	1
7943299	1
7979497	1
5214448	1
5213653	1
5213533	1
7875448	1
7364985	1
7118293	1
7874793	1
7117482	1
5213708	1
6138230	1
5214356	1
6046497	1
7092431	1
5205125	1
7117833	1
7877592	1
7874601	1
5213508	1
9314199	1
83457121	1
5213153	1
6136096	1
5214303	1
5214209	1
7119091	1
6046453	1
5214440	1
7978979	1
5213179	1
5213745	1
5211140	1
5213527	1
5214312	1
7978577	1
63206924	1
5213673	1
7876128	1
5214335	1
6047297	1
73430067	1
5213672	1
7118070	1
5214419	1
32171458	1
7943156	1
5213550	1
5209260	1
5214324	1
7119830	1
5214307	1
5214421	1
5211788	1
6046808	1
6047757	1
6134763	1
5213107	1
6136259	1
7979238	1
5213819	1
5214430	1
6134636	1
5213654	1
5195098	1
7978643	1
7943021	1
5213329	1
7363278	1
5209257	1
5214442	1
5211703	1
5213544	1
5213632	1
5213655	1
73837228	1
6046208	1
6137077	1
7943311	1
7942869	1
5214311	1
6136422	1
5209255	1
6136917	1
6046379	1
5214331	1
5213548	1
5214340	1
6135579	1
6047267	1
5214443	1
5214304	1
6137454	1
7979140	1
6046083	1
6046449	1
5209259	1
6134758	1
78311291	1
5213640	1
6138376	1
7943295	1
5213522	1
7942444	1
7117315	1
5214436	1
6138171	1
7092453	1
6047584	1
5214429	1
5213695	1
6046874	1
6136830	1
5213713	1
7881046	1
7012202	1
6464944	1
6977948	1
6077329	1
9336568	1
5482377	1
6169878	1
78714997	1
7013227	1
7881879	1
7250337	1
7967272	1
7250827	1
7250686	1
6432231	1
6170250	1
7881349	1
7880731	1
6081945	1
6433297	1
6079878	1
6081039	1
6170709	1
7012593	1
7250018	1
5482924	1
5480122	1
7253484	1
54818100	1
6080223	1
7880316	1
7251403	1
7253125	1
7883014	1
7967260	1
6466713	1
6432632	1
6170690	1
7882820	1
6434203	1
6076897	1
6170662	1
7253862	1
5483930	1
6432972	1
7250963	1
7251740	1
87974759	1
6169401	1
7251586	1
7967457	1
6466015	1
7252183	1
6077058	1
5482836	1
7252037	1
6432518	1
78734491	1
7253992	1
6171553	1
6977839	1
6078245	1
6434237	1
6432464	1
9334315	1
6465956	1
7250312	1
5480373	1
6077308	1
6433168	1
5485678	1
7878633	1
6169727	1
6076814	1
6171905	1
78718925	1
7253296	1
7009992	1
6077665	1
7010602	1
6170710	1
9262646	1
7250551	1
7012700	1
6432721	1
6977226	1
6468611	1
7250458	1
5485877	1
6077561	1
6433319	1
7882889	1
6171526	1
6431182	1
6076703	1
7250116	1
7883072	1
5480038	1
7253345	1
7012143	1
6432854	1
6169226	1
6432538	1
5479861	1
7250311	1
7881050	1
5951195	1
7967681	1
6432111	1
7250175	1
7012392	1
7967156	1
6975640	1
6078540	1
7253671	1
53646667	1
6168998	1
7251085	1
6077558	1
7249875	1
7011554	1
6431470	1
7012113	1
7967613	1
6169600	1
6432658	1
6467053	1
6469101	1
7880952	1
5767519	1
6988973	1
7968478	1
7967959	1
7435256	1
5156232	1
6805955	1
7261129	1
7437012	1
7278055	1
7259239	1
7261224	1
5161625	1
7259644	1
5154752	1
7731715	1
7441033	1
7261840	1
7258748	1
5767964	1
5769735	1
6806089	1
5156197	1
7259256	1
7281794	1
6986895	1
7259507	1
5161500	1
7261484	1
6805397	1
6801468	1
7442135	1
5158558	1
5767396	1
7730344	1
45868414	1
7276471	1
5161508	1
6803212	1
7960083	1
7258783	1
5769762	1
5767896	1
6990400	1
63490691	1
7280660	1
7278641	1
5768007	1
7279546	1
6989741	1
6987320	1
5767709	1
7279826	1
5161487	1
7259972	1
5156055	1
7276788	1
7263278	1
7731474	1
5766626	1
5765437	1
5161596	1
5161498	1
5768846	1
7729797	1
5766077	1
6987657	1
7279958	1
7260291	1
7730313	1
7278763	1
35004861	1
7729886	1
6988959	1
5161794	1
7968251	1
7260477	1
7259310	1
7960102	1
66346015	1
5158559	1
6806601	1
7730181	1
6804232	1
12295659	1
7729792	1
7437858	1
7281659	1
31436568	1
7281404	1
6802035	1
7968059	1
7730914	1
7959722	1
7262340	1
7258907	1
6801190	1
7278198	1
7261722	1
6802529	1
7261117	1
7967940	1
5161548	1
6990025	1
7441868	1
7278275	1
7263332	1
5766514	1
7436501	1
12295416	1
5765983	1
5769137	1
7282715	1
7968105	1
7959861	1
7288547	1
7984155	1
7748605	1
6967534	1
7229990	1
5760478	1
6487888	1
7748901	1
7942231	1
7961448	1
6492077	1
5764175	1
5764628	1
7655315	1
7358342	1
7962073	1
5763677	1
77771269	1
7744290	1
7285969	1
7285020	1
7744757	1
7233111	1
7742383	1
6489954	1
7356589	1
6968587	1
6492650	1
5756841	1
7232486	1
6490296	1
5757608	1
5763744	1
7942089	1
7983370	1
7652663	1
9134606	1
6968262	1
5765148	1
6491321	1
6923117	1
7356788	1
6965479	1
7744029	1
7942042	1
7742134	1
7655187	1
6965504	1
5755962	1
6967721	1
7232992	1
6924360	1
7356988	1
7744819	1
7231908	1
7748567	1
77817845	1
5755575	1
5755670	1
6969383	1
58784763	1
7983640	1
5763901	1
7285870	1
7283269	1
7229759	1
7748869	1
7744600	1
7963127	1
7233638	1
7961348	1
7230790	1
6932924	1
7229612	1
7961987	1
5759961	1
6929730	1
7743412	1
7286341	1
7653686	1
6928993	1
6966901	1
7742795	1
7983688	1
7231126	1
6488360	1
5755676	1
6489020	1
6493362	1
6491038	1
7749177	1
7941911	1
7741647	1
7232092	1
5765183	1
7963062	1
7283976	1
7749475	1
5757654	1
7289254	1
7744796	1
9223980	1
7942279	1
7233625	1
7983383	1
7750141	1
7234464	1
77772709	1
7357832	1
9251330	1
5764390	1
7983362	1
5756005	1
7984013	1
6924925	1
7941531	1
7229351	1
5762607	1
7358069	1
6933782	1
7744274	1
7230296	1
7741873	1
5764711	1
5762709	1
7230903	1
36576894	1
5469416	1
7687109	1
7678063	1
5241126	1
7181781	1
7627956	1
9011745	1
7179988	1
7688310	1
5243161	1
40253440	1
5469210	1
5471548	1
5470450	1
5470631	1
5471186	1
7937442	1
5241287	1
7688525	1
7981120	1
6793728	1
7628122	1
5471857	1
17119620	1
5471763	1
7177503	1
7178063	1
6790405	1
7678144	1
7937402	1
5241217	1
7937577	1
7179780	1
5470653	1
5470403	1
5355035	1
5471766	1
5471291	1
5472478	1
5357766	1
23508223	1
6048050	1
6048589	1
7686507	1
7981140	1
9012043	1
5470564	1
14029666	1
7627522	1
7181163	1
5471085	1
7628069	1
5243694	1
6049348	1
5470582	1
7179675	1
6792503	1
7627567	1
7626099	1
7678610	1
9023714	1
6048111	1
5471668	1
7687115	1
7937486	1
7688030	1
5238294	1
7627363	1
9131546	1
6794556	1
7678580	1
7627039	1
5243086	1
5355023	1
7180503	1
7677668	1
5469218	1
7628235	1
6049882	1
5470483	1
7981265	1
7677922	1
7626892	1
7937732	1
7626159	1
6048487	1
6048596	1
65260388	1
7178945	1
5472491	1
7809706	1
5240496	1
7627117	1
6793093	1
7808850	1
5469292	1
7179240	1
7678781	1
7626789	1
7177777	1
6049655	1
7180227	1
7688189	1
6049786	1
5243168	1
6794730	1
7809205	1
7981419	1
7938014	1
6049923	1
9012160	1
7626927	1
7678555	1
5240984	1
7678594	1
6791956	1
7688944	1
7937307	1
7180765	1
7178838	1
17183202	1
85603345	1
7509288	1
6361202	1
7674140	1
6873030	1
5792922	1
9151017	1
6363665	1
6364927	1
5966700	1
5965980	1
5773952	1
6762430	1
5427653	1
9147673	1
31332635	1
7705954	1
7670693	1
7706642	1
60439934	1
7705322	1
37141008	1
7706971	1
7673760	1
5772109	1
15544929	1
5818205	1
5965302	1
6364505	1
5962935	1
7705426	1
7706115	1
31353474	1
6940811	1
6366991	1
6756931	1
5825076	1
7706102	1
6363766	1
7507312	1
6763670	1
9117776	1
6363172	1
6873410	1
6760691	1
7670814	1
7672968	1
6874379	1
7706348	1
6756540	1
6874559	1
6765066	1
7706507	1
7704361	1
7707500	1
43780550	1
7511409	1
57618578	1
5790376	1
6362704	1
6761006	1
47370362	1
6874713	1
5773134	1
6367070	1
7706573	1
7673107	1
5963926	1
6758907	1
7706194	1
5826716	1
6364064	1
5821647	1
7706034	1
7707054	1
7508855	1
7705414	1
7672829	1
6364612	1
5792034	1
7511032	1
50780663	1
5961128	1
5774119	1
6758498	1
6874200	1
6940475	1
7706240	1
7671526	1
6362732	1
6359066	1
9151930	1
7705852	1
60452825	1
7704384	1
5791821	1
7706601	1
6361981	1
6366297	1
7705712	1
7673610	1
7671627	1
7706173	1
7954303	1
5610687	1
7950232	1
7050591	1
7052835	1
5613255	1
6148018	1
5854234	1
7950578	1
6726300	1
5854183	1
6184120	1
7052146	1
43720255	1
6144108	1
7950503	1
6725109	1
6144580	1
7950235	1
7500475	1
7049078	1
6720911	1
6043632	1
30569419	1
5850936	1
6146420	1
5853165	1
6720847	1
6951518	1
5851003	1
5851639	1
5613342	1
7048296	1
6144405	1
6144918	1
99624486	1
7500853	1
5853326	1
7500345	1
6144491	1
9102728	1
5808779	1
5610139	1
6723689	1
5851852	1
5613872	1
79529051	1
7052693	1
7954237	1
7950482	1
7954016	1
5809252	1
6953481	1
5613271	1
6183688	1
7041490	1
23413457	1
6146394	1
7953625	1
6145981	1
7954069	1
6144469	1
7500472	1
5613997	1
5852906	1
5852550	1
5614016	1
6187954	1
6144156	1
5853868	1
5610849	1
7044586	1
37643777	1
7042295	1
6186624	1
6953061	1
6184178	1
5611382	1
6727186	1
54138467	1
5613264	1
7504617	1
5852654	1
6187914	1
6657961	1
7041336	1
6722496	1
6726685	1
5712869	1
6720452	1
7954280	1
7043115	1
7048347	1
6145916	1
7954034	1
6185838	1
5850717	1
5853137	1
6148043	1
6145354	1
6657849	1
7043318	1
21568704	1
6721003	1
7953996	1
7381446	1
5552638	1
5650731	1
5244172	1
5243904	1
5109254	1
9008932	1
5108350	1
5108946	1
5243868	1
5650399	1
5662116	1
6643140	1
5243902	1
7892307	1
5108686	1
5663955	1
5664272	1
5735475	1
5245398	1
5106891	1
6645662	1
5243926	1
5552733	1
5107558	1
29317829	1
5243885	1
5663954	1
5245955	1
5734828	1
5108353	1
5108039	1
5648798	1
88445426	1
5243933	1
5649488	1
39927982	1
5243879	1
5243886	1
5648869	1
5648460	1
9056266	1
7892681	1
88881589	1
5108002	1
5663679	1
5554667	1
5649788	1
5737076	1
6645833	1
5734030	1
5650213	1
23211111	1
5554341	1
5662694	1
5245233	1
5663522	1
5735909	1
5109028	1
5243962	1
5662652	1
5243882	1
5243881	1
5552214	1
5107547	1
86889587	1
5553805	1
5649113	1
5244293	1
6642871	1
5106098	1
49261119	1
5243880	1
9143881	1
5553707	1
5663773	1
28988190	1
5650490	1
5246053	1
5737220	1
5109719	1
7892450	1
5243895	1
5736748	1
5109011	1
5243896	1
5245335	1
5649322	1
5554176	1
34331444	1
5243937	1
9009365	1
9143616	1
5106453	1
6643768	1
5650102	1
5245572	1
5649798	1
5245208	1
5662296	1
5662036	1
5243894	1
5245269	1
5648394	1
7892742	1
5552609	1
5245946	1
5108352	1
14286488	1
7379567	1
39955298	1
5243887	1
11759985	1
92518530	1
7844425	1
7985663	1
5228399	1
5227772	1
6516081	1
6110073	1
6518066	1
6112771	1
52349297	1
5228995	1
5227876	1
7844968	1
5231347	1
5678080	1
6878216	1
6878021	1
18351353	1
5229544	1
7844323	1
7844996	1
6879933	1
7844301	1
5675344	1
5229007	1
5231352	1
6110297	1
7844351	1
26407064	1
6110082	1
7844279	1
6518413	1
74811800	1
6514677	1
6514100	1
5676950	1
7844603	1
6114969	1
6113256	1
5230164	1
6110408	1
68191068	1
6111205	1
67070275	1
5678774	1
7844523	1
6640383	1
7844453	1
6513706	1
7926153	1
7844407	1
6513833	1
5677625	1
5231316	1
5228435	1
6641309	1
6112044	1
6516329	1
7985601	1
7844883	1
28701363	1
5675245	1
7926207	1
6516763	1
6876924	1
6514889	1
5676734	1
6641327	1
5231353	1
5677025	1
5231346	1
5675007	1
98839198	1
5229013	1
33309306	1
7844675	1
6110595	1
5228398	1
7844873	1
7844781	1
6516856	1
7844682	1
6639686	1
5227770	1
6513926	1
5231351	1
5675612	1
6640045	1
6639996	1
5230078	1
7926232	1
6111673	1
6516554	1
5230186	1
41507070	1
5677043	1
9074299	1
5677980	1
5678325	1
6110029	1
6876958	1
5230009	1
5228378	1
7925740	1
6672318	1
42844864	1
7478791	1
5476229	1
9131712	1
7113700	1
5970376	1
5478444	1
7478415	1
5969338	1
6107445	1
6108082	1
7479659	1
5476677	1
5476418	1
9107573	1
6106404	1
5970245	1
5478328	1
7478272	1
6106593	1
5477384	1
7112324	1
5478043	1
6106073	1
45570933	1
9107600	1
6109036	1
7519367	1
7391958	1
5477690	1
45565558	1
5974222	1
7479599	1
6105754	1
5476630	1
6673001	1
7480953	1
7818137	1
7329457	1
6107181	1
7113692	1
7479077	1
6109101	1
7475255	1
7112150	1
9066511	1
5477079	1
5479215	1
6109651	1
7475016	1
7520498	1
7389295	1
7390196	1
5479325	1
6109679	1
7783270	1
45566631	1
6107971	1
5968570	1
5968867	1
6108853	1
7527824	1
25665616	1
6109397	1
7113529	1
6672698	1
5477708	1
6106915	1
6107838	1
7783359	1
5971973	1
58164160	1
58182033	1
6106158	1
6106498	1
7783029	1
6108152	1
5968245	1
7782408	1
5479205	1
7479973	1
5478905	1
5970441	1
5969666	1
7782830	1
5968642	1
7112180	1
6674236	1
5476691	1
6106853	1
7249187	1
6622769	1
6242736	1
6622488	1
5749469	1
6401741	1
7936531	1
6400731	1
7248266	1
7975819	1
5749096	1
6992733	1
7247470	1
5746771	1
6990912	1
7248938	1
6991653	1
6402387	1
49807211	1
6622828	1
6244447	1
6621764	1
7247850	1
7247820	1
6248647	1
6622882	1
7976178	1
6241051	1
6620025	1
7936687	1
7249649	1
6620863	1
6247441	1
5746730	1
6995424	1
72149950	1
7976285	1
13611507	1
6627017	1
7975772	1
5747155	1
49792382	1
7246741	1
7936895	1
94671025	1
7976451	1
30262258	1
6402380	1
7248924	1
6619998	1
6630124	1
13410685	1
5749147	1
7248771	1
6623287	1
6993624	1
6992860	1
6241353	1
6628161	1
7975924	1
6991671	1
7249382	1
6243133	1
6992131	1
7246619	1
6629296	1
7247742	1
7936712	1
7248737	1
7248347	1
30232992	1
54926951	1
5749418	1
6241340	1
7246893	1
7246905	1
6992801	1
75141670	1
6995007	1
6991103	1
5747473	1
5749419	1
6400809	1
6398621	1
7246794	1
7246637	1
7246752	1
6399662	1
6994240	1
5749660	1
6399425	1
7247709	1
43079584	1
7246700	1
7248450	1
6815042	1
6815269	1
7921800	1
7922194	1
7922257	1
5800598	1
5800400	1
7922353	1
7916188	1
7921542	1
26360879	1
7922126	1
5801152	1
7922158	1
62046669	1
27689559	1
7851429	1
7921663	1
7581396	1
7921713	1
7921672	1
7921276	1
7922239	1
25702685	1
5802287	1
5798665	1
7921670	1
7922261	1
7921843	1
7922015	1
7921678	1
6818458	1
7850940	1
9346072	1
7922205	1
7581301	1
7922376	1
6818543	1
6819776	1
7922301	1
86818576	1
6817972	1
7921972	1
7921906	1
7580596	1
7921779	1
7922244	1
7921664	1
7921848	1
7851401	1
9129595	1
7921815	1
7850278	1
6819119	1
7922114	1
7921820	1
7619865	1
7921452	1
7922116	1
7581659	1
7850175	1
76032579	1
7922199	1
7921543	1
5802267	1
7618952	1
9106459	1
7921897	1
7916338	1
7922035	1
7579083	1
7922333	1
7916253	1
7849624	1
7922102	1
5801983	1
9346062	1
7921732	1
5799842	1
7921789	1
9141946	1
7921230	1
7921599	1
7922134	1
7922104	1
7921721	1
7921893	1
7922172	1
9346021	1
6996312	1
5800790	1
9130565	1
12770874	1
7618424	1
7921561	1
7921738	1
7922229	1
6814412	1
7851130	1
7921959	1
83236687	1
7921707	1
5799405	1
7922255	1
7921926	1
7921609	1
5800020	1
7922000	1
7922033	1
7921593	1
12814046	1
7922254	1
7000624	1
7921685	1
58236648	1
9346111	1
6999801	1
7582132	1
7618936	1
7921605	1
7921821	1
9129907	1
9346070	1
5801744	1
7850263	1
7922242	1
7921616	1
7921574	1
7916131	1
7922144	1
5799259	1
7922269	1
7921964	1
7922143	1
7922041	1
7921596	1
6996455	1
7916145	1
7921659	1
7921811	1
7916322	1
9129639	1
7922212	1
89126568	1
7922268	1
7849614	1
7922038	1
7921825	1
5801280	1
7916134	1
62094665	1
5801741	1
7922334	1
7922129	1
7579155	1
7921553	1
7921944	1
7922169	1
7580125	1
7922159	1
7617161	1
7921974	1
5802065	1
7615728	1
7921625	1
7921814	1
7619650	1
6130190	1
7896365	1
7030063	1
6395140	1
7893873	1
7893830	1
6570175	1
6394374	1
7871847	1
6125001	1
6125920	1
6394467	1
7670078	1
7039235	1
5351357	1
5536417	1
7666854	1
7034485	1
7036883	1
5536895	1
7873331	1
5537393	1
6128909	1
7872553	1
6127371	1
7029895	1
7667496	1
7871681	1
5537611	1
6127513	1
6127591	1
7871953	1
7668955	1
7036983	1
5535274	1
6125510	1
5535055	1
7897093	1
7871436	1
7666653	1
37514801	1
7871396	1
7871965	1
6396046	1
6128851	1
5535474	1
7898153	1
7667354	1
6565360	1
9141002	1
5349604	1
5348951	1
6565881	1
7897884	1
6129846	1
7872220	1
6396768	1
7457729	1
7894222	1
6396149	1
7329873	1
7034852	1
7896050	1
9029053	1
6394233	1
31764292	1
5350284	1
6396678	1
7456265	1
7028743	1
7897061	1
7873036	1
5536958	1
7874008	1
6566704	1
7669558	1
7894522	1
5536751	1
5536333	1
6126537	1
6397997	1
7337171	1
7873598	1
6126997	1
6395745	1
6565743	1
6397214	1
6127756	1
7028514	1
6394381	1
6395110	1
9028412	1
7036512	1
48574434	1
6564178	1
7337140	1
5536158	1
5534660	1
7039424	1
7670137	1
7896193	1
7895210	1
87244407	1
7453348	1
86637084	1
7462997	1
7964534	1
6397788	1
7871280	1
44654847	1
7330420	1
7871895	1
7031265	1
7667681	1
6394898	1
6125271	1
6127404	1
7897200	1
6564927	1
6128825	1
7668864	1
7458770	1
5537297	1
6395476	1
7667657	1
7459091	1
6394434	1
6542756	1
6548347	1
5301599	1
7834500	1
5301430	1
7528502	1
6692217	1
6691163	1
7935995	1
9154702	1
7834752	1
7836673	1
7935455	1
7528844	1
7532385	1
7834557	1
7835615	1
5104845	1
7756262	1
7977628	1
5977541	1
7753380	1
5981269	1
5139153	1
6541803	1
6691596	1
5105374	1
5105056	1
6050682	1
6052940	1
6787968	1
6054515	1
6787682	1
7753483	1
6051200	1
7835297	1
6545566	1
5302648	1
5977432	1
7935876	1
5135733	1
5302476	1
7835776	1
5136794	1
6693619	1
17780300	1
7936210	1
5303602	1
5302364	1
5301213	1
5976182	1
6538949	1
5103522	1
7944316	1
6052078	1
6549135	1
6693277	1
5285841	1
69429561	1
69740527	1
5301906	1
7531003	1
7977915	1
5102161	1
5302613	1
6050830	1
5138855	1
65697576	1
6537859	1
7836181	1
9154714	1
5982357	1
5303520	1
9144935	1
7978275	1
5301358	1
7936216	1
7936108	1
6051695	1
5983384	1
5977330	1
7754783	1
6783946	1
5139169	1
6051886	1
6537953	1
6693944	1
5102511	1
6544919	1
5977181	1
5983457	1
6696099	1
7935894	1
5302010	1
7835994	1
5136840	1
5301451	1
5286568	1
6694105	1
7754606	1
6545217	1
5102512	1
5301325	1
5976432	1
9154959	1
7978139	1
5302149	1
5103411	1
6788247	1
65758889	1
93403255	1
6787325	1
5103520	1
5983450	1
5105070	1
6784814	1
6693465	1
6539088	1
5138854	1
6540112	1
6546498	1
9155008	1
35075537	1
5978203	1
6543506	1
7978035	1
5303931	1
6536876	1
5982608	1
5302622	1
7935533	1
17782305	1
6054631	1
7935958	1
6694104	1
5980475	1
5983670	1
6054399	1
7977688	1
5301678	1
7771713	1
6510179	1
7747931	1
6259509	1
97689843	1
9082907	1
7825972	1
7746765	1
9077931	1
7747675	1
6511333	1
6253641	1
6425887	1
6327320	1
7989974	1
6328703	1
7681683	1
36680220	1
6509092	1
5464828	1
7746758	1
7747311	1
6510936	1
7682969	1
7909559	1
7989732	1
7909540	1
7989629	1
5460625	1
6254155	1
7909557	1
5462636	1
7909629	1
7824069	1
6424437	1
7747960	1
9068637	1
7770670	1
7771954	1
7824246	1
7918453	1
7989619	1
7909558	1
6252497	1
7918466	1
7772215	1
7909536	1
83541289	1
83559742	1
6509871	1
5788098	1
6380399	1
7772919	1
7682511	1
7680963	1
7682244	1
7989278	1
7681793	1
6423797	1
6255158	1
5457436	1
7909630	1
7770919	1
6510757	1
7773191	1
6422556	1
7989765	1
7746773	1
7682371	1
9082218	1
6382175	1
5458495	1
6254047	1
6512473	1
6252874	1
6507119	1
57236330	1
7910169	1
7682517	1
6251259	1
9012338	1
6512538	1
7746855	1
7682482	1
5459697	1
6426133	1
6427433	1
9012451	1
5460505	1
7773226	1
6510842	1
7823042	1
9082859	1
6510692	1
7918507	1
9012240	1
7682456	1
6507554	1
7939250	1
5456391	1
6507967	1
6423703	1
5788484	1
6423072	1
7910282	1
5464398	1
6423363	1
6253831	1
7910172	1
6586427	1
7013495	1
7133229	1
5556863	1
6947393	1
6707286	1
5557731	1
82428122	1
5660608	1
5555963	1
5658555	1
7132511	1
7016121	1
6439200	1
7929988	1
6438927	1
6586551	1
6586750	1
6946529	1
6587659	1
7132954	1
7929845	1
9020479	1
6588039	1
6946572	1
5556889	1
6949505	1
5556603	1
99796021	1
5556621	1
9020657	1
7515153	1
7130662	1
5660222	1
5659849	1
5558428	1
86130352	1
7015101	1
9096867	1
5659632	1
7516593	1
98865375	1
5558334	1
6441629	1
7930069	1
7929799	1
7518047	1
7929788	1
7132907	1
7014891	1
6948258	1
7072877	1
6587846	1
7843540	1
5555166	1
7513056	1
5659845	1
5557820	1
5555688	1
7130414	1
7016810	1
5658359	1
9096738	1
7130810	1
7929767	1
6588108	1
7016844	1
20137355	1
7016540	1
6438502	1
5660281	1
35694968	1
6589888	1
6440982	1
7016445	1
6441384	1
5660542	1
7929481	1
6705726	1
7056749	1
6703228	1
5660949	1
6589340	1
7067091	1
6439221	1
6587914	1
6439540	1
5556164	1
99818901	1
5658415	1
9329478	1
6947164	1
5659083	1
7516946	1
7015953	1
6703457	1
7514877	1
5557159	1
7132547	1
5660578	1
6586465	1
7016572	1
7130453	1
7131606	1
7013740	1
6948220	1
9118512	1
9320137	1
9320598	1
5658001	1
6440794	1
5556526	1
5658588	1
5557590	1
5555380	1
7016493	1
7058851	1
6706708	1
6442272	1
7015914	1
5566400	1
7266767	1
5249035	1
5567031	1
5567430	1
5633314	1
67770590	1
7263868	1
6559388	1
5566195	1
5635261	1
5248510	1
5567503	1
6561708	1
5634829	1
5586508	1
5633786	1
5582896	1
6557435	1
5249341	1
7265945	1
5888098	1
7265295	1
7264272	1
5587133	1
5584522	1
7268401	1
6558757	1
7785076	1
5566748	1
81866250	1
5636028	1
6562464	1
5248661	1
5581973	1
5582678	1
6557092	1
5633167	1
7268734	1
5584234	1
5248768	1
6563407	1
5585253	1
5632890	1
9092492	1
7265620	1
5247561	1
5635020	1
9204474	1
6563617	1
5586671	1
5583770	1
5581918	1
5586672	1
5887630	1
5586719	1
5582084	1
5247641	1
5586243	1
7997591	1
7268964	1
7264841	1
5582948	1
5247638	1
6558022	1
7265866	1
6558777	1
5584526	1
5586266	1
5586485	1
5885365	1
5247992	1
5636193	1
6560686	1
7265532	1
5634126	1
7785694	1
5585988	1
5583161	1
6561387	1
5585501	1
5248010	1
5581873	1
5885334	1
7265246	1
7267881	1
5635344	1
7264854	1
5583277	1
6560597	1
5584802	1
6558292	1
5582805	1
5636172	1
5249084	1
6559130	1
7266426	1
5585619	1
5634306	1
7785409	1
5566373	1
5584416	1
5563896	1
7763705	1
7940050	1
7360472	1
5562481	1
5528854	1
7154972	1
26579036	1
7929302	1
7764068	1
5527885	1
7939628	1
7906652	1
7153208	1
7760745	1
6876785	1
7362707	1
5529225	1
7413418	1
7152724	1
7413878	1
7153316	1
7157358	1
5563807	1
7158721	1
7906373	1
7361108	1
5527686	1
7158582	1
6875854	1
7152315	1
7940180	1
5562662	1
54248218	1
5527569	1
12862890	1
7415453	1
7152898	1
7763223	1
7361180	1
7962390	1
5565130	1
5527580	1
5563660	1
7152569	1
7156270	1
18534881	1
7204714	1
7154161	1
5529585	1
9009839	1
7763213	1
7940236	1
7207757	1
7158272	1
7906389	1
5528964	1
7204661	1
5564042	1
54343825	1
7940035	1
7359753	1
6576595	1
6874849	1
5562584	1
6576198	1
7362249	1
5530532	1
7762271	1
7906362	1
7762355	1
5563441	1
6876373	1
5564549	1
7962686	1
7906463	1
5528858	1
7208675	1
7208915	1
7940105	1
7206642	1
7939990	1
7150905	1
7962757	1
6576510	1
7929018	1
7154829	1
7906359	1
7206994	1
7761156	1
7761285	1
7762203	1
6875932	1
7154393	1
7204471	1
7416743	1
7762903	1
7764489	1
5149970	1
6130628	1
9265035	1
5151606	1
6584408	1
6194612	1
6584288	1
9058139	1
6584566	1
5151615	1
7767765	1
6193343	1
6194629	1
6131280	1
7768097	1
6583762	1
7935256	1
6584170	1
5150159	1
7769248	1
6132037	1
7935261	1
6192905	1
6586076	1
6585577	1
68911352	1
7934964	1
6585518	1
6584939	1
5327235	1
9133650	1
7768135	1
6130991	1
6584491	1
9057212	1
66624040	1
6191952	1
7768817	1
6132121	1
7934591	1
9133508	1
9132934	1
20339676	1
7934758	1
9265664	1
7767527	1
30982533	1
6584466	1
5327314	1
6584446	1
6585052	1
6131152	1
6189292	1
6585907	1
5326712	1
6584726	1
5326658	1
6131734	1
6131041	1
6583949	1
6193413	1
7934378	1
5150158	1
6191686	1
5148705	1
6130576	1
30973588	1
6585749	1
5152348	1
5327338	1
9133072	1
6131354	1
7993938	1
5306018	1
5307640	1
7717042	1
7718712	1
7745117	1
7977310	1
7721965	1
5550625	1
7715241	1
5652078	1
7716943	1
7745114	1
5468653	1
5307092	1
5550087	1
7744957	1
7976816	1
7720104	1
5378741	1
7446774	1
5651311	1
5531663	1
7443296	1
7449603	1
7715130	1
5306800	1
7715365	1
7717357	1
7447438	1
5653958	1
7976769	1
5466988	1
7746310	1
7717837	1
7717659	1
6454864	1
7719200	1
5653340	1
7746259	1
5551442	1
5551028	1
5531622	1
5467894	1
7719479	1
5380437	1
5380492	1
7720119	1
7718120	1
5532074	1
7720958	1
5305640	1
7746253	1
5550914	1
5549311	1
5467372	1
7746024	1
5653534	1
7722013	1
5305028	1
5380479	1
7745867	1
5725655	1
5367292	1
5306489	1
5652693	1
5304494	1
7745301	1
5466930	1
5305825	1
7976726	1
5366271	1
5551051	1
5305625	1
5466245	1
7715502	1
5530680	1
5532890	1
5307641	1
5467696	1
7977543	1
5380179	1
5653343	1
5305064	1
7977306	1
7721754	1
6454628	1
5726415	1
5467394	1
5531188	1
7718810	1
7718895	1
5653603	1
7721864	1
5653444	1
5363137	1
5306224	1
7977405	1
7745687	1
7745155	1
7720124	1
7721688	1
7443863	1
9029830	1
5306721	1
39684453	1
7715903	1
5468546	1
5307330	1
5723346	1
5723479	1
7716896	1
7977325	1
7718105	1
6454794	1
5724868	1
5308318	1
9030733	1
5305775	1
5531614	1
7722018	1
7443704	1
5651284	1
6457188	1
7746059	1
7720429	1
7443535	1
6452867	1
7745334	1
5308126	1
5550848	1
7719486	1
7977049	1
7717607	1
5306809	1
5651387	1
5652509	1
5307428	1
7976884	1
5651122	1
7715104	1
6455519	1
5304285	1
5723381	1
7745361	1
5305744	1
7717184	1
7714764	1
5652808	1
5549877	1
5654110	1
7719785	1
5548602	1
5531363	1
5307141	1
5549255	1
7717640	1
