96331863	1
7736079	1
7145035	1
5683058	1
7967042	1
87463162	1
90914061	1
7793222	1
36599385	1
65943366	1
78927369	1
6150009	1
14837416	1
94577859	1
96359172	1
7967136	1
5921596	1
7994233	1
6944852	1
80250202	1
9105211	1
9260282	1
42658335	1
6907782	1
80225370	1
75444206	1
5119810	1
34985250	1
7902479	1
59826146	1
7926714	1
82629147	1
9216296	1
5119811	1
32458974	1
5119796	1
9215586	1
41901242	1
80197194	1
38665479	1
97191146	1
95356010	1
27872082	1
6663893	1
80943594	1
55940193	1
56001081	1
6444354	1
55954754	1
5693512	1
6072097	1
6663095	1
9225626	1
48019508	1
5804111	1
46830872	1
7103619	1
46869531	1
9258214	1
98932336	1
62825738	1
74490146	1
6712729	1
69019054	1
7915085	1
57386822	1
99422424	1
7102254	1
62778299	1
72439124	1
7956652	1
32243145	1
7921139	1
7931263	1
6532542	1
7322121	1
7940362	1
16414814	1
72491032	1
12236637	1
15901870	1
7919637	1
6056560	1
6055982	1
5281477	1
5626234	1
98713551	1
97314700	1
6139319	1
29746089	1
5212816	1
35436618	1
89920317	1
91448406	1
33048133	1
42596704	1
77644691	1
5212565	1
42574524	1
7367413	1
32143843	1
73826438	1
38454068	1
7878045	1
6917197	1
93011756	1
10552601	1
5270245	1
80165782	1
74182138	1
24774983	1
74123163	1
24730560	1
90320766	1
9003428	1
9003473	1
5270182	1
9076202	1
5268837	1
5268099	1
79346791	1
94671210	1
79301746	1
9239831	1
56256918	1
66724467	1
91538668	1
67300778	1
9240110	1
78000940	1
30216383	1
66765620	1
81212360	1
64588799	1
20476449	1
11813999	1
59171771	1
40122516	1
82077535	1
53239796	1
52471974	1
11819555	1
20501599	1
97248935	1
20507197	1
40795366	1
7651137	1
49200058	1
54744806	1
23649040	1
7109536	1
7107990	1
7925331	1
32585181	1
7111069	1
16886683	1
15450043	1
7106084	1
84596008	1
9191901	1
9155464	1
6523675	1
7107867	1
7925595	1
7007264	1
9191836	1
7925121	1
78177201	1
52067012	1
89688818	1
86970643	1
30531003	1
36105612	1
5665791	1
94907001	1
6412251	1
94899866	1
95690435	1
7932663	1
62256954	1
15798863	1
89663025	1
35906325	1
16473864	1
85042308	1
24631911	1
44666827	1
5535405	1
46646692	1
59985978	1
5536643	1
48527265	1
60016508	1
6394186	1
47529153	1
24579440	1
7893975	1
46639647	1
98447761	1
60248695	1
6564852	1
47546011	1
68141072	1
59954977	1
9115921	1
67873526	1
6789233	1
31279766	1
9116618	1
5101997	1
5300047	1
93609968	1
6053728	1
6787931	1
7834109	1
5102030	1
7978273	1
7755124	1
65702622	1
5300039	1
6089543	1
39182731	1
7174645	1
9122294	1
7970741	1
75189295	1
7356169	1
7970490	1
75204604	1
9234797	1
6093491	1
6095949	1
99243809	1
7354309	1
6094640	1
6091734	1
84730816	1
6434914	1
7115606	1
5339915	1
5572446	1
9121896	1
6089688	1
5253946	1
39763727	1
4028415	1
10182370	1
32761728	1
4029839	1
5341675	1
4028929	1
6162487	1
4025509	1
14472043	1
14503318	1
10155501	1
5571830	1
35140124	1
7490938	1
89995515	1
90788895	1
50136640	1
16260766	1
16258097	1
6336644	1
7804051	1
76648487	1
50161670	1
5215423	1
76611092	1
76628017	1
5621920	1
5622915	1
30095381	1
5218677	1
90816145	1
91314833	1
5564163	1
46528501	1
53683434	1
7359805	1
46197246	1
46469307	1
77753723	1
7151479	1
96719891	1
12859502	1
9009717	1
9009967	1
18573112	1
7360822	1
96715541	1
33161607	1
7762983	1
6875067	1
62040923	1
72328204	1
97495961	1
26374681	1
9346719	1
26116838	1
96618834	1
96615079	1
91932568	1
11611028	1
5802097	1
5799512	1
7578538	1
6997148	1
91944370	1
27700470	1
80022885	1
7921288	1
19307190	1
17390769	1
83145794	1
82202175	1
76997673	1
9222006	1
73896066	1
6431054	1
73936646	1
5718806	1
6431120	1
73379904	1
6430400	1
17343061	1
7353977	1
48986562	1
6430934	1
34803188	1
5690319	1
81608113	1
6087723	1
6097615	1
6084442	1
10442278	1
6088363	1
6085868	1
5593091	1
22640536	1
41870438	1
49861789	1
9108989	1
9105130	1
5807227	1
22667953	1
5600978	1
5687344	1
65642536	1
70049476	1
6146055	1
87805705	1
79795147	1
79883397	1
65631950	1
61149200	1
79517924	1
6147035	1
5811462	1
6183760	1
9112547	1
21211558	1
5808774	1
19246590	1
7905309	1
7569126	1
7888630	1
29605609	1
51519027	1
7887501	1
89509263	1
89514211	1
99063816	1
51488098	1
20762890	1
7812470	1
7889344	1
60690002	1
7675783	1
7848677	1
41443293	1
7812749	1
60128970	1
6552961	1
56550843	1
6738316	1
64422807	1
5880755	1
35588671	1
99491958	1
80575874	1
39820731	1
6740437	1
4010128	1
31084322	1
7952583	1
36380989	1
65783685	1
6154565	1
52590853	1
33220338	1
52579133	1
20985863	1
26702885	1
17577905	1
6154319	1
29477193	1
78855681	1
6212274	1
7740553	1
7959351	1
52619277	1
6967771	1
6966914	1
93300730	1
27150804	1
7963786	1
93298753	1
7961767	1
33936388	1
34453450	1
71481368	1
9134147	1
33974486	1
7357596	1
77796199	1
34446476	1
9223442	1
58779772	1
58874056	1
7358292	1
89432086	1
34458476	1
85570846	1
86342530	1
7810215	1
5242664	1
7182155	1
23545022	1
9332426	1
76251377	1
33643870	1
5471924	1
7181107	1
5470502	1
58982017	1
52889616	1
77596579	1
7934706	1
68913318	1
36500736	1
7765057	1
9264795	1
5422054	1
38817621	1
30428198	1
52868067	1
20323126	1
68898872	1
9057205	1
5153904	1
9123426	1
85249171	1
95537477	1
9038785	1
5728129	1
36866126	1
5728664	1
72850569	1
9196473	1
43640485	1
5236222	1
94417522	1
5236221	1
5728144	1
65904001	1
5232666	1
72882152	1
5728023	1
71458843	1
7975133	1
65893537	1
61817311	1
38155634	1
5727802	1
96033829	1
43600798	1
5727979	1
7999056	1
6239429	1
81495123	1
6239884	1
5123014	1
6240809	1
83885143	1
5121903	1
6240132	1
69654718	1
6240545	1
34185653	1
69626544	1
5538705	1
5122042	1
9014353	1
5733605	1
34170943	1
6240574	1
27918856	1
42803742	1
38506117	1
14974300	1
7522889	1
52653541	1
5477652	1
5477686	1
5478476	1
5476482	1
5476581	1
72753039	1
5478999	1
12106362	1
89585989	1
6670587	1
7326058	1
7818068	1
14974921	1
7326305	1
44889494	1
18908927	1
40449963	1
9242659	1
50451279	1
90442396	1
9026098	1
34376277	1
49539321	1
7727294	1
27750704	1
9242650	1
50426929	1
5192837	1
18275693	1
63375359	1
49071952	1
84546331	1
7990575	1
57440565	1
69572963	1
34351323	1
26931967	1
34279446	1
76902382	1
5107879	1
9039514	1
69268518	1
49288336	1
5552569	1
97642984	1
9073432	1
34291383	1
5107804	1
88519427	1
5107790	1
39934907	1
5107788	1
9009409	1
5108441	1
65410208	1
5510891	1
5510890	1
9277643	1
7664171	1
59231116	1
5511450	1
5511451	1
5522241	1
5511518	1
95592582	1
5510043	1
7856948	1
44156447	1
7338494	1
7339093	1
23900588	1
7291003	1
7340463	1
51847740	1
68345857	1
7337262	1
81132416	1
5634450	1
46696157	1
96377481	1
49719374	1
92356237	1
81836825	1
5634432	1
46928902	1
71286111	1
5249381	1
66196369	1
43393489	1
6557259	1
46320032	1
12476035	1
5567006	1
18099095	1
6885926	1
5345917	1
64751217	1
99361532	1
6608828	1
84798769	1
9309345	1
6880881	1
6042056	1
7951104	1
6884968	1
6624248	1
5347942	1
64214677	1
9008656	1
9006491	1
72261533	1
6038790	1
36745295	1
87303919	1
5466783	1
5467994	1
5307728	1
7715546	1
5304945	1
70338165	1
39729854	1
50867017	1
5305824	1
43872507	1
43835992	1
84922143	1
74308756	1
75031910	1
94313699	1
6632989	1
42147381	1
7910918	1
6632598	1
6630449	1
19925504	1
7910600	1
66088583	1
7910898	1
6744566	1
9230619	1
5815998	1
86568457	1
88647965	1
21360823	1
65106435	1
88690079	1
6298653	1
43894960	1
9229843	1
73685867	1
9115266	1
25304146	1
40526414	1
9114901	1
64339066	1
5430871	1
7957820	1
9015901	1
57239571	1
24935160	1
7909720	1
88275281	1
83569263	1
6423856	1
6422800	1
85359164	1
6511819	1
9033527	1
6255566	1
47678186	1
73263770	1
14399459	1
47642787	1
49110482	1
26252240	1
5219313	1
6164484	1
41039781	1
16746229	1
5278760	1
81722666	1
81735647	1
6667594	1
5277200	1
33739632	1
7750764	1
73246236	1
37904424	1
51317372	1
5473793	1
67320577	1
17537399	1
6729521	1
5473863	1
45170079	1
5474050	1
5473220	1
9018909	1
13923623	1
48882222	1
5475601	1
64701031	1
5858775	1
9199790	1
5475143	1
7014502	1
6442695	1
9118568	1
99803468	1
7014191	1
9118544	1
35711480	1
7016458	1
58748191	1
4036366	1
7014039	1
9119117	1
6946829	1
31025722	1
4036036	1
6946935	1
7014873	1
99775910	1
4035747	1
98920497	1
12053282	1
6020704	1
7466904	1
42179797	1
6687876	1
5175126	1
5175127	1
7643945	1
71372394	1
6524571	1
42233414	1
42238220	1
5175112	1
71236494	1
5175098	1
6955084	1
6527945	1
5169134	1
88992360	1
57606233	1
7377531	1
5175175	1
7707911	1
5175493	1
7659779	1
5258633	1
5175128	1
9072110	1
28808216	1
7733340	1
23479159	1
6898851	1
7657180	1
33500931	1
97012018	1
9236132	1
97048773	1
33497909	1
33527978	1
86079222	1
9212391	1
6899331	1
53052414	1
54897876	1
99745878	1
79650624	1
7656369	1
56631880	1
17308856	1
6572490	1
25879129	1
6370076	1
6368673	1
7639768	1
5547823	1
53445897	1
53405095	1
56593766	1
42959660	1
93631799	1
5361156	1
7593414	1
7684000	1
32837719	1
73142895	1
4102204	1
7017901	1
4102205	1
52326197	1
57526388	1
57511082	1
7319736	1
5703943	1
51286048	1
54089323	1
95217510	1
59644962	1
28542363	1
4004157	1
99990600	1
7646719	1
4004145	1
9138416	1
43558207	1
4002622	1
15313655	1
91120454	1
7648042	1
5738256	1
28104912	1
56123579	1
26103145	1
87956214	1
13227123	1
33881115	1
57648928	1
6765213	1
43738436	1
50726340	1
5964586	1
5427790	1
7705301	1
7671148	1
6941108	1
6873088	1
6939680	1
6935940	1
6935059	1
90775005	1
90777031	1
41075065	1
6874135	1
6941867	1
28038593	1
15562985	1
6873193	1
6466713	1
61017337	1
96848475	1
6466485	1
6431883	1
23994539	1
11962289	1
42710880	1
6171761	1
96836040	1
68457481	1
6976982	1
6431808	1
63105756	1
6433963	1
9337735	1
55638906	1
6081515	1
53628177	1
6080049	1
81055137	1
5479611	1
5483600	1
31700115	1
31698160	1
6433769	1
63491774	1
74937176	1
62640230	1
66308742	1
67634701	1
20897634	1
7279226	1
21069358	1
61498821	1
66300659	1
5767930	1
9283373	1
74908781	1
5156684	1
20930913	1
71968151	1
9273782	1
26414379	1
6878918	1
9273108	1
7925710	1
6113816	1
7926037	1
39064696	1
46394263	1
26409850	1
5228181	1
7925812	1
6877648	1
9073841	1
11709618	1
