43820040	1
9280279	1
9237331	1
9237591	1
9021699	1
9280574	1
9022531	1
9022651	1
7745252	1
9022452	1
54523799	1
9030656	1
9279786	1
9336196	1
7977013	1
9279576	1
9335008	1
7715697	1
9280492	1
5380015	1
50826948	1
36811405	1
9237532	1
9280190	1
9280102	1
9279925	1
76450809	1
70358705	1
5550914	1
43861530	1
7715669	1
36792025	1
70361637	1
36791179	1
9029682	1
9281158	1
54476801	1
63615733	1
9280610	1
79507330	1
7720119	1
9279630	1
7721985	1
76788637	1
9281144	1
50847319	1
7717367	1
9237349	1
9335224	1
9280447	1
40885518	1
5653847	1
9022626	1
7444555	1
9279922	1
84924732	1
9280340	1
32408315	1
9280128	1
74316907	1
5308148	1
76479482	1
9021838	1
14606540	1
5722531	1
14651649	1
5725303	1
84966661	1
7977397	1
79499096	1
9280807	1
7977535	1
55536745	1
84947967	1
63603004	1
63630460	1
7717735	1
75044346	1
5720780	1
5721444	1
9022031	1
9030268	1
9281235	1
95459248	1
9022188	1
94339155	1
76754985	1
95466567	1
9280789	1
55549923	1
50817517	1
76460171	1
9030556	1
12150305	1
5651872	1
7721688	1
24351388	1
9029830	1
9279462	1
43859755	1
54493922	1
5726813	1
5653512	1
9280017	1
79498615	1
5724665	1
95438972	1
5723006	1
9336220	1
9279871	1
9237576	1
9237536	1
36752154	1
39679024	1
9335750	1
32453093	1
24341081	1
54476723	1
87294219	1
9335370	1
9280408	1
5724212	1
7719518	1
7976777	1
63578544	1
9022708	1
5364120	1
84952227	1
24325230	1
9280026	1
12130172	1
5651162	1
9280133	1
14652214	1
24293397	1
5721081	1
9237554	1
9030398	1
9029694	1
84956191	1
5724387	1
14662024	1
5651122	1
63583122	1
5722007	1
5724268	1
7721862	1
9281069	1
9335235	1
70298880	1
7976932	1
9335239	1
7977322	1
7719645	1
5652808	1
7448843	1
9123572	1
53583415	1
9123463	1
23576421	1
38817171	1
9238268	1
9034838	1
17657716	1
52910801	1
53530318	1
68858069	1
7934828	1
9237978	1
9034809	1
9035014	1
68877011	1
9266209	1
30898389	1
77587003	1
9264804	1
9238079	1
9265273	1
66649040	1
6132016	1
9265423	1
9035717	1
9281674	1
9238397	1
66600663	1
9133746	1
9266388	1
7935089	1
9282863	1
9125202	1
20318071	1
55301587	1
58941298	1
30884960	1
53567696	1
9265706	1
9125155	1
9035404	1
7934592	1
9245860	1
68939832	1
85480646	1
9265230	1
5326649	1
9133768	1
7765126	1
9265647	1
9264909	1
9123493	1
53995898	1
55312509	1
6584189	1
9282766	1
9125211	1
55353995	1
46578154	1
7935141	1
6133621	1
9123363	1
9244729	1
5326659	1
9282197	1
9123547	1
38843886	1
9245703	1
66609528	1
9133009	1
9058560	1
9132928	1
20315188	1
9238087	1
9266030	1
17676564	1
80761002	1
9238297	1
9245060	1
80727172	1
9282626	1
9132988	1
9282341	1
9246040	1
9123403	1
9238341	1
9237792	1
9282969	1
9125162	1
68897631	1
66633624	1
9133695	1
9133243	1
9058548	1
6133749	1
7935126	1
5326653	1
17630988	1
9035611	1
9125900	1
9238222	1
9123142	1
66598368	1
7934731	1
9123411	1
30872348	1
68947261	1
23624388	1
9057978	1
5326741	1
9245290	1
9265566	1
5326732	1
9126138	1
6191913	1
9265522	1
38813916	1
9125151	1
53561659	1
9244702	1
53581729	1
52922184	1
9281433	1
9265494	1
9281586	1
9282057	1
9237802	1
9125456	1
9246189	1
9246172	1
9245935	1
9265785	1
53993483	1
9035423	1
30955371	1
9238144	1
9237677	1
68916586	1
9281963	1
30909846	1
9244733	1
9265475	1
9265671	1
9237897	1
9244897	1
9058089	1
66620593	1
17682704	1
9123344	1
5326714	1
9246241	1
9123749	1
9245763	1
30934585	1
9123497	1
9133771	1
20311315	1
9265565	1
46541607	1
53577101	1
77607094	1
9123651	1
9283081	1
9281712	1
51395952	1
9035398	1
5326651	1
9125961	1
9125298	1
53565318	1
53566475	1
9132912	1
9244657	1
9035487	1
6584485	1
7769506	1
58993965	1
20312621	1
9265097	1
9244694	1
9237759	1
7993039	1
9125760	1
17629753	1
5326670	1
7844876	1
71952864	1
9158501	1
68148663	1
9273649	1
18335251	1
98801268	1
89221514	1
11772265	1
9073661	1
41535413	1
9073542	1
11754091	1
9189345	1
9272722	1
74874314	1
7985903	1
9273839	1
68195976	1
5677276	1
33274252	1
82345553	1
61332096	1
5678080	1
92553909	1
23017873	1
92549701	1
7986155	1
41530851	1
9158402	1
91003204	1
9074433	1
28674929	1
41553241	1
91026701	1
74871217	1
33317621	1
9189353	1
7845055	1
9158364	1
33273217	1
18340345	1
7844008	1
28712071	1
9272597	1
23025110	1
9272993	1
82399999	1
9158352	1
7844428	1
45131968	1
82351492	1
6877260	1
28713043	1
7985427	1
45121300	1
89224489	1
61311221	1
39031685	1
9073705	1
82371526	1
91007879	1
9074164	1
9158484	1
9048622	1
7844635	1
71961125	1
7844384	1
9273054	1
9272111	1
74853135	1
11707537	1
7844352	1
74864419	1
28676577	1
9073842	1
71973312	1
5677570	1
89219584	1
55210073	1
9074324	1
11716436	1
68218311	1
7844419	1
9074458	1
74812515	1
9272253	1
9074059	1
26447778	1
98803618	1
6512767	1
9273625	1
9273163	1
74816701	1
9073702	1
78410531	1
45092540	1
67051021	1
9073815	1
68215832	1
45103402	1
46412840	1
9273484	1
79225974	1
79260428	1
91067044	1
40373961	1
9273151	1
45112878	1
79263334	1
55193206	1
98853268	1
7845093	1
9073808	1
7844455	1
5676803	1
74851319	1
82384360	1
74851272	1
9074056	1
91008252	1
89235468	1
9273560	1
41548120	1
89267822	1
7845108	1
98840480	1
46387799	1
9047990	1
9273385	1
9073662	1
9073658	1
39051654	1
28699762	1
5228718	1
9273447	1
68167271	1
82348009	1
74815812	1
9073751	1
7844969	1
18333399	1
68195159	1
9073730	1
9073851	1
40348210	1
6641198	1
34896006	1
6640964	1
9272704	1
9272388	1
7844395	1
9272957	1
9074293	1
9074221	1
98815550	1
46394068	1
26412643	1
9284072	1
62641963	1
21059027	1
61478859	1
12328208	1
9284912	1
31400631	1
9284344	1
7960070	1
9284420	1
9284315	1
9017399	1
87017967	1
40232798	1
7729985	1
9283432	1
9017304	1
9284576	1
40571620	1
20870433	1
61433519	1
47193944	1
9283711	1
7960027	1
61479330	1
31373203	1
45805784	1
74938007	1
9016653	1
45804154	1
7967968	1
86273274	1
7968495	1
12270735	1
9283483	1
40184477	1
7730157	1
7730608	1
64145582	1
12334150	1
21027820	1
9041628	1
9284341	1
9016236	1
9284732	1
7436721	1
9311549	1
61448041	1
20919816	1
9311402	1
9042252	1
9016693	1
9284629	1
40573368	1
87052104	1
45813891	1
85726542	1
57865132	1
27381520	1
7730297	1
7439965	1
9284374	1
61499950	1
38363890	1
40211854	1
9284548	1
85791538	1
12291536	1
40235947	1
9017411	1
62629321	1
57876150	1
12270379	1
9283836	1
83052485	1
9284493	1
7959952	1
62628527	1
85804216	1
9016897	1
20889896	1
9283642	1
47171388	1
31421385	1
57878047	1
40589355	1
9284921	1
9283690	1
35030823	1
40598969	1
7960459	1
83047902	1
27325866	1
9284965	1
83071258	1
63482174	1
87057860	1
9016103	1
74888325	1
85828043	1
85822532	1
45860234	1
21013040	1
9312343	1
38401751	1
45848160	1
20875547	1
9017286	1
85723614	1
7968477	1
9016388	1
21063744	1
87060626	1
9283556	1
63487543	1
20910324	1
86999117	1
86264840	1
64111959	1
9041614	1
83033650	1
9284427	1
86265097	1
85727961	1
7279227	1
9041622	1
40201034	1
38419130	1
18714604	1
67669835	1
9016449	1
85834874	1
40189361	1
38423592	1
95856755	1
7668631	1
9140342	1
9028580	1
31770616	1
44643665	1
47522708	1
44613679	1
87276583	1
7964281	1
46648833	1
9140216	1
9327224	1
7874425	1
46654567	1
91481625	1
7964024	1
9326923	1
35341119	1
7666454	1
44657366	1
86664938	1
9140931	1
31745683	1
9327049	1
91524099	1
7458503	1
85017053	1
97835879	1
9328051	1
46675482	1
70705040	1
95910321	1
9028526	1
98539044	1
35309744	1
7964393	1
24606089	1
5534718	1
9140462	1
9028777	1
7871933	1
98543207	1
95873097	1
7332555	1
59975761	1
87261514	1
31764187	1
7894241	1
9326970	1
81330880	1
97857592	1
38279960	1
9029144	1
9141147	1
48512377	1
9028856	1
7331223	1
9140980	1
7895278	1
7895971	1
9029148	1
7964271	1
7331785	1
59957271	1
37487018	1
46662328	1
7872141	1
66712301	1
7461328	1
70717106	1
7893749	1
24629350	1
37544175	1
17091655	1
98561185	1
7964034	1
7874422	1
91465399	1
9140799	1
9327781	1
7335277	1
7669396	1
7335595	1
38263328	1
9141213	1
38220348	1
7453070	1
60279388	1
6129244	1
9140237	1
47561204	1
7896193	1
7871995	1
87228681	1
7336786	1
38224297	1
7668999	1
9141021	1
5534643	1
9327880	1
68122526	1
17087730	1
7894222	1
66666565	1
9029153	1
35306132	1
7667909	1
97835098	1
48571419	1
86638895	1
66653055	1
44628212	1
9029564	1
9327733	1
9141110	1
37516332	1
9326902	1
9327998	1
70720245	1
89562858	1
20014045	1
9257188	1
9256732	1
9257319	1
7914328	1
9290155	1
7914162	1
9256218	1
5870608	1
29583510	1
7914234	1
61395552	1
82901929	1
9064868	1
9291256	1
88623428	1
88596214	1
24673300	1
73500828	1
88610690	1
30320775	1
9256685	1
20732573	1
99029244	1
19995110	1
6985519	1
20019456	1
73555816	1
90551721	1
51487508	1
7848335	1
62355590	1
93820584	1
9256864	1
7848329	1
9255867	1
60699803	1
91798556	1
7848705	1
24669308	1
7969264	1
33588566	1
7848927	1
7812760	1
97546145	1
20758479	1
16767347	1
99008864	1
60173208	1
99014188	1
9290271	1
61398543	1
7888751	1
9256533	1
6554117	1
51471672	1
7568713	1
16799513	1
9291159	1
9290920	1
60610426	1
7969031	1
7811081	1
73497882	1
9290540	1
30282395	1
7848353	1
7810900	1
7675153	1
90574794	1
60700514	1
6554337	1
56542807	1
7888327	1
61377014	1
9255909	1
24674384	1
20007038	1
9066192	1
7568376	1
93802912	1
9257318	1
60742961	1
20785841	1
19142677	1
9256019	1
61428735	1
9257036	1
19135709	1
9257408	1
9257481	1
9256065	1
6551781	1
30284022	1
51490433	1
97587046	1
56495689	1
7300161	1
9255950	1
9256024	1
19983214	1
99067612	1
7811453	1
60571992	1
30276820	1
9256740	1
62368094	1
60151893	1
7677456	1
97563336	1
91796137	1
9256729	1
99020405	1
88566699	1
7914163	1
99054074	1
89500582	1
7569970	1
9290125	1
91808993	1
20763386	1
60760951	1
7848346	1
9257006	1
65753400	1
9218490	1
9144617	1
93331268	1
59764476	1
82728564	1
17789499	1
9116166	1
9217732	1
6540354	1
76328356	1
63761242	1
9116036	1
93329691	1
63788111	1
7834759	1
9218021	1
9144740	1
9218363	1
9116812	1
9116452	1
35059607	1
11239373	1
63763630	1
5137143	1
93610213	1
82792860	1
83472111	1
20049854	1
37043814	1
5135380	1
9217262	1
83516090	1
9116566	1
57782294	1
9216907	1
93617334	1
9217658	1
9217429	1
9116023	1
7834500	1
9116882	1
76302604	1
7978496	1
37040386	1
9145526	1
6540348	1
9218579	1
9116269	1
93610857	1
11227684	1
76359370	1
7977691	1
67864409	1
9145532	1
35106868	1
69397312	1
67846616	1
9218277	1
9218457	1
63763290	1
7530685	1
37068503	1
6542642	1
9145322	1
9217475	1
9116127	1
5302174	1
9144420	1
83506657	1
9217720	1
69414920	1
7936216	1
93588239	1
93587689	1
7835806	1
59801646	1
7977927	1
59758030	1
9217012	1
93620277	1
9154601	1
9218063	1
25384193	1
9218196	1
9217540	1
7944180	1
7977749	1
25408827	1
9217835	1
7754485	1
20088716	1
9217598	1
9218276	1
6788505	1
69428033	1
57773329	1
9218566	1
25397256	1
5977538	1
67906612	1
9218404	1
9116520	1
7978381	1
57802450	1
9218094	1
9218002	1
9216929	1
9117029	1
5285998	1
9144707	1
9217080	1
67867787	1
69758503	1
7755530	1
82768694	1
9116457	1
93621026	1
83531943	1
25388162	1
9145316	1
6546343	1
7834610	1
9217761	1
25417810	1
11396728	1
9218383	1
67891509	1
9154496	1
9218080	1
9145257	1
7977765	1
9218559	1
9145059	1
6784294	1
67896127	1
7935501	1
7753890	1
9116870	1
52124728	1
9108926	1
49898054	1
33376499	1
74973131	1
59004462	1
7406914	1
43341096	1
7409537	1
95764374	1
5601481	1
9109076	1
5687850	1
58318135	1
7407134	1
7408402	1
81622467	1
41867779	1
90653389	1
88941195	1
5687673	1
99155051	1
48283559	1
58291044	1
88985972	1
58999566	1
52264258	1
67760038	1
88984430	1
52178426	1
15418730	1
67715496	1
9109741	1
33386422	1
5687156	1
33341397	1
49885351	1
9109679	1
12912422	1
74956146	1
80338060	1
52215880	1
5689763	1
99142516	1
22647590	1
20642176	1
75023533	1
9108878	1
52125411	1
67686842	1
5807439	1
9109343	1
10438220	1
20610298	1
99118110	1
99084362	1
41823484	1
74555200	1
33333428	1
10455732	1
6807321	1
9010987	1
90671783	1
74579806	1
74958579	1
22680553	1
12958054	1
7406803	1
69247316	1
22663661	1
49893310	1
90638099	1
48247772	1
52261073	1
33370420	1
9011086	1
52256521	1
80347034	1
88972214	1
81645421	1
95767840	1
26884458	1
22660371	1
95759433	1
20627337	1
7917113	1
15381700	1
25569007	1
20652125	1
52120809	1
52245386	1
41818657	1
12944730	1
22667066	1
25560314	1
80378671	1
7159875	1
43329319	1
58277736	1
95729288	1
25792703	1
90651390	1
26882589	1
43294797	1
7988983	1
9233903	1
22840091	1
9234075	1
9121976	1
7644927	1
9122544	1
9122354	1
62223297	1
58489442	1
9292220	1
41334174	1
39761684	1
58492156	1
38614852	1
9235088	1
9121818	1
46271771	1
22615691	1
75203079	1
5256275	1
7988695	1
17881558	1
39164008	1
7354127	1
7988712	1
18747421	1
7645867	1
9233892	1
39163877	1
9121770	1
7826941	1
5113895	1
17896938	1
9122680	1
9233603	1
30794039	1
7988334	1
9122318	1
41316573	1
58511553	1
38570834	1
75189053	1
22789287	1
7356469	1
39188709	1
99290341	1
9234739	1
22840919	1
22819027	1
7988842	1
9234347	1
9235123	1
7356341	1
7827438	1
9291470	1
38633204	1
7644686	1
9292394	1
39781519	1
9292345	1
9122421	1
9122134	1
38601789	1
38576239	1
7989002	1
76668370	1
22583430	1
9234966	1
7988605	1
98126656	1
84677511	1
9122059	1
7971203	1
7645393	1
9233953	1
7355733	1
7828032	1
99279948	1
62217335	1
56780647	1
9235009	1
99236244	1
17890727	1
98170545	1
47774925	1
5340915	1
5340907	1
46296623	1
76673866	1
39735995	1
7116021	1
9234794	1
9235076	1
7988338	1
9122191	1
84679777	1
9121966	1
39162693	1
39217817	1
98154210	1
56781503	1
56302129	1
62228700	1
9121843	1
9233840	1
7644344	1
7114744	1
9233838	1
17844663	1
9234641	1
17847607	1
5575202	1
9122585	1
7970759	1
99278525	1
84735057	1
9291891	1
38637484	1
75189442	1
9122160	1
9233705	1
5253142	1
75235351	1
6661026	1
9002122	1
97214798	1
9219169	1
94099312	1
98269182	1
9224334	1
9225908	1
94086898	1
9224866	1
96110600	1
94100858	1
79405175	1
7802602	1
9219113	1
6074585	1
54308313	1
97172218	1
6072766	1
7931707	1
6663642	1
9007103	1
9060517	1
7418713	1
94120675	1
94096238	1
9225293	1
95343089	1
60524716	1
48038289	1
50635829	1
22324936	1
9219664	1
97164712	1
9224656	1
6072245	1
73621254	1
95351298	1
9219185	1
9225992	1
6664313	1
24231585	1
95374527	1
9225620	1
55971542	1
9224338	1
98298713	1
9225592	1
7423070	1
7418321	1
54322372	1
94114634	1
55896613	1
7931808	1
59527924	1
95383086	1
60534900	1
80987984	1
9224586	1
7419552	1
97175622	1
7423928	1
9002810	1
24249220	1
7991515	1
7422898	1
80965190	1
5691197	1
97205782	1
9219989	1
9007259	1
5691255	1
7931435	1
9002487	1
98321752	1
27873218	1
90040694	1
9061601	1
9218593	1
9225201	1
7802518	1
9225832	1
9224351	1
90079411	1
9224565	1
9007793	1
6076031	1
9224721	1
6662033	1
27869709	1
9219049	1
9225262	1
9219889	1
73587283	1
9224582	1
80955605	1
9219190	1
31583536	1
9219313	1
97190136	1
9220425	1
7991815	1
27830694	1
7991351	1
9007294	1
39997233	1
56016272	1
59531561	1
6660304	1
9219983	1
9224973	1
17965672	1
9224967	1
9225815	1
7991370	1
6662195	1
7932061	1
24262812	1
9219806	1
90041714	1
45399494	1
31527383	1
9225089	1
9225088	1
31559089	1
7421533	1
22325259	1
48049025	1
6664056	1
6072206	1
9061747	1
7802064	1
6071624	1
7931914	1
9225576	1
50581900	1
9219128	1
6072577	1
9224920	1
9225256	1
27833619	1
9225236	1
9225522	1
90059143	1
39996541	1
9225356	1
9218660	1
9007721	1
9225352	1
6073407	1
6074732	1
53822862	1
54278517	1
9225210	1
9218810	1
7931554	1
37169455	1
9118153	1
9208672	1
43788630	1
9147318	1
72548432	1
9209244	1
9226107	1
9226501	1
47344914	1
50753894	1
31332302	1
9227194	1
6873195	1
9117563	1
37122735	1
9207885	1
9227368	1
41099483	1
9209074	1
9117571	1
9226025	1
9117344	1
9208726	1
9208805	1
72527985	1
28085955	1
9209234	1
9226062	1
50738472	1
9227574	1
5792715	1
7674081	1
9226416	1
41121831	1
7673999	1
50749373	1
90769221	1
73770354	1
28089172	1
9117896	1
5790825	1
31351869	1
9151207	1
9147001	1
45737460	1
9117188	1
9146734	1
27640049	1
41105233	1
9118113	1
6873552	1
9120064	1
57640944	1
6756335	1
73779251	1
47378019	1
5791907	1
50756441	1
47380808	1
90775894	1
57650272	1
9117768	1
5791731	1
37114091	1
9208411	1
9227616	1
5967005	1
45276433	1
9120367	1
45237070	1
9209282	1
9151015	1
66228812	1
6758066	1
9120494	1
57619095	1
9227299	1
9117326	1
9227742	1
9226354	1
5966010	1
9227343	1
9151813	1
28038717	1
31327784	1
9151883	1
73717606	1
5793044	1
37151649	1
74376372	1
9209113	1
73730391	1
9117579	1
45248162	1
45764386	1
9226412	1
9151024	1
5817363	1
66262753	1
9120008	1
37127002	1
9151890	1
66257684	1
9120152	1
9146944	1
9226683	1
6874297	1
45762818	1
37142889	1
37170631	1
41120692	1
7507102	1
41063944	1
9119934	1
9207955	1
9226748	1
9151275	1
13189163	1
50768524	1
7706825	1
50755028	1
7705414	1
57610405	1
9117406	1
9209084	1
9226804	1
7706229	1
5825863	1
9147149	1
6935305	1
9117825	1
5774060	1
27657251	1
9209352	1
9118016	1
9119951	1
45781810	1
9151101	1
28090777	1
57664455	1
70218433	1
9226295	1
9118220	1
9119836	1
7706780	1
6874380	1
31302569	1
7509366	1
6874701	1
7706319	1
13205970	1
7671544	1
57649210	1
9117665	1
47406121	1
9117465	1
6874299	1
10226867	1
66266933	1
9208492	1
73765676	1
5825520	1
9227364	1
10267558	1
9147147	1
5818196	1
51633725	1
39113578	1
39144766	1
9139842	1
9311011	1
9339797	1
10892804	1
7722278	1
9139646	1
9340064	1
7722280	1
9341045	1
32797298	1
9042821	1
21602305	1
7723499	1
6163341	1
9339725	1
10150036	1
32790215	1
9139130	1
21623631	1
7866827	1
90004072	1
89945167	1
40747890	1
7558520	1
89965994	1
9310353	1
25114417	1
48626383	1
9340514	1
10160927	1
7541785	1
48583070	1
7566948	1
7868785	1
35156072	1
9340637	1
25150222	1
6162420	1
35184061	1
7491307	1
48622660	1
9310034	1
9139861	1
7870012	1
22010991	1
7790573	1
40693746	1
32749548	1
10897689	1
78997030	1
39148416	1
7869713	1
32770355	1
7492362	1
48598377	1
25148376	1
7722445	1
39149178	1
9043455	1
40695716	1
5345372	1
46792677	1
6162743	1
9340284	1
7567363	1
7539778	1
89991397	1
7789153	1
9341305	1
22060534	1
7869628	1
35182403	1
40722820	1
22021637	1
22067669	1
79019395	1
9340147	1
6161629	1
7722613	1
35142128	1
10170815	1
35170034	1
7723075	1
35141678	1
7870659	1
89983236	1
7601296	1
9043084	1
35185562	1
32765157	1
32768820	1
9139925	1
35190599	1
7490349	1
9140075	1
32774603	1
9340612	1
9311187	1
5571110	1
9341136	1
51658891	1
9258723	1
94747523	1
63144402	1
9307619	1
75611691	1
72047587	1
7002945	1
7021246	1
9259079	1
74466956	1
57377911	1
9306909	1
47287884	1
47305132	1
41162398	1
7023964	1
7791242	1
91903786	1
9114094	1
9258876	1
41187682	1
63671031	1
9258306	1
48360014	1
47318702	1
72051099	1
9114417	1
13360532	1
9257556	1
22541079	1
77860698	1
77847327	1
9258879	1
99003472	1
7914407	1
9257546	1
9259118	1
58410378	1
85128068	1
7979577	1
21703342	1
57387188	1
56074143	1
5804253	1
13338290	1
13359323	1
5804282	1
70439956	1
94738596	1
99387731	1
56123332	1
63652892	1
7914345	1
57333691	1
98932419	1
62812297	1
21653969	1
9259256	1
7914427	1
13351029	1
7980121	1
72015192	1
77911912	1
99443840	1
56088283	1
68971827	1
7980045	1
7946446	1
70429409	1
9257734	1
9257563	1
9257771	1
71992110	1
9258773	1
7979888	1
13371329	1
44819661	1
9306472	1
56485664	1
7914420	1
75566516	1
7101266	1
9259316	1
9257706	1
47303287	1
7979631	1
7914439	1
70424185	1
85131363	1
47325176	1
5802771	1
63200255	1
9257520	1
9259231	1
63179551	1
44802990	1
94785434	1
7002772	1
9307609	1
55751069	1
6709394	1
9114810	1
9258640	1
7914409	1
9259302	1
9113717	1
48316981	1
77905071	1
56439147	1
9258990	1
77878824	1
9307334	1
9113611	1
75603792	1
46839245	1
7791056	1
9258579	1
21706556	1
13349026	1
9257737	1
7790914	1
7002380	1
5805655	1
7980001	1
68966445	1
98932691	1
63655001	1
13380691	1
46876376	1
48350885	1
7945772	1
22529325	1
7914419	1
46836158	1
9259060	1
5682605	1
9147993	1
9152571	1
6149572	1
14865520	1
5647973	1
82302743	1
7735586	1
78947057	1
96364413	1
9148138	1
62923975	1
7735015	1
7428853	1
94569082	1
81581454	1
5682821	1
14853999	1
7793263	1
9151997	1
9148728	1
9148490	1
5146676	1
24551540	1
36656390	1
6151060	1
7994513	1
63926529	1
5680842	1
90883487	1
7994399	1
7735546	1
78928129	1
87500547	1
7147636	1
87489227	1
60836525	1
5683033	1
7497550	1
5680361	1
7499322	1
9148168	1
63913784	1
5684184	1
36667497	1
36610913	1
39411812	1
9152316	1
71779460	1
9148473	1
9152369	1
94532557	1
60825472	1
87494357	1
44554758	1
5682172	1
60828934	1
59296601	1
62948615	1
62949002	1
81562334	1
88078981	1
5926009	1
7736603	1
9148262	1
39433955	1
9148371	1
59293141	1
7494572	1
62963746	1
7429387	1
5681786	1
88050925	1
5680538	1
44607223	1
7498778	1
24527773	1
36640871	1
44560802	1
9148402	1
81573672	1
9148235	1
60976601	1
9147930	1
81534022	1
15237085	1
7735622	1
63533327	1
82289286	1
5928547	1
7495679	1
9152593	1
5685671	1
7425727	1
9148673	1
7994670	1
63909099	1
14852479	1
63898672	1
82318500	1
63929593	1
63566422	1
81534390	1
9152795	1
44587498	1
5647780	1
71819849	1
24534024	1
5647957	1
7737025	1
87447425	1
7737565	1
63867957	1
15245088	1
7497953	1
63528390	1
94518068	1
7737513	1
6152971	1
9152518	1
71838845	1
9148639	1
81541855	1
7735116	1
6151058	1
7735989	1
90889373	1
6150173	1
65939963	1
5925461	1
94523536	1
39424250	1
88084616	1
60915715	1
90904942	1
63536154	1
63868454	1
59337040	1
63888351	1
60828389	1
62978603	1
9233181	1
9295981	1
80223278	1
9263358	1
75429814	1
6774894	1
59855681	1
9216692	1
9264776	1
7926619	1
80250260	1
6944738	1
9215701	1
9232528	1
7788784	1
34945639	1
9018596	1
9264516	1
9295040	1
9232432	1
7902923	1
7795511	1
9295982	1
7981532	1
50918748	1
9233138	1
9017732	1
6945353	1
84213369	1
9231970	1
9263545	1
9233465	1
7982354	1
9260745	1
71570335	1
7927243	1
9263689	1
9233214	1
6201588	1
82590262	1
79731521	1
7795735	1
6945509	1
9294808	1
9263302	1
9264275	1
9264281	1
59823553	1
9264535	1
7603829	1
9216799	1
9264345	1
9233143	1
9263033	1
84269510	1
9232082	1
9018421	1
79051701	1
9216784	1
21816174	1
9106318	1
9215843	1
21803447	1
38649770	1
9232812	1
9260476	1
7981612	1
9233144	1
82592929	1
9233198	1
9232688	1
9018048	1
7981856	1
9260792	1
7796647	1
9232300	1
9215634	1
66890431	1
9233499	1
75417228	1
9295898	1
59848792	1
84256342	1
9216199	1
84231959	1
9216362	1
9259512	1
6944955	1
82600300	1
9294973	1
80244827	1
82581325	1
9215716	1
9233063	1
9215880	1
21805854	1
6654671	1
9264276	1
6655273	1
42675476	1
9233408	1
82586504	1
27225095	1
9233019	1
79054474	1
7606359	1
7606240	1
9259935	1
9017586	1
6780789	1
7787789	1
7982363	1
21792683	1
38709720	1
7981591	1
9216129	1
9215460	1
9105345	1
9233368	1
35851175	1
9232626	1
80187205	1
80242836	1
21793617	1
34986471	1
80210769	1
9264728	1
80215977	1
9215903	1
9105909	1
9215403	1
9233027	1
9263262	1
80252092	1
7898210	1
27221087	1
9232081	1
9233119	1
46167357	1
71551574	1
71581204	1
6944566	1
9263144	1
9216659	1
66928632	1
9233115	1
7927167	1
7795473	1
42638156	1
9215858	1
82619370	1
75419183	1
9261093	1
7982082	1
9216543	1
42688959	1
9232645	1
9216423	1
75408538	1
9264712	1
9216669	1
7898589	1
9215397	1
9216639	1
62460789	1
6652581	1
9215633	1
9264220	1
9263412	1
46168958	1
42678158	1
9216772	1
9295424	1
82619924	1
9105771	1
9215482	1
9260448	1
9232526	1
9106222	1
71554755	1
7982308	1
82579108	1
9233528	1
66874701	1
9259592	1
21821546	1
42650567	1
9260470	1
84226349	1
9260422	1
6945647	1
9294873	1
27226353	1
9216137	1
9232366	1
32457242	1
80221109	1
9018132	1
9215902	1
46113677	1
9259870	1
27198376	1
9295617	1
27245169	1
46101171	1
9295151	1
9263807	1
50667365	1
19449525	1
7113349	1
7782435	1
58362463	1
12121080	1
11187515	1
43959367	1
9202103	1
9107581	1
7783132	1
87141199	1
42789743	1
25628859	1
22254550	1
76519318	1
7525772	1
61722260	1
9131797	1
11181084	1
7783279	1
6673397	1
7326140	1
22239120	1
61693769	1
34599878	1
12094874	1
9066848	1
9201689	1
42834656	1
7388890	1
9132626	1
6671841	1
9200610	1
89590109	1
9201293	1
7524238	1
12079935	1
9067415	1
9200502	1
7818692	1
7519790	1
9131692	1
9132383	1
7113953	1
9201541	1
38521035	1
7525328	1
58185385	1
22232055	1
9200655	1
5974216	1
51814960	1
34607247	1
7387326	1
61660979	1
9108626	1
73063975	1
9132500	1
38558513	1
34547615	1
12080578	1
9107569	1
52703554	1
38535406	1
12110164	1
14964656	1
72763314	1
42832595	1
58371258	1
72731431	1
9200385	1
61664505	1
29690901	1
38507624	1
73079853	1
76575934	1
7782072	1
7816883	1
7480680	1
6672777	1
7325014	1
50719073	1
29654959	1
7519526	1
9201791	1
9201623	1
9201054	1
7112745	1
7519297	1
22220425	1
9132076	1
9108456	1
76573380	1
9200486	1
89608084	1
7481875	1
52682807	1
9200693	1
9202088	1
9066936	1
9200417	1
50686828	1
38526122	1
9200422	1
58404507	1
45543702	1
9201528	1
29618139	1
12373587	1
22247472	1
9131946	1
89598526	1
7475802	1
89574011	1
58358202	1
6673301	1
89623945	1
89570947	1
9201573	1
9201050	1
7329327	1
27915639	1
45574109	1
73109308	1
9202172	1
9040960	1
9332492	1
7937830	1
9040636	1
7687338	1
7980521	1
17167583	1
9332192	1
96825482	1
5243435	1
96829163	1
65332038	1
29251400	1
7809438	1
7626061	1
7678481	1
9332467	1
9063153	1
7981092	1
52717881	1
95292534	1
9331726	1
40246285	1
9131262	1
86324003	1
7980770	1
9041532	1
96817572	1
86342814	1
14912678	1
9131373	1
23544055	1
7628161	1
56916209	1
9063876	1
27001007	1
27031629	1
7687565	1
33631051	1
14897472	1
40281984	1
23350923	1
9130697	1
9063727	1
9130984	1
40285120	1
9011935	1
95303601	1
76220202	1
52716705	1
6792787	1
72372648	1
9130861	1
7627643	1
29184453	1
84074345	1
86329812	1
9012100	1
86343886	1
9040596	1
65318015	1
40305266	1
17119277	1
7687618	1
72363561	1
9023437	1
40245308	1
9041179	1
9130699	1
72400874	1
84064995	1
9131503	1
9012020	1
29205865	1
7937312	1
9022796	1
90204779	1
9011588	1
56853998	1
84113429	1
9023726	1
9022799	1
9062815	1
9023948	1
9130714	1
95319261	1
9063633	1
7981385	1
68678930	1
76213204	1
7677895	1
9332654	1
40255037	1
52742348	1
9011358	1
9130831	1
96772824	1
52761763	1
9011799	1
9131445	1
9011549	1
76233394	1
9064061	1
7808928	1
9011481	1
9041400	1
14912253	1
26992963	1
17118047	1
7808618	1
14942438	1
9011722	1
7686817	1
9023400	1
33663875	1
7810240	1
23514019	1
7180765	1
9062538	1
9332749	1
40272378	1
7937698	1
9023039	1
9334243	1
67140650	1
7881469	1
11953037	1
9262494	1
9262614	1
9261887	1
7883077	1
53648863	1
9261464	1
9001535	1
9262414	1
9001356	1
9337119	1
7012413	1
6077139	1
96878379	1
7998141	1
9262151	1
9333823	1
16634949	1
9079799	1
28853665	1
9333306	1
9262854	1
7998280	1
7967683	1
9001194	1
6079453	1
9337753	1
7878804	1
5484323	1
11948475	1
7012754	1
16583592	1
67128493	1
24382773	1
96894489	1
7878689	1
6077446	1
7882252	1
96890098	1
68468903	1
78712308	1
85908866	1
11494040	1
7997921	1
6432828	1
9261403	1
9079692	1
6077551	1
54833941	1
9262761	1
7881737	1
7967603	1
9333652	1
9262507	1
67147792	1
9001764	1
9262343	1
11944737	1
42415048	1
9262183	1
7250493	1
9078771	1
55609909	1
53651699	1
9001338	1
23954152	1
7881098	1
87967385	1
9261732	1
7011738	1
9334501	1
9337408	1
9079066	1
9001404	1
28818617	1
6076671	1
11443839	1
6077468	1
49461169	1
9261837	1
9262908	1
96892040	1
49437910	1
6077595	1
7997911	1
9261815	1
24002276	1
9262108	1
63121130	1
9261978	1
6078037	1
7883188	1
31663161	1
28827309	1
78734491	1
9334175	1
7882476	1
81007648	1
9001066	1
67106266	1
6077645	1
21122085	1
61033797	1
9337549	1
9261531	1
11490289	1
9334505	1
6077797	1
78715802	1
9337291	1
25220211	1
9079684	1
49412339	1
9262286	1
9000979	1
9078805	1
9262895	1
11445158	1
6078003	1
63065917	1
9261993	1
67156766	1
9337093	1
54787645	1
16621519	1
28882570	1
9337911	1
6078241	1
7011265	1
67114251	1
6077343	1
9261677	1
6975847	1
9078989	1
11942110	1
9334368	1
23996640	1
78732740	1
25172296	1
9078907	1
81047504	1
11921196	1
25189740	1
9337088	1
67120414	1
54832992	1
23949735	1
9262665	1
96833075	1
96844346	1
81032736	1
67140867	1
9333937	1
23936352	1
9079195	1
78738631	1
6077332	1
9134303	1
52502579	1
9251698	1
52563759	1
9223078	1
7288617	1
9298705	1
9297917	1
9222780	1
61790127	1
9248524	1
9298183	1
92819862	1
58827174	1
7962194	1
9222980	1
58788716	1
7749636	1
71490078	1
9251096	1
7744091	1
27180576	1
9251217	1
9250093	1
9248814	1
9251410	1
64006776	1
9251282	1
7748722	1
25995891	1
7941845	1
19004182	1
71475403	1
61745940	1
93321449	1
33947485	1
77819187	1
9222657	1
9251065	1
9222943	1
7655349	1
85966185	1
5757023	1
27157262	1
9222508	1
7983743	1
7941511	1
93291100	1
7743484	1
9222839	1
9134299	1
7941578	1
9249343	1
7961782	1
9251551	1
77779737	1
9222446	1
5761582	1
9249774	1
27174234	1
26030363	1
7942037	1
18960985	1
58857572	1
9298871	1
61734541	1
7742187	1
9248477	1
9223359	1
9222439	1
9250557	1
9249874	1
7289243	1
7963129	1
19008459	1
33933430	1
7749129	1
9223126	1
93255808	1
7749931	1
9298081	1
58869218	1
7983623	1
9223816	1
9134859	1
89473126	1
9223494	1
61789779	1
7653873	1
9248558	1
7983445	1
85988499	1
7941678	1
9223017	1
7749069	1
7963116	1
9298685	1
9134879	1
92836549	1
9248917	1
34414528	1
9248844	1
7961984	1
7961412	1
36597235	1
7983593	1
36531650	1
6964551	1
7963536	1
9297928	1
92844740	1
9250284	1
7288822	1
89437747	1
7655079	1
63952210	1
77791241	1
94193674	1
9223492	1
9250425	1
9134207	1
9250394	1
27118596	1
18976985	1
9250458	1
61774710	1
7961680	1
7357583	1
7961901	1
7963817	1
36581608	1
7963743	1
61750126	1
9134629	1
9249012	1
36541060	1
94160863	1
63975683	1
9251316	1
9250749	1
34420582	1
9134573	1
25967983	1
9250032	1
36575869	1
9298007	1
9251444	1
9248867	1
9299525	1
7984078	1
9223338	1
6492800	1
9250292	1
9013342	1
7742861	1
9134020	1
7941801	1
9223869	1
76378237	1
9250393	1
7742567	1
9250690	1
9222385	1
7941752	1
9251643	1
58894035	1
9251172	1
18976204	1
89448593	1
61752442	1
63967344	1
58858822	1
61796123	1
58813416	1
7654167	1
9249346	1
9224035	1
7359013	1
27126511	1
9222983	1
7983528	1
7942263	1
9249211	1
25966359	1
9134339	1
33954578	1
7653626	1
27180216	1
9250319	1
9134401	1
9222373	1
77769013	1
7963754	1
9223934	1
9298527	1
9248513	1
9249472	1
9249433	1
9223235	1
7286827	1
21469211	1
65224822	1
7952156	1
7273895	1
89191723	1
9202998	1
9204037	1
9203625	1
33239179	1
7952481	1
26749109	1
25906777	1
89181388	1
9203318	1
73315381	1
89159084	1
9202401	1
7958932	1
36408318	1
9111025	1
5373897	1
9202865	1
9204122	1
7952324	1
20997818	1
7698184	1
9204036	1
83696018	1
9202861	1
43238707	1
36418788	1
29489087	1
9110947	1
9202495	1
78853582	1
9305658	1
33240584	1
7952666	1
9305156	1
7952212	1
47128653	1
13280839	1
88800740	1
7958945	1
35740981	1
7959522	1
26732629	1
6291688	1
88844182	1
17566674	1
7959085	1
17552765	1
47118848	1
7124430	1
65254803	1
9203537	1
7697878	1
7952253	1
21437224	1
7952291	1
9203363	1
43281366	1
17567092	1
88800697	1
89145960	1
17554996	1
7952446	1
7951979	1
31633854	1
76180790	1
26725884	1
7697010	1
6154384	1
7952574	1
17579766	1
26701019	1
59874419	1
9306238	1
31845425	1
9203289	1
25953579	1
31811831	1
13293288	1
33233824	1
9110496	1
83688821	1
53206233	1
29527214	1
13260131	1
6157243	1
6284626	1
26702144	1
9305074	1
13282415	1
26730944	1
31874027	1
9304906	1
9203523	1
89204922	1
31860179	1
25901707	1
9203369	1
13311650	1
9110603	1
59937728	1
6153976	1
7697738	1
9304871	1
9203040	1
35748284	1
7952215	1
59890215	1
89190943	1
6282177	1
7959447	1
9202652	1
76149005	1
73331818	1
7952301	1
59933732	1
9203942	1
9202872	1
7120300	1
6281463	1
7958916	1
6291134	1
89185476	1
9305236	1
73327738	1
31592260	1
88780413	1
53168438	1
7739699	1
17597632	1
7952267	1
9304961	1
6213166	1
9203095	1
98069669	1
31872121	1
13297411	1
35763788	1
65773561	1
21452387	1
7959537	1
65775307	1
7958780	1
9009027	1
9008931	1
26949545	1
65446183	1
5733746	1
88410618	1
29267163	1
88419098	1
39956858	1
39900546	1
88516737	1
5246404	1
65033613	1
91643486	1
28982686	1
86881657	1
5553060	1
5662116	1
88496814	1
26950698	1
9143428	1
26965930	1
7383037	1
9040298	1
7890890	1
9144133	1
29306317	1
7890266	1
27397795	1
39920125	1
7893251	1
5109652	1
9072963	1
65435042	1
93911787	1
86862757	1
34327183	1
65453720	1
93913849	1
9056670	1
23216863	1
27396175	1
7893064	1
14296803	1
9072704	1
69256544	1
5553404	1
29961831	1
23155549	1
23211433	1
76949139	1
65012448	1
86909727	1
5663564	1
49265023	1
39340415	1
7381241	1
14295351	1
7380234	1
28996266	1
76950588	1
9072877	1
97596667	1
65029321	1
69270481	1
25328343	1
93860794	1
29910240	1
78275041	1
39348664	1
28962617	1
39312588	1
88886416	1
9072641	1
9009337	1
26936052	1
9039966	1
23192036	1
97600140	1
9144199	1
5650490	1
9144216	1
76918399	1
5552179	1
5648394	1
39329658	1
9143626	1
91638828	1
6646183	1
9040290	1
88467157	1
88428333	1
6643832	1
5552632	1
7385144	1
9055873	1
9039428	1
39343181	1
9072787	1
9040220	1
17031110	1
39310920	1
29296877	1
29017616	1
9052555	1
65472503	1
9072983	1
5663883	1
9040088	1
9056616	1
9072764	1
76925992	1
39900677	1
27418512	1
9052181	1
9009048	1
65412961	1
34326975	1
69314685	1
86871591	1
5663905	1
9039490	1
27427676	1
23207817	1
9056736	1
88482082	1
29011825	1
65413553	1
9073298	1
14255166	1
40505861	1
6649217	1
7957171	1
39586186	1
17252590	1
7816011	1
59386588	1
7957714	1
14708309	1
9115591	1
9114884	1
9037208	1
7972619	1
7957147	1
7957747	1
7838961	1
9115718	1
9115271	1
7957794	1
9114894	1
7957838	1
7957324	1
64299489	1
9037468	1
37561950	1
86738688	1
9115020	1
6486303	1
9037287	1
66016484	1
66033541	1
7972706	1
71125533	1
64306372	1
40490687	1
66838910	1
9115255	1
59422000	1
69902006	1
9037091	1
7957456	1
80775441	1
7784193	1
7816265	1
71108084	1
78099783	1
7485161	1
25254228	1
9115587	1
7577604	1
7783929	1
59421432	1
25233953	1
7488461	1
71164984	1
9115009	1
40478028	1
7957511	1
7483069	1
9115536	1
9115377	1
7400050	1
78144327	1
17224870	1
71161070	1
17214247	1
37604314	1
9115749	1
7784607	1
7489002	1
7972932	1
66822452	1
86706162	1
50957895	1
7488871	1
7816451	1
7815845	1
86734998	1
86702914	1
50962016	1
7972340	1
69890379	1
9115104	1
37589097	1
7401603	1
9115105	1
80799254	1
7815297	1
86696857	1
7972312	1
51001636	1
6635395	1
7957397	1
71134663	1
69861442	1
7393020	1
7395469	1
7957364	1
59723403	1
71171735	1
66031046	1
7577917	1
7839076	1
9115356	1
7784262	1
71170563	1
86740461	1
78122134	1
40495354	1
78076578	1
69861796	1
64324721	1
7972423	1
7781196	1
6481081	1
7575258	1
40495370	1
64356569	1
7957614	1
39525437	1
14711943	1
25241332	1
7957729	1
9115347	1
59657315	1
37611182	1
24189063	1
6833277	1
85242555	1
9271487	1
91684705	1
9211133	1
95496886	1
5743661	1
9209802	1
91748134	1
91717350	1
7974985	1
95538275	1
97072559	1
9270566	1
9211064	1
13569495	1
7999782	1
9046589	1
9038948	1
7999701	1
9270794	1
9038985	1
7933864	1
95536071	1
43660635	1
9211008	1
71437847	1
9209645	1
9195820	1
94376720	1
61866396	1
9270308	1
61809162	1
7974986	1
7975389	1
61584868	1
60897443	1
9271901	1
7975232	1
7955434	1
96062496	1
9271242	1
95482552	1
9270917	1
9210270	1
9210371	1
9038760	1
7975483	1
9271376	1
85229099	1
96066423	1
7955504	1
9038594	1
9210690	1
9039151	1
9271977	1
9110096	1
60899457	1
9271269	1
9209974	1
7933454	1
72877486	1
85228646	1
61865010	1
9209472	1
7998885	1
9209748	1
85197566	1
9038596	1
9211046	1
43600279	1
7975088	1
9272004	1
7955523	1
9209599	1
9270995	1
26822207	1
36874166	1
6839363	1
9270336	1
7934252	1
7974799	1
9038191	1
9195813	1
96021591	1
9195814	1
95486585	1
9046229	1
60890441	1
9209487	1
7975157	1
9211227	1
97088142	1
7933731	1
9270968	1
7933763	1
7975435	1
7999765	1
85246906	1
61592060	1
9038901	1
5232809	1
7998914	1
9039247	1
96073977	1
48205594	1
9195816	1
43655283	1
71418544	1
7975111	1
9210719	1
9210428	1
9270427	1
9270554	1
91685186	1
6833130	1
72062803	1
9209563	1
26771393	1
9038500	1
7998960	1
5728233	1
9210954	1
9195819	1
15712846	1
9209418	1
9210642	1
9271443	1
61805125	1
9271909	1
43606410	1
13554172	1
9196066	1
72862387	1
13558108	1
9211231	1
9209542	1
5742117	1
7799387	1
9210169	1
9038750	1
9209629	1
97109318	1
7934115	1
9270624	1
9210408	1
7933688	1
9209981	1
36815827	1
9270532	1
13590801	1
9209700	1
9271626	1
9209745	1
7974940	1
9271770	1
7801095	1
81728580	1
7724297	1
7574676	1
7680631	1
41031866	1
40086131	1
7703616	1
6666566	1
9049646	1
40035167	1
7192610	1
7982920	1
14440163	1
40047103	1
6164583	1
47711407	1
71667117	1
7751000	1
14390737	1
40033651	1
6715898	1
47674606	1
5656730	1
87896464	1
20540550	1
9024241	1
56730838	1
26216337	1
22922120	1
22867998	1
7750828	1
14419954	1
84191558	1
75967303	1
7751310	1
6718523	1
9024974	1
20586184	1
41026332	1
16733091	1
20262892	1
7982583	1
87897016	1
22863506	1
5843708	1
6716533	1
10395974	1
7982641	1
7702934	1
84134719	1
9048856	1
7750396	1
20566537	1
5656280	1
20553543	1
41379121	1
56742257	1
5846401	1
7752736	1
9024271	1
84183645	1
81691040	1
6718385	1
85694431	1
16761304	1
81706741	1
6718839	1
85700443	1
10395053	1
7983076	1
41391598	1
7701729	1
73267096	1
7982570	1
5654242	1
20265229	1
6666827	1
85667257	1
75951503	1
6165300	1
44249786	1
7679806	1
6667484	1
41382835	1
33695811	1
71666133	1
71648128	1
20561235	1
7702115	1
7724451	1
5656010	1
75965755	1
49155062	1
44264010	1
40992431	1
7723904	1
71659633	1
7703615	1
9025246	1
75980826	1
20532280	1
6666250	1
7982546	1
7983241	1
41386980	1
44289791	1
9025016	1
75978685	1
33695273	1
71639824	1
75935055	1
26190772	1
33732549	1
85695990	1
74808222	1
22927976	1
5279149	1
9247792	1
83318210	1
9315025	1
57217326	1
9247527	1
9301808	1
9077632	1
7971714	1
16490244	1
81214976	1
9044477	1
5275057	1
66135956	1
66122254	1
9246964	1
9247088	1
9247965	1
9247521	1
9246929	1
70936161	1
9247685	1
89361098	1
9247758	1
7912974	1
9076913	1
6342205	1
7971346	1
42116264	1
9246407	1
67471503	1
9077293	1
17716602	1
89420896	1
67463753	1
7621610	1
42106533	1
7625583	1
7971750	1
81250889	1
57188199	1
81285120	1
7624753	1
9077082	1
16504693	1
9045290	1
9247159	1
5866311	1
9044652	1
9076846	1
6630597	1
9077346	1
57208929	1
7972054	1
16543703	1
7971687	1
5320425	1
7971404	1
9247841	1
9315106	1
7911587	1
9315943	1
5924883	1
9077109	1
9077199	1
49989378	1
70915861	1
9044509	1
6631892	1
89314262	1
5324403	1
9302292	1
70903839	1
9248004	1
89359478	1
62511068	1
9044224	1
7911465	1
9248013	1
7912946	1
7971423	1
64890598	1
9246584	1
9077303	1
42164338	1
9315359	1
64953597	1
9302701	1
9315768	1
62517501	1
9044223	1
5862537	1
89411965	1
62509193	1
9076728	1
50035047	1
5322365	1
7911593	1
64889321	1
70920391	1
9302283	1
83366755	1
83362271	1
9315263	1
9301836	1
93515236	1
9246369	1
9247827	1
5925283	1
6632804	1
44460091	1
9077651	1
9302132	1
66130053	1
9315497	1
5924888	1
7971598	1
9247833	1
9315558	1
9302019	1
6676085	1
9315274	1
42165809	1
9044491	1
70951896	1
9247990	1
9315034	1
9315099	1
9246910	1
50001430	1
70886219	1
50059518	1
9247295	1
17705313	1
9247440	1
9076754	1
9302882	1
6674763	1
51365594	1
9145719	1
9142664	1
27081459	1
9206950	1
9145561	1
10832348	1
9142351	1
10341850	1
9230460	1
18882444	1
9206483	1
9206783	1
7628764	1
72688782	1
9206399	1
9230554	1
43944540	1
9146474	1
75327260	1
86604957	1
9207595	1
75347006	1
9207386	1
43922724	1
42489137	1
34255902	1
21327621	1
9230132	1
92343447	1
9145738	1
9145638	1
9146179	1
13487659	1
72715482	1
9231706	1
9206042	1
9230102	1
94586455	1
9142695	1
9146281	1
95182415	1
9207576	1
72699512	1
9146627	1
88649107	1
43877848	1
9206400	1
7759759	1
9143278	1
9142788	1
9142322	1
7758383	1
43921381	1
82001125	1
9206047	1
10312036	1
9230251	1
10328939	1
9206012	1
9230735	1
9229846	1
13481275	1
9146462	1
9206311	1
18862127	1
65057953	1
7629674	1
9145875	1
9317433	1
6743367	1
9317775	1
21338764	1
9231388	1
9316562	1
9047290	1
9206766	1
7628547	1
94601125	1
65064762	1
75321120	1
9206661	1
9146472	1
5816561	1
9142453	1
20205232	1
42522413	1
18873542	1
21337535	1
9142648	1
21345244	1
94623171	1
87396173	1
9230552	1
9146648	1
9316565	1
18844449	1
34210441	1
72722040	1
5915290	1
43912095	1
7629345	1
86574545	1
67983032	1
9230003	1
9142421	1
42504339	1
9207543	1
9146520	1
9230247	1
21303346	1
9047612	1
9205946	1
9207030	1
7759259	1
9317403	1
94614869	1
9230048	1
9317731	1
9206346	1
7759803	1
95111308	1
6744217	1
5816033	1
87384565	1
9231121	1
75380905	1
9230626	1
7758225	1
9317409	1
9206202	1
95158391	1
21343791	1
13489096	1
7760107	1
88644587	1
49938940	1
67953186	1
9206419	1
86559221	1
7629453	1
88693659	1
7628656	1
5916404	1
5813221	1
9146267	1
9146449	1
9316606	1
9047021	1
43933058	1
7629983	1
5916723	1
9142416	1
42920610	1
9231385	1
42485143	1
34210079	1
86571905	1
7630971	1
6747757	1
9206762	1
43940012	1
9046825	1
88676733	1
43928815	1
86602881	1
42499597	1
67973492	1
49918387	1
20224101	1
5815928	1
5814042	1
9206686	1
13503198	1
65056557	1
7630994	1
27065394	1
92303058	1
9146610	1
9230942	1
34215881	1
9146429	1
72590066	1
9142426	1
9231348	1
92329394	1
95839944	1
11350091	1
73952595	1
51295739	1
9243901	1
42991603	1
9243847	1
54082435	1
7684615	1
7611702	1
9243019	1
9243065	1
9128148	1
7965880	1
17447544	1
9120930	1
97800884	1
9243697	1
7966013	1
9120805	1
92075353	1
97787176	1
9287712	1
11319741	1
9127586	1
73940215	1
9242767	1
9128096	1
7684576	1
7966283	1
11354228	1
7683933	1
42948664	1
7591175	1
57521224	1
34534421	1
29154026	1
57470881	1
95236487	1
7965771	1
34744587	1
19507136	1
7614175	1
9243254	1
9286665	1
9244131	1
9121626	1
57512518	1
7966314	1
9120622	1
9243014	1
9287685	1
9128176	1
54080379	1
9286709	1
7965573	1
73184846	1
59614218	1
11319909	1
92125917	1
57486259	1
9120900	1
7594883	1
6894009	1
97772521	1
57532042	1
73182685	1
7965570	1
9243664	1
29156033	1
95813606	1
95843573	1
9244378	1
34740463	1
45720671	1
9121396	1
52313709	1
9120841	1
42952870	1
51300277	1
17442972	1
97776678	1
51314667	1
9127665	1
93651975	1
6889534	1
9287999	1
7965723	1
7965824	1
55421065	1
19464268	1
51297354	1
55369594	1
73984769	1
9243519	1
9243712	1
9244417	1
7965737	1
11345434	1
7017638	1
9127594	1
59637915	1
9287361	1
7965658	1
51292520	1
9121302	1
34486962	1
57469170	1
30378842	1
11330115	1
9244499	1
93658340	1
95805684	1
9243277	1
52329354	1
73169215	1
73997033	1
9243094	1
7965795	1
9120910	1
7613217	1
59606359	1
92076515	1
6419311	1
73949802	1
51252272	1
9243199	1
9244124	1
73969775	1
9243106	1
97782851	1
32881394	1
30345212	1
7611724	1
51309010	1
17456736	1
9128157	1
7592826	1
52342842	1
55410102	1
73949033	1
73954848	1
97743053	1
7613090	1
9287099	1
9243278	1
11340104	1
7910131	1
85375799	1
9034314	1
9012651	1
9077932	1
7910182	1
24938418	1
9012750	1
6327739	1
12643121	1
9069114	1
24881879	1
75904442	1
7823712	1
24907352	1
75863109	1
83677410	1
88264879	1
9077785	1
83279481	1
83307726	1
75883926	1
9077937	1
7746548	1
7747630	1
9082899	1
7919089	1
5788240	1
9014988	1
83961635	1
82522100	1
9078187	1
9078189	1
7910147	1
9082912	1
9015501	1
7938668	1
7910127	1
83941479	1
9034244	1
82516975	1
97662842	1
31501825	1
9077929	1
7772989	1
7910111	1
83652691	1
7989853	1
97695465	1
7989240	1
9082528	1
9082893	1
9082547	1
7772775	1
83307104	1
9078739	1
69155474	1
85351082	1
69114925	1
6259731	1
7909873	1
6324174	1
7681665	1
9014739	1
69128146	1
69113032	1
7989891	1
7773176	1
7939042	1
88324273	1
75874603	1
7910134	1
9077728	1
9034439	1
7909875	1
7773069	1
9015934	1
6330213	1
9082127	1
7823155	1
9082950	1
5787224	1
83623623	1
9082954	1
9078380	1
7823921	1
24925011	1
5789910	1
9082788	1
7909876	1
9077893	1
9015694	1
57249914	1
7910135	1
7989679	1
9015685	1
12654921	1
7919101	1
5787877	1
88313543	1
9082972	1
9083054	1
88312534	1
31446997	1
9034681	1
83945376	1
97689493	1
83292175	1
7773776	1
44954060	1
6507285	1
83919923	1
9034177	1
6261393	1
5787784	1
9082882	1
9012210	1
7746646	1
7938904	1
9034035	1
24881378	1
83625546	1
7910139	1
28643930	1
6379708	1
9034306	1
9078245	1
9012389	1
6508328	1
7938996	1
9082808	1
9068979	1
97680491	1
9033983	1
7910128	1
9078585	1
7771688	1
5789555	1
6380198	1
24880995	1
7918907	1
9016012	1
9015529	1
75901793	1
9078160	1
9034640	1
6510218	1
6507682	1
9078577	1
7746625	1
9082659	1
7682580	1
9077696	1
6253879	1
7910142	1
97663502	1
7938418	1
9077770	1
7989896	1
7770357	1
44975566	1
44967022	1
7989454	1
7918427	1
9083039	1
7910130	1
83547543	1
9012707	1
57235883	1
5788047	1
6509716	1
9078444	1
9082779	1
7909925	1
7682063	1
6257238	1
7825083	1
7585350	1
9019234	1
67383773	1
48879205	1
6962220	1
5861783	1
48901599	1
27481242	1
13941329	1
17539432	1
45171705	1
36349082	1
7583833	1
45191139	1
45202431	1
10608597	1
83994412	1
38133182	1
55874600	1
67192851	1
92781056	1
64677585	1
7588037	1
9000050	1
9019001	1
9199734	1
6733032	1
7774741	1
13943976	1
48913034	1
67197459	1
47637550	1
7776497	1
80261556	1
37852169	1
37875391	1
67343758	1
9018915	1
7774865	1
48138108	1
5859692	1
9199739	1
80309125	1
92776287	1
70643497	1
7775277	1
9199758	1
64673801	1
9199740	1
70616303	1
82175558	1
17545778	1
36343414	1
7775190	1
80306140	1
9102601	1
64718542	1
38132630	1
82179526	1
55845070	1
55850960	1
27528592	1
48896949	1
22360061	1
9198894	1
69522575	1
70620028	1
38121856	1
48110266	1
7584370	1
82169338	1
38130859	1
67318964	1
10647997	1
9199746	1
84000904	1
5784634	1
80282665	1
38118054	1
7584378	1
5858901	1
48109657	1
80281339	1
7775952	1
7776238	1
5785296	1
9198897	1
27471633	1
48922640	1
45185014	1
22416721	1
7774405	1
48922355	1
9102506	1
69492730	1
9200365	1
48908887	1
45141726	1
67224996	1
5473921	1
7776554	1
71035095	1
69516923	1
27526240	1
10603700	1
9000575	1
7776021	1
37854124	1
64713171	1
64710640	1
71066627	1
84035103	1
9000089	1
5248250	1
46330529	1
14110816	1
12464049	1
9205609	1
9135363	1
43397225	1
9135515	1
5261599	1
71288056	1
9129201	1
66171780	1
67818642	1
9204717	1
39600074	1
9135010	1
18104656	1
66200765	1
24982666	1
66136723	1
22776940	1
81886329	1
7997111	1
22767055	1
80059265	1
79928430	1
9128508	1
9135715	1
79910792	1
9204326	1
9128829	1
9205726	1
79920932	1
9204662	1
96420820	1
24992211	1
79954410	1
24944955	1
22945479	1
7785495	1
9135299	1
5584178	1
9135393	1
49705196	1
9134918	1
9204841	1
46943457	1
9129378	1
9205380	1
22961902	1
13057183	1
22715644	1
13039888	1
13096277	1
51727400	1
9135005	1
18062245	1
92409455	1
5885631	1
7997043	1
88701981	1
9204538	1
9204912	1
5634756	1
71281213	1
71292196	1
6563552	1
39593380	1
9135721	1
46689070	1
7997026	1
9128642	1
22751667	1
46366874	1
9205132	1
9205192	1
46730885	1
7997455	1
9128668	1
46326813	1
18084986	1
46327409	1
39600801	1
9128583	1
71302790	1
12468816	1
22712339	1
7997702	1
39647424	1
9205602	1
46747800	1
5582736	1
9129053	1
81855601	1
81827766	1
39605255	1
13061107	1
9204913	1
43407423	1
43425325	1
9135432	1
49703212	1
46690121	1
9205429	1
9055249	1
9204385	1
9205493	1
43427974	1
7265895	1
81877176	1
12512509	1
49715930	1
39594437	1
46902195	1
9204417	1
24969591	1
9129246	1
9134893	1
49736121	1
51749531	1
9205698	1
9204780	1
9204441	1
5587207	1
9267784	1
70809562	1
7948612	1
38348210	1
13881761	1
13827026	1
6065871	1
19857039	1
7646993	1
13847901	1
38287758	1
9138912	1
9267072	1
9343969	1
19817971	1
6067127	1
87603177	1
9138368	1
15338061	1
68052557	1
38317254	1
69092188	1
9343608	1
28103170	1
93956359	1
68043193	1
26643356	1
9268036	1
9138877	1
56134427	1
49673272	1
28550731	1
43207577	1
9343108	1
28578140	1
9138699	1
7647096	1
91145945	1
26674870	1
38301889	1
13882286	1
93955353	1
9267890	1
26080733	1
26043253	1
15315788	1
9267996	1
55289550	1
9138404	1
89824296	1
6066098	1
26632215	1
43037679	1
9266844	1
55290424	1
49650155	1
9267798	1
7948163	1
55249019	1
9267568	1
70855231	1
87634165	1
9138740	1
69099542	1
69083002	1
9138603	1
7648162	1
37362615	1
7201547	1
9266968	1
69056665	1
9267772	1
9138790	1
55263142	1
11037276	1
9266617	1
89842868	1
99849942	1
91119673	1
49624976	1
9266810	1
6066709	1
15302554	1
49626588	1
9138042	1
11029142	1
91113361	1
7786861	1
56170475	1
43180589	1
7786858	1
7648360	1
9266716	1
9268026	1
9138874	1
6066493	1
37387881	1
11017861	1
15356539	1
26108102	1
70845069	1
43171978	1
56140964	1
15347683	1
6061821	1
19870842	1
6066356	1
87658806	1
55245964	1
55706607	1
26043898	1
89844092	1
68048169	1
9266947	1
7832562	1
55698449	1
9266892	1
75781943	1
7210347	1
94495961	1
29800500	1
7642487	1
7644166	1
7709699	1
57579937	1
29786022	1
52838775	1
9149962	1
6690132	1
15125781	1
96906613	1
7373660	1
96940015	1
7988114	1
7375740	1
5256674	1
7852450	1
97972850	1
9150740	1
9070235	1
94490377	1
7853299	1
5936444	1
98029275	1
83006128	1
7471505	1
7854233	1
9150411	1
6955710	1
5170240	1
97985865	1
89042728	1
89024066	1
61066565	1
75777331	1
5172411	1
7372553	1
5256675	1
61069941	1
15134104	1
6529037	1
7212787	1
7714215	1
88990723	1
7644295	1
7374821	1
94500682	1
9069793	1
7642854	1
37290303	1
9150073	1
9004683	1
7212979	1
75783123	1
7988099	1
75819074	1
71253163	1
89047526	1
7714573	1
9299891	1
9300388	1
42200500	1
7713436	1
9150237	1
75760508	1
61230540	1
29783385	1
44985001	1
7643563	1
9150112	1
7853672	1
7987895	1
52851486	1
6526912	1
9072154	1
97991657	1
7987698	1
89001901	1
7707941	1
71399578	1
89009467	1
82984430	1
7988147	1
98018220	1
52832853	1
94455315	1
7372869	1
76807522	1
7851621	1
9070291	1
7711311	1
42219632	1
7709813	1
7987940	1
42198775	1
9150224	1
7642716	1
15109557	1
7642605	1
9150079	1
6957778	1
75822900	1
96977886	1
15119077	1
61215652	1
89039511	1
7713521	1
9150317	1
75812366	1
7659620	1
5936353	1
44995935	1
61069880	1
71222535	1
7851785	1
15094454	1
52842711	1
6688831	1
61131302	1
61074515	1
7852812	1
45038658	1
7713663	1
9070370	1
7657808	1
9254390	1
9254027	1
7974715	1
7974032	1
6271165	1
6624362	1
98742837	1
7951626	1
7951577	1
7951400	1
9008511	1
7954860	1
77481841	1
6625658	1
42048520	1
98569085	1
86520626	1
6625673	1
9254045	1
9254083	1
96523664	1
9006617	1
5673318	1
7951452	1
9254488	1
24142586	1
64746299	1
89742999	1
18618533	1
9006027	1
5672253	1
9255326	1
9007864	1
6624656	1
7951818	1
9254094	1
6624501	1
9255575	1
6276734	1
9308262	1
18663303	1
24119698	1
77488701	1
42097304	1
48385275	1
66947811	1
9321336	1
9254897	1
9254376	1
9321866	1
96522525	1
6270635	1
9321412	1
9254227	1
9005974	1
7954835	1
69380157	1
9254966	1
9254466	1
66988242	1
69322808	1
6625945	1
69385573	1
7974423	1
96476900	1
9322460	1
64813270	1
6624890	1
9255737	1
9309505	1
5672611	1
9254709	1
69380540	1
7255610	1
66967923	1
6040439	1
96475871	1
7254102	1
7955082	1
9308780	1
9255581	1
9254395	1
6278996	1
9254441	1
72234288	1
7974513	1
84815426	1
7954782	1
77524909	1
72212638	1
98624810	1
72270317	1
9321316	1
66958893	1
98732998	1
7974133	1
66952554	1
6623971	1
72250638	1
18654941	1
89790297	1
7955133	1
6279193	1
7951299	1
7912045	1
9006764	1
7951580	1
7912108	1
28222650	1
24123005	1
86476572	1
86513105	1
5673581	1
9322467	1
7974448	1
96515033	1
9254245	1
55495497	1
6271753	1
9254442	1
89758336	1
9253978	1
9321914	1
96480457	1
72253949	1
98583698	1
86482135	1
84799885	1
96487151	1
64216892	1
89758568	1
9008258	1
67011341	1
9254681	1
9309309	1
66998742	1
7954905	1
7951432	1
9254834	1
9268899	1
9268360	1
9119238	1
9253532	1
9021216	1
51945733	1
21401540	1
9253468	1
77428532	1
9119084	1
9321191	1
99778759	1
9269779	1
9021145	1
9268822	1
9269235	1
7514529	1
7518872	1
56349506	1
98869090	1
41794712	1
31034422	1
82442160	1
5659984	1
9252205	1
11683647	1
7842628	1
9252293	1
9320553	1
9253754	1
7513161	1
9329050	1
9329144	1
56347893	1
7061830	1
82488043	1
58714158	1
41803347	1
9268547	1
9119283	1
9329551	1
9268620	1
9253340	1
9118732	1
5658297	1
36286744	1
9118325	1
11658274	1
7930200	1
6706078	1
35685756	1
9119364	1
7929605	1
12012949	1
86144896	1
56384721	1
9251998	1
9118943	1
9253082	1
9118837	1
30635271	1
9269065	1
9270178	1
58756047	1
9252664	1
77445992	1
7929488	1
7063242	1
35657370	1
86098198	1
9252534	1
9321113	1
9328700	1
30655342	1
51913953	1
58752846	1
9269861	1
9119033	1
9268381	1
9269682	1
5660578	1
9253505	1
9269058	1
9328858	1
98874663	1
36242292	1
56417950	1
7843642	1
57946847	1
58756953	1
9253885	1
9118523	1
7843067	1
9253491	1
24795861	1
9321034	1
41738537	1
20100010	1
57940141	1
9320735	1
7516556	1
9329275	1
9119138	1
20120846	1
51968950	1
7841173	1
9118761	1
35722585	1
56413767	1
9268566	1
82480270	1
35683700	1
9320496	1
9328462	1
5555682	1
9252539	1
58746184	1
9119026	1
9268823	1
7929550	1
7843589	1
9118671	1
9252867	1
9320500	1
9269189	1
6589360	1
9269201	1
20134755	1
9252255	1
7930214	1
5557657	1
9253899	1
9268936	1
6441391	1
7072171	1
7515712	1
5658196	1
57915098	1
41766358	1
9268514	1
24839095	1
5659983	1
9268622	1
36284978	1
30680283	1
36280101	1
9119119	1
11701772	1
9269847	1
9118516	1
9252638	1
7930315	1
36286476	1
9269796	1
9253696	1
9320046	1
98879663	1
9096710	1
36292107	1
9252931	1
57929605	1
12038305	1
36293293	1
11662108	1
9252201	1
9118291	1
21407795	1
18577728	1
7962433	1
54389017	1
9059324	1
7939371	1
60340657	1
19756767	1
7156507	1
77750370	1
7928681	1
7906073	1
9193165	1
7158243	1
19807455	1
44479870	1
6875833	1
9193464	1
26557985	1
11872604	1
9194494	1
53720367	1
9193103	1
49508492	1
96707318	1
33177654	1
54223008	1
7962577	1
11868435	1
7906072	1
9193478	1
46238056	1
71888894	1
46236510	1
11842754	1
9009876	1
7415268	1
77721048	1
7939860	1
60376306	1
9193138	1
7962434	1
71857077	1
60339546	1
6875096	1
45489488	1
18556468	1
7906194	1
19776517	1
7962639	1
54199162	1
46496907	1
53679124	1
9009875	1
7415804	1
9059059	1
9193499	1
18564981	1
9193342	1
18572803	1
9193461	1
53677771	1
53728463	1
7962456	1
9009816	1
60389523	1
18594364	1
44492029	1
9060357	1
71841703	1
7928583	1
12842626	1
7761239	1
46187014	1
11844137	1
46214455	1
5528248	1
7157726	1
45629420	1
19747721	1
6576464	1
54195361	1
9193955	1
7360876	1
80502096	1
45466167	1
9193476	1
18542944	1
5565207	1
6876390	1
49525414	1
45450947	1
44503984	1
9193498	1
45587115	1
54390898	1
9193458	1
9194495	1
80476184	1
7962605	1
9193959	1
53733207	1
9193467	1
7962703	1
7962711	1
44532284	1
6875166	1
47432958	1
9193455	1
9193500	1
45590770	1
7158035	1
9193978	1
9193159	1
9059609	1
7418189	1
9058802	1
7962838	1
54371121	1
11852505	1
49471142	1
7940101	1
9136803	1
91293349	1
45903600	1
9075420	1
32278018	1
7930987	1
7956753	1
9285014	1
7956103	1
7919565	1
15870336	1
25502926	1
7956297	1
7927879	1
7919502	1
9285538	1
9135925	1
7930824	1
7964921	1
9075258	1
7956832	1
9136890	1
9136528	1
5628173	1
7661108	1
16693431	1
16665162	1
64665961	1
6141804	1
7956299	1
7928142	1
7956964	1
9074791	1
29716698	1
7662604	1
7927665	1
7964940	1
5879760	1
7919245	1
16415843	1
7956522	1
9285319	1
16058419	1
7928260	1
13701212	1
7956927	1
5878722	1
87860097	1
7324040	1
5875589	1
7940358	1
7965243	1
12216165	1
7726487	1
7322899	1
64663967	1
7660613	1
9285016	1
9136253	1
32290381	1
32245434	1
9285304	1
16394294	1
98239756	1
91280784	1
5709257	1
7660918	1
57714380	1
7928253	1
91256312	1
5707744	1
7661990	1
72492200	1
7661512	1
9074596	1
13734636	1
9075485	1
9074729	1
9136764	1
7919380	1
7931033	1
7956605	1
9074930	1
32240684	1
7928256	1
57710713	1
9074709	1
7323005	1
15891053	1
9074675	1
16377451	1
6139455	1
9075476	1
13689523	1
97300978	1
7930753	1
15919645	1
25524444	1
5281811	1
16068808	1
64626626	1
52932222	1
13715356	1
98675217	1
5875482	1
7965027	1
16387177	1
98201464	1
7321783	1
7661221	1
7920903	1
7940969	1
9075508	1
9074499	1
72460451	1
6531535	1
15907521	1
7931195	1
52997912	1
7322401	1
7928131	1
21232917	1
7940765	1
7940377	1
7661865	1
64648355	1
21288148	1
9136182	1
7919455	1
6139073	1
7940482	1
52959324	1
9074818	1
9136560	1
16356290	1
7940525	1
7956382	1
45881309	1
9136819	1
7965193	1
57684451	1
7919497	1
9136724	1
9074507	1
16395066	1
7919500	1
86017057	1
9236596	1
23496239	1
9293635	1
54867445	1
9236093	1
9212772	1
14569461	1
35218438	1
35260406	1
56998716	1
5849357	1
28786743	1
31931810	1
9236213	1
9149826	1
56930638	1
5848623	1
9294015	1
7656013	1
64847084	1
9293178	1
27991302	1
35231093	1
56952531	1
99741786	1
9235806	1
9211493	1
68553228	1
79587750	1
9212003	1
5849756	1
47810337	1
7955320	1
79630667	1
9235465	1
7906790	1
90292887	1
77180333	1
33479469	1
24027828	1
9236590	1
9236755	1
27995078	1
47837864	1
9236084	1
44352849	1
54867267	1
35272140	1
24035876	1
9236358	1
54900587	1
9236005	1
33510711	1
90315818	1
79603667	1
24058798	1
9236658	1
9211643	1
47803359	1
53011297	1
96992218	1
7906783	1
9212046	1
53046943	1
9237102	1
9235556	1
79605680	1
9236118	1
5849863	1
77168979	1
9236521	1
48725104	1
5848621	1
97045995	1
9237279	1
9235817	1
9212763	1
14567999	1
6356010	1
77110905	1
7731992	1
9293166	1
7955244	1
9148842	1
9236503	1
9212062	1
86056297	1
7906789	1
77117534	1
6895128	1
7656741	1
9236572	1
9212265	1
33482537	1
9294264	1
14569307	1
48797771	1
9212448	1
5849636	1
9236172	1
9211833	1
23449839	1
9235582	1
48741985	1
9212726	1
64818755	1
47927286	1
99713042	1
9212045	1
9294076	1
23468559	1
47814950	1
9237186	1
9237291	1
9235527	1
79614505	1
9149418	1
28786536	1
9236248	1
9236474	1
44362086	1
24072965	1
6895707	1
68648287	1
99712058	1
7734923	1
44341860	1
9237003	1
9213048	1
7656308	1
6354659	1
9293274	1
9293535	1
9236270	1
33523068	1
9212098	1
28812494	1
7656053	1
9148882	1
5561980	1
6352003	1
7656384	1
5849464	1
44333954	1
68557360	1
9212314	1
47802024	1
28777250	1
27971840	1
9211532	1
9149037	1
68650437	1
7987002	1
90372459	1
92162408	1
74130227	1
7863200	1
7864689	1
5908084	1
9075879	1
7986279	1
7863552	1
93448429	1
7904401	1
74214525	1
9075711	1
21866900	1
9003336	1
58701191	1
7986915	1
6751277	1
58664975	1
24717247	1
13007890	1
7887054	1
58652762	1
74194680	1
90382717	1
18111444	1
20715939	1
5268370	1
5489721	1
9076584	1
74132855	1
10545964	1
74125178	1
18164538	1
7986312	1
58683699	1
87075295	1
24747909	1
9076224	1
9076350	1
5873546	1
20682456	1
6970628	1
6919731	1
9076559	1
7908045	1
7958297	1
7883849	1
20667150	1
9075612	1
41667189	1
20674060	1
92156501	1
21909073	1
7632394	1
20690682	1
7958628	1
7887176	1
90350443	1
6921322	1
7863758	1
9075714	1
7866208	1
7865550	1
7958251	1
9075796	1
92148955	1
74097243	1
9076322	1
72986951	1
21919142	1
18144134	1
6749877	1
7904761	1
93416477	1
92140450	1
6919783	1
5487175	1
7886821	1
12978747	1
7908040	1
7986353	1
74170105	1
92983628	1
7957926	1
74276735	1
23732948	1
80445004	1
74113804	1
7986668	1
92142469	1
7908039	1
58651088	1
6920482	1
6971060	1
9002947	1
7986649	1
87105722	1
7958596	1
5909455	1
6751588	1
9003726	1
7987152	1
9075627	1
7863457	1
5487270	1
7087630	1
7632192	1
80426149	1
7863476	1
9075570	1
7887281	1
9076524	1
7633042	1
80414676	1
80401637	1
7885770	1
5910336	1
5491826	1
7986922	1
10560398	1
23762293	1
9075650	1
58647406	1
7958230	1
7885544	1
23737178	1
7634672	1
6752372	1
24789255	1
6753796	1
7863479	1
7986788	1
30009905	1
9084394	1
9241273	1
27807307	1
9083962	1
7777452	1
9053366	1
9084637	1
85422449	1
9241514	1
9084406	1
9053523	1
50410212	1
9083916	1
9241218	1
9084495	1
9241304	1
78791379	1
9242034	1
9084555	1
34395924	1
9025726	1
9084062	1
9084542	1
84552977	1
9241072	1
84572082	1
90400158	1
7635009	1
9242334	1
18942997	1
63404322	1
7727364	1
44857233	1
6377727	1
27784824	1
9241589	1
9084642	1
9084585	1
44881976	1
57390608	1
9242577	1
9084181	1
50412105	1
57416447	1
7635265	1
60677925	1
57430380	1
49592753	1
49556236	1
7990449	1
85426697	1
9084526	1
9084311	1
63366135	1
50415548	1
7172727	1
9084537	1
5400856	1
9241721	1
29981822	1
9242453	1
9241901	1
57463346	1
9083911	1
18297954	1
69552204	1
50400073	1
85420163	1
34359641	1
9240861	1
9083954	1
9026819	1
5399688	1
7572569	1
9084628	1
18936705	1
18308868	1
7638953	1
7573747	1
40436905	1
9084732	1
9084699	1
9241818	1
9241629	1
9084234	1
9084693	1
9084200	1
6700755	1
69574380	1
44861977	1
34338902	1
49557500	1
18926414	1
9241291	1
9241803	1
9241053	1
50446444	1
63367574	1
9084715	1
9083886	1
49085779	1
57442756	1
9084237	1
9242644	1
9084520	1
7970346	1
44902629	1
9084218	1
7573384	1
34384848	1
9084047	1
9084108	1
50506487	1
9242206	1
7728546	1
50376026	1
9084232	1
9084203	1
18263917	1
75738336	1
50462035	1
9242058	1
34386455	1
7728014	1
9084384	1
7990726	1
18269474	1
18258717	1
49540844	1
57411323	1
64258654	1
50419296	1
7573815	1
49065653	1
7990879	1
9084735	1
75689648	1
9084639	1
9242565	1
79205730	1
9083858	1
69584745	1
63365096	1
7572212	1
63379339	1
69955589	1
7571109	1
18898865	1
7990318	1
60623972	1
69554656	1
78771044	1
69975396	1
9242364	1
9084444	1
7990061	1
84515217	1
9084044	1
9241700	1
84507335	1
9084120	1
9084503	1
9084025	1
50383071	1
9084644	1
9242181	1
6377816	1
81958493	1
9242530	1
9242645	1
9084490	1
9084676	1
18310113	1
44847496	1
9084013	1
9026254	1
79133195	1
27755840	1
29990417	1
9241365	1
7353803	1
32642107	1
32623168	1
56680032	1
9214463	1
9214955	1
21766851	1
9028083	1
5715047	1
22072725	1
9214730	1
6430820	1
7350367	1
76994171	1
22150523	1
5719379	1
9214147	1
7346198	1
9127205	1
5717397	1
9213735	1
19035362	1
83108982	1
9027461	1
9213742	1
9214306	1
9126950	1
70201060	1
9213290	1
9027808	1
59067391	1
9220656	1
22175386	1
9127191	1
9126438	1
5715546	1
22076088	1
5714897	1
48973044	1
82224582	1
9213645	1
6319863	1
51045536	1
19689498	1
19743901	1
9221397	1
42020357	1
56678674	1
70193766	1
7806295	1
6428397	1
9221449	1
19303703	1
9221394	1
87685567	1
9220662	1
6430927	1
9213960	1
22079412	1
66440433	1
48960578	1
9214976	1
56641693	1
82262955	1
13755922	1
7347906	1
55063047	1
21731883	1
9213151	1
22179682	1
9126761	1
92001886	1
51058507	1
9220845	1
19036326	1
5717570	1
9213888	1
5697414	1
9213644	1
22080199	1
9213455	1
87715942	1
34790716	1
9213771	1
9214063	1
9027060	1
70189400	1
9214695	1
13804703	1
73360227	1
19286325	1
7689941	1
42021925	1
5576730	1
70176124	1
9220677	1
70190935	1
83127982	1
9214400	1
19303707	1
22146816	1
32648772	1
9214605	1
17334966	1
83161041	1
13813052	1
21766243	1
17356202	1
13759282	1
73392709	1
55008292	1
9221115	1
66461549	1
92030042	1
7346330	1
9027188	1
5720576	1
17367828	1
19101194	1
7692315	1
9027455	1
9213396	1
9126337	1
13814999	1
22183090	1
19297399	1
55037006	1
66465355	1
82200950	1
9221788	1
9214033	1
19093376	1
77020237	1
9127026	1
48804998	1
9221988	1
9126581	1
9213477	1
55038369	1
22101972	1
9221850	1
73890982	1
6316506	1
76969438	1
9027551	1
22173201	1
42018168	1
13751542	1
9027828	1
9221322	1
9126760	1
55026851	1
49014921	1
7692152	1
83143367	1
7346444	1
9220846	1
56644365	1
87696323	1
56673565	1
36078656	1
9214556	1
92027700	1
83142345	1
9213291	1
9221696	1
9213940	1
9127117	1
66501631	1
9222277	1
48966403	1
73387617	1
7353611	1
21932778	1
9014446	1
9157365	1
81496394	1
6682569	1
54688204	1
81461255	1
21937176	1
63328138	1
9014672	1
15161489	1
32970147	1
6683263	1
68251092	1
63323719	1
37214720	1
63341666	1
9124039	1
58040958	1
22485050	1
9124033	1
47944723	1
47987900	1
21990579	1
33421548	1
29389402	1
22432972	1
6240453	1
81477413	1
6684325	1
83849566	1
32737061	1
5131194	1
5615076	1
81454439	1
22471572	1
9157342	1
69692428	1
83857473	1
68257081	1
29353203	1
81485750	1
93240836	1
6682565	1
58601979	1
6045707	1
86415367	1
9124546	1
47937354	1
9124147	1
68240261	1
9158154	1
68218848	1
33027285	1
9014125	1
24442740	1
9157569	1
81455914	1
86413500	1
94067478	1
9124438	1
63300055	1
63290028	1
68278531	1
86437759	1
9157317	1
22427716	1
94063515	1
32678201	1
9124274	1
29359940	1
9124202	1
57971151	1
63333837	1
58004633	1
5543065	1
83903609	1
7224288	1
93212945	1
22449438	1
9124945	1
60080119	1
9014641	1
9123942	1
86468708	1
57997992	1
22451617	1
9124265	1
54640751	1
9124776	1
9124070	1
60031535	1
9157254	1
6683493	1
47942795	1
34184626	1
5543110	1
58575074	1
9124442	1
58602100	1
9124515	1
9158061	1
33465013	1
34139537	1
81510535	1
81414124	1
9124391	1
9014137	1
9157811	1
9124427	1
22480554	1
33014331	1
34167334	1
60062659	1
9125005	1
32726011	1
57999565	1
9124740	1
47988088	1
22492195	1
41627574	1
5131187	1
81471760	1
9124693	1
57999135	1
60050966	1
24441818	1
5331574	1
32709711	1
9157818	1
47947741	1
94066982	1
68255452	1
54636504	1
24481485	1
82677434	1
48495522	1
23931514	1
9278548	1
9277601	1
44144223	1
68343911	1
9084854	1
52016145	1
27566141	1
9278182	1
93733904	1
9279185	1
32376523	1
44157617	1
38766345	1
7856548	1
52038898	1
7857177	1
9279145	1
7855144	1
7856828	1
16094143	1
7665818	1
5510053	1
9085067	1
9278679	1
81775451	1
6071323	1
32376811	1
9084848	1
23876287	1
9278826	1
7855813	1
7856556	1
9278237	1
44113401	1
9085016	1
6070561	1
38758656	1
68330302	1
9277774	1
9084792	1
9279260	1
7343595	1
81102114	1
5522868	1
9084945	1
9085020	1
7663481	1
9277743	1
7855513	1
5510066	1
7973140	1
9278023	1
9084842	1
6070850	1
6070911	1
6068611	1
7973658	1
7992214	1
7665484	1
6068897	1
9084907	1
9084977	1
16070575	1
9278562	1
95578920	1
9084980	1
9085076	1
6944356	1
81764876	1
9084966	1
52029624	1
7337267	1
9084877	1
5521641	1
7992770	1
6067739	1
70541542	1
9084825	1
16085656	1
9278545	1
82651494	1
40654904	1
9084986	1
68353277	1
70556764	1
9053787	1
29864079	1
9278921	1
68348888	1
80849153	1
7663107	1
9278691	1
9085052	1
81806591	1
7992054	1
5510959	1
9277656	1
9053633	1
9278881	1
7973472	1
81809045	1
6070551	1
7663324	1
7855639	1
9085073	1
7666167	1
9278773	1
85087904	1
7973447	1
81120897	1
40676050	1
6071372	1
16081054	1
81774274	1
95620052	1
6071212	1
93721553	1
9278458	1
7663175	1
5606566	1
7973806	1
9278140	1
7856387	1
7343163	1
51842673	1
29890301	1
9278743	1
7857436	1
7972987	1
9084889	1
9084987	1
80687821	1
9278542	1
9277749	1
9278047	1
68319090	1
9278639	1
9278754	1
27547840	1
7973598	1
9049905	1
78648061	1
9084964	1
9084803	1
9279006	1
9278139	1
98358072	1
5510067	1
7950036	1
6392329	1
7952927	1
7950017	1
9288562	1
94257488	1
7949323	1
9288498	1
64385748	1
7996807	1
31131691	1
32066254	1
5884813	1
32049264	1
6390566	1
5880333	1
7952846	1
6388416	1
72889839	1
7924434	1
34083128	1
7996865	1
64370267	1
7996904	1
62836699	1
7126862	1
9137526	1
58069658	1
6637197	1
62862800	1
9137582	1
32069098	1
45309047	1
9137723	1
34116017	1
94224586	1
61560203	1
9339055	1
5990620	1
7949900	1
78505484	1
66391225	1
9137187	1
39840004	1
32071376	1
6737402	1
32067007	1
6637665	1
47013041	1
7949931	1
7953125	1
65488368	1
31121862	1
9288928	1
39850513	1
7996490	1
31138827	1
9339001	1
72905429	1
7952785	1
61523209	1
32060426	1
32055611	1
62890452	1
9338804	1
7797204	1
9137778	1
39871474	1
45320010	1
9289697	1
10666468	1
62873635	1
78520752	1
61576767	1
7953476	1
66391310	1
5883035	1
9137627	1
64401583	1
62893073	1
99503657	1
45319302	1
80552861	1
28255540	1
7953324	1
10711208	1
99523371	1
6391160	1
9137931	1
9338354	1
9339504	1
64391949	1
39823257	1
7126176	1
9138006	1
82869054	1
9289022	1
31083703	1
94269313	1
47044933	1
10714927	1
82832944	1
6738759	1
78484059	1
78504343	1
9288491	1
82861228	1
45333475	1
31142100	1
7949294	1
9288926	1
9137149	1
65503880	1
7950170	1
9153145	1
9129835	1
9153552	1
7581679	1
86780118	1
7849776	1
84387703	1
9323551	1
7579111	1
9324667	1
9346068	1
9106393	1
9142197	1
7915915	1
46055982	1
90937644	1
9297266	1
9142304	1
9129696	1
9324016	1
7851563	1
7850330	1
9141309	1
26168599	1
62079175	1
9142214	1
5798356	1
7921249	1
62083212	1
9141960	1
89113564	1
9345557	1
7849664	1
6999951	1
91916789	1
89104446	1
9106386	1
7617335	1
90963886	1
7617120	1
89118660	1
72315310	1
9153177	1
7615357	1
27688070	1
97448728	1
9153513	1
86798940	1
9153842	1
53894464	1
5799818	1
58212327	1
9142008	1
83205000	1
9297427	1
9323399	1
7850470	1
9346063	1
9345550	1
9345551	1
76042082	1
9107113	1
25732890	1
7617151	1
9106592	1
7618094	1
9141242	1
9296609	1
9153186	1
27702525	1
9130381	1
7921230	1
9345559	1
89099330	1
7850209	1
53954956	1
9324565	1
7850635	1
9346076	1
9142170	1
7921239	1
58226194	1
9106968	1
11104933	1
86812451	1
9106787	1
7916166	1
9346065	1
58195138	1
99184311	1
7921402	1
9142017	1
7579671	1
9142196	1
84391485	1
11570007	1
9153422	1
80022843	1
53922669	1
7850528	1
9324291	1
9297372	1
7850240	1
9345061	1
9345549	1
58219648	1
83233714	1
80030561	1
89075310	1
9346067	1
9345556	1
76011838	1
9344870	1
97500152	1
80009973	1
88244730	1
7921394	1
9324628	1
7921392	1
99181129	1
88207851	1
9345541	1
7618952	1
9129832	1
62081394	1
9297693	1
86826074	1
7921308	1
9346080	1
9141829	1
12764903	1
89124920	1
9153149	1
14178597	1
9130224	1
26137743	1
9324166	1
9129828	1
9107452	1
14196337	1
12787959	1
25707292	1
9107277	1
9345555	1
91958931	1
9153926	1
9324615	1
9141991	1
11117096	1
9324441	1
9324013	1
88239943	1
26114553	1
53935204	1
9153104	1
62039139	1
9141517	1
5798262	1
9153998	1
9345560	1
96598438	1
9296398	1
9297546	1
53898915	1
83235277	1
90933912	1
9106971	1
12776925	1
5800620	1
5801382	1
9153516	1
9323467	1
5710213	1
7858978	1
48659006	1
7642198	1
7995333	1
84312911	1
6572919	1
25859887	1
7642433	1
6368358	1
7860798	1
99538247	1
7909144	1
7909178	1
64502799	1
5835826	1
7642152	1
29455947	1
7909132	1
7859604	1
9318173	1
7641655	1
90250846	1
7909057	1
96161614	1
9317931	1
5830059	1
92704851	1
6574306	1
7861140	1
54427945	1
9318630	1
7861596	1
54468238	1
5547640	1
18520755	1
99535144	1
53421988	1
10959353	1
15081204	1
56626152	1
25884342	1
54473072	1
54454373	1
96165697	1
53502640	1
69838781	1
18507676	1
5546982	1
59471247	1
83770428	1
7995700	1
53460460	1
64505388	1
6771390	1
7858679	1
77374935	1
48706670	1
54423722	1
53414700	1
6370686	1
9318986	1
7909019	1
53397157	1
83757464	1
83816369	1
59487383	1
17276065	1
10967372	1
53469310	1
7859793	1
5829994	1
34047322	1
69824973	1
53428653	1
5958515	1
18496989	1
7695635	1
34021677	1
69831140	1
84289156	1
7860473	1
9318283	1
75273687	1
9318479	1
7642324	1
10997044	1
5828889	1
53412375	1
10999617	1
69774317	1
92706569	1
30191278	1
75258098	1
7861507	1
5186434	1
99551378	1
10129256	1
6369897	1
25875438	1
9318618	1
15053338	1
96212799	1
10991382	1
69807608	1
25824081	1
7909245	1
6574892	1
5831152	1
9317970	1
9317932	1
7505114	1
70013203	1
21503084	1
7950290	1
70046115	1
37658542	1
87804228	1
6726203	1
43715465	1
5713947	1
53119447	1
9112794	1
21571858	1
6148505	1
61183338	1
53140988	1
7950760	1
23385274	1
21520102	1
7954275	1
37632048	1
65664263	1
30628140	1
7950308	1
9102882	1
5710896	1
5712450	1
38953182	1
38932062	1
7500851	1
7953709	1
54131403	1
53769572	1
30586900	1
6043750	1
99656764	1
7954246	1
7954165	1
61150616	1
54178319	1
5714150	1
61200323	1
5852299	1
71704323	1
38969775	1
7950493	1
65622216	1
54604381	1
21573192	1
5613647	1
7950525	1
6658753	1
9113465	1
5711882	1
14370415	1
9103853	1
7953872	1
7950982	1
23388197	1
99612587	1
65642862	1
71753028	1
70057112	1
7504520	1
19174796	1
7954117	1
6727226	1
87780014	1
6725258	1
79580603	1
53747159	1
7053071	1
70024386	1
5809768	1
6723214	1
7905949	1
9102921	1
53744258	1
6655975	1
5713853	1
9112884	1
7950564	1
5714531	1
79755758	1
53106869	1
99623287	1
23390453	1
87756588	1
6659388	1
7953926	1
21210404	1
79771219	1
6658521	1
6724221	1
43685310	1
7950802	1
14354364	1
5710752	1
6950228	1
5714125	1
65654772	1
7950479	1
54112245	1
19222457	1
43694834	1
7950520	1
38982649	1
79852993	1
7950250	1
30603050	1
65688083	1
21147977	1
9113148	1
5711560	1
5811176	1
5811335	1
71710177	1
99666620	1
9112529	1
53761048	1
54149542	1
6656553	1
5611262	1
9113126	1
38956653	1
54147498	1
21515272	1
7953966	1
37661782	1
5712808	1
5851899	1
7950509	1
61202732	1
71699375	1
14370046	1
6658701	1
6145354	1
9112925	1
99616609	1
79762263	1
19176025	1
7905952	1
9103807	1
6722657	1
5809480	1
53139871	1
37640380	1
53277570	1
74679563	1
6000006	1
7649570	1
95927977	1
40107420	1
18221637	1
50132749	1
49238650	1
6000436	1
96003146	1
63797024	1
75527520	1
5264323	1
9326329	1
49236871	1
75470686	1
30743838	1
50083531	1
70767135	1
92917376	1
64530912	1
15970863	1
6000323	1
92922441	1
82077998	1
6000184	1
7651004	1
7607368	1
6000299	1
6000273	1
74718662	1
95931584	1
75511643	1
70773043	1
70768777	1
64546211	1
9325005	1
6000439	1
6000088	1
6000151	1
6600451	1
7608433	1
6000475	1
6000125	1
6853466	1
40784246	1
52459882	1
5836973	1
37014861	1
15621547	1
90092568	1
75511093	1
75515941	1
63819529	1
37459765	1
49194007	1
6000113	1
9325437	1
30724595	1
7609183	1
6032715	1
90139090	1
82102288	1
36972139	1
6031399	1
40116891	1
15631067	1
5631392	1
15613003	1
40128865	1
59165689	1
40769781	1
9330277	1
7650697	1
6000409	1
40117694	1
40825975	1
64525247	1
90105488	1
70992256	1
30723268	1
70994506	1
95013415	1
20472734	1
9330241	1
53261327	1
7650981	1
36978385	1
40786680	1
6000191	1
6000367	1
75499054	1
70956875	1
63826604	1
94990047	1
49235444	1
94981763	1
9324772	1
6000084	1
50120615	1
50097199	1
82074787	1
6000340	1
63793301	1
15968757	1
6032748	1
6000059	1
49211895	1
97228823	1
70760336	1
90136959	1
20474133	1
82082967	1
59179916	1
7556213	1
9083777	1
7945121	1
9083771	1
93131481	1
91363681	1
9276876	1
50160742	1
32900339	1
9083164	1
91321703	1
7552293	1
16242251	1
9276097	1
9277088	1
62111756	1
9083061	1
90825259	1
9083187	1
45989721	1
76641666	1
84869823	1
50530121	1
84847814	1
93107484	1
90539294	1
51126642	1
7403316	1
77321423	1
93140896	1
30118247	1
51098353	1
76638764	1
5215208	1
91311098	1
35975356	1
99931992	1
9276807	1
14011693	1
44684974	1
9083831	1
50519582	1
51145264	1
68371947	1
9111457	1
93161791	1
7552556	1
90542466	1
9276504	1
9083420	1
91367339	1
9083666	1
9083077	1
51097872	1
5854796	1
9112137	1
9276997	1
84890969	1
9111685	1
93119506	1
93158560	1
5857542	1
9277464	1
9083803	1
13971281	1
9276826	1
5215205	1
51092578	1
64055922	1
7402773	1
99924438	1
50536846	1
9083613	1
91333063	1
9083540	1
51141974	1
9083840	1
5215207	1
51148286	1
9083542	1
68385283	1
51105941	1
9083310	1
7553754	1
91311622	1
9083700	1
32905792	1
9276032	1
9111591	1
9276758	1
77311778	1
9083787	1
7370836	1
91357053	1
96250514	1
93109760	1
9083302	1
50135386	1
9276295	1
6338973	1
45973529	1
50141218	1
6336975	1
6339405	1
13991235	1
7406227	1
90493547	1
62161987	1
93136149	1
32942849	1
30070475	1
9083286	1
51096078	1
5215204	1
68421934	1
9277380	1
9083228	1
93152280	1
90537345	1
44691259	1
32930441	1
99936899	1
99918374	1
14013975	1
64066229	1
35942931	1
91381650	1
9083577	1
20393895	1
9083506	1
90847278	1
16239906	1
6335303	1
9083340	1
64086511	1
9276489	1
20410460	1
90846839	1
77307567	1
68377161	1
50557817	1
97372508	1
9083503	1
16251526	1
76596214	1
93132745	1
99940339	1
45975739	1
9112269	1
9083555	1
7945172	1
9275918	1
30112642	1
9083331	1
67598404	1
5666551	1
7845559	1
9032566	1
67569363	1
6416670	1
6415756	1
9342861	1
44190051	1
86983187	1
7846426	1
62274025	1
9341409	1
9033014	1
23832183	1
15822854	1
89655544	1
7846776	1
7845417	1
53362956	1
7932732	1
36107741	1
7961029	1
9342322	1
7933238	1
36088517	1
7960981	1
36127697	1
86983944	1
95066573	1
89644079	1
16437335	1
67542851	1
9032993	1
5666232	1
93079394	1
28354830	1
7845393	1
77228451	1
35932153	1
9341770	1
39247551	1
23794516	1
9033140	1
5666390	1
30527740	1
9341439	1
35882349	1
7960737	1
23854949	1
6236303	1
52056495	1
9342907	1
9032921	1
16478766	1
30519487	1
7932627	1
16438282	1
9033409	1
95060993	1
44065706	1
5665028	1
44232626	1
30548559	1
39469224	1
9342032	1
51159585	1
7845991	1
9032601	1
9033102	1
7960766	1
35898539	1
95098028	1
93083113	1
6412236	1
93096247	1
50216402	1
9341330	1
53342496	1
9342632	1
7960972	1
9342523	1
60230284	1
44241375	1
15806363	1
6206177	1
44086301	1
5945448	1
7961051	1
44039526	1
93026062	1
52085892	1
7845415	1
5665844	1
95646552	1
16460095	1
95673633	1
93089664	1
6413807	1
7946889	1
44066298	1
35883693	1
44211759	1
36133192	1
55069906	1
77250633	1
86931552	1
62297885	1
7932782	1
7845717	1
39243535	1
9033452	1
7960944	1
6406171	1
86956530	1
30549888	1
50278332	1
7961323	1
53346337	1
7845585	1
32580505	1
7139333	1
9156411	1
9192907	1
74036107	1
54736324	1
9192894	1
36957456	1
34662508	1
9192411	1
23233655	1
12575185	1
6872182	1
54704617	1
23704216	1
9157240	1
9192397	1
9005660	1
40927351	1
9192405	1
9005081	1
12586965	1
7240946	1
31959604	1
7009141	1
28472682	1
28488826	1
36948570	1
7984509	1
16865239	1
9157009	1
84645201	1
9155272	1
32567386	1
40960872	1
9155916	1
31170449	1
31179801	1
9155705	1
12614132	1
9005346	1
86235385	1
9192896	1
7138404	1
15456816	1
7008334	1
7006534	1
7925576	1
9157086	1
9192403	1
23288084	1
23688490	1
9005184	1
9192407	1
7312279	1
32568429	1
6523784	1
9192396	1
32584392	1
74057086	1
19342994	1
12593610	1
54757052	1
7984464	1
37748332	1
23672273	1
31959322	1
36943510	1
6118902	1
9156616	1
31962180	1
17957575	1
9192906	1
23282520	1
9155937	1
6519203	1
9157059	1
7925272	1
34649111	1
9005209	1
36939552	1
78167489	1
6521860	1
12577713	1
9192904	1
84653796	1
9155575	1
7984956	1
19322523	1
7925660	1
40966317	1
40949580	1
15503657	1
9192899	1
7985067	1
23697060	1
86189261	1
17923190	1
9050715	1
9155226	1
9192402	1
9192398	1
9192898	1
9192401	1
32533817	1
23645250	1
9192900	1
7111426	1
7009172	1
85312666	1
9192901	1
19377488	1
25057592	1
36966771	1
9156847	1
54715484	1
74030337	1
23662564	1
7925176	1
34620711	1
28483289	1
9156829	1
9192903	1
74070662	1
25068984	1
7007411	1
9155366	1
9157010	1
7984941	1
7924897	1
37736947	1
9155685	1
9156927	1
23245620	1
6872023	1
9192895	1
77972278	1
37778043	1
11559365	1
26535862	1
6136508	1
9082018	1
9314586	1
37818380	1
78319860	1
9229253	1
77651919	1
32104688	1
7878304	1
7118956	1
7942763	1
26321266	1
35439892	1
7118605	1
5211188	1
9314262	1
89913852	1
7979062	1
6136518	1
32146754	1
9081103	1
73817943	1
73482263	1
26274558	1
91411801	1
6137077	1
63240649	1
11544846	1
9228496	1
77966974	1
63253429	1
89900780	1
38443580	1
7876371	1
32201651	1
9228995	1
9228726	1
83428348	1
37817685	1
20808784	1
7875556	1
37793866	1
26484657	1
28918318	1
26285441	1
6047139	1
11563877	1
32156435	1
9228344	1
32168872	1
37827155	1
7878408	1
77676029	1
11522108	1
26266681	1
35471050	1
77975352	1
92459337	1
9227858	1
9229306	1
7366564	1
6136523	1
92472344	1
32179979	1
37792718	1
11501599	1
7877237	1
89908163	1
9229232	1
92487949	1
83447274	1
32198749	1
83445547	1
9313491	1
7978755	1
19622394	1
33088952	1
7877556	1
28939591	1
37803475	1
26538558	1
9229400	1
9081032	1
35489808	1
33093746	1
32214409	1
73455975	1
74634667	1
20825884	1
9314393	1
73462582	1
77925898	1
89929172	1
92424377	1
83450024	1
9081505	1
9081482	1
7942577	1
33068991	1
11537604	1
9313381	1
7943024	1
7942457	1
9314483	1
32138131	1
32190488	1
9229799	1
7979106	1
89906997	1
7943150	1
37813442	1
18449956	1
26311356	1
32094659	1
7363036	1
9081310	1
9228311	1
7874833	1
7979011	1
9081195	1
26522012	1
9313534	1
9228260	1
94825022	1
51568372	1
18418055	1
6138099	1
7942637	1
73835427	1
7876866	1
9228153	1
7117241	1
11537137	1
7875381	1
35446553	1
9228736	1
7978814	1
11515787	1
9228284	1
73842889	1
9081299	1
51596900	1
19659466	1
26513777	1
73804772	1
73788445	1
7942815	1
78354454	1
74638021	1
9081391	1
74614312	1
9229241	1
7878168	1
7978870	1
9081297	1
9240405	1
75135474	1
9274365	1
9239346	1
9239894	1
9239954	1
67287401	1
7976551	1
70112628	1
6994815	1
9036655	1
7936930	1
81210578	1
9080004	1
13410875	1
9240050	1
76076294	1
6241185	1
75107584	1
67239834	1
9240097	1
7936761	1
68763967	1
9240450	1
30257141	1
94663859	1
92271183	1
70082657	1
66788057	1
6629222	1
6621081	1
81168591	1
9303608	1
9031358	1
12745503	1
6990912	1
92240723	1
9031871	1
43102300	1
13611783	1
72172758	1
9304483	1
9303636	1
72153258	1
78042714	1
49807211	1
13634695	1
7936419	1
68780906	1
5747312	1
7247198	1
9240658	1
9275722	1
9240797	1
6398708	1
7936543	1
9274732	1
9274068	1
7976365	1
9275168	1
9304001	1
12745000	1
9239457	1
13631876	1
72140266	1
72141718	1
9275161	1
78020943	1
9240109	1
13611507	1
9036719	1
9239584	1
7246501	1
13464061	1
66773583	1
7936895	1
9273865	1
13613279	1
7976136	1
9080792	1
9303913	1
9036282	1
9304349	1
7976611	1
9274928	1
76099696	1
9080014	1
7936625	1
6402158	1
81200562	1
9080333	1
75170753	1
56212017	1
79360983	1
9080710	1
13639938	1
67287203	1
7975706	1
49814126	1
9036483	1
75106482	1
6398786	1
75133580	1
9304188	1
92213134	1
9036794	1
6246155	1
9080342	1
9031835	1
9239326	1
61873468	1
70135436	1
9303448	1
9036277	1
61903920	1
9080191	1
6993946	1
61910627	1
78591983	1
6629394	1
78030115	1
9239890	1
9275438	1
9240176	1
9032287	1
9032209	1
9275220	1
65392740	1
13632069	1
9273889	1
79336800	1
81187586	1
68756245	1
13462403	1
67286249	1
9079855	1
9275627	1
66756744	1
54973744	1
9274968	1
9303839	1
9275235	1
79286984	1
6629877	1
9273946	1
61928086	1
30262653	1
9080817	1
61943982	1
43134780	1
94691743	1
9275267	1
9274561	1
6627808	1
9274559	1
6994088	1
9274326	1
30227933	1
54953448	1
7936373	1
9031686	1
9273881	1
76059318	1
