9039202	[1, [0.040012660428532576, 0.9599873395714674]]
60863139	[1, [0.01586763196767782, 0.9841323680323222]]
65891286	[1, [0.04824646736114846, 0.9517535326388515]]
5742248	[1, [0.007071450879447161, 0.9929285491205528]]
26782299	[1, [0.024844299194173747, 0.9751557008058263]]
5728335	[1, [1.034110497544205e-05, 0.9999896588950246]]
7956065	[1, [0.028844482780430614, 0.9711555172195694]]
48146290	[1, [0.010573792752720301, 0.9894262072472797]]
7800651	[1, [0.027383662846436896, 0.9726163371535631]]
91745672	[1, [0.0021815883062998864, 0.9978184116937001]]
72123360	[1, [0.015516506429721022, 0.984483493570279]]
7955461	[1, [0.0033031503153635455, 0.9966968496846365]]
95532815	[1, [0.020481253043378778, 0.9795187469566212]]
9038376	[1, [0.03375030620954966, 0.9662496937904503]]
87511690	[1, [0.012162653427794212, 0.9878373465722058]]
7800333	[1, [0.029882926394660947, 0.970117073605339]]
38151896	[1, [0.021796364408690705, 0.9782036355913093]]
5728306	[1, [0.02535402930174724, 0.9746459706982528]]
38143357	[1, [0.023286811781991212, 0.9767131882180088]]
65884617	[1, [0.013297305436220319, 0.9867026945637797]]
95521309	[1, [0.03603596106234963, 0.9639640389376504]]
7801142	[1, [0.04734147325177762, 0.9526585267482224]]
52599896	[1, [0.04347613998279165, 0.9565238600172083]]
7739519	[1, [0.01787549391187726, 0.9821245060881227]]
31825665	[1, [0.01004414712159396, 0.989955852878406]]
7738317	[1, [0.037220673218594125, 0.9627793267814059]]
31867392	[1, [0.02403934036024591, 0.9759606596397541]]
5374111	[1, [0.006957869829875563, 0.9930421301701244]]
98079061	[1, [0.010655943177999894, 0.9893440568220001]]
25924255	[1, [0.005645452013055774, 0.9943545479869442]]
7272538	[1, [0.03026085682891544, 0.9697391431710846]]
25930662	[1, [0.04699364142447837, 0.9530063585755216]]
47110402	[1, [0.00770782582627727, 0.9922921741737227]]
7959056	[1, [0.025074980036517536, 0.9749250199634825]]
7275113	[1, [0.043186930306754356, 0.9568130696932456]]
59808450	[1, [0.04445819847180976, 0.9555418015281902]]
50915283	[1, [0.016924049261949348, 0.9830759507380507]]
62403179	[1, [0.04923539224610385, 0.9507646077538962]]
79682647	[1, [0.023311716135180793, 0.9766882838648192]]
7981776	[1, [0.002363567063623506, 0.9976364329363765]]
7982106	[1, [0.005119019228559951, 0.99488098077144]]
7788738	[1, [2.008158140165417e-05, 0.9999799184185983]]
9259428	[1, [0.0012114782682287606, 0.9987885217317712]]
9264519	[1, [0.0014860781665593237, 0.9985139218334407]]
7927087	[1, [0.029656516861823357, 0.9703434831381766]]
61969157	[1, [0.005448789604110993, 0.994551210395889]]
9263969	[1, [0.03020573112154945, 0.9697942688784505]]
6651539	[1, [0.02988404468182626, 0.9701159553181737]]
6779609	[1, [0.0491204609883773, 0.9508795390116227]]
6910615	[1, [0.020812923298252572, 0.9791870767017474]]
80219152	[1, [0.004372344080842083, 0.9956276559191579]]
7981650	[1, [0.039608123492270164, 0.9603918765077298]]
50917812	[1, [0.03261384041460391, 0.9673861595853961]]
7795035	[1, [0.020352096950778664, 0.9796479030492213]]
7788449	[1, [0.040289693052713904, 0.9597103069472861]]
5116085	[1, [0.03487772740944306, 0.9651222725905569]]
7926741	[1, [0.01152335078509592, 0.9884766492149041]]
5680353	[1, [2.655287101305248e-10, 0.9999999997344713]]
78967043	[1, [0.008287251925230166, 0.9917127480747698]]
7736289	[1, [0.011734155107504862, 0.9882658448924951]]
9152269	[1, [0.024084669402274383, 0.9759153305977256]]
60916068	[1, [0.003044269434848701, 0.9969557305651513]]
5918971	[1, [0.0064823874286563665, 0.9935176125713436]]
9148337	[1, [0.017878443613060124, 0.9821215563869399]]
5647559	[1, [0.0016645644732621312, 0.9983354355267379]]
14837416	[1, [0.0022940529830197676, 0.9977059470169802]]
9148238	[1, [0.044253345279381295, 0.9557466547206187]]
7794176	[1, [0.03927867608604507, 0.9607213239139549]]
65414305	[1, [0.04028765044662963, 0.9597123495533704]]
9143803	[1, [0.0056196150051014415, 0.9943803849948986]]
5662941	[1, [0.014583297166122278, 0.9854167028338777]]
88480494	[1, [0.0061630774233722985, 0.9938369225766277]]
5663675	[1, [0.01728369339590985, 0.9827163066040902]]
5662315	[1, [0.017620899730747763, 0.9823791002692522]]
86885341	[1, [0.00641299369336501, 0.993587006306635]]
76941564	[1, [0.00411972527096327, 0.9958802747290367]]
9143512	[1, [0.03337614212718487, 0.9666238578728151]]
26921988	[1, [0.03787369973661259, 0.9621263002633874]]
14297210	[1, [0.017731242814292836, 0.9822687571857072]]
9008903	[1, [0.03289516955094418, 0.9671048304490558]]
9072874	[1, [0.000821050297054704, 0.9991789497029453]]
25375288	[1, [0.011685207668871156, 0.9883147923311288]]
9143506	[1, [0.04173553223324267, 0.9582644677667573]]
9056483	[1, [0.010471065844347982, 0.989528934155652]]
5106895	[1, [0.00019454225816606385, 0.9998054577418339]]
93916846	[1, [0.03374310227915844, 0.9662568977208416]]
34286365	[1, [0.039879892758798, 0.960120107241202]]
5662182	[1, [0.022028414503013627, 0.9779715854969864]]
9073375	[1, [0.0020891644085643257, 0.9979108355914357]]
97625577	[1, [0.014912344518705267, 0.9850876554812947]]
29973461	[1, [0.03340281916621257, 0.9665971808337874]]
9056902	[1, [0.0024816121490224274, 0.9975183878509776]]
29920301	[1, [0.016741883818741754, 0.9832581161812582]]
6642509	[1, [0.0008526347239803389, 0.9991473652760197]]
9143600	[1, [0.016354659813606287, 0.9836453401863937]]
88408079	[1, [0.001354188990799754, 0.9986458110092002]]
27435181	[1, [0.03699454961000803, 0.963005450389992]]
39909238	[1, [0.01488404167157209, 0.9851159583284279]]
93891230	[1, [0.025128223803431382, 0.9748717761965686]]
9039635	[1, [0.028487311926006065, 0.9715126880739939]]
29928130	[1, [0.003111219843504376, 0.9968887801564956]]
88514805	[1, [0.03401660026467357, 0.9659833997353264]]
9072689	[1, [0.004765346695865147, 0.9952346533041349]]
28978245	[1, [0.004135179777357334, 0.9958648202226427]]
19855556	[1, [0.015098256543985111, 0.9849017434560149]]
4002464	[1, [0.02642007163300164, 0.9735799283669984]]
7646899	[1, [0.009617709200777647, 0.9903822907992224]]
68047661	[1, [0.04699152570268417, 0.9530084742973158]]
7832804	[1, [0.016650953933333268, 0.9833490460666667]]
7198605	[1, [0.028856166413875117, 0.9711438335861249]]
89790459	[1, [0.007037853454513798, 0.9929621465454862]]
55267602	[1, [0.00785010939482278, 0.9921498906051772]]
57140403	[1, [3.502236019070626e-05, 0.9999649776398093]]
9138832	[1, [0.028863948838772746, 0.9711360511612273]]
9138519	[1, [0.018097301199737736, 0.9819026988002623]]
7649388	[1, [0.002994912119760329, 0.9970050878802397]]
6064985	[1, [0.012503756472829752, 0.9874962435271702]]
7649340	[1, [0.03238126325857049, 0.9676187367414295]]
7832385	[1, [0.036479297203196204, 0.9635207027968038]]
7832309	[1, [0.0369879224354116, 0.9630120775645884]]
49664602	[1, [0.007317670770003892, 0.9926823292299961]]
7830231	[1, [0.013704582257715203, 0.9862954177422848]]
7943116	[1, [0.006012016665175812, 0.9939879833348242]]
9081390	[1, [0.003697050082836717, 0.9963029499171633]]
7942538	[1, [0.0458794162938676, 0.9541205837061324]]
7942699	[1, [0.020385541558091802, 0.9796144584419082]]
7876364	[1, [0.017133755780277427, 0.9828662442197226]]
5211917	[1, [1.8249398256453553e-05, 0.9999817506017435]]
9081927	[1, [0.0014653993579173408, 0.9985346006420827]]
7119759	[1, [0.01722156488920168, 0.9827784351107983]]
38442473	[1, [0.02641410155259971, 0.9735858984474003]]
74626874	[1, [0.007271910534106363, 0.9927280894658936]]
9081904	[1, [0.006564850709082526, 0.9934351492909175]]
42615166	[1, [0.02906031731123604, 0.970939682688764]]
7978552	[1, [0.01997653208442418, 0.9800234679155758]]
91431876	[1, [0.010401348395882803, 0.9895986516041172]]
7363124	[1, [0.010272184883341029, 0.989727815116659]]
7877585	[1, [0.026327883700863364, 0.9736721162991366]]
7979157	[1, [0.030950892412299758, 0.9690491075877002]]
9081144	[1, [0.0009129235883144071, 0.9990870764116856]]
9229062	[1, [0.029831856292387826, 0.9701681437076122]]
7876831	[1, [7.789452765094573e-05, 0.999922105472349]]
7942910	[1, [0.012876503709772558, 0.9871234962902274]]
7942931	[1, [0.024569299504119124, 0.9754307004958809]]
26270205	[1, [0.016548632805043262, 0.9834513671949567]]
7363162	[1, [0.028006595046587424, 0.9719934049534126]]
92475753	[1, [0.018555540334065035, 0.981444459665935]]
6047517	[1, [0.00798990870838201, 0.992010091291618]]
9081872	[1, [0.0019370545539850736, 0.9980629454460149]]
9229098	[1, [0.03240150609893133, 0.9675984939010687]]
7116086	[1, [0.04537654439548844, 0.9546234556045116]]
5253897	[1, [0.04824487049502113, 0.9517551295049789]]
7988886	[1, [0.008479321637981596, 0.9915206783620184]]
5256075	[1, [0.01417680262531995, 0.98582319737468]]
7354791	[1, [0.002395127298024824, 0.9976048727019752]]
17829167	[1, [0.0032912740683801456, 0.9967087259316199]]
22615595	[1, [0.03854343298498375, 0.9614565670150163]]
9234626	[1, [0.04830482251109258, 0.9516951774889074]]
56293757	[1, [0.0012234977879256315, 0.9987765022120744]]
5253639	[1, [0.04836644582968197, 0.951633554170318]]
30781615	[1, [0.04466034047353784, 0.9553396595264622]]
47783846	[1, [0.0016861197448266863, 0.9983138802551733]]
5255901	[1, [0.011455133282751384, 0.9885448667172486]]
6612715	[1, [0.0036603232877354674, 0.9963396767122645]]
7826862	[1, [0.026791397893957902, 0.9732086021060421]]
38623557	[1, [0.037609706568062395, 0.9623902934319376]]
7176035	[1, [0.00033560383477271305, 0.9996643961652273]]
7355778	[1, [0.02343585076988075, 0.9765641492301192]]
22816851	[1, [0.0018350008257117523, 0.9981649991742882]]
99242356	[1, [0.02471056570795893, 0.9752894342920411]]
5575154	[1, [0.0046334873218084605, 0.9953665126781915]]
70909894	[1, [0.007144921446925023, 0.992855078553075]]
9076975	[1, [0.03187903051019181, 0.9681209694898082]]
6345946	[1, [0.00023605040099505814, 0.9997639495990049]]
5273510	[1, [6.225737837595169e-05, 0.999937742621624]]
7228973	[1, [0.006830757798826581, 0.9931692422011734]]
5925335	[1, [0.0038978987726210335, 0.996102101227379]]
6674911	[1, [0.00984868740643463, 0.9901513125935654]]
5930887	[1, [0.0190396765388392, 0.9809603234611608]]
16536726	[1, [0.0038173629903753836, 0.9961826370096246]]
42105304	[1, [0.01781132113039008, 0.9821886788696099]]
66119931	[1, [0.004768586229443761, 0.9952314137705562]]
7226721	[1, [0.008406964394322758, 0.9915930356056772]]
5933016	[1, [0.026676518897709278, 0.9733234811022907]]
5273005	[1, [0.038367218332330366, 0.9616327816676696]]
6346000	[1, [0.00942807116559452, 0.9905719288344055]]
6346067	[1, [0.004529771277980044, 0.99547022872202]]
66076677	[1, [0.03472040127289555, 0.9652795987271044]]
5932309	[1, [0.02005430962185284, 0.9799456903781472]]
5273470	[1, [0.03161640598503368, 0.9683835940149663]]
6342617	[1, [0.0018875811437566448, 0.9981124188562434]]
5924509	[1, [0.012405946245162891, 0.9875940537548371]]
42125430	[1, [0.03251098676497355, 0.9674890132350265]]
5932964	[1, [0.02125920298627504, 0.978740797013725]]
7910763	[1, [0.005865230279717859, 0.9941347697202821]]
6678253	[1, [0.008290534218459489, 0.9917094657815405]]
7971788	[1, [0.03307975890732484, 0.9669202410926752]]
62500496	[1, [0.03205439971497459, 0.9679456002850254]]
9098364	[1, [0.006961962699538193, 0.9930380373004618]]
9045275	[1, [0.025316843241432352, 0.9746831567585676]]
9077631	[1, [0.0015564518277615402, 0.9984435481722385]]
7945401	[1, [0.01561104897041532, 0.9843889510295847]]
20419439	[1, [0.014068276587457573, 0.9859317234125424]]
76586982	[1, [0.0024510022609939286, 0.9975489977390061]]
5215193	[1, [0.026742644969513174, 0.9732573550304868]]
7803711	[1, [0.04247592390067512, 0.9575240760993249]]
5227160	[1, [0.011570693687052547, 0.9884293063129475]]
5856071	[1, [0.0377674291369009, 0.9622325708630991]]
5227167	[1, [0.002797747444751031, 0.997202252555249]]
5227205	[1, [0.025130851920050268, 0.9748691480799497]]
50169530	[1, [0.01781132113039008, 0.9821886788696099]]
7944663	[1, [0.043673789478257286, 0.9563262105217427]]
50572269	[1, [0.04837816557907426, 0.9516218344209257]]
5621973	[1, [0.005407114592919426, 0.9945928854070806]]
7404776	[1, [0.00033560383477271305, 0.9996643961652273]]
90828432	[1, [0.031917077182138764, 0.9680829228178612]]
7370523	[1, [0.01059244993606634, 0.9894075500639337]]
14024730	[1, [0.02963493477916901, 0.970365065220831]]
99913894	[1, [0.015476241012290504, 0.9845237589877095]]
65170631	[1, [0.04749726188611636, 0.9525027381138836]]
65157538	[1, [0.01660423303058911, 0.9833957669694109]]
5227157	[1, [0.04203735775556117, 0.9579626422444388]]
84856289	[1, [0.031038050655600613, 0.9689619493443994]]
5621744	[1, [0.046028080706168595, 0.9539719192938314]]
59444861	[1, [0.010759090023397144, 0.9892409099766029]]
29432162	[1, [0.008080580463622034, 0.991919419536378]]
84351134	[1, [0.007762784480664475, 0.9922372155193355]]
5546739	[1, [0.006202279565410085, 0.9937977204345899]]
7995461	[1, [0.03625658896200923, 0.9637434110379908]]
17329167	[1, [0.008587838957462623, 0.9914121610425374]]
15025582	[1, [0.01825420356471219, 0.9817457964352878]]
90255372	[1, [0.030941600676508196, 0.9690583993234918]]
54443136	[1, [0.04194782443107703, 0.958052175568923]]
5175721	[1, [0.034576048164320805, 0.9654239518356792]]
64448474	[1, [0.0033050490538203414, 0.9966949509461797]]
7862030	[1, [0.0279842721657122, 0.9720157278342878]]
5182475	[1, [0.01250116021034764, 0.9874988397896524]]
99538907	[1, [0.04894098071237829, 0.9510590192876217]]
56620633	[1, [0.019669373700896164, 0.9803306262991038]]
5186497	[1, [0.01288851612842068, 0.9871114838715793]]
54902660	[1, [0.021369890467654695, 0.9786301095323453]]
54866905	[1, [0.014363197988707888, 0.9856368020112921]]
28785091	[1, [0.016563470211013454, 0.9834365297889865]]
28772831	[1, [0.0389580472359039, 0.9610419527640961]]
7732798	[1, [0.000540482849636037, 0.999459517150364]]
68648657	[1, [0.01900899956916613, 0.9809910004308339]]
90310661	[1, [0.03408226574147555, 0.9659177342585245]]
56966363	[1, [0.020651220135786574, 0.9793487798642134]]
6354322	[1, [0.00018934133485126736, 0.9998106586651487]]
5793823	[1, [0.04409455260263495, 0.955905447397365]]
5797137	[1, [0.024987397456626148, 0.9750126025433739]]
5794004	[1, [0.041192399129720614, 0.9588076008702794]]
6348998	[1, [0.00602394798094863, 0.9939760520190514]]
5793763	[1, [0.030178992076306366, 0.9698210079236936]]
5793760	[1, [0.03535848417445642, 0.9646415158255436]]
7733242	[1, [0.022418926092954372, 0.9775810739070456]]
53032061	[1, [0.008883606875934813, 0.9911163931240652]]
28767562	[1, [0.004976392863190515, 0.9950236071368095]]
9149769	[1, [0.02032790071585444, 0.9796720992841456]]
5794059	[1, [0.02622072829339439, 0.9737792717066056]]
13108433	[1, [0.04182756487386996, 0.95817243512613]]
7734002	[1, [0.00022543686080722658, 0.9997745631391928]]
9148948	[1, [0.015909234301015207, 0.9840907656989848]]
5793442	[1, [0.02761966284219397, 0.972380337157806]]
9150030	[1, [0.04170146486323112, 0.9582985351367689]]
9071980	[1, [0.03921075626299275, 0.9607892437370072]]
9069774	[1, [0.00022543686080722658, 0.9997745631391928]]
82976020	[1, [0.013524523654356746, 0.9864754763456433]]
75802853	[1, [0.01179842269576814, 0.9882015773042319]]
61240984	[1, [0.011661104783948772, 0.9883388952160512]]
9150700	[1, [0.006414458918635901, 0.9935855410813641]]
9004036	[1, [0.03619812907101638, 0.9638018709289836]]
7376085	[1, [0.006223647158819956, 0.99377635284118]]
7464924	[1, [0.04920699861457245, 0.9507930013854275]]
7852913	[1, [0.039724311806911716, 0.9602756881930883]]
9150306	[1, [0.024155875015733574, 0.9758441249842664]]
7642902	[1, [0.005733402247241726, 0.9942665977527583]]
5172166	[1, [2.2967513280125473e-06, 0.999997703248672]]
9150161	[1, [0.004057362713454249, 0.9959426372865458]]
5936057	[1, [0.01956726124143293, 0.9804327387585671]]
37265267	[1, [0.03924012272309463, 0.9607598772769054]]
6687024	[1, [0.026394788847630357, 0.9736052111523696]]
71214971	[1, [0.019378835208686662, 0.9806211647913133]]
7471837	[1, [0.009730179523157467, 0.9902698204768425]]
9150421	[1, [0.013857597864480597, 0.9861424021355194]]
75774970	[1, [0.015814433038498166, 0.9841855669615018]]
9072292	[1, [0.0021794841764769535, 0.997820515823523]]
6022270	[1, [0.047575608191072316, 0.9524243918089277]]
7851658	[1, [0.027492007435379384, 0.9725079925646206]]
9036380	[1, [0.04198038255073, 0.95801961744927]]
9080858	[1, [0.00136586025805574, 0.9986341397419443]]
9274145	[1, [0.011301146591361833, 0.9886988534086382]]
13623325	[1, [0.01653838970479804, 0.983461610295202]]
5750005	[1, [0.02870576441507211, 0.9712942355849279]]
9036130	[1, [0.021332250093087923, 0.9786677499069121]]
6620187	[1, [0.03995054340157822, 0.9600494565984218]]
6621595	[1, [0.02803076127488613, 0.9719692387251139]]
91550536	[1, [0.0037712352950149963, 0.996228764704985]]
9080661	[1, [0.001466183012186817, 0.9985338169878132]]
30244297	[1, [0.004263726367585985, 0.995736273632414]]
9080575	[1, [0.02572717733484864, 0.9742728226651514]]
5747411	[1, [0.02584141239439197, 0.974158587605608]]
7936616	[1, [0.04078086545829385, 0.9592191345417062]]
9031355	[1, [0.0039191137514382746, 0.9960808862485617]]
68767108	[1, [0.04248201007087671, 0.9575179899291233]]
70114254	[1, [0.043950920249769765, 0.9560490797502302]]
9036552	[1, [0.0030788673189668936, 0.9969211326810331]]
9274649	[1, [0.04109619892965655, 0.9589038010703435]]
7936757	[1, [0.019603471339724066, 0.9803965286602759]]
28432156	[1, [0.020918437270645907, 0.9790815627293541]]
77772882	[1, [0.025877520907767626, 0.9741224790922324]]
9251505	[1, [0.0366344414660027, 0.9633655585339973]]
9013474	[1, [0.049275525032511425, 0.9507244749674886]]
6489295	[1, [0.046025020371327496, 0.9539749796286725]]
9223889	[1, [0.0017454209223934924, 0.9982545790776065]]
5759759	[1, [0.0029965061824771544, 0.9970034938175228]]
9013619	[1, [0.03689137422095412, 0.9631086257790459]]
9013089	[1, [0.0120057907665444, 0.9879942092334556]]
7743545	[1, [0.011402670214049948, 0.98859732978595]]
5761130	[1, [0.0031768348990233175, 0.9968231651009767]]
6490040	[1, [0.002201784270177032, 0.997798215729823]]
27125045	[1, [0.03410975068519362, 0.9658902493148064]]
5760851	[1, [0.04254098711217669, 0.9574590128878233]]
7941679	[1, [0.027883581315264694, 0.9721164186847353]]
5760284	[1, [0.04187119422537977, 0.9581288057746202]]
9134769	[1, [0.025149493486354313, 0.9748505065136457]]
9013056	[1, [0.010615479935239258, 0.9893845200647607]]
77808629	[1, [0.0074608889536341705, 0.9925391110463658]]
77773790	[1, [0.004082769015997245, 0.9959172309840028]]
7234209	[1, [0.04658537800034346, 0.9534146219996565]]
87684655	[1, [0.004714404807373396, 0.9952855951926266]]
32645945	[1, [0.0011535187760379761, 0.998846481223962]]
42028212	[1, [0.008357147025745859, 0.9916428529742541]]
7806168	[1, [0.04774422617729823, 0.9522557738227018]]
51028495	[1, [0.0414092878559984, 0.9585907121440016]]
9221767	[1, [0.0001575641240414427, 0.9998424358759586]]
21779497	[1, [0.008321226816858651, 0.9916787731831413]]
55032721	[1, [0.0259213596567458, 0.9740786403432542]]
6315237	[1, [0.015920550568940817, 0.9840794494310592]]
73381310	[1, [0.02453723217212489, 0.9754627678278751]]
7806688	[1, [0.006576222236928553, 0.9934237777630714]]
22099003	[1, [0.015764639442954254, 0.9842353605570457]]
7807212	[1, [0.0059412854119405, 0.9940587145880595]]
5716487	[1, [0.03762968026627944, 0.9623703197337206]]
13775225	[1, [0.041261542491782155, 0.9587384575082178]]
5700221	[1, [0.004488633893207972, 0.995511366106792]]
87698086	[1, [0.0389580472359039, 0.9610419527640961]]
56647412	[1, [0.032691244188929214, 0.9673087558110708]]
5266168	[1, [0.008680625659553631, 0.9913193743404464]]
6319332	[1, [0.0018875811437566448, 0.9981124188562434]]
7823674	[1, [0.014496819834153074, 0.9855031801658469]]
50314227	[1, [0.002238234750299384, 0.9977617652497006]]
7773179	[1, [0.0058179582074695535, 0.9941820417925304]]
6511766	[1, [0.0251082875094355, 0.9748917124905645]]
7683122	[1, [0.03229860104163407, 0.9677013989583659]]
5788429	[1, [0.0003958572402662508, 0.9996041427597337]]
9012788	[1, [0.00984539475299151, 0.9901546052470085]]
9012260	[1, [0.015845085939645065, 0.9841549140603549]]
9078586	[1, [0.0021794841764769535, 0.997820515823523]]
31469073	[1, [0.04568221409145723, 0.9543177859085428]]
7746515	[1, [0.004073789825584706, 0.9959262101744153]]
9014775	[1, [0.013679252299199196, 0.9863207477008008]]
9077801	[1, [0.013882136141057821, 0.9861178638589422]]
7823273	[1, [0.04747947389346341, 0.9525205261065366]]
7680981	[1, [0.048614656229704734, 0.9513853437702953]]
82522625	[1, [0.044132739141359845, 0.9558672608586402]]
9012574	[1, [0.010006439712328175, 0.9899935602876718]]
24923381	[1, [0.03661202175227263, 0.9633879782477274]]
50283592	[1, [0.008417990575346534, 0.9915820094246535]]
44965969	[1, [0.017086178153973286, 0.9829138218460267]]
28597493	[1, [0.019995542321390336, 0.9800044576786097]]
9068417	[1, [0.0006645081452750778, 0.9993354918547249]]
75899706	[1, [0.009588860884980899, 0.9904111391150191]]
9069047	[1, [0.005841960817297043, 0.994158039182703]]
28617617	[1, [0.0375455693586193, 0.9624544306413807]]
6589243	[1, [0.015183888467386053, 0.984816111532614]]
7843694	[1, [0.04926574463115474, 0.9507342553688453]]
11651332	[1, [0.028287058891464767, 0.9717129411085352]]
4033518	[1, [0.03498270387727398, 0.965017296122726]]
58748191	[1, [0.019205100908359696, 0.9807948990916403]]
82449079	[1, [0.01233065280231227, 0.9876693471976877]]
5658982	[1, [0.03846234087551126, 0.9615376591244887]]
11692886	[1, [0.01496126125769981, 0.9850387387423002]]
7517997	[1, [0.03067846310957756, 0.9693215368904224]]
6702067	[1, [0.022307615240100942, 0.9776923847598991]]
98860217	[1, [0.014032837408771481, 0.9859671625912285]]
24836287	[1, [0.04268322020377924, 0.9573167797962208]]
7919517	[1, [0.007355704488381076, 0.9926442955116189]]
16374635	[1, [0.048850322281275727, 0.9511496777187243]]
7940627	[1, [0.032600999479376114, 0.9673990005206239]]
7956900	[1, [0.04819589522639445, 0.9518041047736056]]
6057811	[1, [0.020659561959742723, 0.9793404380402573]]
7940621	[1, [0.011151892612889958, 0.98884810738711]]
5283496	[1, [0.01787549391187726, 0.9821245060881227]]
98713551	[1, [0.014952110113062078, 0.9850478898869379]]
7964713	[1, [0.047136498545465644, 0.9528635014545344]]
5877997	[1, [0.01728281868371717, 0.9827171813162828]]
9136951	[1, [0.009473549744272614, 0.9905264502557274]]
5706943	[1, [0.01618276127279006, 0.9838172387272099]]
91238880	[1, [0.026338433004278405, 0.9736615669957216]]
7956771	[1, [0.0004567026320680956, 0.9995432973679319]]
87880924	[1, [0.002580365501885007, 0.997419634498115]]
7921030	[1, [0.0020684662285685995, 0.9979315337714314]]
7726226	[1, [0.013596875680393805, 0.9864031243196062]]
64627995	[1, [0.000850006651281987, 0.999149993348718]]
21282120	[1, [0.015272208505226037, 0.984727791494774]]
16417463	[1, [0.009780094293680541, 0.9902199057063195]]
15919266	[1, [0.03979703859007744, 0.9602029614099226]]
87873051	[1, [0.015279244911720391, 0.9847207550882796]]
5624550	[1, [0.044922913758102756, 0.9550770862418972]]
29707709	[1, [0.04140177497699493, 0.9585982250230051]]
91294764	[1, [0.00553009595082532, 0.9944699040491747]]
9136808	[1, [0.03865011211632252, 0.9613498878836775]]
97317869	[1, [0.0016030741580299601, 0.99839692584197]]
6618555	[1, [0.03189849722215665, 0.9681015027778433]]
9076451	[1, [0.02500336235214029, 0.9749966376478597]]
93468314	[1, [0.04956797678279845, 0.9504320232172015]]
6617185	[1, [0.027388963087173424, 0.9726110369128266]]
5486445	[1, [0.0032300456950851153, 0.9967699543049149]]
6915060	[1, [0.034737824165446796, 0.9652621758345532]]
5487640	[1, [0.0003770861606985365, 0.9996229138393015]]
80156910	[1, [0.006229013777152237, 0.9937709862228478]]
74274129	[1, [0.010080121145767174, 0.9899198788542328]]
6615491	[1, [0.01877038082448712, 0.9812296191755129]]
7908368	[1, [0.017714720358214087, 0.9822852796417859]]
7884102	[1, [0.01862752088032016, 0.9813724791196798]]
5488276	[1, [0.007218224082023772, 0.9927817759179762]]
7986483	[1, [0.043895913577225665, 0.9561040864227743]]
41726059	[1, [0.025340177819637932, 0.9746598221803621]]
5268384	[1, [0.002994576803975857, 0.9970054231960241]]
6618710	[1, [0.04611374564894888, 0.9538862543510511]]
7908372	[1, [0.03934441195660088, 0.9606555880433991]]
7958551	[1, [0.026699894804640856, 0.9733001051953591]]
74176012	[1, [0.004314784707829533, 0.9956852152921705]]
9076306	[1, [0.001761348371946414, 0.9982386516280536]]
69616639	[1, [0.03463189467677785, 0.9653681053232221]]
5614687	[1, [0.009393907580276362, 0.9906060924197236]]
5133473	[1, [8.65299223299365e-05, 0.9999134700776701]]
29345415	[1, [0.03010408175004864, 0.9698959182499514]]
42344236	[1, [0.008648634056268922, 0.9913513659437311]]
7223274	[1, [0.0033809101632845673, 0.9966190898367154]]
9158261	[1, [0.0020813990218653267, 0.9979186009781347]]
6045511	[1, [0.044950863993882706, 0.9550491360061173]]
5121815	[1, [0.007932560190072269, 0.9920674398099277]]
69622101	[1, [0.0015265197024226795, 0.9984734802975773]]
5128129	[1, [0.012795428405574794, 0.9872045715944252]]
58000472	[1, [0.006631229650000403, 0.9933687703499996]]
7223127	[1, [0.04453420181045609, 0.9554657981895439]]
6679824	[1, [0.0160724644548057, 0.9839275355451943]]
93216228	[1, [0.03344208392362369, 0.9665579160763763]]
21973483	[1, [0.008540036985938637, 0.9914599630140614]]
22427002	[1, [0.024694893491956083, 0.9753051065080439]]
32736015	[1, [0.001750569962784554, 0.9982494300372154]]
9014354	[1, [0.00984539475299151, 0.9901546052470085]]
9123989	[1, [0.04924387046396339, 0.9507561295360366]]
5544589	[1, [0.002070849610298131, 0.9979291503897019]]
73063686	[1, [0.04256748314079717, 0.9574325168592028]]
7476560	[1, [0.009006790208651028, 0.990993209791349]]
42787867	[1, [0.019255029265464407, 0.9807449707345356]]
7819490	[1, [0.024279276564745267, 0.9757207234352547]]
22219626	[1, [0.00908048999160449, 0.9909195100083955]]
7391844	[1, [0.009556958324347331, 0.9904430416756527]]
73098458	[1, [0.0312556681963414, 0.9687443318036586]]
7527638	[1, [0.010272184883341029, 0.989727815116659]]
7519948	[1, [0.014652838928843392, 0.9853471610711566]]
6670778	[1, [0.03248529713754611, 0.9675147028624539]]
6670821	[1, [0.009886634282955775, 0.9901133657170442]]
9201829	[1, [0.03910097154754255, 0.9608990284524574]]
7391944	[1, [0.0004303163714582947, 0.9995696836285417]]
9108461	[1, [0.014468891343235701, 0.9855311086567643]]
38506117	[1, [0.021819085034083696, 0.9781809149659163]]
6106593	[1, [0.007326056623843558, 0.9926739433761564]]
89576905	[1, [0.0063573198250015395, 0.9936426801749985]]
6107942	[1, [0.0019305893349654824, 0.9980694106650345]]
9202027	[1, [0.00027142321913231626, 0.9997285767808677]]
7817278	[1, [0.02732505029388199, 0.972674949706118]]
50105027	[1, [0.01190515337993181, 0.9880948466200682]]
20480234	[1, [0.048244311630783465, 0.9517556883692165]]
40805160	[1, [0.005270319858625139, 0.9947296801413749]]
74729490	[1, [0.0030661798355560155, 0.996933820164444]]
59159581	[1, [0.02586708277814942, 0.9741329172218506]]
40136834	[1, [0.00010145516175741331, 0.9998985448382426]]
11778031	[1, [0.008897287335227988, 0.991102712664772]]
40146220	[1, [0.02367384964507946, 0.9763261503549205]]
95982237	[1, [0.013091314193840575, 0.9869086858061594]]
6590437	[1, [0.0012133191786944941, 0.9987866808213055]]
40161849	[1, [0.005908399338418691, 0.9940916006615813]]
6025831	[1, [0.011908757004495896, 0.9880912429955041]]
74709107	[1, [0.025255906206235412, 0.9747440937937646]]
97222793	[1, [0.02284551486196007, 0.9771544851380399]]
6030466	[1, [0.04715781725435675, 0.9528421827456433]]
97224958	[1, [0.011692275502256932, 0.9883077244977431]]
7245721	[1, [0.004856646741112414, 0.9951433532588876]]
50082351	[1, [0.007502338179386281, 0.9924976618206137]]
95926223	[1, [0.003786905620576708, 0.9962130943794233]]
5631392	[1, [3.00839317094459e-05, 0.9999699160682906]]
6025317	[1, [0.03974805771229151, 0.9602519422877085]]
30727570	[1, [0.00624674511832779, 0.9937532548816722]]
6030364	[1, [0.021438780696951487, 0.9785612193030485]]
5263012	[1, [0.024987397456626148, 0.9750126025433739]]
6598983	[1, [0.041000700162242776, 0.9589992998377572]]
6084416	[1, [0.04391692750716558, 0.9560830724928344]]
5689229	[1, [0.004563097429212237, 0.9954369025707878]]
25812757	[1, [0.02614796213223669, 0.9738520378677633]]
6099352	[1, [0.03470428521217761, 0.9652957147878224]]
9105110	[1, [0.03353542648032559, 0.9664645735196744]]
26866209	[1, [0.007583423611145945, 0.992416576388854]]
9011075	[1, [0.009101906287077188, 0.9908980937129228]]
5587961	[1, [7.799027657018343e-08, 0.9999999220097234]]
58328627	[1, [0.022968983990712788, 0.9770310160092872]]
43297225	[1, [0.0011285436421839545, 0.998871456357816]]
95774063	[1, [0.009192896995799615, 0.9908071030042004]]
95707806	[1, [0.015051255010631648, 0.9849487449893684]]
6100623	[1, [0.0470276255701626, 0.9529723744298374]]
9010597	[1, [0.015343819960973115, 0.9846561800390269]]
10437862	[1, [0.021213815806459757, 0.9787861841935402]]
99148972	[1, [0.02343385390880992, 0.9765661460911901]]
7917014	[1, [0.04796341545674254, 0.9520365845432575]]
49897201	[1, [0.0032254905861103245, 0.9967745094138897]]
15406902	[1, [0.013295173719722109, 0.9867048262802779]]
6809947	[1, [0.030177680756085512, 0.9698223192439145]]
10492614	[1, [0.007360340025875489, 0.9926396599741245]]
29574543	[1, [0.02607172824264581, 0.9739282717573542]]
29594670	[1, [0.01927933374604529, 0.9807206662539547]]
60573541	[1, [0.027181025197683284, 0.9728189748023167]]
5869379	[1, [0.04833465657248881, 0.9516653434275112]]
97520432	[1, [0.0034450727645158885, 0.9965549272354841]]
7676114	[1, [0.023526837828033553, 0.9764731621719664]]
73550853	[1, [0.03728030642314961, 0.9627196935768504]]
5867373	[1, [0.04855864037674218, 0.9514413596232578]]
91822494	[1, [0.0032762546498557032, 0.9967237453501443]]
51483485	[1, [0.007977510961797551, 0.9920224890382024]]
7969258	[1, [0.02016018814740994, 0.9798398118525901]]
7889540	[1, [0.00437356156798685, 0.9956264384320131]]
60697901	[1, [0.012048037985312399, 0.9879519620146876]]
7298110	[1, [0.003193305329489693, 0.9968066946705103]]
7913723	[1, [0.027804904787395723, 0.9721950952126043]]
84058687	[1, [0.00110242420092177, 0.9988975757990782]]
23514019	[1, [0.020785643477239213, 0.9792143565227608]]
85598328	[1, [0.01072459824186256, 0.9892754017581374]]
7677862	[1, [0.007856833310760147, 0.9921431666892399]]
7810143	[1, [0.012864768843375285, 0.9871352311566247]]
96765318	[1, [0.007850635149096674, 0.9921493648509033]]
5241333	[1, [0.02096929795367153, 0.9790307020463285]]
68666068	[1, [0.041562320058714075, 0.9584376799412859]]
9131571	[1, [0.006437404844019001, 0.993562595155981]]
9012022	[1, [0.009188619505670848, 0.9908113804943292]]
5241420	[1, [0.010418558421191881, 0.9895814415788081]]
7686895	[1, [0.004771195883764179, 0.9952288041162358]]
23368257	[1, [0.04555815764530835, 0.9544418423546916]]
9011412	[1, [0.007961840987381397, 0.9920381590126186]]
72387319	[1, [0.029875548086770065, 0.9701244519132299]]
95268746	[1, [0.0038256855820528735, 0.9961743144179471]]
96769638	[1, [0.005790359211793605, 0.9942096407882064]]
9332318	[1, [0.03396197814832824, 0.9660380218516718]]
9192084	[1, [0.04221697471865926, 0.9577830252813407]]
6871911	[1, [0.007674965733194927, 0.9923250342668051]]
31165778	[1, [0.014811323130036191, 0.9851886768699638]]
7106535	[1, [0.014405375602215997, 0.985594624397784]]
6115941	[1, [0.00481057712187416, 0.9951894228781258]]
7984659	[1, [0.045432650568571376, 0.9545673494314286]]
25023569	[1, [0.005896062347549802, 0.9941039376524502]]
9192111	[1, [0.02029841405778654, 0.9797015859422135]]
31994206	[1, [0.02110138021224206, 0.9788986197877579]]
7984718	[1, [0.023659180425858684, 0.9763408195741413]]
32584299	[1, [0.0341704014929588, 0.9658295985070412]]
7925147	[1, [0.01452479801339901, 0.985475201986601]]
7984610	[1, [0.011228452330909744, 0.9887715476690903]]
9192112	[1, [0.02937589105510441, 0.9706241089448956]]
9191947	[1, [0.011562846837856022, 0.988437153162144]]
23227890	[1, [0.02375699182157953, 0.9762430081784205]]
9192093	[1, [0.04972600028154783, 0.9502739997184522]]
7240758	[1, [0.0049629922155352, 0.9950370077844648]]
7925016	[1, [0.02820017140538955, 0.9717998285946104]]
9156307	[1, [0.008674398188577515, 0.9913256018114225]]
6523715	[1, [0.023081697191197903, 0.9769183028088021]]
9005716	[1, [0.013015949598843446, 0.9869840504011566]]
6202045	[1, [0.009870795725123394, 0.9901292042748766]]
7846847	[1, [0.01440244986027539, 0.9855975501397246]]
89710797	[1, [0.015335189342513988, 0.984664810657486]]
9033350	[1, [0.012643314793287508, 0.9873566852067125]]
86977936	[1, [0.030180420897005344, 0.9698195791029947]]
60223222	[1, [0.008660953567801277, 0.9913390464321987]]
62285892	[1, [0.046107870920843896, 0.9538921290791561]]
6205009	[1, [0.006653292626256357, 0.9933467073737436]]
39453739	[1, [0.0353279490620253, 0.9646720509379747]]
6234428	[1, [0.018770712086246033, 0.981229287913754]]
7932930	[1, [0.01131317120491171, 0.9886868287950883]]
15855200	[1, [0.02574932966257637, 0.9742506703374236]]
35925846	[1, [0.009020499206809696, 0.9909795007931903]]
50236557	[1, [0.042351359691708335, 0.9576486403082917]]
15823739	[1, [0.005951867559374602, 0.9940481324406254]]
40204160	[1, [0.018978128605631417, 0.9810218713943686]]
5160193	[1, [0.0392777162240876, 0.9607222837759124]]
64089872	[1, [0.03992905012951675, 0.9600709498704832]]
35038826	[1, [0.0007607688700221882, 0.9992392311299778]]
9283522	[1, [0.02298378656214073, 0.9770162134378593]]
47186714	[1, [0.005565908949814791, 0.9944340910501852]]
6802585	[1, [0.010897096571790943, 0.9891029034282091]]
40589541	[1, [0.029998830230852036, 0.970001169769148]]
7281794	[1, [0.0006996078439832631, 0.9993003921560167]]
83056237	[1, [0.03787122326049219, 0.9621287767395078]]
6801245	[1, [0.03289748170952911, 0.9671025182904709]]
5160614	[1, [0.019012892383880375, 0.9809871076161196]]
7441003	[1, [0.0017935044334985717, 0.9982064955665014]]
86308991	[1, [0.04485586245044315, 0.9551441375495568]]
9016631	[1, [0.022746225627223393, 0.9772537743727766]]
45868414	[1, [0.005009189690752813, 0.9949908103092472]]
5161118	[1, [0.03336904112538919, 0.9666309588746108]]
86257085	[1, [0.039914041923403754, 0.9600859580765962]]
41546362	[1, [0.04585038409205133, 0.9541496159079487]]
6111140	[1, [0.017146304326680517, 0.9828536956733195]]
9189131	[1, [0.012018680455917585, 0.9879813195440824]]
98788482	[1, [0.04129912791768686, 0.9587008720823131]]
5675301	[1, [0.049345340944681126, 0.9506546590553189]]
91002902	[1, [0.047789215798805684, 0.9522107842011943]]
92523633	[1, [0.026750961380466287, 0.9732490386195337]]
7985675	[1, [0.017421374870316253, 0.9825786251296837]]
5230236	[1, [0.04542964758292689, 0.9545703524170731]]
26442192	[1, [0.030216017535402262, 0.9697839824645977]]
6112468	[1, [0.012844481438712418, 0.9871555185612876]]
9074188	[1, [0.03650357267671811, 0.9634964273232819]]
6111171	[1, [0.032529967215947586, 0.9674700327840524]]
91012128	[1, [0.0069506086980430926, 0.9930493913019569]]
6878223	[1, [0.029055966567912095, 0.9709440334320879]]
89219340	[1, [0.036451328434513486, 0.9635486715654865]]
9048478	[1, [0.04727944924163796, 0.952720550758362]]
55214417	[1, [0.007983465118335809, 0.9920165348816642]]
89232158	[1, [0.030908522137365724, 0.9690914778626343]]
6639315	[1, [0.013169084383384044, 0.986830915616616]]
5229963	[1, [0.019520282634590602, 0.9804797173654094]]
7844053	[1, [0.03112743223736314, 0.9688725677626369]]
9073727	[1, [0.016979425149545313, 0.9830205748504547]]
6077082	[1, [0.004770521387114091, 0.9952294786128859]]
9078850	[1, [0.0003613585896374838, 0.9996386414103625]]
9001309	[1, [0.046412258657721805, 0.9535877413422782]]
23984214	[1, [0.04846949295087455, 0.9515305070491255]]
42467109	[1, [0.03012894138685185, 0.9698710586131482]]
16564757	[1, [0.016351358891739, 0.983648641108261]]
6169427	[1, [0.034105777216730804, 0.9658942227832692]]
53596807	[1, [0.0036543203757003484, 0.9963456796242997]]
96889963	[1, [0.006245636735682236, 0.9937543632643178]]
49399431	[1, [0.027391472327298327, 0.9726085276727017]]
42709160	[1, [0.027218907484691246, 0.9727810925153088]]
31665922	[1, [0.014972958461938246, 0.9850270415380618]]
7250416	[1, [0.03413012879659816, 0.9658698712034018]]
78713292	[1, [0.04929282428540438, 0.9507071757145956]]
11924463	[1, [0.030316824995979097, 0.9696831750040209]]
54775697	[1, [0.010984474905181618, 0.9890155250948184]]
5481054	[1, [0.003409938434624671, 0.9965900615653753]]
21102461	[1, [0.04908566105338885, 0.9509143389466111]]
26558165	[1, [0.03205111135496275, 0.9679488886450373]]
7929038	[1, [0.015089374887368723, 0.9849106251126313]]
46197966	[1, [0.040171274931322, 0.959828725068678]]
7939374	[1, [0.012487978505256181, 0.9875120214947438]]
96692994	[1, [0.0004371934779888731, 0.9995628065220111]]
7763622	[1, [0.0012192177297049023, 0.9987807822702951]]
5526888	[1, [0.0103751922536518, 0.9896248077463482]]
7963019	[1, [0.03526627341113453, 0.9647337265888655]]
7962390	[1, [0.00160987444735472, 0.9983901255526453]]
5529510	[1, [0.01918011840895384, 0.9808198815910462]]
45473877	[1, [0.03259559831502734, 0.9674044016849727]]
7360584	[1, [0.02374091901308517, 0.9762590809869148]]
53736156	[1, [0.026392017006984014, 0.973607982993016]]
7418026	[1, [0.020299018899092136, 0.9797009811009079]]
7963023	[1, [0.03228811874510229, 0.9677118812548977]]
12842502	[1, [0.0009269247700611771, 0.9990730752299388]]
46469307	[1, [0.0019184073268263546, 0.9980815926731736]]
7208675	[1, [0.007947175331618483, 0.9920528246683815]]
5530348	[1, [0.0181400302712722, 0.9818599697287278]]
7362956	[1, [0.04269717745128898, 0.957302822548711]]
5613271	[1, [0.003654002310736093, 0.9963459976892639]]
7953991	[1, [0.020848035819748256, 0.9791519641802517]]
5809451	[1, [0.0004977411982729496, 0.999502258801727]]
53100405	[1, [0.0042179890065728864, 0.9957820109934271]]
7905551	[1, [0.03545779148563, 0.96454220851437]]
43706459	[1, [0.002912290482078528, 0.9970877095179215]]
5711115	[1, [0.029009882948866417, 0.9709901170511336]]
5611382	[1, [0.0017474885213900615, 0.9982525114786099]]
7950649	[1, [0.028554091616893595, 0.9714459083831064]]
7502373	[1, [0.0023301175263610308, 0.997669882473639]]
7506050	[1, [0.025013885086041854, 0.9749861149139581]]
21537977	[1, [0.02154107920110382, 0.9784589207988962]]
9113271	[1, [0.048074510012618865, 0.9519254899873811]]
9102715	[1, [0.033704488423253354, 0.9662955115767466]]
5851260	[1, [0.010379440239571047, 0.989620559760429]]
5852635	[1, [0.028079405404053515, 0.9719205945959465]]
5613342	[1, [0.031649678374899404, 0.9683503216251006]]
79766354	[1, [0.015281836971869689, 0.9847181630281303]]
6656832	[1, [0.0160724644548057, 0.9839275355451943]]
5853109	[1, [0.015262891737007123, 0.9847371082629929]]
21554965	[1, [0.012247740068071389, 0.9877522599319286]]
79818507	[1, [2.3530910753133405e-05, 0.9999764690892469]]
54176248	[1, [0.048130830135951874, 0.9518691698640481]]
80017703	[1, [0.011533431767079771, 0.9884665682329202]]
7618282	[1, [0.030147818625844036, 0.969852181374156]]
6813583	[1, [0.0251082875094355, 0.9748917124905645]]
62082568	[1, [0.013353105626702888, 0.9866468943732971]]
27686853	[1, [0.002602365555321118, 0.9973976344446789]]
9154055	[1, [0.03014015801571024, 0.9698598419842898]]
58193461	[1, [0.0362941275526425, 0.9637058724473575]]
9129843	[1, [0.0056895351866672605, 0.9943104648133327]]
83227396	[1, [0.010877291497442543, 0.9891227085025575]]
9142279	[1, [0.042413934834375944, 0.9575860651656241]]
72293495	[1, [0.03256434615481563, 0.9674356538451844]]
88214396	[1, [0.03355956822579831, 0.9664404317742017]]
58199660	[1, [0.033377008158470445, 0.9666229918415296]]
9153629	[1, [0.005975853293232469, 0.9940241467067675]]
9141685	[1, [0.00636428949161183, 0.9936357105083882]]
11611028	[1, [0.004172850242654125, 0.9958271497573459]]
9130358	[1, [0.030952096873584023, 0.969047903126416]]
58222319	[1, [0.011743396212188006, 0.988256603787812]]
43745131	[1, [0.028227748366914218, 0.9717722516330858]]
9151205	[1, [0.009541231789565674, 0.9904587682104343]]
15560526	[1, [0.033244701898342055, 0.966755298101658]]
31331529	[1, [0.04953426053416021, 0.9504657394658398]]
9209240	[1, [0.00026952151657777534, 0.9997304784834222]]
15555000	[1, [0.0013159208718316329, 0.9986840791281684]]
9208154	[1, [0.03396197814832824, 0.9660380218516718]]
33854584	[1, [0.025622567742133118, 0.9743774322578669]]
60432765	[1, [0.013194099980413987, 0.986805900019586]]
7671911	[1, [0.0022311822807452586, 0.9977688177192547]]
9151531	[1, [0.00586044626543214, 0.9941395537345679]]
7507188	[1, [0.027379625830273757, 0.9726203741697262]]
60392751	[1, [0.0003356289502159937, 0.999664371049784]]
72500795	[1, [0.049590709072650285, 0.9504092909273497]]
28091987	[1, [0.013337731680125864, 0.9866622683198741]]
7510427	[1, [0.04930501814374977, 0.9506949818562502]]
6874746	[1, [0.04650876143611615, 0.9534912385638838]]
6667755	[1, [0.012659414320516982, 0.987340585679483]]
5221304	[1, [0.0003510056385230831, 0.9996489943614769]]
5279940	[1, [0.005599188086304108, 0.9944008119136959]]
56740933	[1, [0.04924436019467404, 0.950755639805326]]
84149858	[1, [0.01264969245795089, 0.9873503075420491]]
6008896	[1, [0.012283363503825195, 0.9877166364961748]]
7983047	[1, [0.04848920533640011, 0.9515107946635999]]
20264871	[1, [0.0006304797040944665, 0.9993695202959055]]
10389309	[1, [0.0002072496483731534, 0.9997927503516268]]
6669068	[1, [0.009458936781670757, 0.9905410632183292]]
75928444	[1, [0.0052295813250693435, 0.9947704186749307]]
7188104	[1, [0.003193516073610514, 0.9968064839263895]]
7983015	[1, [0.046025020371327496, 0.9539749796286725]]
7983119	[1, [0.018286779995366875, 0.9817132200046331]]
73223768	[1, [0.044152488479445307, 0.9558475115205547]]
7983038	[1, [0.022139032613256338, 0.9778609673867437]]
40028683	[1, [0.011660986087819292, 0.9883390139121807]]
5219764	[1, [0.019520282634590602, 0.9804797173654094]]
7957302	[1, [0.0012668466977953097, 0.9987331533022047]]
7488601	[1, [0.01581004655658591, 0.9841899534434141]]
7837956	[1, [0.022181444904934233, 0.9778185550950658]]
7838148	[1, [0.015199208552087784, 0.9848007914479122]]
7839707	[1, [0.0258392160208899, 0.9741607839791101]]
7814361	[1, [0.04473631208403195, 0.955263687915968]]
64343534	[1, [0.003949538231221017, 0.996050461768779]]
24197060	[1, [0.02963493477916901, 0.970365065220831]]
7784508	[1, [0.04264852356328075, 0.9573514764367193]]
37572936	[1, [0.03650619645786424, 0.9634938035421358]]
25234389	[1, [0.03348639650928442, 0.9665136034907156]]
78106734	[1, [0.010519413344827089, 0.9894805866551729]]
77045212	[1, [0.017694713358443304, 0.9823052866415567]]
7576374	[1, [0.03507131051354084, 0.9649286894864592]]
69892448	[1, [0.0015394737956599958, 0.99846052620434]]
6650449	[1, [0.04458151421644774, 0.9554184857835523]]
14672489	[1, [0.009978854221422195, 0.9900211457785778]]
7838107	[1, [0.043342632853428764, 0.9566573671465712]]
6457277	[1, [0.005469007644831603, 0.9945309923551684]]
9022224	[1, [0.0007189912893849071, 0.9992810087106151]]
5723053	[1, [0.00020016464397276668, 0.9997998353560272]]
5723096	[1, [0.00012947489728087902, 0.9998705251027191]]
7976783	[1, [0.005469007644831603, 0.9945309923551684]]
5533408	[1, [0.014055837760975964, 0.985944162239024]]
40845272	[1, [0.0055923691945068965, 0.9944076308054931]]
5363683	[1, [0.0108239631546172, 0.9891760368453828]]
5721360	[1, [0.023947796776428998, 0.976052203223571]]
5723479	[1, [3.435274287255652e-10, 0.9999999996564726]]
5549252	[1, [0.002949014062301192, 0.9970509859376988]]
84922143	[1, [0.008697845497699364, 0.9913021545023006]]
94311267	[1, [0.01824322658285793, 0.9817567734171421]]
5304605	[1, [0.04481937045316309, 0.9551806295468369]]
43814578	[1, [0.023557940944023414, 0.9764420590559766]]
5551093	[1, [0.018750827710131812, 0.9812491722898682]]
38793586	[1, [0.003946437254107704, 0.9960535627458923]]
9133198	[1, [0.019878928336796164, 0.9801210716632038]]
38792651	[1, [0.03726764611030964, 0.9627323538896904]]
7768318	[1, [0.012051824998385308, 0.9879481750016147]]
70511634	[1, [0.001378926077649556, 0.9986210739223504]]
30871177	[1, [0.020232873758623482, 0.9797671262413765]]
9133628	[1, [0.007608691998937989, 0.992391308001062]]
5153798	[1, [2.7375025847264922e-06, 0.9999972624974153]]
53981377	[1, [0.027181025197683284, 0.9728189748023167]]
5152080	[1, [0.012051155419658621, 0.9879488445803414]]
9123614	[1, [0.01557630369536156, 0.9844236963046384]]
5147629	[1, [0.01126682223515918, 0.9887331777648408]]
6130931	[1, [0.006932336086346025, 0.993067663913654]]
5149849	[1, [0.027098087528539372, 0.9729019124714606]]
53582759	[1, [0.005512826381793956, 0.994487173618206]]
58953471	[1, [0.0034954070192656506, 0.9965045929807343]]
30428198	[1, [0.033956380612198966, 0.966043619387801]]
7764729	[1, [0.029852789061040608, 0.9701472109389594]]
6131257	[1, [0.0423440982651333, 0.9576559017348667]]
6132398	[1, [0.028199805880690598, 0.9718001941193094]]
7993740	[1, [0.008647065034873336, 0.9913529349651267]]
53986771	[1, [0.03670812438421567, 0.9632918756157843]]
6584107	[1, [0.005137134684444877, 0.9948628653155551]]
7767477	[1, [0.007505563793850367, 0.9924944362061496]]
44886060	[1, [0.0386814047752122, 0.9613185952247878]]
40427275	[1, [0.04168680570442507, 0.9583131942955749]]
49567515	[1, [0.004612921983289664, 0.9953870780167103]]
64258279	[1, [0.03898530208399398, 0.961014697916006]]
84578597	[1, [0.04714879646667447, 0.9528512035333255]]
7777676	[1, [0.0009117872486724687, 0.9990882127513275]]
18283245	[1, [0.027005523992188474, 0.9729944760078115]]
49068061	[1, [0.04198391600030038, 0.9580160839996996]]
5193130	[1, [0.02274317519184177, 0.9772568248081582]]
7170605	[1, [0.017591203710487946, 0.982408796289512]]
50485941	[1, [0.0013391048774041847, 0.9986608951225958]]
7990687	[1, [0.010428082813298989, 0.989571917186701]]
7969641	[1, [0.011568861249681817, 0.9884311387503182]]
60620011	[1, [0.002212058587467869, 0.9977879414125321]]
18937722	[1, [0.025744359959756657, 0.9742556400402433]]
57419768	[1, [0.04692497541080831, 0.9530750245891917]]
60656433	[1, [0.027416657623345775, 0.9725833423766542]]
5135269	[1, [0.015126328103828746, 0.9848736718961713]]
6786501	[1, [0.021055016177336405, 0.9789449838226636]]
7936049	[1, [0.02366701615537148, 0.9763329838446285]]
65707208	[1, [0.02921080888656613, 0.9707891911134339]]
6052009	[1, [0.009927628337699557, 0.9900723716623004]]
9144743	[1, [0.0072012654990957214, 0.9927987345009043]]
7943618	[1, [0.011329645825512769, 0.9886703541744872]]
5103993	[1, [0.003916240789104797, 0.9960837592108952]]
5104021	[1, [0.008154409626386694, 0.9918455903736133]]
9154180	[1, [0.02358863321548843, 0.9764113667845116]]
5135285	[1, [0.015264972032656865, 0.9847350279673431]]
5303823	[1, [0.0006175208856963321, 0.9993824791143037]]
9154441	[1, [0.016245699120426615, 0.9837543008795734]]
6690973	[1, [0.015496026068989588, 0.9845039739310104]]
9154890	[1, [0.012112807276078774, 0.9878871927239212]]
7833694	[1, [0.018176894065464855, 0.9818231059345351]]
11258885	[1, [0.00713035547489671, 0.9928696445251033]]
9155025	[1, [0.04857489665094683, 0.9514251033490532]]
5137336	[1, [0.009341291111530925, 0.9906587088884691]]
7753821	[1, [0.04148014476929096, 0.958519855230709]]
9145518	[1, [0.035474655168993285, 0.9645253448310067]]
7978207	[1, [0.016276321106770797, 0.9837236788932292]]
6051672	[1, [0.009927628337699557, 0.9900723716623004]]
5136333	[1, [0.0010495327081250228, 0.998950467291875]]
5104097	[1, [0.014199047815278254, 0.9858009521847217]]
9154544	[1, [0.00771695021560892, 0.9922830497843911]]
7834527	[1, [0.012920308846917972, 0.987079691153082]]
6128063	[1, [0.004526227170845276, 0.9954737728291547]]
7039958	[1, [0.049275525032511425, 0.9507244749674886]]
7964288	[1, [0.005982821959053308, 0.9940171780409467]]
6126086	[1, [0.03732929002322849, 0.9626707099767715]]
85032778	[1, [0.004066366804908572, 0.9959336331950914]]
5350974	[1, [4.971280429977298e-06, 0.99999502871957]]
7335309	[1, [0.00032151590704021515, 0.9996784840929598]]
7669827	[1, [0.03526627341113453, 0.9647337265888655]]
17072019	[1, [0.022616034172738386, 0.9773839658272616]]
7666396	[1, [0.008827345528818142, 0.9911726544711819]]
6129377	[1, [0.006654558048652004, 0.993345441951348]]
9140964	[1, [0.006857609300526368, 0.9931423906994736]]
6396062	[1, [0.0033487997594001673, 0.9966512002405998]]
7898153	[1, [0.0012041118298935505, 0.9987958881701064]]
7459765	[1, [0.0050866458109000146, 0.9949133541891]]
7873145	[1, [0.030540437394067088, 0.9694595626059329]]
6126870	[1, [0.049074093909989736, 0.9509259060900103]]
70680882	[1, [0.015871823907011584, 0.9841281760929884]]
6127032	[1, [0.004197179761431191, 0.9958028202385688]]
31785966	[1, [0.04872739904145318, 0.9512726009585468]]
87229151	[1, [0.0026310483265473694, 0.9973689516734526]]
49720783	[1, [0.022819837238832297, 0.9771801627611677]]
5260291	[1, [0.007180163276475637, 0.9928198367235244]]
46950989	[1, [0.01909674810003248, 0.9809032518999675]]
12535209	[1, [0.012305168066615413, 0.9876948319333846]]
9135838	[1, [0.02632750503830139, 0.9736724949616986]]
9129493	[1, [0.0028243930480810198, 0.997175606951919]]
80071933	[1, [0.036181147884777, 0.963818852115223]]
5259425	[1, [0.007092879351890402, 0.9929071206481096]]
9135062	[1, [0.03146643225380741, 0.9685335677461926]]
5565792	[1, [0.03251660421808056, 0.9674833957819194]]
5633121	[1, [0.0005558516604078356, 0.9994441483395922]]
5634677	[1, [2.8842643828852488e-09, 0.9999999971157356]]
9135591	[1, [0.008483973272214174, 0.9915160267277858]]
18039107	[1, [0.04418898221207279, 0.9558110177879272]]
7785028	[1, [0.027935081274510387, 0.9720649187254896]]
5248286	[1, [0.00037325675525534674, 0.9996267432447447]]
43385340	[1, [0.0010751861928165463, 0.9989248138071835]]
9055073	[1, [0.04535917331529726, 0.9546408266847027]]
14102605	[1, [0.015206642758288313, 0.9847933572417117]]
9129011	[1, [0.04574900949219218, 0.9542509905078078]]
13034637	[1, [0.015038190695482845, 0.9849618093045172]]
9135137	[1, [0.006586035483175157, 0.9934139645168248]]
88760041	[1, [0.030825630044778896, 0.9691743699552211]]
18090467	[1, [0.015433885749449483, 0.9845661142505505]]
5701002	[1, [0.015325359552067153, 0.9846746404479328]]
7612621	[1, [0.02319735623860919, 0.9768026437613908]]
4401226	[1, [0.032995838826492374, 0.9670041611735076]]
7685979	[1, [0.04132068279095924, 0.9586793172090408]]
34526041	[1, [0.006933243228050223, 0.9930667567719498]]
5315788	[1, [2.6330385878292617e-06, 0.9999973669614122]]
7684783	[1, [0.009111774606885614, 0.9908882253931144]]
6893809	[1, [0.03420878807635841, 0.9657912119236416]]
51286048	[1, [0.0016635022572689673, 0.998336497742731]]
7966030	[1, [0.04997014015395018, 0.9500298598460498]]
5361620	[1, [0.04521291326971577, 0.9547870867302842]]
54102055	[1, [0.02291271427694397, 0.977087285723056]]
7316941	[1, [0.007115163917609135, 0.9928848360823909]]
95842995	[1, [0.035717348023715845, 0.9642826519762842]]
4400213	[1, [0.030177680756085512, 0.9698223192439145]]
59624068	[1, [0.023883010050236964, 0.976116989949763]]
52326197	[1, [0.02950312779012043, 0.9704968722098796]]
7965586	[1, [0.0001440602274749292, 0.9998559397725251]]
29131278	[1, [0.002717603543272884, 0.9972823964567271]]
57532697	[1, [0.008265789107008925, 0.9917342108929911]]
95193718	[1, [0.005299049558470825, 0.9947009504415292]]
9121616	[1, [0.03862161808409259, 0.9613783819159074]]
7799018	[1, [0.010215478627071062, 0.9897845213729289]]
9137907	[1, [0.02707579177924546, 0.9729242082207545]]
65533587	[1, [0.002904280732486164, 0.9970957192675138]]
47015219	[1, [0.037870759351187, 0.962129240648813]]
7953377	[1, [0.02830871835708837, 0.9716912816429116]]
82802258	[1, [0.01870740440192542, 0.9812925955980746]]
7129321	[1, [0.030700579007040707, 0.9692994209929593]]
6597712	[1, [0.003894358372854345, 0.9961056416271457]]
4024383	[1, [0.03336904112538919, 0.9666309588746108]]
7949973	[1, [0.00041597283206129543, 0.9995840271679387]]
7953577	[1, [0.002486522726961149, 0.9975134772730389]]
6597669	[1, [0.024036278753034268, 0.9759637212469657]]
9137684	[1, [0.03228681496497021, 0.9677131850350298]]
39854612	[1, [0.04909831895112704, 0.950901681048873]]
72912925	[1, [0.021971727487252735, 0.9780282725127473]]
50622065	[1, [0.048907628270992154, 0.9510923717290078]]
7932036	[1, [0.0057902477245815875, 0.9942097522754184]]
9218850	[1, [0.03798030046196921, 0.9620196995380308]]
60512305	[1, [0.036503712507343966, 0.963496287492656]]
6074201	[1, [0.0006346260192937603, 0.9993653739807062]]
7931954	[1, [0.021767161139282676, 0.9782328388607173]]
7802049	[1, [0.03682820481979532, 0.9631717951802047]]
95353513	[1, [0.018649109800866315, 0.9813508901991337]]
9061676	[1, [0.016866844733597786, 0.9831331552664022]]
22312472	[1, [0.00019927236580097318, 0.999800727634199]]
7820820	[1, [0.025242473197271464, 0.9747575268027285]]
5917360	[1, [0.01955181695875463, 0.9804481830412454]]
6122386	[1, [0.016029938300176516, 0.9839700616998235]]
5915491	[1, [0.003196878370883005, 0.996803121629117]]
5914805	[1, [0.006368715658668256, 0.9936312843413317]]
13523335	[1, [0.011051042625850438, 0.9889489573741496]]
7758629	[1, [0.04452207913823769, 0.9554779208617623]]
7759102	[1, [0.010007470716059452, 0.9899925292839405]]
7820432	[1, [0.025532575554559123, 0.9744674244454409]]
7820502	[1, [0.019878865380297372, 0.9801211346197026]]
18875854	[1, [0.039330509299356886, 0.9606694907006431]]
5814492	[1, [0.046742214302940455, 0.9532577856970595]]
7759101	[1, [0.00012003712107855335, 0.9998799628789214]]
86559472	[1, [0.04328598022644192, 0.9567140197735581]]
51388086	[1, [0.012110558020898443, 0.9878894419791016]]
49944469	[1, [0.01018667684068042, 0.9898133231593196]]
27502432	[1, [0.020340302391295806, 0.9796596976087042]]
6959269	[1, [0.0022844848329299783, 0.99771551516707]]
9018920	[1, [0.03178982884586157, 0.9682101711541384]]
9199006	[1, [0.02114727845878661, 0.9788527215412134]]
67195378	[1, [0.013364372916561007, 0.986635627083439]]
10596048	[1, [0.043379163600613335, 0.9566208363993867]]
7922788	[1, [0.002535450696249497, 0.9974645493037505]]
6102433	[1, [0.017974341653857695, 0.9820256583461423]]
9019216	[1, [0.011222045520896451, 0.9887779544791035]]
7922590	[1, [0.006270495824112654, 0.9937295041758873]]
6103782	[1, [0.0009402300164745858, 0.9990597699835254]]
17484179	[1, [0.04345815833753719, 0.9565418416624628]]
83990056	[1, [0.04795952913593493, 0.9520404708640651]]
92738734	[1, [0.032226148047764136, 0.9677738519522359]]
69503050	[1, [0.012756623728533478, 0.9872433762714665]]
6102380	[1, [0.00529262393358676, 0.9947073760664132]]
96569271	[1, [0.03914073155935427, 0.9608592684406457]]
6101292	[1, [0.010942944021467227, 0.9890570559785328]]
67320491	[1, [0.00982391815365491, 0.9901760818463451]]
96542444	[1, [0.03428797739834799, 0.965712022601652]]
5472695	[1, [0.00410176243423066, 0.9958982375657693]]
6104020	[1, [0.015130902587422779, 0.9848690974125772]]
4028971	[1, [0.046304627023245004, 0.953695372976755]]
6605199	[1, [0.0005615684130955145, 0.9994384315869045]]
5570724	[1, [0.034274506129401194, 0.9657254938705988]]
7789985	[1, [0.04779416554174121, 0.9522058344582588]]
39151086	[1, [0.011965948208312316, 0.9880340517916877]]
7557880	[1, [0.02984602099503142, 0.9701539790049686]]
39116888	[1, [0.041548321814720235, 0.9584516781852798]]
6605865	[1, [0.005643648659166223, 0.9943563513408338]]
4028090	[1, [0.01047952964596055, 0.9895204703540394]]
22041480	[1, [0.00715830226919667, 0.9928416977308033]]
7492866	[1, [0.006832010027664093, 0.9931679899723359]]
5345401	[1, [0.012926194647827516, 0.9870738053521725]]
4027793	[1, [0.020299018899092136, 0.9797009811009079]]
9139962	[1, [0.0025290181856603144, 0.9974709818143397]]
7566404	[1, [0.002678595588339272, 0.9973214044116607]]
39135587	[1, [0.03772461206469435, 0.9622753879353056]]
7545896	[1, [0.0046970794961854745, 0.9953029205038145]]
5342659	[1, [0.004293555876054955, 0.995706444123945]]
7869513	[1, [0.019061063860917105, 0.9809389361390829]]
4027056	[1, [0.024004986672808815, 0.9759950133271912]]
9043491	[1, [0.04701277262261461, 0.9529872273773854]]
7722308	[1, [8.49215830492911e-05, 0.9999150784169507]]
13389261	[1, [0.04507963886274613, 0.9549203611372539]]
57332960	[1, [0.0022685426605433268, 0.9977314573394567]]
7023249	[1, [0.01434478788861926, 0.9856552121113807]]
72048086	[1, [0.005075885418518111, 0.9949241145814819]]
7790727	[1, [0.04152943741330617, 0.9584705625866938]]
85123629	[1, [0.047561088661760786, 0.9524389113382392]]
94781179	[1, [0.004192456362529295, 0.9958075436374707]]
77868830	[1, [0.037316736685625074, 0.9626832633143749]]
85180163	[1, [0.016234417161274384, 0.9837655828387256]]
13394685	[1, [0.005760778522642673, 0.9942392214773573]]
7791827	[1, [0.0005396126444008331, 0.9994603873555992]]
7980026	[1, [0.03439241098787349, 0.9656075890121265]]
85146774	[1, [0.02295581233095123, 0.9770441876690488]]
55754363	[1, [0.033389233876795266, 0.9666107661232047]]
67423882	[1, [0.031221443843584717, 0.9687785561564153]]
55756753	[1, [0.03774764477741388, 0.9622523552225861]]
7023940	[1, [0.005499015854618761, 0.9945009841453812]]
56483108	[1, [0.04902358816255048, 0.9509764118374495]]
22523671	[1, [0.004735341849972485, 0.9952646581500275]]
67415626	[1, [0.0071090850521797755, 0.9928909149478202]]
16098016	[1, [0.029295981390324743, 0.9707040186096753]]
7856848	[1, [0.030960004010376352, 0.9690399959896236]]
5511515	[1, [0.006107424962583319, 0.9938925750374167]]
32344894	[1, [0.004589882171015414, 0.9954101178289846]]
6068952	[1, [0.003195379140100596, 0.9968046208598994]]
9278313	[1, [0.003982246811277457, 0.9960177531887225]]
80646070	[1, [0.010055738372753753, 0.9899442616272462]]
52014588	[1, [0.0069052046341954165, 0.9930947953658046]]
7296952	[1, [0.023052497573217923, 0.9769475024267821]]
27587872	[1, [0.0018831508786908424, 0.9981168491213092]]
7294340	[1, [0.00041158650573458466, 0.9995884134942654]]
5606963	[1, [0.0027341806909614297, 0.9972658193090386]]
7296544	[1, [0.02790448922644506, 0.9720955107735549]]
70558874	[1, [0.024584412489304985, 0.975415587510695]]
98389733	[1, [0.04450554135279172, 0.9554944586472083]]
44143334	[1, [0.03114123413839842, 0.9688587658616016]]
23918828	[1, [0.042429700364035705, 0.9575702996359643]]
44102288	[1, [0.010389983352579124, 0.9896100166474209]]
32374410	[1, [0.002088877747763229, 0.9979111222522368]]
6609538	[1, [0.03702978705152171, 0.9629702129484783]]
6039854	[1, [0.013127432727422672, 0.9868725672725773]]
98618215	[1, [0.019720028360990405, 0.9802799716390096]]
7254608	[1, [0.04884143522128781, 0.9511585647787122]]
6267675	[1, [0.021317218866932497, 0.9786827811330675]]
42080337	[1, [0.00707740750959418, 0.9929225924904058]]
6607220	[1, [0.04669486781687926, 0.9533051321831207]]
7951758	[1, [0.02381458749801635, 0.9761854125019837]]
89730830	[1, [0.008530341541952424, 0.9914696584580476]]
72223691	[1, [0.0047327250566115975, 0.9952672749433884]]
18612561	[1, [0.039161945936949216, 0.9608380540630508]]
96511588	[1, [0.018355499230787498, 0.9816445007692125]]
7912114	[1, [0.02657537476048366, 0.9734246252395163]]
6606447	[1, [0.022817775038470045, 0.97718222496153]]
77516435	[1, [0.024473077578601843, 0.9755269224213982]]
7917489	[1, [0.031821527310554765, 0.9681784726894452]]
6266179	[1, [0.038182309198064535, 0.9618176908019355]]
6270700	[1, [0.045807198958385364, 0.9541928010416146]]
