21919142	1
6615134	1
9076413	1
20697988	1
74192876	1
41670104	1
7986733	1
7958431	1
7089286	1
9075929	1
7987100	1
7080870	1
9075830	1
6969735	1
12973825	1
6973148	1
6969543	1
7725326	1
5875023	1
7866059	1
7076131	1
5268370	1
6971060	1
7083967	1
80456643	1
9076387	1
6973647	1
80110180	1
7080132	1
7987121	1
6618593	1
41684675	1
5872087	1
5875324	1
5873299	1
9003799	1
6921761	1
18154164	1
20682456	1
7986778	1
5487813	1
20683124	1
21914701	1
7958537	1
80445219	1
5906833	1
93410341	1
5903622	1
10530769	1
7631936	1
5487754	1
7904177	1
5903607	1
7908041	1
72985416	1
7077833	1
6970844	1
7088194	1
58666792	1
5877536	1
37929017	1
6141790	1
7661384	1
6060920	1
7663078	1
6058940	1
6533686	1
16027793	1
98706578	1
15869626	1
13720443	1
9074559	1
7662927	1
6055720	1
5707209	1
6059391	1
5879670	1
9285862	1
13740817	1
5706942	1
5878003	1
16665162	1
57726593	1
5626322	1
5877376	1
6143381	1
6142209	1
29717483	1
6535547	1
7920925	1
16055771	1
7920921	1
5878311	1
7928386	1
7662523	1
6142192	1
6140491	1
7727148	1
6058703	1
6057155	1
9136515	1
6057356	1
72492200	1
5626234	1
5283510	1
6060485	1
6055775	1
7919380	1
9075146	1
5281154	1
5627399	1
6140929	1
7928226	1
7928457	1
7920923	1
91234998	1
7662778	1
12210092	1
5627469	1
21229734	1
13689523	1
16013196	1
7725762	1
6057412	1
7930449	1
7662142	1
6055950	1
52965687	1
6140070	1
25506262	1
6140178	1
7920903	1
25513228	1
7930699	1
57697613	1
97344176	1
6057286	1
7320484	1
15907521	1
7662321	1
7920897	1
7726450	1
15880644	1
6141016	1
6143388	1
5879326	1
6054866	1
9285744	1
7726823	1
7920898	1
9075311	1
6536868	1
7726166	1
16417463	1
6140108	1
6059088	1
6057845	1
5130731	1
9014033	1
5543783	1
5731390	1
58566072	1
81411535	1
6685172	1
86424990	1
6044869	1
7220850	1
58040958	1
5133146	1
6238704	1
6684763	1
22464597	1
81514928	1
69636766	1
62553273	1
34126639	1
93233274	1
93178307	1
6044926	1
6680192	1
22455341	1
47937354	1
5130756	1
5123849	1
9157691	1
9124194	1
6240801	1
6045684	1
6239593	1
6680370	1
21996710	1
69628294	1
21989546	1
5619332	1
5540689	1
60032394	1
21983410	1
81473376	1
60050275	1
5133176	1
7222203	1
5130668	1
37225831	1
6238846	1
6239386	1
6044396	1
83902218	1
6045558	1
32704485	1
7983360	1
77775609	1
9248867	1
7744816	1
92835208	1
36595782	1
7941651	1
7962139	1
7654023	1
7358568	1
6924360	1
27174234	1
7654507	1
7356988	1
7748362	1
6491038	1
7961691	1
7742141	1
7748990	1
92797379	1
6929089	1
5755676	1
7744091	1
61765657	1
7961474	1
9299397	1
5756841	1
6928914	1
7283209	1
6931215	1
85998640	1
7963201	1
7358302	1
61752442	1
6933486	1
6969084	1
7963307	1
7983558	1
7357712	1
7358069	1
6969493	1
7963627	1
9298156	1
5756005	1
61786042	1
7983889	1
6928152	1
7653873	1
9248743	1
5757023	1
7655247	1
7984013	1
7748963	1
7750168	1
76368889	1
7356950	1
5763953	1
5755575	1
93289800	1
18975213	1
7742660	1
5762769	1
9250093	1
92802210	1
7963300	1
7652660	1
58886026	1
9214360	1
82245380	1
5577537	1
5714960	1
7692301	1
9213868	1
36031508	1
5715577	1
5576007	1
82247529	1
19690333	1
7806155	1
5718849	1
49006085	1
5719698	1
6430150	1
83130993	1
87686772	1
5719804	1
5579655	1
51015168	1
9126937	1
6427928	1
5717816	1
56693616	1
21778521	1
9214419	1
48991438	1
22073826	1
83138211	1
66442376	1
55026851	1
48961725	1
5715786	1
5717523	1
48967229	1
5715465	1
77018404	1
9221602	1
6322305	1
36018977	1
92009675	1
5714879	1
5715866	1
9027400	1
7353553	1
41960122	1
83126552	1
13749475	1
5719451	1
5716129	1
9222268	1
5581120	1
22096306	1
5720637	1
19689498	1
6637328	1
39871474	1
6449121	1
5884494	1
5883853	1
58079119	1
5883156	1
5880876	1
5884560	1
31121862	1
7126201	1
5883768	1
62870189	1
9338283	1
7952733	1
28298162	1
99470672	1
32055156	1
9288495	1
7952960	1
7996807	1
61576339	1
6390583	1
58076765	1
6391459	1
6393386	1
7949881	1
99523371	1
80567772	1
34096795	1
6452459	1
7952829	1
65526284	1
6637926	1
16316149	1
5881270	1
6392275	1
9339043	1
5882847	1
99458561	1
7952872	1
9338507	1
6388487	1
7798167	1
82812619	1
6734644	1
6736768	1
6389050	1
5881997	1
32064931	1
6389396	1
99469184	1
7799127	1
6386785	1
30553134	1
7961316	1
6412280	1
5667709	1
60244113	1
39457208	1
6202092	1
44202826	1
5948655	1
6403019	1
50256493	1
5665028	1
6406675	1
89713996	1
6414317	1
39469238	1
35891241	1
39511726	1
15822854	1
6207978	1
5666873	1
5950114	1
77205092	1
5667047	1
6408471	1
16465484	1
50234848	1
44086301	1
44054738	1
30500792	1
6415641	1
9342310	1
94933467	1
30514766	1
67542851	1
51195895	1
5666232	1
77244390	1
23846527	1
6409882	1
44077558	1
94928044	1
77250633	1
95679494	1
5750711	1
6409191	1
5667443	1
5950106	1
7847054	1
86983756	1
5664665	1
5666976	1
51201686	1
51174941	1
39257162	1
94901257	1
5667663	1
16459786	1
5949586	1
5948315	1
5667618	1
5667398	1
6236458	1
5665327	1
6406685	1
5666239	1
7932600	1
93039720	1
6202180	1
29025802	1
5244234	1
34333401	1
5734735	1
6643041	1
49266336	1
25344053	1
7892844	1
14281906	1
34324360	1
29957319	1
9008856	1
5664497	1
5662721	1
7383307	1
5109014	1
97647646	1
5649020	1
5649824	1
88892315	1
5552179	1
29952449	1
6642770	1
34327183	1
6645839	1
5245398	1
28972292	1
23199895	1
5648533	1
78282884	1
9056508	1
5661662	1
5108432	1
7379511	1
5107991	1
5553403	1
9039495	1
69306291	1
5108353	1
17010422	1
34321836	1
5662047	1
65406645	1
5650153	1
5661291	1
5243933	1
34298357	1
16991845	1
91665824	1
5648188	1
6643499	1
28975821	1
9072609	1
29961831	1
5649554	1
5649191	1
5735779	1
5108002	1
6642424	1
6643972	1
26936052	1
23154055	1
5650027	1
91651127	1
25362043	1
78265781	1
88518570	1
5661811	1
69947420	1
5401629	1
40408097	1
44882514	1
7572212	1
78790878	1
7990893	1
9241783	1
34372297	1
7172700	1
7727820	1
6696636	1
78807946	1
57427883	1
69912350	1
40436905	1
9083949	1
7728293	1
9241056	1
63393638	1
6376599	1
60636126	1
40434536	1
7635857	1
6698273	1
6699820	1
75742968	1
7573566	1
7728680	1
27796125	1
9241700	1
5194555	1
7728448	1
7571553	1
7572569	1
18942997	1
7172189	1
7990175	1
7990726	1
9242229	1
81893419	1
7990343	1
7571634	1
85413699	1
69606519	1
69974869	1
69557019	1
6700276	1
27776288	1
7729524	1
7638790	1
30026923	1
57409081	1
7990615	1
7990058	1
6377886	1
18926414	1
9241302	1
27785716	1
64270781	1
5213538	1
6047168	1
5213514	1
6046117	1
6046083	1
5213616	1
7942565	1
5213539	1
9229512	1
9229171	1
94880620	1
5214328	1
5213655	1
7118960	1
7979497	1
73462582	1
92481469	1
5214438	1
6047828	1
5213654	1
7942721	1
26258593	1
73834959	1
5200924	1
5214325	1
7877857	1
7942443	1
26303055	1
20798844	1
9313759	1
5213544	1
77934412	1
20825884	1
89878865	1
7117657	1
7943149	1
92458319	1
94881807	1
7942916	1
19652171	1
33110725	1
9081000	1
5214305	1
63235165	1
7118929	1
7943283	1
7942956	1
5213329	1
6135579	1
5213508	1
9081979	1
94876095	1
7874626	1
5211970	1
7978879	1
6136026	1
6135432	1
5201296	1
77651919	1
42566267	1
9313758	1
5213640	1
38488295	1
11553130	1
89871948	1
6046883	1
28895332	1
7119460	1
7118237	1
89937372	1
74660166	1
89903393	1
18449956	1
5213644	1
7118632	1
32158083	1
6047597	1
77925966	1
26274299	1
5214426	1
7117757	1
5213653	1
9228466	1
6138833	1
44714056	1
51150350	1
7553754	1
5855201	1
6339607	1
35975509	1
6333823	1
7804947	1
90536677	1
50179508	1
9111539	1
97363822	1
9083750	1
9083722	1
84878090	1
90825259	1
50135708	1
5624256	1
20431506	1
90493547	1
7803419	1
64058080	1
50151655	1
5856218	1
7369046	1
68365921	1
9277252	1
7549239	1
64081932	1
97372508	1
7550429	1
99969297	1
30061642	1
97406777	1
91364569	1
68439468	1
44684974	1
97394581	1
7368884	1
7368464	1
68437428	1
35974787	1
64052849	1
7804694	1
62115777	1
5856326	1
99918374	1
90506929	1
5623509	1
7406437	1
6991988	1
9240676	1
6990743	1
6241096	1
81174293	1
76107983	1
6630124	1
5746341	1
9240103	1
6240983	1
9274309	1
7976619	1
76076294	1
70088373	1
70102051	1
7936638	1
56230969	1
9303811	1
7936392	1
91547055	1
9080004	1
6994303	1
7937121	1
94733905	1
65399054	1
9274573	1
7936876	1
79355114	1
78012238	1
5747312	1
9080683	1
30210895	1
7937142	1
78554141	1
5746730	1
30238175	1
6993824	1
77993591	1
6621406	1
28399703	1
28404706	1
30236334	1
9240465	1
7248978	1
9275627	1
5749438	1
81168462	1
6874559	1
5790156	1
6942096	1
6873030	1
45215038	1
10264190	1
7707500	1
9208475	1
60414504	1
7671696	1
9227585	1
5792042	1
31324483	1
74381712	1
5792849	1
74398933	1
37122735	1
74411089	1
9118018	1
5791448	1
6874583	1
6874290	1
33857766	1
5792294	1
5964543	1
7705954	1
5966700	1
41070750	1
7706642	1
43757432	1
9209339	1
37148475	1
7705322	1
9147557	1
5792070	1
5790898	1
10286596	1
5771903	1
50786295	1
9208389	1
6874463	1
5790843	1
9208863	1
6763800	1
6874200	1
9207964	1
6873134	1
28073994	1
6873885	1
15543024	1
5792345	1
5790133	1
28049825	1
7706240	1
7706348	1
5790293	1
6760771	1
33860089	1
9117598	1
9209257	1
5790908	1
5790777	1
5962009	1
7705852	1
5967098	1
5792607	1
6941325	1
7674350	1
28041609	1
73709865	1
7706102	1
6938164	1
6874354	1
9119716	1
5791384	1
72530275	1
7672401	1
7672968	1
27659462	1
5790700	1
7670819	1
37182076	1
6941551	1
38408431	1
5765444	1
86302084	1
9312274	1
57876150	1
7959823	1
9284480	1
5766077	1
9312281	1
6986826	1
61466938	1
5162102	1
9016724	1
5161794	1
85796371	1
7441188	1
9017031	1
67659691	1
7730181	1
27339842	1
57856749	1
38401751	1
86299289	1
9283606	1
64145582	1
7731067	1
7968059	1
45858600	1
5766371	1
45837169	1
97936096	1
5162104	1
61463659	1
38414808	1
74914858	1
20920367	1
12291536	1
86271780	1
5765842	1
27392873	1
7731230	1
7440902	1
74903284	1
7433463	1
27345462	1
5727864	1
5232789	1
7933577	1
5727998	1
5728020	1
36817789	1
7934067	1
38178761	1
5727813	1
15693470	1
38174073	1
97072559	1
5729379	1
7975584	1
5728237	1
9211200	1
7955545	1
6220092	1
7933763	1
5232592	1
7998936	1
5727726	1
5728115	1
9271443	1
91729585	1
5727899	1
7955834	1
7999765	1
5727900	1
9210273	1
5727951	1
7999651	1
60883454	1
5232807	1
5727667	1
7975310	1
5727946	1
9209592	1
6182522	1
5236142	1
43626050	1
72833349	1
97101390	1
5233610	1
7975121	1
7933482	1
5236143	1
5728147	1
5727863	1
85229099	1
9209755	1
94403505	1
7999574	1
5728301	1
85186602	1
5728127	1
43606410	1
5745653	1
7800576	1
7999793	1
5727272	1
6221582	1
71440286	1
5727955	1
5727861	1
5728081	1
5728032	1
5728656	1
5232682	1
72123072	1
7998920	1
87518324	1
15665362	1
15684111	1
9210164	1
13566148	1
88786448	1
7952122	1
7122697	1
7696277	1
76161507	1
7121185	1
9304721	1
9305903	1
98084259	1
47112066	1
7952686	1
36408318	1
20958822	1
7952581	1
6210850	1
9110818	1
7696106	1
98090200	1
9111060	1
52570000	1
6155513	1
59925741	1
7738055	1
6289952	1
6208515	1
17567092	1
29489714	1
20954275	1
9202836	1
7696147	1
78886677	1
76164702	1
65833004	1
57073978	1
88844182	1
9203579	1
59887919	1
6284340	1
73270449	1
7959435	1
26717352	1
7738816	1
33240584	1
7697994	1
9203668	1
29483036	1
91526292	1
7873091	1
35307333	1
9028599	1
46675482	1
24577540	1
7331497	1
81332059	1
7459411	1
37492381	1
6128561	1
5350498	1
7040252	1
5534660	1
7453632	1
97822743	1
6128075	1
7666784	1
9326960	1
7668244	1
6128127	1
7458538	1
5350943	1
5536568	1
7334511	1
7871425	1
6394928	1
7871681	1
85039075	1
6397265	1
44667071	1
6397489	1
6128316	1
7871397	1
6570564	1
5556164	1
9021087	1
41796579	1
9253309	1
5557731	1
7515238	1
6948204	1
5659072	1
99770886	1
82463291	1
7065133	1
7514099	1
7930382	1
31019945	1
5658850	1
21396579	1
5658603	1
57926795	1
6439422	1
98871729	1
6948361	1
30660727	1
6947744	1
7071914	1
12030971	1
7059145	1
9269871	1
30655342	1
5660546	1
7136073	1
35694456	1
9268389	1
9020500	1
7929904	1
7131211	1
24810437	1
6589888	1
7515829	1
62996011	1
5659083	1
5660186	1
6703457	1
82459584	1
7929842	1
31034422	1
5660134	1
7929950	1
82464108	1
6705167	1
5659402	1
9329268	1
9270148	1
6702069	1
7066467	1
98873265	1
99762885	1
7131888	1
9329414	1
86160773	1
5555688	1
7929595	1
24839095	1
7929996	1
7517702	1
7929481	1
6508328	1
7989278	1
82525416	1
6327320	1
6508334	1
7910159	1
12643121	1
5789555	1
5789246	1
7918434	1
6509872	1
5788353	1
6252616	1
5789754	1
97680491	1
6380198	1
5789638	1
6425887	1
9083034	1
7918416	1
6426460	1
5787587	1
7918890	1
6379823	1
7938528	1
7681793	1
7682140	1
6512511	1
75861711	1
7747161	1
7681530	1
28643930	1
7771213	1
12670612	1
5787636	1
6259189	1
57255345	1
7939138	1
7824950	1
7989247	1
57312166	1
9082338	1
6322719	1
83944391	1
75855924	1
7918885	1
7938767	1
7910147	1
24925011	1
75866921	1
24881378	1
5787457	1
5789436	1
6508631	1
83614475	1
28617489	1
5790052	1
9078732	1
7682969	1
69140219	1
7938308	1
7772962	1
7989125	1
7747430	1
5788098	1
69109764	1
5788356	1
6325198	1
69139988	1
7681992	1
5849362	1
56956011	1
5849993	1
6355002	1
24075713	1
7657066	1
7906733	1
5849363	1
6897980	1
77149503	1
5849364	1
64841980	1
24072965	1
68559800	1
35253440	1
9236639	1
5793110	1
9212498	1
5849367	1
9237087	1
5793079	1
5793172	1
7656194	1
5793918	1
5559465	1
5796685	1
5849766	1
6898966	1
7906790	1
54867738	1
9236590	1
7732422	1
6355006	1
7657249	1
28792396	1
7906789	1
44325017	1
9293317	1
54849659	1
31898506	1
28785091	1
7656172	1
14559832	1
5849366	1
5561346	1
7734243	1
9149707	1
23471659	1
23478572	1
9293309	1
24071185	1
7732725	1
82726562	1
6538165	1
5301430	1
5979086	1
57796524	1
76287908	1
93555339	1
6051413	1
37091612	1
6692115	1
7935467	1
6054232	1
6692709	1
6694666	1
6051062	1
9145115	1
6543658	1
6051758	1
5976378	1
93570268	1
7936252	1
82757326	1
37043814	1
5102323	1
6051200	1
6694104	1
6052724	1
5979291	1
6052243	1
6051307	1
7836267	1
67839985	1
7756403	1
6786628	1
6052055	1
25400158	1
7836181	1
6549135	1
76287645	1
9217587	1
6548024	1
7935507	1
6052929	1
7935735	1
6052111	1
5135143	1
35116361	1
5977105	1
31264268	1
5978421	1
5102518	1
5103060	1
5301158	1
11225868	1
9154601	1
5103089	1
6052007	1
6053584	1
6051809	1
11250705	1
7754518	1
6052510	1
5984695	1
65725336	1
6053962	1
6051045	1
6052721	1
6051578	1
7530685	1
6545566	1
6052232	1
7756457	1
6052390	1
7755154	1
6540112	1
69414461	1
7943436	1
20045957	1
69435535	1
5978566	1
6052331	1
9154714	1
6051426	1
7978090	1
37072730	1
6050925	1
5104419	1
7936109	1
5979622	1
6540198	1
9005960	1
7974289	1
48394114	1
69382484	1
6039766	1
98742837	1
6883063	1
16202680	1
64795887	1
5671254	1
7973945	1
7917583	1
6881860	1
64219187	1
72235190	1
5509503	1
64756175	1
86500312	1
69373331	1
5406395	1
64771885	1
5509538	1
24142586	1
5672001	1
6042134	1
84746326	1
98620474	1
6885160	1
5345502	1
7954978	1
9322687	1
98578189	1
98614004	1
84753281	1
66949982	1
7912183	1
6040707	1
6625469	1
9255150	1
7951301	1
5672217	1
64750104	1
86517384	1
24116655	1
9323040	1
5674315	1
24112805	1
7955093	1
6274084	1
5405859	1
89766980	1
5509498	1
7955207	1
66950096	1
99364515	1
5671963	1
5509531	1
5674421	1
6038825	1
98730063	1
6040097	1
16171464	1
9254791	1
7974663	1
7917568	1
98622265	1
9309338	1
7974737	1
24130428	1
64190721	1
5831154	1
5187115	1
53509636	1
5954963	1
5547507	1
7862180	1
7693765	1
53430699	1
5957743	1
99538247	1
49347424	1
5546777	1
5956712	1
69799059	1
5547640	1
5186497	1
48664078	1
7694718	1
5545227	1
49373930	1
5548421	1
6571441	1
5829075	1
6368692	1
92654799	1
7695916	1
7861263	1
99552723	1
48716511	1
9319361	1
10129256	1
7858355	1
96189389	1
34031930	1
5545795	1
92699433	1
5952600	1
7693496	1
6368087	1
77385974	1
83808477	1
54439933	1
6370878	1
7859666	1
7860847	1
5180822	1
53513999	1
6571337	1
84347366	1
59491083	1
5544750	1
5185638	1
5175600	1
7694486	1
56569683	1
5180199	1
18514066	1
56583288	1
54411023	1
99561404	1
25824081	1
7695889	1
5547246	1
18488159	1
25816753	1
5180460	1
5547135	1
7695379	1
7640733	1
5546739	1
53413492	1
5954799	1
5957287	1
5784585	1
6944088	1
44144223	1
68343911	1
6942789	1
44136763	1
7855195	1
70583223	1
38715543	1
7973830	1
23875377	1
93737837	1
7294021	1
27585038	1
80886373	1
5607971	1
82704000	1
7665352	1
6944290	1
40646390	1
27599257	1
7295256	1
7292403	1
70566844	1
7855526	1
6943642	1
52042712	1
16106301	1
6943037	1
23876287	1
7664225	1
6942912	1
44113401	1
6943796	1
95570139	1
9278859	1
32383513	1
9278480	1
81770008	1
44129463	1
98404083	1
85056287	1
6943882	1
9278098	1
6943739	1
6943687	1
98418570	1
7663411	1
80687821	1
78661216	1
7973224	1
6943435	1
7992214	1
5784562	1
68345770	1
7663748	1
68345253	1
7665797	1
9277596	1
29868511	1
9079032	1
67125771	1
9262567	1
9337055	1
7967486	1
5482377	1
25195825	1
78734491	1
49398252	1
6432585	1
7881349	1
7998132	1
31677043	1
67130490	1
21077088	1
42721172	1
7998823	1
42459454	1
25187508	1
5480476	1
5485877	1
6431970	1
9333485	1
9078883	1
6976982	1
42458484	1
6980597	1
6975510	1
61002429	1
67103431	1
31680442	1
9262467	1
5483907	1
24372396	1
42702591	1
9337561	1
6171072	1
6433297	1
63111880	1
9262655	1
6977488	1
42755040	1
9333600	1
9079295	1
53603029	1
49402281	1
9337453	1
9001400	1
96844346	1
78690913	1
9334416	1
9333190	1
16941320	1
6952437	1
5710958	1
7953747	1
5809515	1
70006425	1
7504297	1
54171958	1
5810719	1
6145021	1
5808779	1
43685310	1
6655703	1
5852906	1
7905951	1
65630067	1
65683694	1
61169125	1
37661782	1
7905551	1
6658521	1
6146370	1
6145809	1
5809273	1
7052212	1
7500851	1
6723468	1
6659182	1
6144354	1
6184033	1
9103612	1
5611516	1
7041490	1
7050125	1
6145057	1
39000984	1
7950783	1
7950380	1
5851369	1
6146431	1
7905676	1
6148008	1
6727186	1
99622838	1
5854047	1
9102855	1
65622216	1
5853812	1
6147741	1
6656656	1
6658846	1
6723905	1
16928525	1
14351693	1
5811893	1
54167729	1
5811241	1
6146367	1
7048925	1
5809288	1
5712971	1
5809194	1
5811469	1
61182982	1
5812383	1
6144800	1
5811957	1
21559698	1
6148145	1
43704747	1
5610535	1
6148043	1
6658276	1
7043115	1
5811435	1
9113148	1
7954102	1
16908429	1
7609183	1
6032831	1
6000198	1
7607253	1
6032826	1
70965347	1
6853466	1
11775213	1
7609254	1
6857983	1
20462161	1
5629118	1
6032827	1
7649545	1
52432759	1
30721016	1
5630557	1
49216008	1
6027457	1
41654364	1
6602068	1
6853722	1
9330990	1
92876988	1
40134638	1
6000333	1
7607368	1
9325870	1
6032797	1
70782888	1
15978290	1
5629563	1
92940293	1
6032799	1
94990501	1
82116431	1
6000213	1
6032823	1
6859594	1
40800639	1
92870026	1
49190376	1
70788742	1
5629133	1
75513420	1
7650453	1
9325193	1
6032825	1
5632302	1
82079577	1
7650522	1
6032824	1
6000442	1
9326264	1
5628795	1
11102410	1
6997925	1
75988234	1
12764903	1
9107254	1
9324377	1
72347753	1
7581195	1
7617120	1
88211017	1
7581751	1
11077471	1
84361453	1
58199660	1
9153844	1
97480312	1
11617502	1
7921276	1
14220078	1
7582242	1
12776925	1
89119157	1
9107078	1
9106952	1
7849751	1
7921359	1
86766008	1
9346070	1
9346072	1
99186966	1
9296859	1
9297276	1
26114553	1
9107124	1
7618094	1
9106566	1
7578823	1
7921343	1
7916319	1
7921230	1
9324744	1
86825834	1
7850209	1
7849494	1
26157731	1
83185274	1
88202727	1
53919561	1
14233790	1
5801280	1
84417244	1
26133413	1
97510156	1
7851492	1
83233646	1
11075987	1
7000796	1
9106873	1
97467931	1
9345781	1
9323808	1
5709642	1
5801983	1
89075248	1
9106419	1
82348009	1
5228435	1
5675746	1
6113641	1
68148663	1
39069507	1
7985601	1
6877384	1
79235449	1
82381372	1
74874314	1
82394516	1
18338691	1
5675007	1
6640573	1
9073503	1
28672868	1
6638665	1
7985585	1
5231353	1
5677025	1
6876924	1
52360647	1
7985325	1
6641278	1
79209849	1
6878021	1
9074128	1
82397636	1
6111992	1
67075347	1
7844333	1
6514302	1
5231352	1
78369724	1
6640383	1
74873934	1
28703594	1
9272993	1
33260556	1
26408377	1
5676101	1
68215832	1
6877025	1
6514558	1
52392931	1
5676950	1
9073823	1
26410710	1
61299762	1
33294877	1
5678325	1
5231347	1
89215469	1
5231334	1
5229007	1
92503645	1
5676580	1
6516256	1
39034477	1
71937524	1
7985579	1
5677795	1
74866286	1
6112086	1
5231351	1
5675303	1
7985609	1
74842212	1
6112837	1
78399515	1
6515191	1
6877209	1
6642011	1
5675218	1
6113122	1
71920250	1
9192956	1
7097889	1
36923503	1
6119231	1
6520183	1
7138765	1
86231045	1
6521917	1
9156084	1
7099239	1
9156704	1
5524111	1
6872148	1
7139792	1
7984522	1
37770062	1
7097592	1
34683568	1
32576231	1
16854419	1
7111689	1
9157118	1
7984345	1
25016377	1
6115769	1
7111426	1
7240420	1
34690522	1
78209029	1
6871867	1
40927351	1
6524004	1
7139257	1
5524251	1
7095330	1
5523573	1
23688490	1
28466753	1
7111572	1
85262309	1
54760521	1
6118520	1
37750580	1
17900983	1
6872678	1
15475303	1
31993176	1
6520792	1
7140556	1
31178404	1
19357730	1
31994206	1
7005820	1
19357887	1
6121603	1
13520483	1
9145793	1
5705056	1
34210441	1
42877486	1
10354658	1
82004084	1
5705064	1
86594963	1
72608056	1
5705392	1
5705133	1
5705126	1
5705484	1
5705535	1
5705520	1
5705194	1
43944540	1
5705739	1
6120429	1
5705495	1
10824936	1
5705502	1
5915183	1
65048330	1
6123033	1
5705504	1
9317247	1
5813659	1
5705523	1
5705120	1
5705613	1
67953305	1
92301747	1
5812838	1
5705209	1
13487659	1
75343028	1
43922961	1
5705423	1
5705527	1
5705150	1
5705524	1
5813876	1
5914327	1
5813163	1
5705518	1
5705116	1
5705501	1
43877848	1
5705161	1
5705419	1
18842708	1
5705394	1
5914115	1
7756833	1
5814279	1
9142334	1
5705113	1
5705341	1
5705740	1
6122227	1
10799829	1
5705062	1
5917135	1
6123864	1
5705159	1
5705206	1
5705503	1
5812539	1
5813849	1
5705060	1
21338764	1
10834696	1
6296969	1
5705738	1
5813528	1
5705112	1
5705741	1
5705211	1
5914266	1
5705490	1
5705124	1
6745348	1
9231165	1
7822940	1
34213577	1
21294589	1
5812898	1
43899616	1
7396398	1
66799456	1
5312884	1
7838580	1
25234389	1
17216575	1
25267691	1
7972968	1
6477860	1
73637260	1
5309478	1
6483119	1
69864509	1
6484871	1
69884304	1
40495354	1
37589097	1
7396801	1
7837447	1
7486804	1
69904037	1
59705156	1
59420666	1
6646796	1
66844130	1
7783788	1
73693791	1
6646989	1
9114884	1
6647072	1
5309316	1
59372291	1
7784429	1
5959669	1
6480972	1
7575052	1
6650116	1
7972144	1
65570290	1
69902006	1
7397906	1
17245138	1
7838771	1
78122134	1
6649220	1
7957737	1
7816265	1
6481946	1
78108821	1
69902259	1
6477243	1
7574962	1
7816236	1
59394350	1
5309616	1
7814954	1
9115412	1
39550676	1
7972258	1
6649456	1
51004017	1
7577604	1
5310352	1
39579943	1
5806385	1
48285535	1
5806760	1
7916936	1
59049727	1
5806536	1
5806759	1
49889929	1
7916893	1
99139053	1
41867779	1
22651160	1
7160889	1
20620076	1
58309518	1
5806459	1
6098764	1
6083698	1
5806766	1
5688487	1
5806386	1
5806456	1
5806765	1
5806490	1
5806279	1
67715496	1
15421499	1
5808420	1
81593299	1
9104441	1
26873522	1
7407377	1
25785543	1
6098400	1
5806392	1
6096604	1
5806594	1
69227879	1
99142516	1
52250327	1
5806894	1
43294797	1
95712098	1
22703442	1
5806777	1
29063860	1
29073873	1
5806773	1
9109205	1
20610298	1
5806789	1
7409722	1
5808064	1
5806785	1
95729595	1
6099461	1
5806791	1
33333428	1
6807321	1
99126839	1
5806416	1
26867441	1
74579806	1
22656828	1
90633687	1
5807360	1
5806345	1
49893310	1
5806516	1
5806387	1
52241371	1
41819814	1
25576137	1
7407023	1
5807609	1
9109372	1
5806283	1
29048507	1
12894820	1
5806455	1
6100420	1
7916918	1
74997073	1
5806762	1
81629920	1
33347254	1
5806514	1
20627337	1
5806786	1
9108683	1
41854254	1
5603328	1
5806792	1
5806537	1
6100931	1
5806775	1
5808618	1
5808190	1
81639357	1
9104608	1
5690818	1
7159875	1
5806782	1
15378704	1
5806764	1
5806778	1
5806339	1
5340386	1
99278309	1
99252690	1
7829061	1
5256302	1
6614446	1
58511553	1
6095812	1
7989002	1
7354418	1
7354631	1
5252821	1
46296769	1
7356474	1
47773549	1
84673924	1
99299013	1
9291801	1
7355027	1
9233913	1
7355970	1
7355627	1
5256335	1
7646563	1
5256209	1
39181004	1
7115764	1
5575207	1
39163877	1
5340381	1
99234486	1
30823270	1
7176153	1
7354745	1
62179643	1
22794038	1
30794039	1
76708381	1
7970487	1
56822189	1
56303146	1
9235003	1
5573988	1
7173420	1
5340382	1
56284040	1
88143460	1
7114647	1
5256273	1
5251893	1
75235351	1
7988910	1
30818683	1
56804295	1
39781519	1
98141965	1
56805360	1
10218425	1
6160995	1
7567363	1
6161282	1
5670872	1
6161212	1
5569228	1
10931871	1
5572212	1
51675429	1
7596354	1
79020501	1
7599088	1
6038035	1
78997459	1
6034663	1
10150036	1
7867201	1
40704663	1
6160889	1
7490894	1
7539274	1
6162024	1
7788918	1
5343635	1
5670343	1
40725692	1
5344688	1
6036106	1
7868583	1
6038267	1
14460359	1
89984935	1
7868589	1
10750312	1
7489531	1
5571847	1
22050627	1
5571938	1
5569493	1
7564857	1
5668526	1
5668872	1
35146019	1
25148376	1
7870375	1
7722492	1
6159452	1
9139878	1
9295897	1
9264363	1
5117329	1
59814008	1
9233016	1
7982371	1
66906389	1
6904892	1
6944779	1
6945054	1
46133063	1
6944520	1
6945727	1
9264010	1
6908479	1
21803447	1
6199017	1
38694708	1
32484913	1
34917677	1
6945078	1
6944907	1
6945316	1
6654054	1
7927492	1
21812818	1
7795942	1
34975161	1
9263840	1
6907422	1
66937103	1
50918748	1
34927696	1
6907795	1
9263460	1
71554755	1
9260258	1
6944639	1
27252593	1
9105656	1
6774806	1
59848181	1
50925457	1
27221087	1
27251340	1
41892641	1
9232923	1
6944540	1
80208655	1
9106085	1
71549547	1
5116213	1
9261144	1
62445465	1
6945818	1
9232757	1
9215991	1
7604009	1
6945996	1
6905210	1
5117622	1
9260754	1
6651818	1
7926941	1
9260598	1
6652639	1
50907586	1
9106034	1
46106365	1
6944890	1
6904726	1
7982099	1
9233521	1
7927388	1
6667797	1
5222545	1
56734640	1
7679950	1
7680166	1
7702685	1
7574762	1
6166150	1
5222597	1
7982611	1
5657636	1
7983303	1
5222622	1
6011802	1
6718074	1
22923138	1
6714301	1
9024213	1
7680321	1
7679188	1
75665012	1
5222586	1
47711407	1
5222595	1
7679121	1
5655444	1
6716994	1
40087383	1
33697318	1
7724226	1
22866929	1
5219008	1
7751768	1
6714009	1
6665842	1
73215910	1
10408204	1
85678241	1
33686912	1
7753053	1
41357277	1
7724185	1
75626185	1
7679348	1
84130694	1
5222555	1
44258229	1
5222560	1
6666045	1
5654298	1
26237186	1
7982546	1
5276962	1
7723550	1
7680196	1
6669183	1
7574447	1
7703595	1
6716923	1
7752396	1
7700598	1
7724004	1
6167458	1
6167011	1
7704161	1
7723822	1
5654832	1
7723870	1
26247471	1
6167346	1
7700141	1
41368855	1
5276574	1
7725177	1
22894324	1
33687303	1
44249786	1
9024619	1
11350091	1
6890062	1
7685682	1
9120805	1
95186948	1
11354091	1
5360311	1
7683685	1
54103073	1
45720671	1
5100053	1
5703638	1
34758227	1
7613373	1
42962039	1
5100561	1
9128257	1
7684456	1
9128368	1
30364261	1
42948664	1
7965728	1
74005880	1
57473265	1
32856739	1
6894009	1
30365107	1
34748738	1
6894499	1
6419434	1
42929176	1
59590058	1
73976325	1
59609504	1
19516882	1
7965913	1
9128363	1
6891669	1
6420904	1
7683937	1
7684079	1
59648466	1
51267041	1
5100643	1
30356311	1
34495016	1
7591042	1
7685759	1
17446943	1
7683449	1
5361353	1
5357981	1
6892757	1
17416607	1
7594249	1
55382197	1
9001955	1
22299584	1
6074054	1
6662443	1
40025989	1
9006879	1
33814363	1
5692763	1
9219644	1
27869709	1
98269182	1
19579492	1
79373825	1
73628140	1
31583536	1
22322714	1
5352959	1
59529986	1
9225743	1
27824621	1
45403564	1
7932001	1
9002191	1
6663926	1
7932220	1
56033896	1
7931884	1
9061296	1
31559089	1
7421533	1
55962764	1
9219192	1
7931478	1
5353546	1
9007545	1
6661805	1
9007793	1
5354423	1
17987828	1
6662102	1
9225688	1
9224759	1
98288680	1
7991850	1
6073501	1
95400548	1
19152908	1
9290919	1
5870964	1
7848030	1
7676950	1
6983013	1
6551916	1
62345164	1
56529704	1
6982939	1
51463630	1
73498921	1
7676170	1
7568634	1
19163081	1
7849067	1
6982532	1
7811350	1
93841148	1
9256729	1
6550836	1
61398543	1
24659672	1
19152334	1
5868693	1
41459113	1
7676644	1
5869955	1
91809174	1
30300934	1
6982725	1
73554601	1
5867939	1
9066198	1
19960633	1
99043513	1
89500582	1
7569970	1
7568713	1
91808993	1
20763386	1
19118420	1
6984005	1
19147101	1
88591759	1
19111130	1
7676905	1
57370670	1
7915303	1
55779949	1
7103280	1
9259287	1
5803811	1
46860387	1
9258124	1
74501872	1
9259076	1
7979686	1
9307900	1
5668235	1
7915294	1
7979888	1
75602885	1
9113935	1
6713100	1
7023142	1
9257886	1
5803388	1
5668324	1
74510557	1
63708336	1
72057182	1
62806008	1
6709046	1
91885616	1
9114587	1
58471249	1
22531397	1
63655001	1
77905031	1
9114320	1
70446841	1
63155580	1
91903786	1
77860698	1
13371820	1
22561117	1
7498778	1
5140830	1
82302021	1
5681971	1
65941708	1
15263583	1
7735015	1
5920041	1
5679224	1
63506641	1
7737687	1
87447425	1
62943134	1
5682994	1
5683398	1
71812594	1
60948199	1
5918435	1
5926443	1
5682971	1
5142531	1
7143058	1
7499492	1
14810988	1
5140882	1
5683997	1
6149368	1
63506082	1
5679020	1
5920047	1
5684384	1
9148341	1
24551540	1
5683014	1
63912701	1
5679009	1
5144700	1
60932215	1
36601543	1
5682846	1
5684030	1
5680353	1
96358642	1
7736799	1
5684098	1
6150572	1
7148596	1
5684514	1
90924296	1
5683633	1
82309033	1
7735936	1
5144727	1
63921967	1
5684259	1
5684252	1
63572570	1
5145923	1
5921227	1
5684053	1
5693737	1
7738037	1
62923975	1
5684360	1
5926456	1
5683575	1
5696382	1
5683299	1
5680972	1
7736347	1
9148031	1
5683467	1
5684303	1
6846022	1
5919039	1
5647019	1
5681883	1
5682391	1
62962473	1
60828389	1
5684385	1
6851113	1
64678170	1
7585571	1
7583296	1
5785797	1
6731398	1
7999821	1
5786179	1
6505412	1
6962220	1
5859249	1
7775128	1
5786607	1
6102221	1
6733722	1
7583833	1
84034104	1
23087216	1
5785933	1
5860451	1
5785232	1
5786406	1
9198912	1
37892606	1
6727584	1
10641905	1
6502332	1
43493270	1
5784684	1
69492666	1
6506410	1
9000050	1
5785308	1
37851407	1
55887206	1
47577245	1
70620028	1
10639936	1
38096868	1
5786669	1
7585981	1
45185014	1
5786183	1
96551798	1
5861872	1
5786865	1
5786696	1
6959269	1
5785979	1
80297722	1
5785551	1
48908887	1
71091279	1
82168824	1
48099052	1
6728563	1
70658610	1
6731360	1
6104024	1
6101992	1
38127325	1
9198911	1
6502666	1
55882787	1
96528258	1
7777316	1
9199970	1
5785472	1
5787011	1
48115431	1
5784851	1
69477788	1
9019634	1
27498948	1
55667918	1
5738216	1
87634165	1
93955329	1
9138416	1
6062728	1
38338247	1
93995139	1
9267815	1
6063789	1
37341908	1
28165465	1
5738190	1
56180664	1
14769489	1
6066709	1
93929517	1
6064407	1
7187270	1
9266927	1
9266800	1
99837648	1
15311036	1
14787824	1
6062948	1
56179261	1
70852841	1
28130473	1
7648343	1
7184006	1
6064512	1
43145149	1
19828325	1
57152529	1
6065530	1
49623151	1
7196858	1
38307835	1
7832600	1
28572693	1
55246157	1
7787117	1
43171978	1
55289550	1
69035124	1
5740618	1
7185405	1
9266885	1
5739701	1
43061644	1
37343396	1
9266757	1
6064014	1
22758783	1
5633554	1
39621702	1
71318204	1
9135283	1
39605255	1
88752595	1
39605006	1
9135234	1
6558538	1
43432699	1
88761833	1
35524069	1
6559388	1
9128822	1
88710514	1
5635261	1
6560326	1
6559445	1
6563279	1
5584825	1
35528341	1
5635020	1
18103809	1
9135638	1
46327409	1
5885365	1
5247992	1
80054719	1
22760676	1
5633324	1
5587133	1
66142857	1
12495042	1
5635497	1
5567010	1
5587075	1
18053688	1
5586719	1
5568732	1
67769824	1
13061107	1
96424030	1
5634215	1
88704156	1
51721083	1
24992211	1
7785165	1
5248651	1
13035757	1
7264816	1
71270882	1
7997562	1
5566442	1
12444960	1
5249084	1
24953411	1
5248770	1
5248768	1
35533607	1
35555002	1
5566758	1
6561282	1
22728622	1
6563592	1
5584526	1
5633426	1
24944314	1
18551177	1
7763748	1
7153208	1
7413307	1
7361170	1
45611904	1
77712423	1
19807455	1
38864985	1
46192458	1
12827633	1
5563660	1
7906383	1
7360462	1
7360392	1
33151480	1
7208682	1
7151789	1
9193146	1
5563441	1
6876373	1
7962688	1
7906362	1
19785766	1
7360091	1
9193336	1
7939914	1
9193144	1
96743458	1
6874849	1
45484274	1
9193443	1
7963028	1
77749586	1
80542877	1
44480895	1
71857077	1
7962683	1
7962888	1
18556468	1
54249882	1
9193148	1
46183585	1
7962571	1
6875932	1
44468865	1
7764610	1
7761000	1
46492653	1
44467758	1
7360723	1
66633624	1
5150134	1
53528314	1
66620593	1
6133222	1
9123706	1
9245911	1
7768182	1
23604028	1
17647019	1
6132037	1
9245480	1
6190642	1
52876898	1
9133569	1
6189817	1
5147924	1
20311315	1
9123414	1
9265888	1
5325851	1
30964899	1
9282057	1
38801094	1
38843886	1
68833968	1
5149808	1
9282735	1
9264969	1
9237617	1
80750166	1
53541942	1
9237685	1
7993039	1
38831134	1
17676564	1
7993053	1
80740079	1
9281586	1
6130753	1
6131295	1
20312621	1
5150158	1
5325413	1
5148705	1
9132988	1
17677364	1
36515829	1
9034765	1
6131354	1
5726415	1
5652672	1
5533921	1
14652553	1
5552003	1
7715365	1
9030217	1
5653847	1
54523799	1
14614767	1
76442275	1
7450181	1
7718105	1
7444555	1
5306438	1
5651613	1
7718120	1
7715241	1
24362896	1
5724525	1
55536745	1
9280102	1
5723479	1
5307468	1
7716896	1
79498615	1
5552061	1
7451681	1
76470824	1
95417842	1
5532060	1
36792025	1
7719200	1
63577488	1
5725602	1
40882013	1
5550583	1
7445646	1
7745129	1
5722941	1
5467894	1
9029830	1
5721056	1
7720119	1
9334776	1
63602267	1
79495925	1
84897019	1
5550848	1
5364120	1
7719785	1
5530941	1
43855302	1
95459248	1
40877981	1
5653547	1
5532691	1
76744164	1
9335653	1
87317778	1
5725655	1
7976802	1
54544177	1
7444162	1
5721806	1
5652808	1
5305427	1
70350011	1
32398206	1
9281120	1
74334717	1
5651122	1
24306883	1
12158266	1
5549255	1
5724989	1
5240840	1
90168718	1
6793513	1
6050241	1
86355659	1
9041318	1
56857940	1
56868530	1
7689414	1
86324003	1
9332114	1
5355226	1
7686626	1
9332885	1
6790992	1
6050244	1
96785852	1
72421873	1
17170098	1
52755229	1
33620887	1
7981111	1
7678378	1
5470582	1
17115556	1
5242819	1
23342537	1
17119741	1
7686474	1
68716255	1
7678323	1
7938193	1
5469180	1
65267506	1
7180526	1
5242826	1
7677691	1
5470564	1
26971529	1
5238946	1
84093871	1
7181163	1
7179780	1
5357754	1
7688976	1
7686378	1
7178636	1
7678650	1
7179549	1
5355023	1
5470913	1
6049391	1
5471668	1
86369270	1
73110457	1
7818033	1
11170898	1
87177370	1
73047127	1
9201117	1
43962834	1
7481564	1
5968320	1
6671188	1
52691297	1
9067603	1
6109515	1
58390881	1
5968877	1
11202824	1
5476875	1
43950052	1
52685936	1
6673510	1
45547339	1
5477598	1
7387059	1
9201080	1
5476066	1
6672914	1
6672698	1
72744769	1
7522582	1
58408861	1
11166993	1
61683758	1
9108586	1
34586069	1
42806990	1
19430360	1
7519790	1
5974782	1
50705002	1
7816934	1
12373587	1
7520981	1
29629880	1
5972078	1
12080578	1
9108389	1
12353470	1
6108847	1
6109361	1
12088634	1
12096065	1
9107950	1
29685118	1
12070720	1
6670861	1
7113107	1
22226177	1
6347091	1
6630316	1
7910954	1
6676835	1
5862540	1
7625589	1
5921959	1
5324431	1
9077050	1
7225410	1
5866082	1
9076677	1
5866248	1
5863763	1
7910709	1
7910660	1
6678736	1
83314288	1
5929772	1
9246296	1
9315574	1
5320073	1
5930334	1
62478052	1
5925372	1
7910884	1
6676990	1
5865088	1
7910825	1
89329197	1
6675742	1
70942720	1
5925432	1
50050379	1
6676033	1
7625613	1
6496437	1
7971802	1
5864581	1
62525894	1
70920391	1
67518357	1
7910633	1
9247539	1
6382857	1
6676538	1
5924007	1
16504693	1
93488371	1
6632206	1
70927109	1
9076717	1
5865401	1
17692235	1
6342205	1
6633646	1
70903839	1
5921757	1
5931112	1
5863181	1
9301436	1
9076953	1
6498674	1
6384387	1
6386238	1
7987456	1
6463058	1
75760508	1
7987481	1
5162580	1
29840422	1
7644163	1
9072187	1
7642864	1
7374115	1
97980086	1
9070116	1
6956224	1
45017654	1
7659680	1
7642865	1
9300997	1
7710891	1
7853834	1
6690132	1
7713162	1
7374096	1
61082664	1
7374631	1
7659355	1
7642743	1
6685951	1
5174472	1
6176506	1
71339258	1
75827214	1
5170005	1
7852442	1
6686702	1
6958091	1
7659471	1
7708642	1
61064202	1
7474783	1
6461018	1
7713190	1
7643489	1
7642880	1
9070291	1
97988279	1
9004790	1
7643303	1
82955254	1
61227908	1
6526457	1
7987385	1
9003921	1
6529854	1
15148030	1
7708962	1
7373795	1
6689784	1
6529297	1
9004287	1
75782625	1
5172390	1
9072198	1
7712706	1
6526978	1
7713706	1
29830901	1
6686145	1
7711472	1
7714080	1
6528769	1
7712670	1
76841567	1
6176657	1
7659626	1
6687089	1
7659661	1
6463322	1
6686998	1
61264876	1
7643815	1
61266394	1
7713436	1
