91182649	1
57953526	1
91186966	1
7929967	1
35692454	1
7842175	1
98864700	1
99769604	1
41742429	1
9328357	1
9269944	1
12035170	1
99767853	1
56407851	1
7518147	1
7929739	1
58766042	1
5658591	1
9321069	1
5660951	1
86160967	1
5660418	1
77421467	1
11658848	1
9252073	1
11698795	1
6947319	1
20094788	1
36295707	1
57964859	1
24806802	1
7930228	1
7843241	1
58729198	1
7514877	1
36260238	1
24795449	1
7843721	1
7929439	1
5557957	1
91217521	1
9329099	1
9329616	1
51950531	1
6587805	1
7514646	1
7069807	1
35692804	1
98873138	1
11985522	1
9319779	1
11647117	1
82439980	1
6946522	1
30647236	1
97717037	1
57274823	1
6507574	1
7823511	1
7824805	1
7825056	1
28633642	1
31484992	1
7773146	1
83941918	1
7771984	1
7682794	1
28644322	1
83677634	1
6509226	1
83670733	1
31475503	1
31485068	1
7682951	1
7989603	1
7918589	1
9015790	1
57278977	1
6261652	1
24919104	1
7938663	1
7989517	1
63020206	1
7746751	1
7825461	1
82538389	1
6427195	1
7938840	1
9012451	1
50289862	1
9082400	1
75840348	1
6329804	1
7918585	1
5789428	1
7823623	1
82507442	1
69170519	1
7683120	1
63013084	1
7824246	1
85343768	1
82535633	1
6422415	1
6382150	1
28636020	1
7680928	1
12630774	1
7918614	1
28611037	1
6260219	1
7681803	1
83274545	1
7682999	1
83293350	1
36692392	1
63050852	1
7823094	1
44956517	1
83967796	1
7826163	1
57267782	1
7786167	1
6862992	1
9343857	1
43541935	1
7949143	1
57112243	1
7648402	1
7196546	1
7647365	1
6867578	1
19862320	1
6860611	1
68038600	1
7647700	1
68048161	1
49619311	1
9267640	1
11050494	1
7948177	1
68050264	1
26623135	1
6864337	1
14764068	1
70833419	1
6861627	1
15334958	1
87638479	1
6063479	1
37357570	1
43558207	1
55290162	1
7786295	1
70822137	1
15296054	1
11007853	1
70877309	1
26064108	1
26665265	1
56182387	1
89815301	1
19845757	1
55688244	1
15317626	1
19813952	1
91092227	1
37378969	1
87584443	1
28166034	1
43034121	1
7948608	1
26103145	1
69094325	1
6864675	1
6864138	1
43051585	1
7831591	1
28137699	1
57086967	1
87622083	1
19864407	1
7831010	1
7786839	1
7948592	1
19878089	1
6892126	1
29131912	1
57470207	1
5360844	1
59600407	1
6894354	1
54081133	1
6418425	1
5358080	1
30346497	1
5704197	1
5702942	1
42974760	1
5704344	1
9128374	1
5701746	1
29161990	1
7316182	1
45706898	1
7965978	1
5704252	1
30386789	1
51236873	1
7317643	1
5702787	1
9286894	1
6421530	1
32847176	1
59585619	1
92065603	1
95828475	1
95823919	1
5704286	1
34507052	1
7612193	1
95190694	1
7614506	1
73170225	1
29168387	1
5100471	1
7686232	1
9121077	1
5704383	1
52309776	1
45684726	1
30398739	1
54071560	1
6888458	1
34529949	1
6889875	1
5703895	1
6417170	1
59653612	1
95847636	1
34734890	1
5362715	1
17437784	1
5361715	1
29155711	1
42974881	1
93669150	1
7592456	1
51265153	1
7316763	1
29149875	1
7590880	1
30341661	1
17458485	1
54045352	1
20600357	1
80344193	1
7165113	1
5600640	1
5689951	1
6087661	1
7916775	1
6097474	1
25547203	1
88985177	1
99154537	1
10449430	1
6082930	1
5602250	1
6086304	1
5687089	1
6101067	1
95742265	1
26849559	1
6085025	1
52145760	1
6084183	1
5687670	1
67760190	1
29087746	1
33328778	1
74539823	1
29071123	1
88938828	1
6083578	1
69228512	1
33329505	1
5807065	1
5602070	1
95774577	1
69204712	1
7165438	1
7411548	1
7917019	1
49911048	1
6088072	1
59040303	1
67713137	1
6086637	1
74987665	1
5603208	1
6808582	1
6097336	1
15372849	1
41825426	1
12916951	1
12921959	1
41864684	1
22653023	1
10448378	1
25604782	1
49884186	1
22676591	1
6083146	1
52251059	1
15390665	1
99154994	1
5602545	1
67711012	1
67755337	1
10476476	1
5600914	1
7916580	1
88972453	1
26856891	1
5689511	1
5807234	1
90685608	1
6084281	1
33328769	1
25541130	1
90654543	1
5677115	1
78408377	1
23075706	1
34904221	1
5677708	1
67065402	1
92532412	1
9272069	1
82362493	1
46402979	1
6880219	1
18326463	1
74851089	1
91053920	1
78435860	1
91022101	1
6879656	1
7925747	1
7844633	1
6517901	1
78386828	1
7986023	1
78416314	1
41528713	1
5676449	1
98818071	1
82366041	1
79213355	1
92514954	1
5231318	1
41545187	1
79241762	1
67039535	1
5676872	1
78405384	1
92554577	1
5676857	1
6514608	1
92543502	1
71942046	1
33306493	1
91021590	1
9273726	1
74864508	1
67020936	1
41565289	1
89253712	1
34885454	1
45132015	1
5231293	1
5231319	1
35369511	1
46401590	1
91018951	1
6518419	1
7844391	1
23064417	1
55215225	1
98821871	1
55217168	1
39029118	1
91006540	1
91001698	1
20022658	1
41496235	1
7914191	1
9290312	1
56509265	1
90596940	1
33549136	1
97541673	1
60110805	1
88552756	1
51506747	1
51516407	1
33547437	1
60118615	1
9256921	1
19991024	1
9289860	1
99011178	1
7299745	1
6552406	1
7847687	1
9289969	1
7969160	1
7303174	1
60744292	1
56529647	1
5866971	1
7969443	1
20010227	1
6985319	1
20752923	1
6553060	1
5867753	1
24658724	1
91784350	1
88605768	1
7812199	1
60557591	1
20774296	1
7913910	1
7813506	1
33596815	1
6983286	1
24702598	1
7847188	1
91837331	1
42314435	1
24686982	1
20735973	1
6553578	1
7812172	1
60723414	1
29590929	1
7676443	1
7848697	1
7888230	1
56542052	1
7968939	1
24662058	1
60757947	1
60601182	1
7810707	1
7914041	1
41464935	1
93829326	1
6982943	1
29611130	1
29539954	1
7676011	1
7677012	1
60693384	1
91766764	1
6984894	1
7676764	1
5868175	1
9289861	1
62371275	1
90602584	1
90614903	1
90579835	1
82928197	1
7848205	1
7280368	1
12270379	1
97939507	1
7259063	1
5768941	1
64155068	1
85746491	1
21001950	1
97906606	1
27371412	1
86257279	1
6989376	1
20867835	1
62639232	1
9283690	1
7260861	1
21013284	1
47193438	1
97909326	1
20896097	1
7260741	1
86261183	1
62668164	1
7968336	1
27370504	1
6987704	1
6987689	1
38389135	1
7278237	1
97948971	1
21016260	1
67682555	1
85756586	1
5765618	1
12324149	1
67635248	1
67674301	1
5766735	1
7276987	1
5767233	1
85775517	1
6801190	1
40585596	1
35003461	1
74937753	1
9311454	1
7282213	1
66333249	1
5768650	1
7260497	1
9284156	1
9016731	1
7280568	1
85716419	1
61466981	1
18715636	1
40212070	1
27327715	1
5768361	1
7960368	1
31383987	1
21028240	1
7652590	1
33910045	1
7230077	1
93252030	1
6966472	1
9223771	1
71481522	1
36581230	1
71539393	1
7941792	1
7963156	1
36523733	1
7233283	1
7232941	1
36561242	1
6926060	1
18989866	1
89454467	1
7941863	1
7983522	1
6969196	1
34431971	1
76414698	1
76396994	1
7742801	1
6965990	1
7284135	1
7963887	1
6929987	1
7963509	1
7655434	1
64005627	1
7744223	1
9251659	1
7961384	1
9134459	1
7652454	1
9299349	1
7941563	1
9222918	1
9298379	1
34454970	1
52530558	1
6930121	1
7941732	1
9251364	1
6965526	1
36593579	1
36561088	1
76389672	1
89427322	1
7749370	1
7983788	1
58858764	1
7286597	1
6932430	1
7289660	1
6491569	1
7983720	1
5758375	1
7231608	1
36593407	1
19010973	1
26008425	1
71507327	1
7654183	1
7961554	1
27457688	1
88847530	1
25313526	1
97655028	1
5108025	1
28989408	1
5553150	1
88513918	1
39321294	1
26950758	1
69268579	1
7890190	1
5649507	1
26937563	1
5650490	1
39317894	1
91628441	1
7890423	1
97621800	1
88897177	1
5553411	1
69305296	1
25320527	1
9056484	1
6643079	1
39888909	1
29976482	1
9144413	1
88529474	1
88522466	1
6645097	1
49297438	1
6644660	1
14294053	1
78247196	1
69267482	1
6644893	1
5109344	1
91631153	1
28959642	1
5553805	1
5737117	1
49300130	1
5106323	1
29970223	1
5554766	1
23188055	1
7380765	1
88898757	1
5648886	1
88462952	1
49248799	1
93847024	1
14267087	1
26911563	1
27418175	1
5650351	1
93913849	1
69310019	1
29014018	1
5648394	1
49261119	1
91631074	1
6642183	1
5552857	1
7378892	1
5553075	1
59491580	1
7995554	1
17266261	1
96174728	1
5546697	1
15019800	1
84288944	1
64492213	1
7859964	1
34007635	1
84292905	1
7642152	1
30191278	1
10994814	1
48685320	1
75280738	1
83789780	1
15031328	1
6370720	1
77374756	1
10117073	1
59470626	1
53446623	1
69813563	1
7909407	1
30184078	1
54474183	1
75297300	1
9319350	1
7694071	1
25856175	1
7860285	1
99539883	1
75298918	1
6370793	1
92676884	1
29440400	1
99550125	1
25826383	1
5545288	1
6574167	1
7909412	1
9318784	1
59436011	1
6766815	1
18470018	1
10961297	1
84321923	1
59492611	1
10955584	1
5957512	1
10076999	1
5186048	1
5969666	1
87191332	1
7816764	1
7482428	1
14958702	1
89636655	1
52660947	1
5476298	1
19413315	1
61702048	1
42813300	1
7479522	1
25620538	1
11147801	1
6107903	1
7525541	1
6673275	1
7525772	1
7817085	1
27910237	1
43977600	1
52684680	1
52644902	1
42803841	1
9108178	1
6106828	1
29651902	1
7482242	1
6109814	1
45545343	1
19459269	1
7386820	1
51800140	1
34547493	1
7817453	1
7525960	1
43997974	1
29662411	1
25617213	1
7112583	1
52698191	1
34585784	1
43950887	1
7525305	1
52659678	1
7476246	1
7326784	1
38501401	1
7387129	1
58119814	1
50662049	1
9200703	1
87187381	1
52693271	1
72793382	1
12092341	1
9132067	1
7475038	1
7476700	1
7386764	1
61682443	1
9063091	1
7687317	1
5471319	1
5472215	1
29241578	1
7627308	1
40278754	1
7627722	1
9040741	1
95324986	1
6049991	1
96817164	1
40279849	1
23514796	1
14075255	1
17184956	1
96812428	1
7686747	1
85587623	1
9332304	1
84085737	1
6048189	1
7981120	1
90203740	1
7677674	1
76233071	1
7981036	1
9041122	1
7179460	1
7938041	1
65312983	1
40293529	1
29202113	1
76262722	1
5242394	1
9332755	1
7809502	1
26983955	1
14885768	1
7938063	1
26988479	1
29205592	1
5238379	1
40273278	1
7678534	1
65303735	1
5472451	1
33619920	1
7688911	1
5470508	1
52752534	1
7809698	1
84096435	1
5527122	1
19805756	1
5563946	1
45464156	1
60336314	1
7929088	1
77743605	1
7939850	1
9059035	1
54377677	1
47433970	1
54186001	1
7940297	1
5526980	1
46529005	1
49528588	1
45641663	1
7204657	1
7929199	1
60321457	1
5565176	1
54336443	1
71848879	1
92580840	1
5565455	1
71907362	1
7962548	1
92587250	1
26603262	1
18533266	1
6576769	1
60376190	1
12825805	1
45642638	1
26577874	1
60375064	1
71842406	1
49476292	1
6876474	1
6875833	1
9059290	1
33151334	1
7415110	1
45469195	1
7206959	1
92624115	1
7928957	1
33116758	1
7202442	1
47459619	1
44473397	1
71845129	1
47476786	1
80537791	1
7360445	1
11915147	1
7362074	1
44534932	1
45480886	1
7939398	1
71869297	1
47458824	1
43365258	1
81830401	1
12494699	1
6563265	1
39617983	1
46352491	1
5251091	1
46742279	1
7785823	1
51743413	1
5251092	1
12512370	1
5251078	1
5885487	1
18063237	1
5248007	1
5581516	1
5567362	1
9204132	1
12435430	1
7264471	1
5251085	1
7997734	1
14166316	1
5250098	1
35508028	1
12517293	1
9204722	1
12453872	1
46721697	1
5567162	1
7784821	1
18104710	1
46327420	1
5251122	1
46379028	1
6559540	1
80058407	1
9205433	1
7785328	1
92370522	1
18044674	1
43395954	1
9135014	1
81882531	1
79927617	1
5251109	1
7785562	1
5581960	1
66190660	1
7785833	1
92405456	1
5584218	1
12533746	1
35536200	1
43423829	1
49760461	1
5636463	1
71278361	1
5247503	1
71277197	1
68600245	1
5794568	1
9237265	1
90278981	1
48767059	1
77110516	1
77108600	1
64871054	1
31934196	1
5559046	1
86081476	1
54909434	1
9212387	1
9211590	1
9236492	1
68613992	1
6351956	1
68657985	1
27962536	1
33490745	1
35220628	1
28027496	1
14578103	1
68610772	1
33487215	1
99716041	1
96984577	1
5849824	1
56969980	1
48783514	1
5558738	1
68591487	1
9091260	1
47835005	1
6799776	1
9211527	1
64823154	1
47835499	1
97014185	1
68589638	1
28797249	1
28004733	1
23438608	1
9236294	1
7907234	1
31881861	1
5560760	1
5558770	1
9293475	1
14537452	1
9236304	1
79628755	1
27999926	1
5794827	1
79624670	1
68604891	1
9294464	1
35219213	1
14566987	1
47829490	1
9149529	1
7955377	1
5797071	1
14562996	1
6409470	1
9342982	1
95666904	1
7932504	1
6410386	1
51227216	1
95096853	1
67536981	1
6408623	1
5666851	1
53338748	1
6406614	1
28364375	1
7961311	1
60191511	1
6414469	1
7960907	1
5753866	1
7946866	1
44068476	1
23816364	1
6410652	1
44195993	1
55073998	1
6414254	1
53362092	1
53343790	1
36134110	1
39502064	1
94914733	1
89684981	1
77197730	1
95706977	1
7932382	1
60208884	1
39265064	1
94903348	1
93030927	1
6413465	1
5750454	1
44056767	1
60210508	1
60217183	1
86930299	1
51182065	1
16460590	1
7845845	1
7960882	1
6413882	1
6404379	1
53358320	1
6202405	1
53327526	1
7932699	1
7946924	1
95054200	1
9341830	1
44237851	1
5944856	1
23822813	1
5753464	1
55100129	1
7846697	1
30536873	1
6409076	1
95660295	1
7932470	1
60220120	1
60182318	1
39479494	1
89696928	1
6412883	1
64951164	1
6384118	1
5925189	1
7910603	1
44439351	1
49996681	1
9315253	1
6382820	1
50047806	1
6679635	1
7624260	1
7912942	1
7228675	1
6631284	1
6499874	1
9315894	1
93489053	1
5863568	1
6498463	1
67501600	1
5864994	1
6674446	1
7912752	1
81248132	1
5922879	1
81216307	1
9302804	1
15768506	1
57186687	1
44425769	1
57177879	1
66086917	1
16522941	1
7623221	1
7225995	1
5863888	1
5864139	1
9247823	1
5922422	1
44407434	1
7227030	1
7225910	1
7971932	1
9302724	1
19936686	1
44417621	1
9315728	1
93541800	1
7224915	1
6383196	1
81273316	1
76654080	1
7405959	1
7369999	1
5216764	1
5216848	1
65158454	1
7945600	1
5218902	1
5216766	1
5216851	1
97366294	1
46017808	1
45961720	1
5216784	1
5855307	1
45949608	1
7404025	1
9083842	1
5621420	1
50530696	1
44733647	1
62166094	1
9277225	1
51130115	1
7368003	1
7555980	1
97408110	1
9083762	1
7406150	1
65152635	1
44749698	1
90804757	1
5215059	1
50573794	1
77256232	1
90791843	1
97431437	1
7945219	1
14025393	1
5216775	1
50519582	1
68422628	1
5856527	1
50205388	1
76600866	1
7368753	1
9083645	1
5216622	1
7944990	1
90538269	1
7944966	1
90539466	1
7546838	1
5623543	1
9276372	1
9083507	1
90837046	1
51107346	1
5857274	1
51113302	1
7371372	1
99959724	1
20388152	1
5856304	1
62146660	1
5218555	1
7945146	1
7945623	1
35975190	1
16227196	1
30056897	1
5218895	1
44723343	1
9083619	1
7805224	1
5622483	1
11980293	1
25221116	1
6081292	1
63118757	1
9333266	1
9261529	1
53640779	1
54789937	1
6978239	1
7881879	1
5480373	1
9337356	1
61019062	1
5482387	1
42443892	1
11493324	1
42402589	1
11960501	1
6980317	1
24409275	1
9261403	1
6978889	1
9333510	1
9001072	1
11467013	1
6080281	1
6078190	1
9333231	1
7250854	1
6081602	1
85865091	1
68483745	1
9336888	1
7967929	1
6978859	1
7881488	1
6082364	1
85928130	1
9337455	1
21104130	1
78726136	1
9337141	1
5482541	1
55607735	1
67117415	1
28818986	1
6431532	1
49396975	1
6079531	1
23986636	1
5485187	1
25208072	1
31676599	1
7881914	1
88002900	1
9336442	1
31710625	1
23935237	1
16593334	1
6529181	1
98015525	1
7987416	1
94500984	1
6687695	1
6954193	1
45054627	1
6524836	1
7464845	1
7376015	1
6458846	1
7474826	1
9300838	1
7853506	1
7375307	1
89059944	1
7464266	1
7987864	1
7988073	1
9004034	1
52806762	1
61118359	1
37275360	1
44991912	1
7644119	1
6020330	1
94468025	1
96955157	1
7472403	1
6529736	1
89024532	1
5173591	1
7853901	1
6686945	1
7709224	1
42193850	1
7210500	1
7643365	1
7469513	1
6823658	1
6459631	1
7851935	1
7215735	1
82957337	1
15122769	1
7852577	1
9300763	1
9004149	1
82987108	1
9070275	1
5173055	1
6957872	1
75758766	1
6955367	1
7853351	1
7468721	1
7375904	1
5174654	1
61069187	1
7659429	1
42229558	1
7470567	1
5936508	1
7642586	1
9300447	1
6686388	1
75776094	1
7658261	1
61248186	1
28076312	1
50750463	1
41102390	1
57648859	1
7705253	1
70248567	1
31302060	1
5791591	1
9150980	1
6942501	1
90731838	1
37132659	1
45727920	1
7671752	1
66246682	1
6937907	1
72530456	1
45740511	1
60407717	1
7705574	1
5966757	1
5964654	1
10233561	1
50771535	1
28099122	1
6940821	1
9118084	1
28070109	1
7705585	1
50757596	1
7671101	1
9227073	1
74438218	1
27663743	1
5792340	1
37164302	1
6941667	1
7705934	1
50780663	1
60453589	1
13213640	1
31332179	1
5770914	1
43793733	1
5770563	1
5963433	1
41071800	1
50736326	1
66275447	1
74428181	1
27643730	1
47378486	1
7508835	1
60402842	1
23632575	1
51394411	1
9122912	1
5147952	1
68919485	1
52883275	1
52865708	1
5325681	1
80699343	1
85542124	1
53564150	1
68902995	1
7769366	1
30910383	1
68901333	1
80745762	1
5150017	1
5326099	1
6133035	1
7934687	1
80694979	1
5325678	1
68911352	1
7766038	1
70524141	1
46605558	1
7768084	1
85529463	1
80763101	1
5149524	1
58989915	1
53578142	1
30424258	1
20339117	1
5152345	1
36519274	1
54017376	1
20339676	1
85495678	1
80712790	1
5153298	1
70475406	1
9266545	1
5327430	1
17638083	1
51456123	1
46574337	1
7769779	1
9266572	1
23587718	1
68894674	1
5148659	1
52919325	1
9246005	1
36452174	1
70497878	1
7993379	1
9239075	1
7993105	1
38840330	1
38828727	1
9122955	1
7934999	1
80755731	1
80765870	1
7768817	1
51390538	1
63211916	1
9313872	1
7978612	1
5214452	1
7364269	1
6134079	1
51601539	1
77642803	1
5201834	1
32177406	1
5213355	1
6046269	1
63224682	1
33044024	1
5210461	1
32230599	1
7943014	1
92442566	1
7119383	1
5210721	1
32205839	1
7978571	1
7117901	1
89912033	1
7979443	1
6138959	1
9313715	1
7364100	1
73792565	1
5214446	1
26512528	1
89896844	1
89911411	1
92425699	1
5210722	1
37793866	1
9313263	1
6047267	1
7119700	1
51557780	1
73484300	1
74625376	1
9313108	1
26525462	1
32094033	1
73821898	1
7363162	1
73847367	1
94859962	1
11519662	1
5211803	1
5210734	1
51572845	1
73437250	1
66571832	1
11565892	1
11499867	1
37776999	1
6135531	1
42619505	1
6045965	1
38476509	1
73826618	1
5210787	1
5851457	1
5851126	1
5853014	1
6657348	1
43662565	1
37658542	1
7950613	1
5852774	1
6144724	1
21526889	1
6656925	1
5611199	1
36204566	1
21535947	1
21548879	1
21211558	1
54153582	1
5612826	1
61194863	1
7950206	1
5611299	1
61161448	1
70013958	1
7954097	1
99625138	1
65677395	1
38984900	1
61184408	1
71689893	1
6953379	1
5612647	1
6659723	1
53085349	1
6145106	1
6658236	1
5853383	1
6657999	1
37657912	1
38944680	1
71755369	1
6951636	1
6144285	1
7506056	1
5854048	1
9112347	1
6953069	1
7505665	1
19177054	1
6147929	1
70021949	1
7905075	1
21196710	1
7950351	1
36226267	1
7954182	1
6724082	1
37666937	1
7905040	1
53766044	1
54177521	1
6655813	1
53791020	1
71705442	1
5810767	1
69987900	1
7506375	1
5851677	1
85105401	1
78651262	1
81818799	1
93768147	1
38745840	1
81791856	1
98416566	1
68287483	1
6070082	1
85057228	1
7973694	1
6070716	1
27562710	1
5605598	1
7664569	1
70572824	1
95598300	1
6069393	1
16071720	1
7992487	1
81742747	1
70579142	1
5522959	1
23906671	1
9277934	1
98402771	1
29875418	1
7973590	1
7296409	1
80888918	1
44100709	1
5784225	1
5523006	1
7992894	1
85047353	1
27562845	1
7292634	1
9084925	1
40642812	1
93732763	1
78661080	1
7294589	1
78605855	1
7294884	1
38752953	1
27566019	1
7991936	1
38757967	1
98391275	1
59211917	1
81816388	1
98393699	1
98382625	1
6070968	1
6069927	1
52029872	1
7973524	1
81810424	1
16127077	1
16079712	1
7992025	1
38753239	1
48480769	1
7339319	1
47228144	1
6628522	1
66790471	1
78047639	1
9274436	1
6398519	1
6994558	1
6241404	1
12725827	1
91542075	1
6995602	1
61911176	1
9032124	1
9240675	1
30245766	1
79285774	1
6244707	1
28406449	1
9031835	1
75114367	1
91570424	1
61908630	1
6247412	1
7937056	1
7976205	1
9031997	1
7937264	1
61882133	1
5748516	1
28397776	1
6994316	1
7249798	1
6398983	1
75130267	1
5747611	1
75166221	1
6993874	1
30211694	1
12704948	1
72171108	1
67242393	1
54925148	1
67303468	1
81158275	1
6994318	1
56251340	1
76117876	1
67269729	1
28432670	1
7975979	1
12729710	1
54971390	1
75125665	1
70094552	1
78541765	1
6401863	1
7668592	1
68090418	1
81325249	1
95908788	1
7034245	1
24577325	1
38262857	1
98496957	1
7895351	1
97842614	1
81332712	1
62735231	1
7669708	1
7872940	1
85028318	1
5348401	1
6398089	1
37480930	1
48549728	1
7453031	1
44633965	1
84987806	1
9327786	1
6130161	1
95856408	1
24605335	1
98501141	1
6126923	1
68122279	1
7871488	1
7455482	1
6569056	1
81326510	1
68066659	1
7330054	1
7335385	1
7334983	1
7336460	1
7873105	1
9327147	1
66676389	1
9028874	1
97822910	1
85029870	1
5534493	1
35347766	1
7667910	1
38273277	1
7453908	1
7964457	1
7616580	1
7921660	1
11617414	1
90929132	1
7921497	1
89091353	1
11089395	1
26344384	1
7851519	1
25687928	1
6997172	1
46076556	1
7922314	1
12819580	1
26169786	1
9297122	1
7922147	1
6998463	1
27742521	1
83235468	1
11596268	1
14173617	1
7922264	1
11595795	1
97460983	1
9141937	1
9345990	1
7851580	1
75997973	1
97471972	1
9297145	1
86793348	1
6818970	1
90948816	1
84360817	1
58260861	1
7619955	1
88215739	1
76031239	1
6999868	1
7615992	1
6996231	1
7922063	1
72337093	1
91932117	1
53932493	1
83187271	1
53903167	1
7849659	1
7582417	1
7922252	1
91925988	1
7851429	1
27705688	1
97439951	1
14215101	1
72347625	1
76022684	1
11106591	1
6817379	1
7921724	1
7581602	1
7000512	1
25717253	1
26352609	1
7001080	1
7922105	1
9323378	1
62083810	1
7581122	1
7921911	1
96627720	1
54488077	1
5653580	1
5468794	1
5654170	1
54545022	1
40892442	1
5531502	1
5378693	1
9335647	1
7722065	1
7443133	1
9336033	1
5467214	1
5723280	1
84934113	1
9279877	1
50865025	1
79450514	1
32429294	1
7449927	1
95405885	1
7451799	1
95462324	1
55527963	1
7448166	1
54480559	1
7977494	1
70327980	1
76462843	1
5305059	1
76488812	1
9280917	1
6454925	1
94297880	1
5651304	1
9030398	1
7444512	1
75060687	1
74306362	1
74304481	1
36751345	1
84959815	1
55574703	1
87348491	1
74350433	1
5531638	1
22340204	1
7420995	1
31516726	1
6660425	1
55977042	1
96122040	1
40002931	1
94106780	1
95381767	1
5691659	1
17970498	1
55995672	1
5692537	1
6071644	1
7801889	1
9002508	1
94096590	1
95354579	1
6071993	1
55943764	1
5691582	1
90086931	1
5692797	1
5692236	1
33780086	1
19551763	1
55922429	1
45367335	1
7801405	1
18005303	1
94110937	1
6072682	1
22289770	1
80915194	1
6072214	1
7991451	1
55963032	1
24260116	1
7931547	1
95372171	1
73596585	1
17992680	1
59555963	1
53813381	1
39966957	1
6074295	1
9220339	1
7802814	1
48040481	1
5692016	1
33774197	1
90046607	1
7914491	1
9258818	1
7101921	1
70439370	1
63655897	1
7946446	1
63148198	1
7915036	1
7790908	1
62829409	1
74483282	1
47328725	1
7979805	1
46878145	1
44819661	1
63691040	1
69013090	1
9258174	1
41144060	1
91879332	1
99445835	1
7946815	1
7003025	1
94768089	1
9307210	1
99451492	1
7945912	1
7946044	1
85148625	1
7946396	1
57386933	1
77902811	1
7792041	1
7914498	1
74520278	1
75598967	1
72016705	1
7791704	1
63712685	1
58431250	1
7914466	1
94800903	1
56048501	1
85154707	1
7979796	1
69020738	1
13375999	1
85152533	1
62799180	1
13347392	1
72037704	1
58485230	1
41176165	1
74506116	1
75604847	1
86492214	1
66953330	1
9309255	1
77530733	1
9308724	1
64758272	1
6271948	1
5671474	1
5674111	1
7954958	1
9309342	1
5673372	1
48433995	1
6880548	1
5672661	1
6884868	1
7974206	1
42086374	1
24114627	1
89729606	1
7951358	1
69360198	1
7256501	1
9007870	1
64180085	1
55500993	1
89776805	1
7912019	1
5672228	1
9321366	1
7974013	1
9007864	1
6881125	1
24096050	1
42083300	1
84760377	1
6881196	1
6041872	1
9255143	1
99361532	1
5674729	1
9006678	1
5346604	1
86518407	1
6039170	1
7257029	1
72254441	1
18611091	1
9255338	1
99353841	1
69381263	1
77491837	1
24082921	1
7917444	1
16175379	1
42089518	1
6270445	1
6608660	1
99381769	1
5671705	1
6040272	1
48380328	1
7951102	1
6624068	1
16172994	1
9308923	1
5403794	1
5140282	1
69429561	1
9154949	1
69417591	1
7836390	1
11411171	1
5105390	1
69450568	1
6537444	1
5140046	1
88357123	1
6787120	1
5140047	1
9154499	1
11267614	1
83520839	1
57822951	1
11247347	1
88376628	1
7978426	1
9154670	1
7935616	1
88378560	1
35061515	1
7978058	1
7530974	1
6694323	1
5138480	1
76344463	1
11357628	1
6541453	1
65746169	1
65764986	1
6545486	1
76317958	1
6789283	1
6052998	1
35096197	1
6788831	1
6537590	1
6052424	1
7837101	1
65711632	1
7754656	1
9154162	1
6050316	1
17812094	1
5140045	1
7835100	1
7779487	1
25299704	1
7783979	1
7957168	1
59366956	1
25235427	1
59660195	1
7783786	1
66812817	1
7575225	1
24155235	1
38009991	1
7576144	1
17195393	1
7957455	1
59673454	1
7783762	1
7783590	1
39587478	1
17217371	1
7399098	1
5959343	1
7838760	1
78088607	1
71153781	1
7575884	1
17193766	1
7401110	1
7783892	1
7957145	1
66032430	1
71113128	1
6647272	1
7577481	1
65618485	1
50960285	1
7972699	1
78128247	1
59400377	1
37587457	1
66799568	1
59414350	1
77084439	1
7783741	1
7779422	1
69858126	1
38031969	1
37622108	1
7972932	1
7483010	1
86725226	1
40509644	1
39523567	1
7838265	1
66829385	1
66824946	1
7972357	1
7784451	1
7780316	1
9115725	1
66030148	1
6647756	1
7972557	1
7814804	1
5373393	1
35776683	1
7274603	1
7699216	1
76158070	1
78833297	1
73316130	1
98090944	1
5376896	1
76186838	1
25953710	1
65819500	1
7697881	1
33208611	1
20990456	1
9304641	1
65247763	1
7959085	1
5377661	1
71187622	1
31828991	1
7275837	1
7698721	1
78831047	1
7275126	1
7740288	1
65211162	1
98094506	1
35749811	1
17577086	1
9202590	1
78858640	1
26701403	1
43282809	1
7273085	1
7697066	1
5374600	1
53210896	1
7959056	1
7958706	1
76173593	1
7951951	1
65814996	1
9203129	1
7121739	1
6155418	1
59880844	1
21486203	1
6288459	1
26720280	1
53217674	1
7274045	1
7952425	1
7122094	1
35760620	1
6155974	1
7699581	1
85641005	1
26237109	1
7700686	1
6164428	1
7190146	1
73217781	1
10363406	1
84182983	1
14449095	1
49110936	1
41061858	1
7982807	1
81728908	1
20241953	1
41366808	1
6668258	1
41033896	1
47694817	1
9024733	1
33706218	1
74756531	1
75981623	1
41416261	1
14392462	1
41005658	1
56711357	1
41022967	1
7982557	1
7982608	1
40994673	1
16730598	1
16724323	1
7701238	1
5656241	1
16717806	1
14412445	1
44296092	1
20273619	1
9025246	1
9024994	1
75946117	1
73262098	1
9025311	1
5846378	1
33737231	1
20556075	1
9024225	1
5656605	1
84133573	1
84188044	1
6165973	1
5656864	1
75962972	1
67956903	1
72618009	1
5916404	1
95119850	1
5915590	1
72621213	1
65093523	1
65115863	1
65084863	1
95150609	1
6619339	1
7758443	1
75380003	1
87371396	1
72693318	1
5914699	1
88677582	1
94637425	1
88633092	1
7820785	1
9206053	1
42486445	1
9206994	1
72680129	1
6748510	1
5814643	1
34245494	1
7820141	1
86586539	1
43883040	1
5915437	1
20213502	1
65059320	1
7822761	1
67922846	1
7821436	1
9207272	1
5814612	1
88660712	1
9229939	1
6311729	1
86569272	1
43920870	1
42538228	1
10860790	1
6121950	1
18829525	1
51346283	1
10338895	1
9207289	1
94589890	1
86583204	1
5814172	1
81975126	1
5704802	1
6120708	1
59839999	1
6651010	1
59868132	1
7605714	1
61987906	1
6651435	1
5117221	1
5117182	1
27207403	1
7795534	1
35827615	1
5116165	1
7899985	1
7927133	1
46167323	1
7898208	1
7926924	1
21798282	1
46109620	1
6653098	1
62410264	1
79723083	1
34920878	1
7926731	1
5117723	1
9264383	1
61960060	1
59811932	1
5117217	1
9215186	1
5117190	1
9259766	1
5117173	1
46117742	1
71576792	1
9264621	1
7795298	1
5117163	1
80185129	1
7902866	1
9232526	1
35828673	1
79695681	1
38703785	1
9232342	1
6651474	1
75435513	1
5117742	1
41945116	1
38693512	1
9262975	1
7788409	1
75424111	1
79060939	1
35864637	1
5117160	1
6906341	1
7982395	1
9017875	1
7899777	1
9215146	1
66896921	1
62415168	1
9106063	1
7899439	1
9259670	1
7927121	1
9215185	1
5117196	1
79088872	1
9232734	1
9295925	1
46118498	1
5117219	1
35829923	1
6945823	1
84224155	1
7899751	1
5117192	1
7795842	1
6655052	1
42641624	1
5117166	1
7238752	1
5252609	1
18797220	1
7354711	1
5252604	1
7988498	1
76684952	1
62213978	1
22785573	1
38576041	1
7826231	1
17897236	1
76662741	1
41322447	1
56335672	1
7239793	1
7174151	1
76723611	1
7988434	1
6612493	1
6612821	1
47746347	1
5338301	1
6232643	1
9121764	1
88156543	1
62239817	1
7173722	1
7988636	1
5252612	1
5252607	1
56324826	1
5114789	1
6611630	1
38590411	1
7828445	1
75197544	1
6092429	1
39751291	1
56337062	1
46242520	1
5252606	1
7646571	1
7355229	1
88130531	1
56792563	1
9233737	1
98139005	1
58509554	1
38620523	1
6095282	1
39747613	1
7645426	1
5252603	1
56792963	1
7115148	1
7115748	1
6089275	1
41329945	1
9291886	1
62214591	1
5572478	1
88116511	1
5114727	1
7114849	1
5253142	1
88168470	1
5859236	1
70608417	1
7923019	1
6732485	1
71083181	1
55855500	1
70607726	1
7923015	1
22415947	1
9199952	1
7923631	1
7585192	1
70609450	1
6729030	1
7587326	1
6960140	1
7923560	1
69496362	1
6958701	1
5474637	1
84009581	1
7922819	1
64724639	1
7922438	1
7922963	1
7923062	1
37847700	1
96589629	1
7923482	1
80319093	1
7922407	1
22406431	1
6101226	1
7922678	1
69534849	1
92773703	1
37868556	1
82161273	1
55869572	1
7922661	1
7773998	1
23131454	1
7922648	1
37865983	1
5860692	1
48126221	1
67322486	1
17509574	1
6960090	1
7922569	1
6960330	1
7923128	1
64732726	1
6960441	1
7922421	1
10593589	1
7923170	1
7922730	1
7584039	1
7774653	1
48876810	1
7922427	1
67312308	1
64709310	1
82153335	1
48879711	1
6958973	1
7923470	1
9000783	1
71053914	1
83988347	1
17488866	1
5861378	1
13913498	1
64680598	1
67236108	1
71081094	1
7999841	1
96557174	1
10601146	1
7922955	1
7923334	1
10896045	1
7540317	1
5569129	1
48583001	1
22024605	1
5670454	1
7789153	1
7870309	1
7489695	1
51617809	1
5669447	1
6163586	1
5570370	1
48642079	1
7491123	1
14489641	1
7595462	1
7869768	1
5668727	1
40713465	1
5668744	1
10206085	1
7492048	1
5669039	1
7491778	1
25086601	1
6164058	1
6164140	1
7539778	1
5669086	1
51672096	1
5333415	1
89972343	1
25115385	1
5345372	1
89972554	1
89991808	1
10776167	1
5669028	1
7494142	1
9340448	1
7561067	1
21644525	1
7541788	1
32819277	1
21598617	1
5668472	1
5668671	1
14490834	1
7493817	1
5336256	1
5569176	1
7543075	1
9310881	1
10873417	1
5843067	1
14475125	1
40705218	1
5571166	1
5333563	1
7565643	1
7565278	1
7788982	1
7869667	1
5570820	1
79048953	1
7561046	1
6161416	1
71832852	1
5140318	1
94530664	1
6843265	1
5143889	1
78942070	1
5694209	1
6150538	1
5696604	1
15279194	1
5143721	1
14858243	1
88091358	1
88059473	1
59332285	1
24551188	1
7736033	1
5925795	1
9148024	1
6150712	1
63507084	1
5140310	1
94542325	1
5682461	1
5695438	1
88089444	1
7495858	1
5144228	1
78919491	1
5694735	1
5694342	1
59346617	1
90885168	1
63520850	1
5920600	1
7793663	1
7429500	1
9152996	1
60803111	1
5695044	1
5686330	1
6850538	1
96358566	1
60804816	1
36614662	1
5685977	1
7994246	1
5695654	1
5145568	1
90890343	1
62971017	1
5918534	1
5695319	1
5685624	1
7426805	1
5920684	1
60803220	1
5142361	1
5927747	1
5684912	1
5695226	1
87442330	1
5680906	1
15225086	1
5682590	1
5695147	1
5679175	1
5927661	1
9147889	1
7144165	1
62935618	1
5647537	1
62543072	1
9157381	1
86419995	1
47990689	1
5618466	1
5543842	1
6681602	1
81459041	1
5730825	1
32691475	1
7223347	1
5332164	1
7222282	1
81506088	1
5617935	1
5543960	1
5331937	1
22434464	1
68286312	1
6682675	1
37242840	1
83870503	1
7223746	1
69656237	1
6240374	1
7220993	1
5328446	1
42348032	1
86401707	1
5329366	1
86450466	1
69661670	1
60072490	1
81423257	1
5619073	1
7222372	1
5329885	1
63284208	1
5129860	1
21946826	1
5129841	1
37240601	1
5733309	1
6044114	1
5129838	1
5539442	1
5733087	1
22498765	1
42379008	1
5128402	1
94026134	1
21958159	1
54651138	1
37222010	1
41576182	1
58610468	1
5131853	1
81448975	1
81384658	1
6680698	1
93229014	1
83858490	1
6683785	1
5544388	1
7222451	1
58034645	1
34143142	1
15219740	1
34171436	1
5128405	1
32964502	1
9014701	1
69657422	1
5129837	1
21939301	1
5616241	1
9157306	1
37212737	1
69649050	1
34177029	1
9124924	1
5728892	1
7999335	1
87539455	1
6841798	1
91749811	1
61859676	1
43606653	1
26785667	1
48217683	1
5236924	1
5236891	1
5236868	1
9271652	1
5743812	1
9209965	1
97135342	1
43620932	1
61603833	1
61856034	1
95544881	1
60872007	1
7800027	1
15717832	1
38139666	1
5741863	1
5236892	1
61626757	1
5236927	1
72803676	1
6843097	1
85229915	1
7998982	1
7933788	1
61819680	1
5236878	1
15678179	1
7955420	1
9210741	1
48205809	1
7955533	1
48221379	1
72809723	1
71429747	1
96008384	1
5236916	1
7800813	1
95494440	1
7999796	1
7933830	1
7933644	1
5728376	1
72861595	1
6835866	1
49545832	1
44899649	1
7778423	1
69572355	1
50506436	1
18916329	1
60651685	1
78793339	1
6377974	1
7970399	1
78780046	1
64237849	1
7637680	1
7729298	1
6700994	1
27799208	1
57454658	1
64267024	1
49552611	1
63420308	1
6376722	1
7970125	1
84525196	1
69915852	1
7728628	1
7171555	1
90407978	1
62601308	1
79161181	1
90406836	1
5193705	1
60642894	1
84567049	1
5193932	1
79172183	1
5401767	1
79189917	1
9084188	1
5191387	1
7572389	1
78790585	1
81916834	1
50415548	1
60674836	1
7778397	1
5395734	1
75722225	1
9026320	1
7970090	1
49598629	1
62567891	1
57400875	1
50452279	1
50482147	1
49557500	1
50355627	1
18269899	1
7728866	1
62588984	1
5194326	1
57717432	1
57702297	1
7930481	1
7928344	1
7660458	1
6139450	1
6140209	1
5877380	1
97340608	1
64662065	1
6060663	1
6056430	1
5875806	1
7965312	1
7921144	1
12254135	1
5878300	1
7919266	1
16682308	1
25495562	1
6143874	1
64649541	1
6532719	1
5624829	1
7940637	1
7928060	1
6141806	1
97318669	1
15877436	1
25471485	1
7931394	1
29726715	1
7323668	1
7931236	1
91236710	1
37967804	1
6531586	1
7919493	1
7930566	1
73207757	1
16696215	1
7940515	1
6139168	1
32298958	1
7726700	1
45872524	1
7321525	1
57715532	1
6139059	1
72485255	1
5876414	1
9074490	1
5878346	1
57696740	1
7931192	1
16414814	1
98657703	1
9074496	1
7964767	1
25460234	1
7965371	1
12241897	1
29763135	1
7956559	1
6391791	1
5989177	1
99512986	1
94286501	1
66393591	1
39843331	1
65525843	1
78463062	1
61516568	1
7949780	1
32062262	1
62904342	1
6448671	1
39885922	1
7126862	1
7799233	1
32043680	1
7923902	1
7924545	1
7924262	1
7924093	1
7996813	1
31138727	1
94264636	1
99524921	1
5883031	1
62857603	1
80608394	1
10664617	1
64443189	1
7924118	1
10709964	1
28305683	1
62889861	1
7798277	1
10697901	1
6387175	1
31086319	1
6637871	1
80565901	1
66356875	1
31094410	1
6594525	1
58061594	1
6392357	1
5985113	1
5988012	1
5880253	1
61536097	1
9339216	1
9338558	1
5985838	1
32029010	1
78462425	1
7924174	1
78461257	1
7996137	1
99463699	1
9289558	1
47003037	1
99504887	1
32053533	1
7923748	1
99468828	1
7923726	1
7924382	1
6390634	1
5697504	1
66484080	1
5580331	1
73919272	1
7353996	1
49008234	1
6428671	1
6430027	1
73863145	1
9221788	1
66438357	1
7805920	1
7690341	1
5719229	1
92040587	1
54999907	1
22164321	1
5577526	1
5698765	1
70186529	1
5698207	1
56655548	1
9027708	1
9027147	1
19286325	1
17357459	1
7689820	1
6428450	1
22113399	1
22085327	1
6428755	1
6428066	1
73395632	1
13750703	1
5576046	1
5699552	1
9213971	1
82243218	1
9221594	1
32617109	1
83142411	1
48814371	1
6428481	1
5698026	1
82200555	1
5698126	1
7806148	1
7806381	1
49009435	1
7807401	1
73345833	1
32622113	1
87695594	1
36048605	1
92007732	1
9221816	1
22197259	1
5717004	1
5699727	1
7353865	1
59086394	1
7806773	1
87715942	1
19298136	1
5700079	1
13787497	1
48990371	1
41686016	1
90324730	1
74176012	1
5491618	1
7958490	1
7904741	1
9003349	1
74103382	1
58679198	1
23754921	1
6974118	1
6748790	1
9076558	1
74156274	1
92987991	1
23720974	1
7986919	1
92173409	1
7908292	1
90360553	1
7904762	1
9003437	1
80137427	1
74284713	1
10560519	1
9003235	1
7986949	1
58684413	1
18124961	1
6914058	1
7958151	1
74282451	1
74160647	1
6916417	1
5491301	1
6970720	1
12975260	1
74115816	1
6748850	1
7633790	1
5874785	1
7958016	1
7904760	1
74082731	1
5875287	1
5875309	1
90377204	1
12997767	1
73027035	1
12987499	1
58640509	1
58657518	1
74191315	1
58700850	1
80141247	1
6598657	1
7241868	1
95953439	1
30753864	1
7244260	1
70959235	1
9325290	1
95979879	1
20523353	1
63845968	1
9330302	1
49200330	1
63828461	1
7246306	1
7652217	1
6853702	1
30733573	1
7650487	1
49192045	1
30724611	1
6593466	1
52428793	1
50065055	1
97265661	1
53302669	1
70989871	1
36971750	1
15947089	1
59180156	1
11807707	1
70961204	1
6003275	1
7609561	1
40788848	1
53302413	1
82105108	1
63807638	1
15946278	1
64551595	1
6601144	1
90141484	1
70769576	1
75500991	1
6856294	1
97217634	1
7242756	1
7241619	1
20473202	1
75486142	1
7243417	1
40833471	1
92927616	1
70992466	1
37002063	1
5524324	1
37733904	1
84654807	1
37762408	1
6524513	1
32014543	1
25032805	1
6868743	1
78183102	1
6115447	1
9004985	1
7314544	1
7136671	1
7096817	1
25069086	1
5524484	1
6117862	1
34685640	1
32536644	1
19372576	1
6119345	1
9093968	1
74016464	1
12565465	1
7984822	1
54704806	1
6115406	1
34620811	1
31973841	1
28455339	1
7984593	1
34626079	1
7312722	1
7310867	1
12554796	1
54750014	1
25040318	1
7109002	1
7984527	1
23706127	1
5526483	1
5525152	1
85274316	1
32593051	1
15463573	1
31175982	1
7984395	1
84600504	1
36947036	1
74020348	1
25067313	1
7112026	1
7004823	1
7307383	1
15451625	1
7140484	1
7984973	1
6119243	1
37703725	1
34693780	1
7309459	1
7313932	1
37739790	1
7111908	1
32013662	1
7137436	1
