5871864	1
7908315	1
7904150	1
18122856	1
5493104	1
5490728	1
9003100	1
5269370	1
7958292	1
7886845	1
80164889	1
10574682	1
87078521	1
5875324	1
9094430	1
6616095	1
7957896	1
5488320	1
5492715	1
7904102	1
72997441	1
7091806	1
5486851	1
7080132	1
7904344	1
7631574	1
5873539	1
9003571	1
10536002	1
7908389	1
6971082	1
6748809	1
5493712	1
9095686	1
9003178	1
12982374	1
80181193	1
58680066	1
87120554	1
58673778	1
7958632	1
10567739	1
7904165	1
5493643	1
24717321	1
7634274	1
24763107	1
7632176	1
6617354	1
6754482	1
6915596	1
5488991	1
20707896	1
9095080	1
7904505	1
7631270	1
7631543	1
92130653	1
6914957	1
7865185	1
6754834	1
7904047	1
74176012	1
6919043	1
5909909	1
5486830	1
7958551	1
5489171	1
74168127	1
7908368	1
9076253	1
7079921	1
58660021	1
9095187	1
73021590	1
93455925	1
7904295	1
74130237	1
7633086	1
7078182	1
93407195	1
72975597	1
18167437	1
7886773	1
5493327	1
6974934	1
92146420	1
7885782	1
5874239	1
6973488	1
9076451	1
7908330	1
21914552	1
20679901	1
7908483	1
7634404	1
6614693	1
7886506	1
23733003	1
7904177	1
7958379	1
7904515	1
93471145	1
74109639	1
6971572	1
7958684	1
5493524	1
5912222	1
5488034	1
5489176	1
72995024	1
24771342	1
6922083	1
7322406	1
5627921	1
7660970	1
7919632	1
7661301	1
5707229	1
5282901	1
9136282	1
6142387	1
7726049	1
7725640	1
6142343	1
7964746	1
16696607	1
7320240	1
7956569	1
5628455	1
37968431	1
7725635	1
16383398	1
9074774	1
15874209	1
9285872	1
7322751	1
7940898	1
5705984	1
7956757	1
12230889	1
9136310	1
29701670	1
97311954	1
9136605	1
7940928	1
9074501	1
5285645	1
6142296	1
9074966	1
5624408	1
9136582	1
6142958	1
72497504	1
5280593	1
6059046	1
7726155	1
7921070	1
9136005	1
7965451	1
15920741	1
15882972	1
6140988	1
5705942	1
16371189	1
9136896	1
7956614	1
16022196	1
91288058	1
9075009	1
7956910	1
7319967	1
7964931	1
45878081	1
5706943	1
6060509	1
7320393	1
98669441	1
5626235	1
7662359	1
6534266	1
7928311	1
7921085	1
5284712	1
52938578	1
6060772	1
97340086	1
9285583	1
29740859	1
6058773	1
7324199	1
7919412	1
7921118	1
12233197	1
45922157	1
7965424	1
5626229	1
57738670	1
12261238	1
97354978	1
7964986	1
7956788	1
7956771	1
98713551	1
7931096	1
25478010	1
45943097	1
87880924	1
7940595	1
9136703	1
37963560	1
45881736	1
7956183	1
7965407	1
7965430	1
7320787	1
97303515	1
57701064	1
5878176	1
5285109	1
6058891	1
7965285	1
5281347	1
21264509	1
7726541	1
5709017	1
7661036	1
7321759	1
5543783	1
5615095	1
5121815	1
68268921	1
5540484	1
81500717	1
9157282	1
6240118	1
5733258	1
32725897	1
63283288	1
5731534	1
15167637	1
6473092	1
60091879	1
9014263	1
57985748	1
5729804	1
22448701	1
33419839	1
32713506	1
32726318	1
5614853	1
5730192	1
6473918	1
5540665	1
5130055	1
32985134	1
5122195	1
5729786	1
9157874	1
93178307	1
34158480	1
5732340	1
6238667	1
6045554	1
5615309	1
5126849	1
5538579	1
6681728	1
69629685	1
5133805	1
63333041	1
5543808	1
7220756	1
57976463	1
62547832	1
6044439	1
47949310	1
6473145	1
9124804	1
5615467	1
5733370	1
5331985	1
9157674	1
5729743	1
5129641	1
5127843	1
5543060	1
6045706	1
60074022	1
7224114	1
9157975	1
5130048	1
5538363	1
5731881	1
9124613	1
5329695	1
6469553	1
5537816	1
22449806	1
7223498	1
5543663	1
5729861	1
6680844	1
33020486	1
5544265	1
69635514	1
9157558	1
32738559	1
5127653	1
24495127	1
37227818	1
37216435	1
5539499	1
86411141	1
5731844	1
9157978	1
6044110	1
34169099	1
37199872	1
9157681	1
29345415	1
5121874	1
63356026	1
81410826	1
81411094	1
37261350	1
94005256	1
42398745	1
9124105	1
33031758	1
6045172	1
7960939	1
7846097	1
9032516	1
60226183	1
95099382	1
7845490	1
30556607	1
7846751	1
60217773	1
7960686	1
7960715	1
53348090	1
5946534	1
67544280	1
5943783	1
39483347	1
7845364	1
51188783	1
5944759	1
5754162	1
30559736	1
9342139	1
6403551	1
86966427	1
7947837	1
7960885	1
6404191	1
62280093	1
5755271	1
39270859	1
5754765	1
44195369	1
9032910	1
6238488	1
55100129	1
52065112	1
7960913	1
6204246	1
60228215	1
9033356	1
89709055	1
44233741	1
9032863	1
86979640	1
51181654	1
39297657	1
15822074	1
36154626	1
6410966	1
50231445	1
7961005	1
35932400	1
23792078	1
94936160	1
28382684	1
28319350	1
94891521	1
93089375	1
9033478	1
15799075	1
5755178	1
67571782	1
7961003	1
16475760	1
95068939	1
9032398	1
28366205	1
6415360	1
44175747	1
35877217	1
51181390	1
5753452	1
77239365	1
95076705	1
9032539	1
62249079	1
5754198	1
35902400	1
95668971	1
16433232	1
52074853	1
89644728	1
36146461	1
5664890	1
5667030	1
44077452	1
9342931	1
95100819	1
57450595	1
62599734	1
50477540	1
7573957	1
7572491	1
7727866	1
7728414	1
60660150	1
81938874	1
7727395	1
7637950	1
7729104	1
7167303	1
40411651	1
7729110	1
7778729	1
7778892	1
49550457	1
9052833	1
7636415	1
9084720	1
7574167	1
9083867	1
7778369	1
18272237	1
18894740	1
50391160	1
9025628	1
40463925	1
6376391	1
18251700	1
27748460	1
5192935	1
5193130	1
7778101	1
9242018	1
5190643	1
6376420	1
44843497	1
9053025	1
63415997	1
34371071	1
9084132	1
27773796	1
7571971	1
40442814	1
50451279	1
5190595	1
63369437	1
57454658	1
60627727	1
6377886	1
9242175	1
44889306	1
18253748	1
6375901	1
7969688	1
7635300	1
69972213	1
6375532	1
63395687	1
6377531	1
60621737	1
79134965	1
64285287	1
44854301	1
60630619	1
6378198	1
7969779	1
49580203	1
6696968	1
6374720	1
6377543	1
60657679	1
69584102	1
57459344	1
7969917	1
7990685	1
7970190	1
75692107	1
9053281	1
9026017	1
7727202	1
7636442	1
7970054	1
50477204	1
57409248	1
7571967	1
84536419	1
7638598	1
49059648	1
50416554	1
5193133	1
90396776	1
7639026	1
7778075	1
5191660	1
7572941	1
5193135	1
75718481	1
7635441	1
9241364	1
6375479	1
90456075	1
7969837	1
7639320	1
69911833	1
44871591	1
34341332	1
7347701	1
19723471	1
9220620	1
5698272	1
9126856	1
5266251	1
6316702	1
5698400	1
9028055	1
42029951	1
34832761	1
5265459	1
7806701	1
6430211	1
7353190	1
5266168	1
9027375	1
7690545	1
55002565	1
83109460	1
48842436	1
51025527	1
91995227	1
87718520	1
9127275	1
19272594	1
56678674	1
7805696	1
9027172	1
7353741	1
6317365	1
9127101	1
7353903	1
9126245	1
77020237	1
9126504	1
51046257	1
22095958	1
21734428	1
48854231	1
5716268	1
42016065	1
5576007	1
6320718	1
7691353	1
22110732	1
6319332	1
9213486	1
73870270	1
7353810	1
7807117	1
9126844	1
5719456	1
32626092	1
6431042	1
51034942	1
9127039	1
9126455	1
19047240	1
32651020	1
7349058	1
5266365	1
9126415	1
9127118	1
7349429	1
48820843	1
22182000	1
7807518	1
36012707	1
7807728	1
9027991	1
87701298	1
5715702	1
7692294	1
51052294	1
17379479	1
66460211	1
7353700	1
6430597	1
92046722	1
73877590	1
19740496	1
73890012	1
19741257	1
73932983	1
92033775	1
70193990	1
5720637	1
9221329	1
37126806	1
6363665	1
28054532	1
6939993	1
7673433	1
9151598	1
73714210	1
7673287	1
74418746	1
72558666	1
9147140	1
9120039	1
5773480	1
72516672	1
9147377	1
47378385	1
6757813	1
43753384	1
5963506	1
5965917	1
5792458	1
27643595	1
9120094	1
9146878	1
6872970	1
5791399	1
5774494	1
6873831	1
7673992	1
72539339	1
6367331	1
9117573	1
9151866	1
7506989	1
5770696	1
9146801	1
60411484	1
31358762	1
5772477	1
9147341	1
9208059	1
5770687	1
6763132	1
5792815	1
6363172	1
73767701	1
50734369	1
7670490	1
5771472	1
9120058	1
15573236	1
33839887	1
9120472	1
5818171	1
28066847	1
74372459	1
9151797	1
9146712	1
7707500	1
9151870	1
9207861	1
5791837	1
6873561	1
50753495	1
72515828	1
33870120	1
9151362	1
7672511	1
9151677	1
6874583	1
57678357	1
5791866	1
6873016	1
6874493	1
7706573	1
7511872	1
9151615	1
60433476	1
9147080	1
7673725	1
33858088	1
9147174	1
66251240	1
43782432	1
6934245	1
50746742	1
5771903	1
5820230	1
9120249	1
72500795	1
28038593	1
47391324	1
28036546	1
5965350	1
45776102	1
9208363	1
7706240	1
6873506	1
6364669	1
6364064	1
9150955	1
74369910	1
9119679	1
7671962	1
7673107	1
9117618	1
5771734	1
5772459	1
9207979	1
9118148	1
73768116	1
73771113	1
5965411	1
9151037	1
7950093	1
6637311	1
94286501	1
47018755	1
28313054	1
39876334	1
7996768	1
99527278	1
7953378	1
6594911	1
35615330	1
35610506	1
6386927	1
9137971	1
5988801	1
99463356	1
7952992	1
9337987	1
7924327	1
80599379	1
62895973	1
10700737	1
7126956	1
7924696	1
62874776	1
35601592	1
6636415	1
9137725	1
32019110	1
80606127	1
32076417	1
6593826	1
7953176	1
72903445	1
7127496	1
82831988	1
6392369	1
5987280	1
7798493	1
7952778	1
9137684	1
9338510	1
6597061	1
35601693	1
7924427	1
58092361	1
39811580	1
9137740	1
7953391	1
7924496	1
9338730	1
5987490	1
34110627	1
94234733	1
9137785	1
6636010	1
10717308	1
82832759	1
6388145	1
94219577	1
9289663	1
7130133	1
7127408	1
9136968	1
7798685	1
7924474	1
62842457	1
7950121	1
9339082	1
7996022	1
5989095	1
58116233	1
9137756	1
5881723	1
6393618	1
6636554	1
68398132	1
51119381	1
45946307	1
16264953	1
5623835	1
5214876	1
32928410	1
9112248	1
9112264	1
9111368	1
84834619	1
6337795	1
7553613	1
51137298	1
9111455	1
65141545	1
5620736	1
65170631	1
44708426	1
50547972	1
96294585	1
77315783	1
7402970	1
77298189	1
5227393	1
90798482	1
93104593	1
97370713	1
90791843	1
9276800	1
97391206	1
50575695	1
64081253	1
5217470	1
65174814	1
5619909	1
91306799	1
20391351	1
84864209	1
7371628	1
5215232	1
50509928	1
7406756	1
76654768	1
50541079	1
9112290	1
90468227	1
5623701	1
5215229	1
20425196	1
5855465	1
20445339	1
50141977	1
93127280	1
76594211	1
30110411	1
7554093	1
9112181	1
68381702	1
90808612	1
45982964	1
7945135	1
93106446	1
5624207	1
76649682	1
6333495	1
76642882	1
44724386	1
76613557	1
7959676	1
40570938	1
9284885	1
31439711	1
35037983	1
5766626	1
27341357	1
5767396	1
6802375	1
7731690	1
18694809	1
7968159	1
67654427	1
63428857	1
83091970	1
5767033	1
38357891	1
9284890	1
5155282	1
97925728	1
40193346	1
5766322	1
5767581	1
47187810	1
67631314	1
5160049	1
5160013	1
7261792	1
97940435	1
67618492	1
38362872	1
5160423	1
5767582	1
5160424	1
5158558	1
9041901	1
83021026	1
6986347	1
7439880	1
7260995	1
57894895	1
7968665	1
64140949	1
62677268	1
87044036	1
62649673	1
9283839	1
74914858	1
86268986	1
97904367	1
34997743	1
57878393	1
9311537	1
9041940	1
67630778	1
7261925	1
5767707	1
57888602	1
7435005	1
7960173	1
62666575	1
5160426	1
9311314	1
85808841	1
5160007	1
6989614	1
21060391	1
5158504	1
7275980	1
85725006	1
66331524	1
5156943	1
6987917	1
5768934	1
86274840	1
7730052	1
7260291	1
7968433	1
63480460	1
7260893	1
63430991	1
5160614	1
7967961	1
7960130	1
7441741	1
5160164	1
7261283	1
5161842	1
57856459	1
38361751	1
38369486	1
9041578	1
38390353	1
7263434	1
9016478	1
5155440	1
5160630	1
20930349	1
63444639	1
5767896	1
9284037	1
5765347	1
5765874	1
7968529	1
9311954	1
27389536	1
5160141	1
5156185	1
9283505	1
6987613	1
5160193	1
5161253	1
86257085	1
5156995	1
6806120	1
7968500	1
5156996	1
7959648	1
6804957	1
64814266	1
66995759	1
7912355	1
7974132	1
7954760	1
98618645	1
6276666	1
5346869	1
98587827	1
55441843	1
24112257	1
96481349	1
99358506	1
9308693	1
6265774	1
5346382	1
6610111	1
77497081	1
64798585	1
84759213	1
5346928	1
9008085	1
7951545	1
5509722	1
24096050	1
7917674	1
5405898	1
18611193	1
9008457	1
6040971	1
48380568	1
5405900	1
7912316	1
64195392	1
69350545	1
9008547	1
9322710	1
67002919	1
9008434	1
24082921	1
5345666	1
7255387	1
7974667	1
6041584	1
6624453	1
7974343	1
9321703	1
7951525	1
6624431	1
24112214	1
6608458	1
6606447	1
5672427	1
6626196	1
6043392	1
9321624	1
6623906	1
7912202	1
6266946	1
98618215	1
7258270	1
7951635	1
6039515	1
7256496	1
6886123	1
7954632	1
42050862	1
7954477	1
7912322	1
7912357	1
9255113	1
9255159	1
5348226	1
86542631	1
72213975	1
7974055	1
7917950	1
7954621	1
7951089	1
5346250	1
99385498	1
7917613	1
48401201	1
5405859	1
42083330	1
55502505	1
28220155	1
7254812	1
9308084	1
48372202	1
6624934	1
28237461	1
55490928	1
99326184	1
6881055	1
9008392	1
77545373	1
5405894	1
86520524	1
35793442	1
7122082	1
6280142	1
47114000	1
33208768	1
9305270	1
57077591	1
6286130	1
7696403	1
6157415	1
9202700	1
7952077	1
7271137	1
31593369	1
35783463	1
7959081	1
7272021	1
7698204	1
6155267	1
6158360	1
26724704	1
76179519	1
6155071	1
31640821	1
21445723	1
7270159	1
59874207	1
7738317	1
65805311	1
76156109	1
36441719	1
26712510	1
7739883	1
5374111	1
31611680	1
83718270	1
5377657	1
7697422	1
21490165	1
53220413	1
7952620	1
31867392	1
7958761	1
31598976	1
6211444	1
6157111	1
9110191	1
5374640	1
7124036	1
9111051	1
7738699	1
20956860	1
7741491	1
9305156	1
7952430	1
57051697	1
88795798	1
7740338	1
98084259	1
6213746	1
7120545	1
6158646	1
5375194	1
57023122	1
7274555	1
6157619	1
7696474	1
6154499	1
13250137	1
21469885	1
7273582	1
7123309	1
65208906	1
7959532	1
71184120	1
6215403	1
13281833	1
88779396	1
7959365	1
6285287	1
7121316	1
9110909	1
59885216	1
6286511	1
17595089	1
7270103	1
25899704	1
7952188	1
65248449	1
7959093	1
25958428	1
9204014	1
53662597	1
6433689	1
9079166	1
6980459	1
68488220	1
7881400	1
6467053	1
7880429	1
7881879	1
24419280	1
78720501	1
16581528	1
42463363	1
9337894	1
53630498	1
7880466	1
63101178	1
25178353	1
31713570	1
42448928	1
6431831	1
78715755	1
6431849	1
7967631	1
6433167	1
7967601	1
7967861	1
9001436	1
96901024	1
5484834	1
9079030	1
6432056	1
6432544	1
7879736	1
67125231	1
5484017	1
7967654	1
9078850	1
31676599	1
11974585	1
7013227	1
53612229	1
7967766	1
7967182	1
5482261	1
7011225	1
5481577	1
7251727	1
67119486	1
16575402	1
6171743	1
6076814	1
6431540	1
11948108	1
6433140	1
96863551	1
87991832	1
49453822	1
7967476	1
6080216	1
6431612	1
6431387	1
7251970	1
6076696	1
42452443	1
9001734	1
7253338	1
6081374	1
9337514	1
6978082	1
81022923	1
23994944	1
68504627	1
63064925	1
9337426	1
7882078	1
5486119	1
9262197	1
5482377	1
78733451	1
7251363	1
5479652	1
53632880	1
7012113	1
16571394	1
5482541	1
25158459	1
67150383	1
9222575	1
52522892	1
7286944	1
7963786	1
7286514	1
5760478	1
7286375	1
94185616	1
61765905	1
7358934	1
7358535	1
52509638	1
7744717	1
6491038	1
36529784	1
9250243	1
77782427	1
77777820	1
9133998	1
94180537	1
58854764	1
7654216	1
25982340	1
36549741	1
64005627	1
7655344	1
77833138	1
7285131	1
93259239	1
7358326	1
52562266	1
9224161	1
76404309	1
7229492	1
27147877	1
92864546	1
9134725	1
7961791	1
7963401	1
63990367	1
7961907	1
7232357	1
9134415	1
6964572	1
85973840	1
6489954	1
6493328	1
7654800	1
7653854	1
9134865	1
7961405	1
94210532	1
9299412	1
85976521	1
7743739	1
7942161	1
9222641	1
94174147	1
34462377	1
89458142	1
7356510	1
58852272	1
7963249	1
6489295	1
7358830	1
93254439	1
9134429	1
7961560	1
52504355	1
58802726	1
7961878	1
7941685	1
7232858	1
94178887	1
58833673	1
9223850	1
7963876	1
7963501	1
5764711	1
5755676	1
92818440	1
85959075	1
61774996	1
5765183	1
5757654	1
7963263	1
92825198	1
58872836	1
9134805	1
77781298	1
5758980	1
5764485	1
5763273	1
94167938	1
5758180	1
7357212	1
77799952	1
5761130	1
61773564	1
5764486	1
7357604	1
9013148	1
5763515	1
18992309	1
58870572	1
7961418	1
58828132	1
7984096	1
63959835	1
7983550	1
7062980	1
4032667	1
5556863	1
5658369	1
5558440	1
4033013	1
6706510	1
7014038	1
5556909	1
86136654	1
4033429	1
9328597	1
99775557	1
41801062	1
82421875	1
57916679	1
6946304	1
7057612	1
20105420	1
7067914	1
4030589	1
7015776	1
51923639	1
31023028	1
7929472	1
6947362	1
9119186	1
31040970	1
5659849	1
7134266	1
12019407	1
91234055	1
5658975	1
7929636	1
7842086	1
6949493	1
91189945	1
9268638	1
11695403	1
51947838	1
51947161	1
6588097	1
12051040	1
91189882	1
9118489	1
21425788	1
9328856	1
7133647	1
7842643	1
57924574	1
7512561	1
30689910	1
4033312	1
91187923	1
9096260	1
24855782	1
7513097	1
6701955	1
7069143	1
7067658	1
56408617	1
24810437	1
9096079	1
9269121	1
7929529	1
6946786	1
7841498	1
5661112	1
7066960	1
5556657	1
35705465	1
57967550	1
9118522	1
9253783	1
9118810	1
6589498	1
30637323	1
6586465	1
6947573	1
9118568	1
6588554	1
5658777	1
9118603	1
24820406	1
6949063	1
6588287	1
82471123	1
7929481	1
7117159	1
20852034	1
35439286	1
7877585	1
32139359	1
33111533	1
5210816	1
7943071	1
7943216	1
7874865	1
92463659	1
9081799	1
5212505	1
6047517	1
5211173	1
73433989	1
5210288	1
5210256	1
83458841	1
38443928	1
74613268	1
7978552	1
35437208	1
92458319	1
5211150	1
37819868	1
5212209	1
37832065	1
77697635	1
5211822	1
5210255	1
73435177	1
66575516	1
35476175	1
32149604	1
7119091	1
6134208	1
77676776	1
6047967	1
42614130	1
94837155	1
94834971	1
9081059	1
5212240	1
7093288	1
5212222	1
51543743	1
77657065	1
9229390	1
7979282	1
5210817	1
7942699	1
5211788	1
9081631	1
9081665	1
5210814	1
74640767	1
92488178	1
5210844	1
19635169	1
7117221	1
7365458	1
7119039	1
37817555	1
42620198	1
5213858	1
5213544	1
5211917	1
5210873	1
77649365	1
77941132	1
9229560	1
5211829	1
9313627	1
77682770	1
5212174	1
5211007	1
94880277	1
5213329	1
7942694	1
78345536	1
89918778	1
9081872	1
77651919	1
18405770	1
26522938	1
5205362	1
91409584	1
6046315	1
6047430	1
5210596	1
7117222	1
9081603	1
18400757	1
7979262	1
32233301	1
7118371	1
5213849	1
20841261	1
32205839	1
9196408	1
9270971	1
7975521	1
5233381	1
65843707	1
96003701	1
5235244	1
43615369	1
91701361	1
5742219	1
9196394	1
9196424	1
7955701	1
5729195	1
9196015	1
71440740	1
9038537	1
5729173	1
48167642	1
15709329	1
9038976	1
5234200	1
5233041	1
7955978	1
9039202	1
7799714	1
5234177	1
9038908	1
7974846	1
5236209	1
7955440	1
5236414	1
15713848	1
5236143	1
71470043	1
43643344	1
9038639	1
94400044	1
5727774	1
38178623	1
61837346	1
96070563	1
13562538	1
5232666	1
13578427	1
72829241	1
87556729	1
5728705	1
96030115	1
96016412	1
9196347	1
7998908	1
38198276	1
9196446	1
9038832	1
9271733	1
65843652	1
5232681	1
5728295	1
95503759	1
9038802	1
9196388	1
7800835	1
97106323	1
5894514	1
9196407	1
7955762	1
6218703	1
91696963	1
5743033	1
7998948	1
5742795	1
5742543	1
5233466	1
5729106	1
5233029	1
5742729	1
6842839	1
72071421	1
9196405	1
36847471	1
5420811	1
9196403	1
6834875	1
9271949	1
9038358	1
9038688	1
9270285	1
72819206	1
9038284	1
9038239	1
9196386	1
9210221	1
95526261	1
5729710	1
5233087	1
7934076	1
5743514	1
6830942	1
6179974	1
61635965	1
6842888	1
9038799	1
7975184	1
7975468	1
9045823	1
9209672	1
96005358	1
91691088	1
61799769	1
5728443	1
9038240	1
48180436	1
87534458	1
7998853	1
9033848	1
7989492	1
9034024	1
24939042	1
28175227	1
9033947	1
28664880	1
5787672	1
7824451	1
7746765	1
7747085	1
82506620	1
6253641	1
44962762	1
44945156	1
5789226	1
9034277	1
9033906	1
63043459	1
9015887	1
7989972	1
6261774	1
7747420	1
6328536	1
7938474	1
9012760	1
7824809	1
5787896	1
5789717	1
83247383	1
82513189	1
5788251	1
6511378	1
9069153	1
75878818	1
97675439	1
5787252	1
7681140	1
6252309	1
97658366	1
7938972	1
9012240	1
12626117	1
7989131	1
63052405	1
6255566	1
6261927	1
9034093	1
9082348	1
5789017	1
97660347	1
83960381	1
6380945	1
7746707	1
7939187	1
82568948	1
6379594	1
7746573	1
9034410	1
9033805	1
9068927	1
7989553	1
83625439	1
63019045	1
63050297	1
9012524	1
6379541	1
44953314	1
6511389	1
9068151	1
75852894	1
7989368	1
6510260	1
50350215	1
9078269	1
83563650	1
88308070	1
69140219	1
31502395	1
9082172	1
88296585	1
24884562	1
9034125	1
9069249	1
9015285	1
6262704	1
9034101	1
7992254	1
5609163	1
44111723	1
59241641	1
6942728	1
7296019	1
7344088	1
38718617	1
7665359	1
7291691	1
6067991	1
6942967	1
5523076	1
81806169	1
51881906	1
82695025	1
7296376	1
51894834	1
23925544	1
85108127	1
6068750	1
81816264	1
7340913	1
85091945	1
5608762	1
85083353	1
5606984	1
44141477	1
82697725	1
5784433	1
9279258	1
68355680	1
6942629	1
32342996	1
59275097	1
29891557	1
9085336	1
27542462	1
16084651	1
5511516	1
7341679	1
9050663	1
48467193	1
6942895	1
29865553	1
7973471	1
68312293	1
6070445	1
6942667	1
9278628	1
5607041	1
5607960	1
95612421	1
7665704	1
27550636	1
9050604	1
9054643	1
7992650	1
5521620	1
5608361	1
9278488	1
5605495	1
7294873	1
6070868	1
9278303	1
81139104	1
9277535	1
9279212	1
23931568	1
82710307	1
7991969	1
48486984	1
6067523	1
5511898	1
6070642	1
93725153	1
6943687	1
44122739	1
7344754	1
5511893	1
9278866	1
51997560	1
5522514	1
68322059	1
27578632	1
7294926	1
5606235	1
48458047	1
9084903	1
85046285	1
16090791	1
7926152	1
91033376	1
6641837	1
5229963	1
7926062	1
5230176	1
52413475	1
6642074	1
6513755	1
35362000	1
23045298	1
7845234	1
7986081	1
71950495	1
5230236	1
9073737	1
33275435	1
79237275	1
9074416	1
23013188	1
55150985	1
7926428	1
91048279	1
5227907	1
6514397	1
7926024	1
7925863	1
92539021	1
52395495	1
91053104	1
6877932	1
5677921	1
7985940	1
9158388	1
5229996	1
7926063	1
7925771	1
9073728	1
9158528	1
5228152	1
68210186	1
9189127	1
7925791	1
7926142	1
7844776	1
6110759	1
5230675	1
46426122	1
9189627	1
5230726	1
6876849	1
9188687	1
34874483	1
67043425	1
7926234	1
52364109	1
46424291	1
28689832	1
23028775	1
26405891	1
39046487	1
82347124	1
92513187	1
89248527	1
89251509	1
98839198	1
78370696	1
5227887	1
6638965	1
9074120	1
9189894	1
26445852	1
7925855	1
82377544	1
7986137	1
5228181	1
34867192	1
11750898	1
28739523	1
5228167	1
91068117	1
9074188	1
7926558	1
9189598	1
92519670	1
9074299	1
5677024	1
9273709	1
6877176	1
11713088	1
68210996	1
35414021	1
40325303	1
5230069	1
9036380	1
30218204	1
9031040	1
12688376	1
92241053	1
9036975	1
6240870	1
6628382	1
6628198	1
6622488	1
78038801	1
6401741	1
7249190	1
6990740	1
9036826	1
5748192	1
66791253	1
9036847	1
28394244	1
75146640	1
9031654	1
30239278	1
79316784	1
5746946	1
6990774	1
68745520	1
75148835	1
9273980	1
92252033	1
79298913	1
9036552	1
91551317	1
6622828	1
7247929	1
9080073	1
6627660	1
6621764	1
67252101	1
6629127	1
49820165	1
6240824	1
5746431	1
70096919	1
56243352	1
6620863	1
12721600	1
9036440	1
9303469	1
6622882	1
9030916	1
75134188	1
6628358	1
81205235	1
9303467	1
9274140	1
79310784	1
9273976	1
91574180	1
7246741	1
76118322	1
9031936	1
6401546	1
6400350	1
13417566	1
7248258	1
9080858	1
7248924	1
13420323	1
7936559	1
9031731	1
9036130	1
6991622	1
7976066	1
70111113	1
6247414	1
92270180	1
7247370	1
9036234	1
77993591	1
9032055	1
70123442	1
9274170	1
9239248	1
7975869	1
43127293	1
79328276	1
70118791	1
9030880	1
9080146	1
94721736	1
81185545	1
6628397	1
5748802	1
72134846	1
6621988	1
81146060	1
9035868	1
7936803	1
9303389	1
61902984	1
94733429	1
68745256	1
9035924	1
91550536	1
94703044	1
28445436	1
6627499	1
13419564	1
92210252	1
79353187	1
6995664	1
6626828	1
12728806	1
5734259	1
16981456	1
5105900	1
5664506	1
7381388	1
5736414	1
9040266	1
9144032	1
29933899	1
26909291	1
39338561	1
5108051	1
9039900	1
93889902	1
5737205	1
9052633	1
5108438	1
26899928	1
9039884	1
9144089	1
5106695	1
34323964	1
88494539	1
7893117	1
5663434	1
9144050	1
9073375	1
9143387	1
39937397	1
9052069	1
86899882	1
5244151	1
9143688	1
5106283	1
91624993	1
5736736	1
6643274	1
5733805	1
5650539	1
9052212	1
5649887	1
9143497	1
9144324	1
5244346	1
88434004	1
9072685	1
9039668	1
5733690	1
5662941	1
9052141	1
5244134	1
7890858	1
5244158	1
39315147	1
9143656	1
7890856	1
5735927	1
49287506	1
78232497	1
5106895	1
9040391	1
5662147	1
26961989	1
78262276	1
93857918	1
5106098	1
9039825	1
7891809	1
9144116	1
5106065	1
65448169	1
9039686	1
5553515	1
9009607	1
9143839	1
9039652	1
91630684	1
17005724	1
26910483	1
5733922	1
76892222	1
5552632	1
65414517	1
9056056	1
5734220	1
29008897	1
17001187	1
88435052	1
78255209	1
34324563	1
26910565	1
5733960	1
5245659	1
9056763	1
9056483	1
9051705	1
23162652	1
9039819	1
5553754	1
9039656	1
6643055	1
5661443	1
86879345	1
88431765	1
9143520	1
9327638	1
7038033	1
9326857	1
6395104	1
7964541	1
86682128	1
9028763	1
86676404	1
31767260	1
7040668	1
5350611	1
7871488	1
7893764	1
7031876	1
87259271	1
31760490	1
7964603	1
9327664	1
7461443	1
7896119	1
9140256	1
7964328	1
70691341	1
47516099	1
37522199	1
7871255	1
7669292	1
44657994	1
5351462	1
9140273	1
7456806	1
7331930	1
68092701	1
9141008	1
7335309	1
7330584	1
7896396	1
31751619	1
81367785	1
86650681	1
98540723	1
9028512	1
7873091	1
98544193	1
7964208	1
7895347	1
81311450	1
7895210	1
7667584	1
7329823	1
98452153	1
48545280	1
5537069	1
5349562	1
9140470	1
5348939	1
87268375	1
7669661	1
7668608	1
86666461	1
98562683	1
9140505	1
5350082	1
98556896	1
70733657	1
17109714	1
9141087	1
87247714	1
5536500	1
6564927	1
98476644	1
7873758	1
70701192	1
85032778	1
98470580	1
7964388	1
81292192	1
7895642	1
6124997	1
98433837	1
5351026	1
6130015	1
7897120	1
9140341	1
7896050	1
6810368	1
6100253	1
6083830	1
9010704	1
81650373	1
6097616	1
7408642	1
6088451	1
7916898	1
67731698	1
58337425	1
74573968	1
52260975	1
25594797	1
22665761	1
69182017	1
43339118	1
90667113	1
69206253	1
9010597	1
12961834	1
26866209	1
5687134	1
67712057	1
9104920	1
7916869	1
6086947	1
58294175	1
41816673	1
49887353	1
49890699	1
6082542	1
69250520	1
81644953	1
26872619	1
67717130	1
67737211	1
69236135	1
9108811	1
52178709	1
9104587	1
9011118	1
29048316	1
6087449	1
41807686	1
9010722	1
52221861	1
5601743	1
5689229	1
49897201	1
6809947	1
25780404	1
25800732	1
6811287	1
9108781	1
43327411	1
33377529	1
95719753	1
95736564	1
59019251	1
6096588	1
5601170	1
9104433	1
5600242	1
9109155	1
52208421	1
52149625	1
5690842	1
9104570	1
74997073	1
80392413	1
6085497	1
9010848	1
5602354	1
58284346	1
20636557	1
99152579	1
59061273	1
12901037	1
41849713	1
69238172	1
6083009	1
22672319	1
9109682	1
7916742	1
52265004	1
7916970	1
9104611	1
7409289	1
25753143	1
9010589	1
69197187	1
82779329	1
6054612	1
6547857	1
6693130	1
9145442	1
93611878	1
93382058	1
9154889	1
7755919	1
9145180	1
9217842	1
93325784	1
5137776	1
6787929	1
82733544	1
5138899	1
6054199	1
6549629	1
5133926	1
6051672	1
6787132	1
76322859	1
9145509	1
7753417	1
5135431	1
31276139	1
6787432	1
5137628	1
20053715	1
67853544	1
7755170	1
5975785	1
5138890	1
9154952	1
6054411	1
63747641	1
6052026	1
7944429	1
59783998	1
69700788	1
69747424	1
67898115	1
6052704	1
5133934	1
9144738	1
5135269	1
83502405	1
7977973	1
5981952	1
7755486	1
6054617	1
5980286	1
25384215	1
7977680	1
7533017	1
20077470	1
7943750	1
82766531	1
9217636	1
7836673	1
6052345	1
5135305	1
5978126	1
9145398	1
20050159	1
57785200	1
6054302	1
20035355	1
6051390	1
5104265	1
9145009	1
7977821	1
93324686	1
9116503	1
83511732	1
7944449	1
93585426	1
17782305	1
5102403	1
9116190	1
25411362	1
7943641	1
65737493	1
7935973	1
5980206	1
37059731	1
5138891	1
76352304	1
6539367	1
7755045	1
93614917	1
6052009	1
9145344	1
7834769	1
9144485	1
7535044	1
59757060	1
7533943	1
59757413	1
9145506	1
6541899	1
9116600	1
65734780	1
7978109	1
6545290	1
5302938	1
37085235	1
6693907	1
7943687	1
9116292	1
93603709	1
5137134	1
37091052	1
59760562	1
5135499	1
9154672	1
5135286	1
93333840	1
76347018	1
6787243	1
31223898	1
5135371	1
9154382	1
5133931	1
37092341	1
9144952	1
5104097	1
5134537	1
5136064	1
5981527	1
6050731	1
65736209	1
5312227	1
7576374	1
7814134	1
7780206	1
7816386	1
7780891	1
40492917	1
9115093	1
7957595	1
9114857	1
7779302	1
7839104	1
6477674	1
50952175	1
9037499	1
14728070	1
7488579	1
77043969	1
9115751	1
6481056	1
7780058	1
14701612	1
5311624	1
5308840	1
7486505	1
6647575	1
6479869	1
65606193	1
5309133	1
7485173	1
78072619	1
39548979	1
7779592	1
7779210	1
9037355	1
5312884	1
7780049	1
9037276	1
7577934	1
7576649	1
7957688	1
7484886	1
64300312	1
7779401	1
77074930	1
7487282	1
24172630	1
77080616	1
9088350	1
7487251	1
78133213	1
37574640	1
7784008	1
69872092	1
37620551	1
7779664	1
7780302	1
7780752	1
7840347	1
7779796	1
7779585	1
6482306	1
7396263	1
86759487	1
9114846	1
5311348	1
69857738	1
80775109	1
7957499	1
7780545	1
7400067	1
7401627	1
7486860	1
7957556	1
7485205	1
5960084	1
6634757	1
24197709	1
17203873	1
7815607	1
7576549	1
38057241	1
5309882	1
5959151	1
6482223	1
7957651	1
7575946	1
24153361	1
37571370	1
7780290	1
9037809	1
7838107	1
9037560	1
7484447	1
7780815	1
6475105	1
7957820	1
5310411	1
7487547	1
6633849	1
5311642	1
7784457	1
37996908	1
7575961	1
7816522	1
66004081	1
7397071	1
7781043	1
77041424	1
7783999	1
6650441	1
7780223	1
7780188	1
5959236	1
6485073	1
59391965	1
50960062	1
7576948	1
79116149	1
7899703	1
71609626	1
9231932	1
5116214	1
6944744	1
61962087	1
79717008	1
21802029	1
7899056	1
84275981	1
27234700	1
50898339	1
9216511	1
6780772	1
5117876	1
79694242	1
9263174	1
7606778	1
41900301	1
7788738	1
7606751	1
75435513	1
9260734	1
7603108	1
79667058	1
7926588	1
32468371	1
9216637	1
9106036	1
62396232	1
9018038	1
27230520	1
7902897	1
7606253	1
79085534	1
7926610	1
38653581	1
7788617	1
9215552	1
7606492	1
7981746	1
5119314	1
5119061	1
9260035	1
7981650	1
9215186	1
50944048	1
71551574	1
9232850	1
6945431	1
9105650	1
6944484	1
7788573	1
41894442	1
41940301	1
6944565	1
79684163	1
7902780	1
9263242	1
21790817	1
6908510	1
79663634	1
6654729	1
7901105	1
6654789	1
9017498	1
21813135	1
9018749	1
84264131	1
9216813	1
9018258	1
7900638	1
66885424	1
5116331	1
6904959	1
61961152	1
9232342	1
6945781	1
7981994	1
9105468	1
9263680	1
32475166	1
7605142	1
7605929	1
7788084	1
46145095	1
5115801	1
32469351	1
7901113	1
79686912	1
7606686	1
9295985	1
75393911	1
75433443	1
6782693	1
62445465	1
7927163	1
9018328	1
9232892	1
7926929	1
7926998	1
6944735	1
9017721	1
50911152	1
18196523	1
63840106	1
6854219	1
6854764	1
20474782	1
5996791	1
7608723	1
15592182	1
37441592	1
90105150	1
82060317	1
37457724	1
92889383	1
64526773	1
64537105	1
18239714	1
6859732	1
92936392	1
9326400	1
6592768	1
7244563	1
70758488	1
7609218	1
15651936	1
15623968	1
92884775	1
7241352	1
6598915	1
94968205	1
70958041	1
7245630	1
74683060	1
95013813	1
49191412	1
7608372	1
15602975	1
9325561	1
7651958	1
7608088	1
82084803	1
7652160	1
6591484	1
6593564	1
6026208	1
92905347	1
6854470	1
64586102	1
52444026	1
18203444	1
6599848	1
7608838	1
41652467	1
49202714	1
7609171	1
7649867	1
5996898	1
18208144	1
97261248	1
92882900	1
7610416	1
49192045	1
75520738	1
7244752	1
97222171	1
37448728	1
74733770	1
70782144	1
74732349	1
6856645	1
49180405	1
7244888	1
7245721	1
75530193	1
5278794	1
5277340	1
44274327	1
5656652	1
7723878	1
7704083	1
16719575	1
6715973	1
14420452	1
5224166	1
5655391	1
5278016	1
7699611	1
22889639	1
5846819	1
20265122	1
87889304	1
40995060	1
5219764	1
56759616	1
41035045	1
44252647	1
5222415	1
44279609	1
9048928	1
6719121	1
7190771	1
7983322	1
14391086	1
22891573	1
85636911	1
7191617	1
6007091	1
5222319	1
7724880	1
5845987	1
9024910	1
85698085	1
9025527	1
7188104	1
7724733	1
49127904	1
5221979	1
75656642	1
16698891	1
81693888	1
22885698	1
7724276	1
49139895	1
7704008	1
87891165	1
71686838	1
5224601	1
7982770	1
6007675	1
87893756	1
7194830	1
6667385	1
26214504	1
5846119	1
56717843	1
5221999	1
9048992	1
9025216	1
7983015	1
22892922	1
5219596	1
20253921	1
41054868	1
9024940	1
7982590	1
7723728	1
7752957	1
7752754	1
5656028	1
75662060	1
73237056	1
7724643	1
7752872	1
7752724	1
47670927	1
6013507	1
5222000	1
7983038	1
5654960	1
7189447	1
7701174	1
6164515	1
75249315	1
5110062	1
5255876	1
56278681	1
5252874	1
39807411	1
84717654	1
6611782	1
9291754	1
39736235	1
6095502	1
5253043	1
22841941	1
76694346	1
5252728	1
6089255	1
5253093	1
9235379	1
6094835	1
5252876	1
5574542	1
7234733	1
6089543	1
5253044	1
5255901	1
18800438	1
6093983	1
75195792	1
5253045	1
75200116	1
6435400	1
7235017	1
7355769	1
6436096	1
99288728	1
41292994	1
9291619	1
47787900	1
17863737	1
7355829	1
5252723	1
7354781	1
84701425	1
5256273	1
6088903	1
7115785	1
6434334	1
6230372	1
38620523	1
30796789	1
6092175	1
76664274	1
7988935	1
9122551	1
38625418	1
7646184	1
5572246	1
7354530	1
7116905	1
5252879	1
5252884	1
18786090	1
9122238	1
38586754	1
6610700	1
5255887	1
7115957	1
6091680	1
5252869	1
7970421	1
75212460	1
84672782	1
98188472	1
46290827	1
6091475	1
7827839	1
5253046	1
6435396	1
5255949	1
5575207	1
6437942	1
9121929	1
7355935	1
7115333	1
17888150	1
84719031	1
17826000	1
7175317	1
39199261	1
5574728	1
22590787	1
22788501	1
18790867	1
41322016	1
46253118	1
47773689	1
76705496	1
5255886	1
7234523	1
5575364	1
7354772	1
7988444	1
6092879	1
7236376	1
6610311	1
5252659	1
58511002	1
5338872	1
7354947	1
46290170	1
99242356	1
39754350	1
7644790	1
22852727	1
58516554	1
88177470	1
46250976	1
38581143	1
7644360	1
14482513	1
9139962	1
7868258	1
40730172	1
7789423	1
21604267	1
7598653	1
4028090	1
35136383	1
78994141	1
7545528	1
5668627	1
7600059	1
6605384	1
5343411	1
5670232	1
10870264	1
6160425	1
9139987	1
5344271	1
21579384	1
79009883	1
5333456	1
10743468	1
7490399	1
40747942	1
9139287	1
7722308	1
5669833	1
7567323	1
5668953	1
7493237	1
5568834	1
22048495	1
7789410	1
5669458	1
6037900	1
7566397	1
35187305	1
10779893	1
89963497	1
6161036	1
4027793	1
51666562	1
6159948	1
7789869	1
5341685	1
4027056	1
6605842	1
6033761	1
5343492	1
5337547	1
7563400	1
5345090	1
5341677	1
10774911	1
6037283	1
6038528	1
7723221	1
9139232	1
5571938	1
40724700	1
22011588	1
14491550	1
5341675	1
5332638	1
79024550	1
7723219	1
10208422	1
6035998	1
5668930	1
7493852	1
21640608	1
5343601	1
7538081	1
21637351	1
25086601	1
6603423	1
7562501	1
5916254	1
5916197	1
10362213	1
13510175	1
7820940	1
7822392	1
7756593	1
13527226	1
21362430	1
13483643	1
13529838	1
5914093	1
75387984	1
75378168	1
5914667	1
20219203	1
5915092	1
86614517	1
92299692	1
5816317	1
20188091	1
7628707	1
9047238	1
82013651	1
5916393	1
82001536	1
95136777	1
92325741	1
65079395	1
88690556	1
7629455	1
7760169	1
9146191	1
34218114	1
88681803	1
42506932	1
34259655	1
7759048	1
88638618	1
9142745	1
5917383	1
86613874	1
65098253	1
9146005	1
9146644	1
87365626	1
6303353	1
5915900	1
5915217	1
5913514	1
6748294	1
72681313	1
7630420	1
43900836	1
6123863	1
7629069	1
92320549	1
9143017	1
5913818	1
7628502	1
9146304	1
6299115	1
9047111	1
5915650	1
5913645	1
9230189	1
5915602	1
86561877	1
7822665	1
7630773	1
5705917	1
5814286	1
20215293	1
10325829	1
5914280	1
5914902	1
13498610	1
20234606	1
49922915	1
94598599	1
5704951	1
20188751	1
9142772	1
5705049	1
13513462	1
9047652	1
5917166	1
75357084	1
21315875	1
9142469	1
7628277	1
5812898	1
6297920	1
60694797	1
60569374	1
6556822	1
7300564	1
90598270	1
9064895	1
51504323	1
7810806	1
7887795	1
60553148	1
91793884	1
56498874	1
6985352	1
73510117	1
20003040	1
7969465	1
7969360	1
9255977	1
7968893	1
7847067	1
19993501	1
16809330	1
30296178	1
9291131	1
7568872	1
62360285	1
7847680	1
7969317	1
7568190	1
7969095	1
41489846	1
7969432	1
56555501	1
60124638	1
51525104	1
97528598	1
7969272	1
9064902	1
7969441	1
7889098	1
7677056	1
99072503	1
33570037	1
7848350	1
99060333	1
9256092	1
41441092	1
16792633	1
19968027	1
7298986	1
7299212	1
9065133	1
82893205	1
7968887	1
60747762	1
20741106	1
9066152	1
7888457	1
6551916	1
6556100	1
61419424	1
42323824	1
6983326	1
6554320	1
7913756	1
29598600	1
42273351	1
9065610	1
60120358	1
7298203	1
89507341	1
6984904	1
9290436	1
56499448	1
7847411	1
61401967	1
6983667	1
6981955	1
61391032	1
89539764	1
9256921	1
6551466	1
29558375	1
7969421	1
5636902	1
24568148	1
94553706	1
44586194	1
9147975	1
81579822	1
5918001	1
82306233	1
63538338	1
15284588	1
7736613	1
5140421	1
7994311	1
87432161	1
9152578	1
9152033	1
5918127	1
6149681	1
5918787	1
62950064	1
7792605	1
9148499	1
5694460	1
81568490	1
9148189	1
7793242	1
6152189	1
9147813	1
36605814	1
71790991	1
94521434	1
71788573	1
9148357	1
24550625	1
7430181	1
7794238	1
5919051	1
5637401	1
5928126	1
7497144	1
6843970	1
9148662	1
9148465	1
6845080	1
36635532	1
5920572	1
5694970	1
5143085	1
81520393	1
5647279	1
5144853	1
24544592	1
94532276	1
5920731	1
6152949	1
9147770	1
6845004	1
63547769	1
7966589	1
6149517	1
65973361	1
5647806	1
9148684	1
7994507	1
5144596	1
5919158	1
5919709	1
5918114	1
81585571	1
5146436	1
65921552	1
5920960	1
5919421	1
5918572	1
7793297	1
5637315	1
5919037	1
24518568	1
5144009	1
5646975	1
7966534	1
7967018	1
7966804	1
5920460	1
62954671	1
88082151	1
7499663	1
5917708	1
5919118	1
7966403	1
9152372	1
78950834	1
82294343	1
9152665	1
5143872	1
5696743	1
5920229	1
60812320	1
96336064	1
81573672	1
9148722	1
5142587	1
7736289	1
9152374	1
60780034	1
5918185	1
9152116	1
94536698	1
60802399	1
7736841	1
5921239	1
62984611	1
14839876	1
7994130	1
5143107	1
7736823	1
5918130	1
9152027	1
62980125	1
71769724	1
5681655	1
5643367	1
60962116	1
5918314	1
5917827	1
7967035	1
62946210	1
7429661	1
87485633	1
5919591	1
6151867	1
9148070	1
5642470	1
7149343	1
15275859	1
5849362	1
5560269	1
47888773	1
9149197	1
9293468	1
9191471	1
9149396	1
77152880	1
6357843	1
5849363	1
54852074	1
9191695	1
23485662	1
90303023	1
9148845	1
6799062	1
9212286	1
9236639	1
9191500	1
47935938	1
24059968	1
5561055	1
33516292	1
27983368	1
90288472	1
86084727	1
7733177	1
5849364	1
7906692	1
9237059	1
47932193	1
6899161	1
9191516	1
23465003	1
9148948	1
7732073	1
77173668	1
64874685	1
44352577	1
5849366	1
7657269	1
7655817	1
47812945	1
86051145	1
9212849	1
7734937	1
6897439	1
6797980	1
47891749	1
5849367	1
6797611	1
6354322	1
48725104	1
7732678	1
79589050	1
35240302	1
31877337	1
9211969	1
6897982	1
6795058	1
9294129	1
9149393	1
24074246	1
9211324	1
77119006	1
13105553	1
7906778	1
9149634	1
9191667	1
9149058	1
24025393	1
44389633	1
9148920	1
86065534	1
68585050	1
7656383	1
9212799	1
6896404	1
28775069	1
35262484	1
9149296	1
5558786	1
9236827	1
79612763	1
33499641	1
64886748	1
5560687	1
53023311	1
35267478	1
5559162	1
90016602	1
33766086	1
97156510	1
95391005	1
9007056	1
7801421	1
56039771	1
7802085	1
33757666	1
98300537	1
80931707	1
96089903	1
98301518	1
48015587	1
9224628	1
9060644	1
6075307	1
54284147	1
6660656	1
73592080	1
24265639	1
7931687	1
7803039	1
31521500	1
96119652	1
97191651	1
45362432	1
7991019	1
5354166	1
6071663	1
45386372	1
80956351	1
31549407	1
5351810	1
7802183	1
7991466	1
60532247	1
7802370	1
7991331	1
6446546	1
59538726	1
48040421	1
95352892	1
6071584	1
9002588	1
6072754	1
45366084	1
6075484	1
90074778	1
9060676	1
7931708	1
9061443	1
9220129	1
7422266	1
79401358	1
79369794	1
6445859	1
73576538	1
7931490	1
9062232	1
97172290	1
9062186	1
33775705	1
79362758	1
5692258	1
94114589	1
5354113	1
9001937	1
7991166	1
7803009	1
54260126	1
53871948	1
60466967	1
5352324	1
6073122	1
48028265	1
7991342	1
6074264	1
31531237	1
53820759	1
80951745	1
7991764	1
5352754	1
6076137	1
90038767	1
9061044	1
90037367	1
79436139	1
17984285	1
7932106	1
80980231	1
47290953	1
70393559	1
7791491	1
56058810	1
63660541	1
7979987	1
7002471	1
98941179	1
75582364	1
55790364	1
6708715	1
63672803	1
67432664	1
7946461	1
63203644	1
7979773	1
55749218	1
9114447	1
7002227	1
7946366	1
9307786	1
74501497	1
41186163	1
9114480	1
85126703	1
47300914	1
44756927	1
6713546	1
98952319	1
46828475	1
22499904	1
7791827	1
74469904	1
13391194	1
98968012	1
6711064	1
91873098	1
7020695	1
22516511	1
13361837	1
9114803	1
58422564	1
9259287	1
13351413	1
44809809	1
74502895	1
44826795	1
7004047	1
63137228	1
75550116	1
47327756	1
9306570	1
47278185	1
57374381	1
56093621	1
13335176	1
46894134	1
57332960	1
98952806	1
56090245	1
98936378	1
7914605	1
62792590	1
63658111	1
77862200	1
7979716	1
9114505	1
7980338	1
9114456	1
74510557	1
56047191	1
22540963	1
56445650	1
67416663	1
55805919	1
72016577	1
58452217	1
47293658	1
74473226	1
70431632	1
7953699	1
6146243	1
7950401	1
6147798	1
5809866	1
7950530	1
6951545	1
6147901	1
6185754	1
38947323	1
79808211	1
9102936	1
79820072	1
5612039	1
36203459	1
6144108	1
5852457	1
5610791	1
79747810	1
6146105	1
30590104	1
5613335	1
7044394	1
7503350	1
5612438	1
6145105	1
43676875	1
6723373	1
37683406	1
71730585	1
99627079	1
6724040	1
7954162	1
7953650	1
7500853	1
7950854	1
54570770	1
5713909	1
5612647	1
5809541	1
38942908	1
16970411	1
7048548	1
21204719	1
79776394	1
43701196	1
5614247	1
7954079	1
7045845	1
53795855	1
6145447	1
61149513	1
99621028	1
54156068	1
6720244	1
9112621	1
6143933	1
14381496	1
79557272	1
36196743	1
7501946	1
21570467	1
6951116	1
7905819	1
87776493	1
6144156	1
61164202	1
5852314	1
7954204	1
53092488	1
5712488	1
6145856	1
6144432	1
43725078	1
5614322	1
37633883	1
7051612	1
9103392	1
9112446	1
6723834	1
5712612	1
87773012	1
7502080	1
5614065	1
37672638	1
7950828	1
19232050	1
65631724	1
7505288	1
5712466	1
5610794	1
9113212	1
53773754	1
9103387	1
9113487	1
38939470	1
19210645	1
54106137	1
6724068	1
92667850	1
53473096	1
5833210	1
10075146	1
5940509	1
92648421	1
7995818	1
75286900	1
5181966	1
5958682	1
5940238	1
7995557	1
64513717	1
7639736	1
77352640	1
53419969	1
6572406	1
5186497	1
5941346	1
59471116	1
5180222	1
25849764	1
7639564	1
10131813	1
92706924	1
5545659	1
30166836	1
6370681	1
7995501	1
7909430	1
9089828	1
7694136	1
29439245	1
15025115	1
5180583	1
5175618	1
5181384	1
5187021	1
5187100	1
5545761	1
7995524	1
29452690	1
5546618	1
25854999	1
5956432	1
29459906	1
5180460	1
6368692	1
5187122	1
5545605	1
5545125	1
5181350	1
7995125	1
6571956	1
5953395	1
48671024	1
7640579	1
56620999	1
5186719	1
17297201	1
5548307	1
10077330	1
5937439	1
5547917	1
92676250	1
5186496	1
5833998	1
99603280	1
5547041	1
7267403	1
5260760	1
46972970	1
12550742	1
9135272	1
9134999	1
9129023	1
7263868	1
7267196	1
5565642	1
7997693	1
7785034	1
7997245	1
23003619	1
5886461	1
12483714	1
81871723	1
79916411	1
5634432	1
9128718	1
7263994	1
92417367	1
39600074	1
9129063	1
5633922	1
92389759	1
5885365	1
9135100	1
7997653	1
71324180	1
5568488	1
71313470	1
88712239	1
7997405	1
24954326	1
5567006	1
92366940	1
9128708	1
5634510	1
5581653	1
14141720	1
22734803	1
5261309	1
39622234	1
92374166	1
79898634	1
7268926	1
5635848	1
9135427	1
12549616	1
5261158	1
46341439	1
5566258	1
5260247	1
9134980	1
92381775	1
24977792	1
5583144	1
9135799	1
46913302	1
5247547	1
7785366	1
9128604	1
46738663	1
9128464	1
35498049	1
46694533	1
81863984	1
7996966	1
92363743	1
5565792	1
88759043	1
6563193	1
67816781	1
18090467	1
79902799	1
71272060	1
7997017	1
67795831	1
80098460	1
9051547	1
6523296	1
9192112	1
19374513	1
86176975	1
9156256	1
32580249	1
86198924	1
19383099	1
7925016	1
6116633	1
85301884	1
6872755	1
6118151	1
9004903	1
31212948	1
6117185	1
6872232	1
5525276	1
9191912	1
9192065	1
78171517	1
15465845	1
7925503	1
9192095	1
7006710	1
7110370	1
7094836	1
7137447	1
19375933	1
9156316	1
9192503	1
6115297	1
17939506	1
32014856	1
9051372	1
9005545	1
31973914	1
9157074	1
7098414	1
7925566	1
12588599	1
7094116	1
7106300	1
31981950	1
28470902	1
7241303	1
28502700	1
6872580	1
7925477	1
9156240	1
6119480	1
9093385	1
7110429	1
9155730	1
7924829	1
7925460	1
9155283	1
9155540	1
9156459	1
9192838	1
40913870	1
7311590	1
15501836	1
7240784	1
9192565	1
31173608	1
9156652	1
9192067	1
9155269	1
9192506	1
37725796	1
7095442	1
6118349	1
9192084	1
7004733	1
9156964	1
19382196	1
7006829	1
7240758	1
32570833	1
9192509	1
7925196	1
36961397	1
36965030	1
34693896	1
7008845	1
7984454	1
7925529	1
7309566	1
6872805	1
7925163	1
7110645	1
9192507	1
31965040	1
7984813	1
78151197	1
9157018	1
7098379	1
9192111	1
7925015	1
9192068	1
9156115	1
9156716	1
31951821	1
5523938	1
15493164	1
7099622	1
5524539	1
9192414	1
9092998	1
45198948	1
5786715	1
6505339	1
43469235	1
7583374	1
6104550	1
84033134	1
80301921	1
13960128	1
5474518	1
9199778	1
7999877	1
5784916	1
64729138	1
9200074	1
82153649	1
67346361	1
9019116	1
38073976	1
69514590	1
9018998	1
13909322	1
5786691	1
27491193	1
47629299	1
36355283	1
6728264	1
48933582	1
55883241	1
5475318	1
6104011	1
80305412	1
5787008	1
38107446	1
82186253	1
9200229	1
23094833	1
92774988	1
7584445	1
6959269	1
5474964	1
45200231	1
67190539	1
9019209	1
27534040	1
6506513	1
9019888	1
6961382	1
45173608	1
6504699	1
5861285	1
7582953	1
96523712	1
7587761	1
6505097	1
7777088	1
7587590	1
6729344	1
13949594	1
45147131	1
5786335	1
84032849	1
7775960	1
5860807	1
70637857	1
96532671	1
9102511	1
5785966	1
51318007	1
27512976	1
6102393	1
6501010	1
7583587	1
6502032	1
13943821	1
5784893	1
7586185	1
5786362	1
48096381	1
7583941	1
5858520	1
5472721	1
9199926	1
9019316	1
55876308	1
6506746	1
84039695	1
6727724	1
5785415	1
5473542	1
7158569	1
71907840	1
9193993	1
7361176	1
6876746	1
7361585	1
7154972	1
96710970	1
7962880	1
5564656	1
7762983	1
5562335	1
6875816	1
6875936	1
7939769	1
7418026	1
11875255	1
7208503	1
53736156	1
47437780	1
7361134	1
5564387	1
9059030	1
45600334	1
44524874	1
9009845	1
5528470	1
49524493	1
7154586	1
45636933	1
7906512	1
53692909	1
7962305	1
47428747	1
7155111	1
71896725	1
19773352	1
7416750	1
7209456	1
9193589	1
7158567	1
7362415	1
18542459	1
46180634	1
47441733	1
7158272	1
7207542	1
7362013	1
7906667	1
9058850	1
45616035	1
71854634	1
7362792	1
9059037	1
9009620	1
9193590	1
71888673	1
7760557	1
7940116	1
44495908	1
44472815	1
46198843	1
60359030	1
7962726	1
18543638	1
7158268	1
7962267	1
5528964	1
92622702	1
5530519	1
18588312	1
54332471	1
7906612	1
9058791	1
7414014	1
5563407	1
44478717	1
54397894	1
5530242	1
60346544	1
84494981	1
26545493	1
45631580	1
6875331	1
7761285	1
60329576	1
7962606	1
84503395	1
7939833	1
18599551	1
5562249	1
47465228	1
77764831	1
7962906	1
9010078	1
7761691	1
7591869	1
55378693	1
9121391	1
5360311	1
54053596	1
92076282	1
6889331	1
9128166	1
4400213	1
7612361	1
9127454	1
6371359	1
34732767	1
9127654	1
19473638	1
7590735	1
7592896	1
5101201	1
9121490	1
9243219	1
97770615	1
7318009	1
5316952	1
9128048	1
9244132	1
34743778	1
9287472	1
6892425	1
5101344	1
9121616	1
9128076	1
57496870	1
55383207	1
6372678	1
9121400	1
5317836	1
73991997	1
97799482	1
9127835	1
9120526	1
7611095	1
95834566	1
5704093	1
6371538	1
7965667	1
7684360	1
7612390	1
9243049	1
5703942	1
5359548	1
5317969	1
6371691	1
5358314	1
5361353	1
9128319	1
7965724	1
7319733	1
5315897	1
5101326	1
30390418	1
9127932	1
19472076	1
9128317	1
5703999	1
30368567	1
9120558	1
51296140	1
5361149	1
9128395	1
97766379	1
32859448	1
29111690	1
9121240	1
7318904	1
6890573	1
93645856	1
9121649	1
55426070	1
45661780	1
7966192	1
45697496	1
17445378	1
73118037	1
6888841	1
5100351	1
95847175	1
45726442	1
9120877	1
11339559	1
89089305	1
86779182	1
9346208	1
7578905	1
83178856	1
75995870	1
9296875	1
9153857	1
27689559	1
76015104	1
7916332	1
9130531	1
12763314	1
9153179	1
7000821	1
9130338	1
72351054	1
27705688	1
83215326	1
9297611	1
6997661	1
9153898	1
84390862	1
11123892	1
9142079	1
9107458	1
9130134	1
7615424	1
9296657	1
9129876	1
6818503	1
9297435	1
89105391	1
9141686	1
9106461	1
9129965	1
9130027	1
7579118	1
97475968	1
46095107	1
9296513	1
96653525	1
7000796	1
9153820	1
9129871	1
9130153	1
25740427	1
11102180	1
7615117	1
9130482	1
88237902	1
12799821	1
26364072	1
9107082	1
7916270	1
90942395	1
9153918	1
11595070	1
7922352	1
9129645	1
9142279	1
97460983	1
11601142	1
97437928	1
9296941	1
90956967	1
12779778	1
53914865	1
5800020	1
9141526	1
46072340	1
11596013	1
26158950	1
9142232	1
90953379	1
7617883	1
26118497	1
26123487	1
7619178	1
7001336	1
7615861	1
9141938	1
62073617	1
83185274	1
7579792	1
9141317	1
9153148	1
7619617	1
6999693	1
26116838	1
7581690	1
11611444	1
27707166	1
12768613	1
25700351	1
9126197	1
38832146	1
9265035	1
9123428	1
36472080	1
9245949	1
6133629	1
5326733	1
9132901	1
36447466	1
5326674	1
68830303	1
5152582	1
9238243	1
9035297	1
5326735	1
38822009	1
30882694	1
30462899	1
9244965	1
6585518	1
6131257	1
9035253	1
23576421	1
9123079	1
5326694	1
46578287	1
9035778	1
5326719	1
36461213	1
68918008	1
7768181	1
54012308	1
9035151	1
9265587	1
5150033	1
85491340	1
9034740	1
30931228	1
9246120	1
9133174	1
9133589	1
53994750	1
5326704	1
20377995	1
66612240	1
85488656	1
36484282	1
5326673	1
6585905	1
9058118	1
9058104	1
9035113	1
6131806	1
5150055	1
9058693	1
9126121	1
5326720	1
30877662	1
5152691	1
36462313	1
5326669	1
80725692	1
66635476	1
68890420	1
5148795	1
9133348	1
9035537	1
20347854	1
6584566	1
9122851	1
9123782	1
6191888	1
53578027	1
53524992	1
9125908	1
9133425	1
9125160	1
5147677	1
9133318	1
53593285	1
38801094	1
6191952	1
7993252	1
7993445	1
9034951	1
85517640	1
9123638	1
9238629	1
9035659	1
5150037	1
9126052	1
17634993	1
7934924	1
9133606	1
9057511	1
9133189	1
9125152	1
68926596	1
85484493	1
9133404	1
5326663	1
5466777	1
5723763	1
5308212	1
7719200	1
24307831	1
5365414	1
5532375	1
5652316	1
5467042	1
5306929	1
70351965	1
5531758	1
5379153	1
74326572	1
70311391	1
39727539	1
87316416	1
5722516	1
32429294	1
9030034	1
5379294	1
95414775	1
5467198	1
94310164	1
5532351	1
9030774	1
40844569	1
70337846	1
5533615	1
9021912	1
5651958	1
7977340	1
5550848	1
5721423	1
9030596	1
9030146	1
63596596	1
7717357	1
7447138	1
87294829	1
14663379	1
36759471	1
7715502	1
6453220	1
9022710	1
9030383	1
79494385	1
55569398	1
55519833	1
6457277	1
54504193	1
9030333	1
7715130	1
5531948	1
55566355	1
5722281	1
7449351	1
5723049	1
63580785	1
5379408	1
55567161	1
5720989	1
75078264	1
7449737	1
6457467	1
32400443	1
5304315	1
24315513	1
55573228	1
7976783	1
63638397	1
63629104	1
6453998	1
5467784	1
5467191	1
7718386	1
5550054	1
5722957	1
9030160	1
5722603	1
5532089	1
84916769	1
7745832	1
70320081	1
9335348	1
5533696	1
7443241	1
94325258	1
5652391	1
7721192	1
5365462	1
74349232	1
5308459	1
9086546	1
5305640	1
9029773	1
36801091	1
24349945	1
43815767	1
42844864	1
7478791	1
7390018	1
5970242	1
5969096	1
7390929	1
9108193	1
6107454	1
9200671	1
9107689	1
7526417	1
7324207	1
7479659	1
7481750	1
7324765	1
9107808	1
5974852	1
52654420	1
27958973	1
7817478	1
9132761	1
7478669	1
11210221	1
7782940	1
7478272	1
7526427	1
7781472	1
9131697	1
9067273	1
38551003	1
7782334	1
50680592	1
9108461	1
7478882	1
52672906	1
9067848	1
52671938	1
38534712	1
7114225	1
9107683	1
12086419	1
7818914	1
7113956	1
9066278	1
7524938	1
11196663	1
58153728	1
9132616	1
5969738	1
7782936	1
45549870	1
9066954	1
9108156	1
43997210	1
9132379	1
7480953	1
6672704	1
7523639	1
14985457	1
9132701	1
61663421	1
7325176	1
5477598	1
58342662	1
7482016	1
7782036	1
9067808	1
7477003	1
7782513	1
5476417	1
58387753	1
5476769	1
52703954	1
7481099	1
6109688	1
6673949	1
9201938	1
7389295	1
87200399	1
51804362	1
87195334	1
5479050	1
9067642	1
7479184	1
5973928	1
7781383	1
72782949	1
45528359	1
9066894	1
5970003	1
7479309	1
5971564	1
5478357	1
7520075	1
6107299	1
19421371	1
9068042	1
58173372	1
9201598	1
9132757	1
9132078	1
6106855	1
5967642	1
7324453	1
42801653	1
15004208	1
73068703	1
50675086	1
7783029	1
9107838	1
52668009	1
5477339	1
7388564	1
7388109	1
5476262	1
5478596	1
7479973	1
52649597	1
6107984	1
5968911	1
52655269	1
58384438	1
65287036	1
5238483	1
95288898	1
5472215	1
90181636	1
5238372	1
5355360	1
9332445	1
40304551	1
9063475	1
86392634	1
72359258	1
6048189	1
76263513	1
7808434	1
9023004	1
9040955	1
7180481	1
76206450	1
6794502	1
9041360	1
27006038	1
14051381	1
9131082	1
9041040	1
9011332	1
7627304	1
14060690	1
5356949	1
9023305	1
23570168	1
7981140	1
5355737	1
9063685	1
5355390	1
9040634	1
7626737	1
76271508	1
9040443	1
5354972	1
7808532	1
76210373	1
9012022	1
7180935	1
6048149	1
7627363	1
9011437	1
95273751	1
7178599	1
7625987	1
7808909	1
17136652	1
5355114	1
9041302	1
95261459	1
9040674	1
5354724	1
40288354	1
7627278	1
7178578	1
23368206	1
27033595	1
5243621	1
5355078	1
84075958	1
65284268	1
7808191	1
9023195	1
5469799	1
9024012	1
9331742	1
14044233	1
5356806	1
72393376	1
95326080	1
14048191	1
29251617	1
7688010	1
95287166	1
56890307	1
7626789	1
14913490	1
9063138	1
7686895	1
5238374	1
7181058	1
56921421	1
56864623	1
68683557	1
5357115	1
9023225	1
7688827	1
5238480	1
76222027	1
9062810	1
9130927	1
5355368	1
9130663	1
7627996	1
56165981	1
69079073	1
7196611	1
26675701	1
7198600	1
38336686	1
28172007	1
28537138	1
9138052	1
13830876	1
9343260	1
56159866	1
6062872	1
5740335	1
55280741	1
7200114	1
13824272	1
19834435	1
6066439	1
7787113	1
9344088	1
15340660	1
69096787	1
99908283	1
11057292	1
91072834	1
38345973	1
6067270	1
7187862	1
43193504	1
7195635	1
6867328	1
43595027	1
6867400	1
38350853	1
43513872	1
5739994	1
6062263	1
5739793	1
5739582	1
93993631	1
7197700	1
9138625	1
89850971	1
5738101	1
87599220	1
6862513	1
87583826	1
9138777	1
6066214	1
9138796	1
7198605	1
26110910	1
4002873	1
6064092	1
26682627	1
7647375	1
14792861	1
9138946	1
14770272	1
7832634	1
69097597	1
87626055	1
6868473	1
5739393	1
91137068	1
13831847	1
7649372	1
9138371	1
9267855	1
6064972	1
57116301	1
87601972	1
19822364	1
4002463	1
43042972	1
7830095	1
28165371	1
5738775	1
43068567	1
38326488	1
5738960	1
9343239	1
7832697	1
6864312	1
14777798	1
7949172	1
4006143	1
99857822	1
4002464	1
19836325	1
7786923	1
6065806	1
6063952	1
19815055	1
28112131	1
7649340	1
93974798	1
9138684	1
14733590	1
91098579	1
7948047	1
43554927	1
55683922	1
5738856	1
26629416	1
55282524	1
6346067	1
5922378	1
64958018	1
5922519	1
5318756	1
5931998	1
5273510	1
5324431	1
81227670	1
19885246	1
5323903	1
5323557	1
67487493	1
6676141	1
57192042	1
6346720	1
5319808	1
9077114	1
7910603	1
5931573	1
7971613	1
7621886	1
5922545	1
5923248	1
50023013	1
5931897	1
5922944	1
9097261	1
7225336	1
7971551	1
5931878	1
19885299	1
6675077	1
6630259	1
16543208	1
7228191	1
42146727	1
6347136	1
5271108	1
6344437	1
5930626	1
5922623	1
6630929	1
57184948	1
57222741	1
5931831	1
81254221	1
6342617	1
57190524	1
5932381	1
5922619	1
5922422	1
70935182	1
5271855	1
6675911	1
5931112	1
5324108	1
7912756	1
9044305	1
67494897	1
7910827	1
5921648	1
7226557	1
16520141	1
5932000	1
5931931	1
42121775	1
5922776	1
89300185	1
5930858	1
5321671	1
5274839	1
6498203	1
5321276	1
5921819	1
7622378	1
5319927	1
19924127	1
9043967	1
5931272	1
19932115	1
6676678	1
6343929	1
9043940	1
89357194	1
7910831	1
7971900	1
9076828	1
5931089	1
9097832	1
5931393	1
89377391	1
83357434	1
6384021	1
5931239	1
9044056	1
7625802	1
6344088	1
6631123	1
6344643	1
50035961	1
5324211	1
7912755	1
6496779	1
7910826	1
6385573	1
89388925	1
9077444	1
6345950	1
7910832	1
62519925	1
5931195	1
5923008	1
5923000	1
7623198	1
6494031	1
5173884	1
7643481	1
45044551	1
5175100	1
5934209	1
5257536	1
6956796	1
5934994	1
9071980	1
5933533	1
7642696	1
42204198	1
6458961	1
9150752	1
5175540	1
9003912	1
7643279	1
45028846	1
7464624	1
7712706	1
7987861	1
6690543	1
5933262	1
5935622	1
9070300	1
45045339	1
71242197	1
7643005	1
6957192	1
7474621	1
52807153	1
5162505	1
9300091	1
37270554	1
7708642	1
7988008	1
7713706	1
9150182	1
5935026	1
9150563	1
45039054	1
7707946	1
61230540	1
5935217	1
7712670	1
61103035	1
6826158	1
75817992	1
5934618	1
5933607	1
9300591	1
5935574	1
76816349	1
6526087	1
5175152	1
6690447	1
9150030	1
75770534	1
6955517	1
5936022	1
7643095	1
9150666	1
52852577	1
82996922	1
6461921	1
7211413	1
9070388	1
42225716	1
6825816	1
7987621	1
9070181	1
6174969	1
5933274	1
97977502	1
15132229	1
6824489	1
5935161	1
7711503	1
7643206	1
96965477	1
6526938	1
29794215	1
5934331	1
7470981	1
9299669	1
5933695	1
7377908	1
7711843	1
6529147	1
15140030	1
97995529	1
5935554	1
9150420	1
37275187	1
5933555	1
37295821	1
9150442	1
