7195306	1
43074162	1
55239541	1
9138699	1
43571760	1
9138762	1
7646613	1
28151682	1
9138874	1
43585269	1
15333364	1
49613543	1
26659211	1
43547964	1
28549993	1
26629242	1
9138325	1
69059681	1
9138404	1
28172393	1
70841357	1
9138603	1
9138608	1
49619328	1
56128722	1
13858984	1
9138930	1
14758960	1
28125405	1
43026326	1
14769080	1
26083737	1
54040039	1
95242626	1
73118801	1
30360218	1
45698055	1
30359212	1
9243813	1
45713055	1
57485026	1
17446581	1
95844385	1
34743071	1
34722491	1
19488270	1
9128405	1
97766259	1
9242827	1
11336261	1
9243371	1
95817102	1
9194094	1
7906164	1
9194475	1
46230211	1
12890882	1
53679387	1
18552287	1
46206798	1
45640553	1
45443295	1
19808143	1
44503510	1
47473428	1
9194495	1
45636277	1
49510223	1
45645587	1
18562205	1
96686291	1
46503421	1
9194476	1
53729939	1
9194494	1
60324126	1
92599958	1
47443788	1
45477390	1
19764752	1
33168156	1
92600066	1
7906167	1
71867339	1
18564981	1
46732391	1
92416174	1
5885234	1
39656660	1
22784405	1
7997318	1
67809298	1
9134918	1
22749797	1
9135363	1
39631415	1
46944755	1
22731871	1
9135299	1
96409003	1
81856958	1
9128910	1
88737022	1
46927913	1
9128642	1
9204717	1
96405855	1
35546730	1
22731239	1
7997726	1
92364034	1
92418023	1
22951197	1
7997614	1
71261217	1
9205380	1
9135515	1
81885592	1
24472169	1
37257742	1
33448145	1
24479341	1
94024668	1
86457371	1
37208071	1
9124435	1
9158154	1
58599130	1
32982515	1
54632719	1
41572041	1
9124539	1
9124740	1
9158155	1
69668301	1
5618519	1
58585142	1
58627235	1
57978266	1
68240807	1
69677940	1
9124776	1
63344801	1
9157977	1
58559447	1
42340199	1
33413411	1
83888156	1
83892691	1
86457973	1
34175542	1
94027678	1
81433134	1
9123572	1
30914360	1
53997168	1
30429870	1
7993246	1
9125366	1
9133768	1
55293836	1
9123474	1
68901004	1
23607128	1
9265746	1
9132928	1
7992997	1
70461397	1
9123142	1
23614081	1
9035366	1
30995903	1
21367371	1
30470654	1
7993409	1
7993168	1
9034780	1
58929596	1
9238597	1
9035837	1
36462348	1
46591817	1
7767633	1
17615933	1
9133032	1
20365336	1
9125869	1
9123887	1
30974715	1
9035372	1
70458034	1
20329185	1
68907115	1
46598412	1
30980855	1
6131276	1
77551348	1
30438402	1
68872585	1
7993098	1
7993802	1
22132018	1
9027061	1
82219120	1
56690031	1
76974648	1
91998303	1
32623407	1
36082564	1
73933737	1
73862956	1
21747253	1
9221125	1
9213455	1
9028083	1
48835991	1
73935172	1
48843953	1
48845971	1
83121864	1
22072725	1
9026938	1
9126997	1
34817279	1
55024844	1
66496961	1
9220494	1
9213291	1
7349058	1
87684857	1
9027190	1
66489934	1
92019831	1
66489535	1
32629924	1
82254195	1
59130604	1
22139339	1
9027561	1
9126430	1
73885712	1
9222283	1
87688942	1
76992387	1
9022140	1
9030557	1
95473232	1
9021535	1
40905417	1
9021511	1
94335604	1
40859319	1
94360677	1
9281069	1
50804971	1
74362931	1
74307223	1
74335699	1
50812387	1
12173703	1
43828385	1
5653547	1
75074876	1
55558530	1
7977513	1
9280447	1
9022282	1
9030060	1
84953322	1
9280807	1
39704699	1
9022742	1
95408818	1
40910748	1
12162223	1
76754734	1
32393971	1
43764671	1
70244614	1
72555171	1
9151813	1
9117406	1
9227273	1
9151883	1
45216466	1
37170978	1
73776495	1
47361867	1
15518254	1
9151034	1
9151383	1
41123948	1
5772454	1
28049370	1
33838782	1
5790736	1
73753794	1
72554019	1
45218649	1
74378547	1
15528828	1
15526017	1
13225538	1
73713831	1
9151491	1
45773446	1
9208082	1
9117508	1
66227241	1
9207955	1
50749373	1
70244173	1
27634034	1
57218838	1
9076974	1
62540141	1
17724890	1
49990508	1
57226828	1
9076772	1
9077533	1
9077311	1
62524545	1
89390816	1
17738892	1
5924902	1
81291837	1
9076773	1
9077655	1
66081290	1
5930338	1
9076717	1
7971768	1
16505421	1
9076659	1
64947812	1
89295910	1
66095450	1
66089237	1
9077654	1
9077367	1
93500277	1
9084715	1
9084542	1
40440797	1
9084526	1
64242117	1
9084613	1
9084384	1
69952767	1
49022587	1
9083962	1
50447657	1
9241712	1
9084520	1
9083866	1
79203777	1
9084218	1
30009471	1
9084699	1
44893239	1
9083880	1
9083926	1
9084702	1
9084674	1
49069660	1
9084108	1
62573092	1
9083916	1
9084733	1
9084495	1
9241304	1
49028750	1
9084298	1
9084555	1
9084444	1
9084062	1
64295453	1
9084374	1
9084044	1
49049434	1
9084351	1
9083954	1
9084120	1
9083919	1
18258824	1
9083950	1
9084025	1
9026675	1
63400538	1
9084644	1
18311181	1
9242181	1
7990726	1
79186008	1
9084200	1
9084742	1
9084100	1
18917310	1
9084086	1
6698165	1
9083912	1
9084642	1
9084013	1
9084618	1
9084705	1
9084537	1
9084639	1
64280321	1
7990615	1
67175659	1
9084359	1
9084182	1
9084697	1
44880799	1
9084001	1
28941737	1
42561204	1
66538399	1
9081698	1
9081938	1
18425549	1
9081209	1
74652797	1
9081345	1
94829567	1
83412310	1
51584500	1
63213840	1
28956770	1
74629192	1
26490884	1
20799038	1
9081482	1
91383891	1
9081825	1
66570295	1
92488097	1
9229799	1
33107922	1
9081000	1
9081025	1
73479577	1
9081457	1
9081056	1
32156497	1
51604477	1
9081195	1
9081511	1
77697641	1
9081498	1
7979166	1
91409151	1
9081139	1
9081831	1
26543213	1
18429213	1
63244940	1
9081673	1
9081299	1
42587897	1
9081505	1
32188119	1
51598324	1
77946362	1
9104529	1
9108714	1
9109799	1
9104048	1
22648678	1
9109257	1
25600090	1
9109039	1
25560517	1
88950960	1
9108738	1
33356305	1
10484483	1
9104955	1
9109504	1
9104705	1
67743032	1
9104036	1
9104667	1
9104386	1
88925922	1
88957952	1
74522218	1
9104163	1
33354470	1
9105146	1
7409019	1
52192645	1
9104536	1
88935782	1
26842905	1
58334242	1
90678013	1
80364011	1
9109855	1
9109908	1
9109700	1
99131186	1
15381700	1
9104064	1
9104297	1
52237983	1
9104875	1
9104181	1
20651991	1
48266650	1
9109539	1
9105104	1
9109901	1
81605461	1
9104862	1
9105056	1
9104855	1
9105007	1
9104808	1
9109042	1
29087579	1
80387284	1
58270798	1
9104164	1
7916907	1
9109499	1
22645244	1
9105024	1
25753143	1
9080230	1
6622065	1
12725565	1
9080367	1
67290285	1
9080333	1
70094483	1
9080223	1
54918082	1
43092728	1
5748064	1
9035886	1
54985058	1
5749088	1
9036062	1
72198114	1
9080170	1
9080702	1
9036774	1
9032173	1
9080577	1
9080268	1
75126852	1
9079824	1
61946390	1
94697753	1
9080847	1
94727067	1
78060928	1
9080260	1
65373347	1
9080683	1
9031872	1
9080472	1
9080785	1
30199201	1
9031871	1
9079928	1
9080607	1
9080316	1
5746730	1
30226433	1
9079914	1
9079839	1
91544557	1
5747544	1
13423824	1
9035939	1
9239486	1
9080312	1
72183756	1
76076388	1
9036839	1
9024710	1
9024762	1
20581718	1
5224167	1
6165610	1
10378230	1
7751834	1
7191144	1
41014017	1
9024537	1
33712834	1
7700592	1
9024611	1
9025466	1
9024942	1
7983130	1
7724551	1
10410281	1
44252928	1
10399769	1
75629900	1
73225919	1
7983337	1
26199428	1
84206805	1
16740711	1
47674123	1
9025099	1
81679763	1
40051982	1
49134007	1
41382835	1
5219973	1
10371687	1
49161380	1
7983209	1
84188360	1
75675176	1
5220031	1
38000246	1
25285021	1
9115255	1
78087475	1
9115742	1
7972447	1
65993875	1
14675008	1
9115347	1
77035986	1
9115536	1
86714348	1
69874331	1
7972936	1
40495961	1
51004500	1
9037207	1
9037907	1
69888219	1
24166388	1
9037851	1
59697845	1
69873645	1
9037720	1
6647299	1
5308840	1
66814816	1
9037086	1
69904708	1
9037287	1
9115020	1
86708167	1
7972598	1
17248127	1
73698135	1
71167571	1
24184565	1
39866321	1
7996802	1
9137778	1
7996882	1
9137931	1
9137723	1
62876827	1
16307526	1
82803577	1
45301254	1
6740089	1
65545801	1
99459217	1
9137526	1
80617299	1
9137627	1
64396308	1
94247795	1
62869011	1
31124509	1
34073580	1
82843515	1
5883929	1
66401475	1
65500841	1
80576179	1
5883643	1
10696164	1
66415787	1
6598082	1
46990249	1
7996451	1
11921380	1
11978115	1
9079029	1
23977877	1
9079396	1
9079485	1
7998409	1
9078972	1
7998048	1
42775622	1
60992297	1
9001628	1
9079799	1
9079677	1
11970153	1
67101895	1
23943848	1
49422282	1
7251226	1
68458892	1
9078907	1
25214836	1
9078805	1
42452232	1
9078883	1
9078797	1
23954518	1
16583931	1
9079441	1
7998085	1
68510782	1
7998403	1
24394019	1
53650170	1
9079299	1
85889421	1
9079128	1
11465254	1
7998498	1
7998014	1
9079736	1
96852009	1
7998060	1
9078954	1
53665612	1
24413797	1
9079164	1
9079009	1
7998526	1
56545108	1
51464081	1
91776759	1
73533778	1
24652708	1
61391505	1
62323283	1
99011551	1
97518870	1
16833454	1
99076780	1
9256331	1
60101822	1
30282938	1
20772861	1
29591777	1
97578242	1
90585909	1
9251264	1
58894030	1
25994103	1
93278177	1
7983893	1
33943973	1
92858067	1
9249135	1
9134804	1
5764865	1
9134044	1
58836451	1
9249160	1
9134339	1
92846861	1
7963891	1
52507701	1
9249713	1
34469951	1
61729876	1
9134299	1
33928710	1
9134879	1
89485147	1
77796094	1
93285019	1
63982775	1
9134629	1
5162593	1
9150237	1
61120800	1
9150224	1
9150411	1
71395653	1
5936602	1
9004215	1
57602743	1
9004333	1
9004526	1
57599523	1
7657646	1
9072154	1
52795626	1
76859493	1
61062032	1
71365632	1
9072151	1
5936614	1
9004406	1
57581101	1
9003935	1
9150112	1
82950835	1
5936609	1
76822017	1
76848103	1
75829522	1
61233322	1
96956738	1
76826492	1
9150176	1
98021151	1
51202556	1
52079367	1
51179500	1
36130402	1
86972515	1
77199515	1
16438125	1
7846832	1
53370553	1
6236458	1
9032583	1
5753351	1
36130581	1
30503569	1
51202905	1
95053719	1
86986074	1
9033496	1
28354831	1
95094505	1
9033140	1
23818294	1
86927999	1
62263478	1
30510681	1
15804338	1
94901508	1
39287452	1
9032812	1
30552084	1
94934092	1
94897430	1
28315749	1
95664323	1
39242267	1
76943956	1
97593097	1
9073318	1
86858804	1
9073433	1
29259070	1
78273912	1
9073125	1
29310240	1
93854442	1
9073192	1
9039934	1
9144199	1
91659546	1
76936734	1
9072908	1
29923073	1
9073374	1
9143428	1
9073416	1
9144133	1
39341654	1
17039099	1
9072841	1
9072725	1
9055974	1
5661432	1
69268579	1
25355275	1
88504688	1
9072827	1
88865310	1
9039323	1
39337660	1
65438425	1
69297461	1
86875581	1
9073012	1
9072963	1
9072585	1
88524583	1
88470821	1
9039928	1
88504456	1
9072609	1
9072759	1
9072877	1
9073177	1
9072683	1
79751681	1
87798873	1
9113192	1
9103293	1
79550413	1
9103856	1
9102690	1
9103879	1
9112725	1
9112774	1
36214376	1
9103300	1
9112871	1
21576758	1
21570467	1
9103817	1
9103046	1
9103489	1
36192436	1
53087646	1
65667411	1
37673822	1
54106969	1
9113324	1
79578337	1
9112689	1
53079995	1
9103330	1
9102769	1
9103027	1
9103368	1
9103827	1
9103536	1
70053508	1
9113274	1
9103728	1
9103169	1
99624896	1
9113459	1
9113579	1
19223747	1
79755375	1
9112373	1
5810987	1
9102867	1
16942485	1
7905225	1
9102907	1
9112934	1
9102897	1
30587654	1
53772560	1
30616874	1
14383209	1
9203409	1
7740169	1
65207675	1
65773797	1
13283173	1
52572735	1
21463955	1
9111116	1
36428350	1
13261392	1
9110888	1
9110983	1
65824448	1
9110502	1
36411725	1
89173731	1
35786995	1
52594836	1
89199267	1
9110646	1
73308538	1
9110742	1
65792121	1
65236800	1
7124005	1
31806789	1
9110684	1
9110432	1
13295689	1
9110478	1
52574707	1
31829597	1
57043166	1
9110542	1
9111091	1
76127527	1
31834473	1
9110145	1
25923212	1
9016099	1
9283606	1
62617545	1
18715339	1
21039269	1
63485739	1
85796716	1
27362330	1
18695247	1
62617630	1
63469025	1
64157964	1
7277748	1
67619975	1
47195386	1
86319554	1
9284374	1
67608734	1
64143926	1
85742518	1
9283544	1
9016816	1
9016653	1
83081158	1
9016499	1
5768194	1
9016633	1
45859535	1
91932174	1
83205322	1
9153931	1
7921211	1
9106976	1
9142017	1
90926185	1
9141960	1
9106419	1
9107301	1
25747867	1
9129828	1
46028441	1
7921202	1
9107078	1
86832828	1
9107037	1
53906298	1
46027451	1
25726310	1
27738323	1
25736707	1
9141991	1
9106952	1
9142304	1
9106421	1
91983087	1
83194856	1
96618429	1
25745350	1
26115817	1
53904574	1
62078139	1
62085761	1
9129696	1
25713619	1
9141242	1
9153186	1
27677748	1
9130381	1
62095031	1
9107256	1
9129835	1
14184965	1
9153998	1
11109584	1
9107379	1
9107182	1
25704685	1
83208618	1
14216927	1
9142170	1
9107363	1
9106807	1
7921201	1
9106968	1
7921208	1
72313867	1
88234752	1
9141517	1
84406451	1
9106785	1
9106881	1
9028782	1
9140342	1
44624203	1
68136404	1
46667570	1
6569049	1
7030424	1
9028591	1
38246695	1
37478528	1
24605448	1
24582827	1
70674200	1
31771390	1
46666734	1
91474592	1
9140462	1
98466141	1
17097386	1
60315279	1
48533783	1
66662539	1
9140799	1
91524367	1
9140596	1
87234222	1
9140931	1
9141213	1
95916275	1
9141147	1
7036488	1
59957056	1
9083258	1
9083335	1
9111292	1
9111772	1
9083793	1
9083164	1
9083355	1
9111539	1
65182978	1
9083848	1
9083722	1
90816206	1
91374602	1
44687589	1
97409603	1
9083302	1
9083212	1
90814239	1
9112074	1
30087637	1
35952409	1
9083187	1
9111255	1
32908286	1
9083617	1
9111308	1
77303081	1
51110388	1
32928503	1
9083428	1
51126057	1
62117547	1
9111384	1
9083819	1
9111935	1
68417034	1
9111699	1
9083254	1
9083077	1
44704671	1
9083633	1
51089740	1
9083521	1
9111171	1
9083293	1
9083600	1
44723477	1
9111725	1
9083742	1
9083067	1
9083845	1
9083503	1
9111835	1
9083613	1
9083713	1
9276698	1
9083540	1
91349841	1
84847290	1
9083555	1
51124886	1
9112168	1
9083271	1
9083542	1
24009357	1
99731909	1
24025850	1
23445906	1
31936391	1
9212081	1
53076301	1
9149418	1
79589132	1
9211743	1
9236590	1
5849104	1
99706204	1
48741116	1
35235644	1
9148940	1
56933778	1
14582378	1
53056997	1
99719449	1
44318149	1
9149826	1
9148882	1
9148842	1
47791138	1
13119131	1
44363775	1
9149037	1
47838571	1
7757718	1
9146648	1
34230762	1
9206564	1
20179891	1
27048552	1
49980601	1
13531107	1
9143278	1
20197616	1
18835740	1
10812519	1
42476368	1
9142426	1
5705883	1
9142664	1
92319733	1
9142351	1
9146585	1
9145638	1
9142416	1
9142421	1
9146179	1
87387601	1
18865574	1
65099046	1
5705885	1
21332298	1
21320073	1
7757362	1
86584093	1
42922089	1
9145722	1
9142695	1
10835520	1
5705884	1
65042775	1
5705875	1
13498997	1
92329394	1
9022896	1
9131373	1
52736129	1
9023280	1
9024186	1
23352168	1
72357809	1
9023145	1
52739819	1
17115660	1
9131503	1
52747387	1
33621497	1
9022787	1
9062750	1
86336595	1
96788435	1
17120040	1
56903466	1
65273543	1
72369609	1
23560045	1
96798882	1
9130714	1
9130861	1
14938941	1
84110931	1
9024038	1
9024204	1
23361422	1
9131262	1
9040916	1
9040934	1
52754074	1
9023440	1
72386904	1
23538074	1
48707142	1
25822199	1
56626152	1
7995026	1
15042771	1
53478668	1
7995018	1
17327835	1
18497893	1
7995844	1
84305853	1
17286904	1
30136961	1
64452566	1
7995636	1
5175853	1
7994950	1
59495654	1
92673662	1
90250785	1
69830690	1
7995002	1
96168307	1
69820906	1
7995714	1
7694667	1
59466661	1
17310448	1
7995947	1
77359182	1
30133735	1
49342888	1
5175780	1
17328400	1
9019567	1
64701944	1
70659530	1
23114416	1
45163598	1
48900678	1
5786607	1
9019965	1
92736941	1
9199034	1
10591196	1
43474320	1
48872594	1
9000400	1
37910879	1
92791669	1
45154722	1
96550729	1
9019686	1
9000503	1
22354452	1
9000196	1
5785308	1
9019584	1
9102659	1
45165343	1
9000660	1
23101399	1
9019809	1
9000134	1
84034679	1
9000539	1
51326806	1
48118712	1
45185993	1
5475348	1
9102618	1
9019009	1
45208537	1
38118529	1
80308952	1
13912810	1
10617390	1
64692771	1
84021358	1
7776624	1
37866513	1
80272015	1
83999566	1
36343576	1
67309319	1
67201088	1
9000753	1
9019475	1
51322656	1
65842071	1
7975030	1
7999713	1
13591162	1
9109981	1
61858578	1
9038681	1
60843661	1
65881693	1
9109966	1
26804584	1
36844787	1
85239913	1
5744475	1
72822701	1
7999308	1
97066338	1
94401279	1
13549779	1
15716675	1
95479611	1
26775205	1
72874808	1
38158799	1
5902104	1
36838011	1
9109942	1
9211133	1
95506153	1
7999567	1
9038425	1
9038428	1
9038985	1
87556069	1
26786452	1
9209629	1
65843707	1
9039151	1
36880561	1
92518530	1
33286160	1
9074458	1
18382585	1
9073661	1
9074059	1
18355252	1
39075900	1
9073767	1
9073760	1
9074471	1
68196887	1
9074201	1
9073745	1
9073815	1
9074324	1
9273385	1
61355884	1
9073864	1
23034618	1
41560782	1
9273156	1
79213387	1
34910011	1
9074293	1
55196000	1
9074199	1
9073808	1
71951089	1
9074387	1
61344691	1
68181516	1
26421313	1
9073842	1
9074056	1
45102109	1
9158352	1
9074231	1
41570096	1
34875341	1
9073757	1
67090754	1
41566822	1
40349453	1
91029010	1
9074281	1
26427617	1
40348210	1
35420239	1
33323205	1
9074407	1
45080167	1
9073674	1
23034603	1
92502958	1
98805642	1
9145106	1
9116269	1
11385377	1
83527649	1
5977417	1
63779518	1
11275721	1
7754703	1
57763316	1
82737187	1
5303807	1
11272428	1
93623119	1
7754845	1
7756457	1
82767818	1
88367571	1
93581413	1
59798204	1
9144605	1
69413713	1
9116036	1
11401216	1
25417810	1
59736625	1
7754512	1
93394348	1
69396842	1
7755393	1
9145257	1
59757212	1
17781500	1
25401360	1
9145059	1
35111666	1
69736005	1
20071068	1
5303533	1
9144426	1
7977868	1
7756464	1
7755486	1
99303349	1
9122765	1
22612027	1
5340834	1
9234432	1
56790021	1
62216531	1
7175541	1
56790400	1
58553938	1
88136296	1
22786055	1
17857903	1
9122680	1
9122191	1
39215645	1
39219998	1
5340817	1
56849775	1
25150222	1
5341996	1
9139842	1
21585223	1
25087703	1
9139919	1
5669507	1
5342685	1
89953629	1
9139130	1
40737940	1
25115075	1
7789049	1
21595895	1
10926906	1
21997390	1
9139128	1
78987045	1
32783664	1
39138086	1
9139868	1
5671154	1
48643893	1
5341994	1
80977079	1
98284319	1
97200480	1
55979250	1
50620993	1
56024739	1
22285115	1
9002798	1
79364001	1
9006998	1
9007719	1
53869617	1
98287480	1
9007720	1
22343164	1
33764108	1
59559752	1
90066151	1
19548595	1
90013089	1
48067279	1
55936042	1
9225979	1
50646359	1
7931681	1
24267306	1
9220425	1
24249414	1
7991386	1
9114459	1
70375567	1
70432076	1
9113863	1
63698026	1
9114187	1
9113647	1
62775527	1
9113791	1
98981844	1
9258423	1
21661479	1
72014077	1
63138195	1
63700149	1
70423491	1
48318290	1
46849881	1
98952806	1
9113702	1
94788730	1
9114449	1
9113800	1
9113960	1
7025650	1
9114810	1
70406060	1
94782880	1
70368503	1
67431069	1
9113787	1
41148263	1
91867504	1
56458323	1
72048086	1
63715197	1
57382943	1
9114034	1
9114491	1
46878378	1
9114051	1
62762509	1
58474744	1
9105694	1
46119557	1
82605302	1
9105945	1
9105766	1
9018360	1
9105323	1
80250260	1
9105831	1
35803002	1
9105315	1
9106149	1
9105973	1
6905405	1
79076645	1
82600662	1
42673475	1
9105687	1
9018587	1
9105771	1
84256315	1
71598422	1
9263166	1
9017555	1
71606186	1
9018232	1
50893576	1
9105656	1
9106130	1
9105604	1
9018376	1
82628376	1
50912150	1
9106135	1
82622959	1
9106012	1
9260422	1
7982427	1
9106010	1
9232145	1
42667230	1
59809086	1
7981550	1
9105401	1
9105431	1
66914974	1
9106034	1
9231907	1
9263507	1
42638345	1
32457052	1
66937278	1
19401380	1
12337219	1
22222288	1
5973701	1
87183152	1
5971943	1
9107577	1
9107710	1
9107796	1
12395075	1
9107655	1
44010337	1
87178759	1
89609370	1
9131797	1
12094678	1
51817737	1
9107912	1
50701185	1
45559063	1
34569113	1
7326320	1
38518820	1
9107529	1
72794462	1
45523375	1
9108586	1
89631511	1
12104864	1
34561513	1
45552533	1
9108039	1
76514416	1
73046317	1
9132383	1
9107616	1
9108235	1
9131694	1
9108389	1
11213125	1
27915639	1
45527407	1
72777026	1
5967271	1
45528509	1
9107950	1
58373113	1
19403201	1
50675569	1
9131946	1
73086408	1
52950441	1
9075139	1
9074892	1
9075040	1
72442080	1
9074721	1
16660451	1
9075158	1
9075146	1
16697361	1
16002532	1
32286247	1
98234514	1
9135925	1
9074675	1
9074532	1
7324199	1
9136403	1
9075036	1
45937173	1
9074616	1
9074559	1
16353791	1
25490094	1
7919466	1
9075123	1
9075086	1
98689262	1
9075420	1
9074709	1
7661839	1
5626402	1
98257732	1
7322594	1
9074876	1
12202510	1
9075495	1
72451055	1
16678260	1
9074821	1
91291153	1
97325735	1
5706073	1
16024746	1
9074596	1
9075125	1
5706066	1
9082226	1
9082756	1
9082914	1
97669169	1
7747018	1
9082923	1
83612208	1
85366499	1
9077789	1
31491041	1
57275716	1
9082547	1
9082839	1
9083029	1
9078203	1
9015981	1
36702000	1
7990034	1
9033700	1
9083054	1
9082216	1
9077871	1
9083034	1
9077785	1
9083039	1
7747972	1
50347102	1
9078394	1
28660564	1
9078348	1
9016012	1
9082911	1
50288380	1
9077887	1
7747664	1
9082430	1
9068579	1
9082260	1
9082956	1
9083020	1
9077822	1
9082987	1
6259189	1
9082127	1
9082729	1
5789246	1
9083010	1
36734388	1
9082954	1
9082586	1
9082950	1
57290708	1
9034569	1
9082979	1
24922143	1
83938574	1
9034035	1
9078324	1
9082982	1
83296489	1
9078741	1
9082748	1
5790052	1
9082072	1
9034558	1
9082953	1
9082746	1
24927676	1
75896481	1
9082808	1
9078606	1
83307675	1
9078245	1
9078500	1
9082899	1
9077893	1
24725166	1
7986733	1
9076422	1
9075711	1
9003383	1
9076367	1
41666711	1
87127867	1
18131633	1
9075667	1
21859134	1
92170039	1
10571446	1
9076132	1
9003536	1
9076192	1
9076316	1
18110394	1
58675391	1
18137994	1
93001112	1
9003402	1
10552105	1
7903748	1
9003124	1
20658016	1
20727747	1
9076097	1
7904344	1
7986438	1
9075728	1
9076357	1
9076627	1
80408646	1
9003593	1
9076224	1
9003466	1
9076350	1
9002991	1
74213259	1
5906518	1
9075879	1
74155866	1
9076559	1
7986532	1
7087698	1
9075583	1
58682399	1
73020927	1
80115924	1
9075844	1
92972855	1
93448730	1
24772635	1
9076154	1
90351155	1
93477642	1
9076561	1
9076322	1
9005891	1
7973887	1
9008043	1
18633242	1
18611963	1
98594025	1
24118949	1
27271654	1
24096699	1
99329918	1
66984449	1
98568080	1
64785911	1
42096625	1
64227049	1
84761756	1
84792173	1
18636789	1
7974663	1
42063578	1
9007896	1
67013131	1
98753497	1
69373054	1
84792001	1
9007835	1
9005854	1
77513411	1
99349801	1
7974681	1
28227310	1
18624305	1
69380266	1
6274302	1
9255429	1
9152571	1
9152373	1
24552001	1
94536394	1
94572985	1
9148235	1
9147930	1
9148138	1
5647904	1
88072337	1
24537802	1
65962088	1
87507226	1
71804838	1
9151997	1
9152913	1
81521207	1
60776821	1
81529535	1
5647590	1
78966467	1
7994388	1
88046468	1
9152518	1
9152795	1
5647201	1
65987849	1
7994128	1
9148473	1
15261530	1
7992039	1
59246079	1
51995834	1
51832476	1
7992932	1
9085044	1
9084932	1
9084801	1
9084957	1
85053699	1
9084986	1
7992250	1
5510959	1
7992279	1
9085014	1
78640471	1
27580416	1
9084990	1
9084842	1
47253644	1
68347932	1
85058099	1
9085016	1
44145918	1
52032834	1
59225975	1
7344088	1
9084854	1
9084792	1
9085073	1
9084919	1
27541741	1
78654279	1
98407550	1
9085020	1
38734854	1
9084889	1
82677974	1
9084771	1
38731100	1
9279203	1
9084748	1
7992710	1
9084920	1
78675007	1
40618919	1
9084835	1
9085052	1
9278562	1
40664489	1
9084913	1
9084980	1
7992116	1
9084803	1
9084966	1
81100186	1
9084877	1
9084964	1
9020376	1
82434062	1
58762779	1
77414298	1
7057367	1
21421841	1
9020283	1
35697999	1
91215465	1
77449995	1
24796417	1
7843178	1
9269936	1
9320839	1
21415957	1
77442858	1
9268620	1
30675487	1
9253914	1
98897711	1
99764498	1
11986860	1
9118943	1
57930078	1
9119026	1
21381996	1
6587867	1
57952966	1
51922686	1
37477359	1
92874039	1
59140014	1
53305740	1
40803098	1
50129692	1
82076031	1
37020604	1
15579884	1
6600643	1
70757120	1
5630228	1
70767135	1
40123492	1
52459459	1
37432016	1
59160947	1
11779779	1
53237992	1
94966843	1
49216475	1
53256398	1
9005464	1
7138384	1
12552316	1
9156411	1
19318985	1
9155902	1
9156616	1
9005136	1
36938444	1
9005009	1
17917924	1
32003344	1
28519450	1
9156847	1
84623005	1
9005500	1
5525481	1
9005168	1
6869591	1
9193014	1
9156331	1
9157086	1
28465285	1
9155575	1
16881407	1
25045087	1
23280406	1
9155366	1
9157010	1
7984909	1
78183190	1
9155226	1
9192282	1
7984651	1
9156927	1
28458847	1
17899207	1
36937588	1
5525043	1
15475488	1
23707876	1
