6661180	1
9002613	1
96083763	1
9002790	1
9001883	1
50584377	1
22293321	1
48069383	1
67406546	1
7103269	1
7027721	1
6710421	1
55772051	1
98974061	1
85152081	1
47334239	1
9113679	1
63661255	1
44774539	1
77900649	1
7644927	1
7237176	1
5253133	1
88111038	1
7116737	1
18750723	1
5574080	1
84701908	1
5253142	1
6092099	1
6034383	1
7539778	1
7540081	1
9341229	1
5671027	1
7853474	1
7215208	1
5162674	1
5170026	1
6824975	1
5170033	1
37268151	1
7852956	1
6819989	1
15099937	1
52838775	1
7376351	1
6690190	1
5170027	1
7471624	1
7472567	1
5172392	1
6527548	1
71383057	1
6955580	1
7505159	1
19223475	1
6145062	1
6147808	1
6657520	1
30589526	1
7046292	1
99678246	1
5851845	1
5710955	1
79785365	1
90405609	1
50504048	1
9026606	1
75741731	1
7171837	1
44894862	1
7573264	1
60641630	1
30049099	1
69582454	1
6696562	1
18309371	1
6676424	1
81454439	1
9014187	1
54624893	1
5731340	1
83869139	1
5120627	1
6044124	1
9157347	1
5732664	1
6684274	1
6238900	1
6239672	1
6044600	1
5731792	1
6682717	1
57991696	1
21974647	1
7403205	1
7944782	1
99950329	1
32936756	1
35942931	1
50558820	1
7554802	1
44716432	1
50189756	1
13999469	1
6337630	1
7550451	1
76628678	1
35989118	1
53886047	1
90976724	1
11595070	1
46040875	1
89084695	1
14215101	1
62078444	1
9106921	1
7615117	1
9141829	1
90971186	1
99182167	1
91944574	1
88196114	1
42436844	1
49437910	1
6170251	1
6082181	1
7967875	1
5483251	1
7967643	1
63128462	1
54836672	1
96859713	1
85866712	1
6433666	1
6555089	1
99054074	1
60154840	1
82937033	1
90598076	1
32491348	1
62429589	1
6776156	1
7900939	1
9264506	1
6904480	1
38671078	1
27207403	1
6781918	1
42688959	1
7899739	1
6945963	1
6197155	1
5919037	1
14876063	1
5918655	1
5918633	1
5921274	1
5680373	1
5917951	1
9147926	1
87447143	1
63932189	1
5921548	1
59749916	1
5983792	1
35080591	1
6053302	1
31260183	1
6692439	1
6787308	1
6548973	1
59758030	1
6693968	1
83531943	1
7977612	1
31284717	1
17072990	1
5534177	1
7870843	1
7033350	1
7964664	1
6565644	1
7037562	1
7453250	1
84981856	1
87212035	1
37521587	1
5350974	1
60256657	1
47522007	1
19687957	1
48969845	1
5577708	1
6431088	1
19289200	1
92045523	1
42028518	1
73363417	1
5753908	1
89639788	1
95652638	1
6411210	1
6203853	1
7960944	1
16427930	1
30521674	1
60231520	1
7960882	1
93041295	1
6237751	1
39446073	1
44191632	1
52091194	1
5667364	1
93079394	1
16437391	1
50216402	1
62274652	1
28319350	1
6206796	1
23809348	1
15823739	1
80554895	1
5989581	1
62858371	1
64384695	1
7949209	1
7996619	1
80557644	1
7128201	1
82851278	1
39863689	1
9288446	1
58057374	1
5881305	1
28287902	1
16287617	1
6379746	1
7939267	1
97699451	1
6252386	1
97678882	1
9015934	1
5789645	1
6256281	1
82516975	1
63046286	1
97665505	1
6511261	1
44941424	1
6252102	1
6381210	1
6382150	1
95828441	1
51280975	1
34500727	1
6373940	1
7611221	1
19473514	1
7017984	1
5315788	1
97748637	1
6373744	1
80336567	1
22679054	1
52144317	1
5689229	1
6082874	1
6810420	1
6810171	1
52155893	1
49899333	1
67712381	1
5658198	1
7512363	1
6705093	1
9118445	1
24844900	1
6706970	1
6441364	1
35683700	1
5962714	1
5817355	1
5823627	1
5820868	1
41065466	1
5963891	1
6764273	1
41120692	1
5960611	1
9120293	1
60421229	1
9147057	1
6937879	1
70272134	1
6874162	1
5820020	1
9117152	1
6874043	1
6365866	1
5738170	1
5738290	1
26052131	1
43581231	1
6864138	1
98233982	1
6060663	1
6531321	1
7930458	1
6534510	1
91285295	1
37986101	1
72459435	1
52940337	1
52932222	1
5707229	1
6749175	1
6970770	1
80179021	1
90351840	1
5872119	1
6753996	1
7089945	1
5268990	1
7903989	1
80130635	1
7903822	1
5492618	1
6971572	1
6974811	1
7088206	1
7962087	1
6929532	1
7284977	1
85951267	1
9013198	1
61752320	1
7230839	1
7358079	1
71486019	1
52494870	1
9134573	1
7962060	1
64002946	1
92840291	1
9298491	1
9298183	1
9222934	1
7575225	1
7575133	1
7576119	1
7814474	1
6647922	1
40473595	1
7484089	1
5160625	1
7437968	1
45839905	1
5160623	1
7440007	1
7259924	1
40576446	1
67646872	1
7437812	1
7440024	1
7439717	1
7282149	1
7730443	1
74889852	1
5913476	1
9317433	1
5915092	1
27072629	1
82017511	1
72575991	1
92319066	1
27114315	1
87409312	1
64984247	1
7379088	1
69283567	1
7378635	1
5662201	1
9143699	1
39932943	1
5662992	1
6643768	1
61339232	1
5229747	1
89255228	1
6641561	1
89228411	1
67034896	1
7845131	1
5227898	1
46404165	1
26438596	1
39040288	1
33257657	1
74818757	1
6514023	1
9158364	1
11726902	1
6010479	1
6719682	1
85679196	1
20566288	1
6669203	1
84160570	1
5656728	1
7750720	1
84196088	1
14404250	1
56712310	1
74802568	1
5657331	1
5219656	1
6168446	1
5845888	1
74803212	1
87918452	1
64725687	1
6730092	1
5473794	1
13919762	1
9199883	1
5475115	1
7587016	1
9199893	1
9199902	1
67218168	1
6501941	1
9199905	1
9199920	1
9199881	1
22415857	1
9199877	1
70530815	1
53565734	1
38845921	1
68909886	1
68877011	1
17630803	1
7766975	1
77619273	1
76193502	1
33218513	1
47081723	1
5376617	1
89168473	1
6282418	1
5376305	1
43238707	1
9203668	1
98099594	1
25899956	1
73334635	1
33211903	1
5376290	1
88803893	1
15600481	1
6026468	1
74695948	1
15940510	1
6592327	1
82116669	1
6032584	1
6025472	1
7241276	1
7008533	1
17946256	1
84652110	1
7924891	1
15488849	1
7098743	1
6872581	1
17912340	1
7924912	1
25041740	1
6872599	1
25059405	1
6872890	1
6886815	1
6610041	1
7955082	1
89748883	1
5509729	1
7954891	1
9254294	1
77485778	1
7954670	1
9007842	1
72243881	1
5405911	1
6041927	1
5405462	1
6609612	1
6269701	1
28243045	1
6038783	1
7954896	1
5468052	1
5467836	1
5533615	1
63625302	1
5725793	1
5653077	1
74321992	1
5468216	1
5531566	1
5467162	1
5378016	1
87292998	1
5531560	1
5550626	1
24325391	1
66184153	1
5584632	1
5568622	1
18086244	1
67802301	1
5634677	1
5566340	1
5885433	1
7269568	1
9091852	1
94370314	1
26806011	1
97126125	1
95542180	1
43616457	1
72813040	1
5233466	1
94407469	1
5232847	1
7933821	1
6182164	1
5233445	1
5728854	1
36828397	1
6833970	1
38182884	1
71446288	1
5741510	1
85235198	1
60340657	1
7362896	1
45622137	1
84428534	1
47435120	1
60389523	1
77765466	1
7208675	1
5565207	1
7359769	1
7962550	1
5562249	1
46517107	1
5528411	1
38885768	1
5528665	1
96719905	1
33522511	1
5558560	1
13178660	1
77163628	1
35252592	1
5847403	1
86052618	1
47892811	1
44317174	1
23499965	1
5847491	1
77129822	1
94663859	1
68763967	1
6241277	1
6994316	1
75178611	1
6246899	1
5746532	1
28429703	1
54918835	1
72177224	1
63223275	1
5209180	1
35449837	1
51584119	1
5210855	1
6046490	1
7367067	1
74641705	1
7876601	1
5209179	1
38443017	1
5209029	1
6047139	1
6045745	1
35470946	1
5545534	1
5548117	1
99566545	1
18505348	1
6768389	1
34012147	1
5186912	1
77360017	1
7860292	1
5834713	1
54443995	1
6772704	1
5186922	1
6768224	1
7481798	1
7391215	1
5973810	1
5478846	1
44021585	1
58355906	1
52647822	1
50724834	1
51814960	1
58383438	1
72769160	1
85619505	1
6049223	1
72406807	1
9332492	1
7808618	1
5470956	1
5356009	1
6049585	1
76230089	1
