89105684	1
7921259	1
11609512	1
9345265	1
7581695	1
11618271	1
7619971	1
9323643	1
6998694	1
91932834	1
5799512	1
6999882	1
83179486	1
6999902	1
96618834	1
7578627	1
7921292	1
80030843	1
88201500	1
27686853	1
7618982	1
26154598	1
6813600	1
9107340	1
11089508	1
90944453	1
7921288	1
62040923	1
6997410	1
86826762	1
53918231	1
7921256	1
11580481	1
72299378	1
25680489	1
12795027	1
5802135	1
89066723	1
9141753	1
7581122	1
26164957	1
80022885	1
7850069	1
7000212	1
5802097	1
5800700	1
11097251	1
26335950	1
97438739	1
9112452	1
70049476	1
53129996	1
5810666	1
7950599	1
5811004	1
6951466	1
87811742	1
21509501	1
6950591	1
5852197	1
6951009	1
6952096	1
5812139	1
87802382	1
7954299	1
36196743	1
7953732	1
5812168	1
53086438	1
9103014	1
36196002	1
61162501	1
7055268	1
6950523	1
5812014	1
53797090	1
6147035	1
5613372	1
5812115	1
6725545	1
7051612	1
9103729	1
37645276	1
21570631	1
7505680	1
5811599	1
7506454	1
5812134	1
5808774	1
36176188	1
7501186	1
7953850	1
6720710	1
5811519	1
36201672	1
5812342	1
37635393	1
36221622	1
5811462	1
5808712	1
54129581	1
7050765	1
9115921	1
17788285	1
63762052	1
93350437	1
83509803	1
69425760	1
6545778	1
6053158	1
5102030	1
17791640	1
9116774	1
35081646	1
17767606	1
9116773	1
7936016	1
69698317	1
93623663	1
65727808	1
20086714	1
5137114	1
9116534	1
9116618	1
5102086	1
5984087	1
5300047	1
5103647	1
65742760	1
76300311	1
7756364	1
6549927	1
5979762	1
7755079	1
7753402	1
9116363	1
37110196	1
35064629	1
5140248	1
5104344	1
67900075	1
25450610	1
11255205	1
20041486	1
57824871	1
7943529	1
7978273	1
69749053	1
5139778	1
9144445	1
5104897	1
65734987	1
6537148	1
5137897	1
57819518	1
69401866	1
5102001	1
7943535	1
7837100	1
65737493	1
6053790	1
57793396	1
5101976	1
5102087	1
7755124	1
9069710	1
6423856	1
36700434	1
36706702	1
97710511	1
12618406	1
97704783	1
9068415	1
44955284	1
82559506	1
75904309	1
7909719	1
88313710	1
9034022	1
9078449	1
6426245	1
88317320	1
69107218	1
31485068	1
7682437	1
83975579	1
44927246	1
28181323	1
82552610	1
82523567	1
9033528	1
85353020	1
9034697	1
7909901	1
9015784	1
6254381	1
9033527	1
7773647	1
36706842	1
7823693	1
97681463	1
9016004	1
9012932	1
28621771	1
9069444	1
28626946	1
7747479	1
57293418	1
9015901	1
6511883	1
9034151	1
31472065	1
7989399	1
28175181	1
57271193	1
7909628	1
7989955	1
6508799	1
83954515	1
82527574	1
31496141	1
31503931	1
7938846	1
36712507	1
88304352	1
7746576	1
57309022	1
83595706	1
7938824	1
6511819	1
9078393	1
75837637	1
9119224	1
98861959	1
82431722	1
98894296	1
9329339	1
4036366	1
91206383	1
9118414	1
4032226	1
9119117	1
5557718	1
7070554	1
7513588	1
31038991	1
7841521	1
4033694	1
7016590	1
9320855	1
7061192	1
7014039	1
5660341	1
91189265	1
7014191	1
4033772	1
91229873	1
9320968	1
9020535	1
51963635	1
5659907	1
58728970	1
31012784	1
11644232	1
6438403	1
7016458	1
56395483	1
20110741	1
82479621	1
6442031	1
5660015	1
5557297	1
6439187	1
9118568	1
5660498	1
35696783	1
12040466	1
6442695	1
7135965	1
91189882	1
9118544	1
7930063	1
9320660	1
7069273	1
91179602	1
4036036	1
7013865	1
21431872	1
98920497	1
5657829	1
46570769	1
38848316	1
6130561	1
5422033	1
20323126	1
17634993	1
7769646	1
85481810	1
21367467	1
53992094	1
5147812	1
5421928	1
53982433	1
9266540	1
9245350	1
9122883	1
30882694	1
20325682	1
7765057	1
58923861	1
53549852	1
23640600	1
5425321	1
9123754	1
5422489	1
9057071	1
9123631	1
51404933	1
85527864	1
5149748	1
9123375	1
9125954	1
9123426	1
9281941	1
9123545	1
52883123	1
77619989	1
85548892	1
9058071	1
30893801	1
52868067	1
5152658	1
9034931	1
54019682	1
5152582	1
70511634	1
85530087	1
7993900	1
68928790	1
9126153	1
68912805	1
52874901	1
68854270	1
46552777	1
30977441	1
6131576	1
80696806	1
30973588	1
5422054	1
9238055	1
54025718	1
5150407	1
6569693	1
81321147	1
7964531	1
44632994	1
7460283	1
7034019	1
91510336	1
44652561	1
37478009	1
6567489	1
6570838	1
7462752	1
68084952	1
5350974	1
62706096	1
24629286	1
7031764	1
6126279	1
85015361	1
7964117	1
7033419	1
6126364	1
9028550	1
7452946	1
68141072	1
5349359	1
46624950	1
47551344	1
37480645	1
9326942	1
7460307	1
7893975	1
35350795	1
17047753	1
7458039	1
7330295	1
44614992	1
35326768	1
7452745	1
6568084	1
5350631	1
7669835	1
7964493	1
87245738	1
7668748	1
7964101	1
86650255	1
6128589	1
5349591	1
87217782	1
98430721	1
6128057	1
7330793	1
59957418	1
60016508	1
85032778	1
98562548	1
98490227	1
6125986	1
98475259	1
84994069	1
62755519	1
7034296	1
6569403	1
7668883	1
63452146	1
6990077	1
7262155	1
7967998	1
31433358	1
63495355	1
5156626	1
7279226	1
74892212	1
45845062	1
38387418	1
85825436	1
20897634	1
74925536	1
20863241	1
9017422	1
47134780	1
35011470	1
5156617	1
5156945	1
6988000	1
18694243	1
5160911	1
5156684	1
9017323	1
27373535	1
66300688	1
97945102	1
97924233	1
20930913	1
5156633	1
40559240	1
7435292	1
9284689	1
74916063	1
66296853	1
5156624	1
6985809	1
86308991	1
62685501	1
67664586	1
18719802	1
6989933	1
64145036	1
38357507	1
7282213	1
47186714	1
7441943	1
87033784	1
5158494	1
47175956	1
7959876	1
45851439	1
38423433	1
5156618	1
21021664	1
18709350	1
7440902	1
18725063	1
5156331	1
7985842	1
7985835	1
46447906	1
39030489	1
7985706	1
7926037	1
6878223	1
55184948	1
6516379	1
9272707	1
61284936	1
6878918	1
6113816	1
6110921	1
5230010	1
6517312	1
28726562	1
5228174	1
9073841	1
7985501	1
52388860	1
9273782	1
40324434	1
55193680	1
26431044	1
18359132	1
6111479	1
5676008	1
6114339	1
74822183	1
18376309	1
89247093	1
6640374	1
5678192	1
6112571	1
61341159	1
39057278	1
26414379	1
9273095	1
91009377	1
28729862	1
18343099	1
45058162	1
33269636	1
33306576	1
7844578	1
24351486	1
7444638	1
9280213	1
7450962	1
5306233	1
5653416	1
14593521	1
32416600	1
36743614	1
36751239	1
7715546	1
24349767	1
74365760	1
79493548	1
7722058	1
87306878	1
9280814	1
43851150	1
95421846	1
7449927	1
39692998	1
50859053	1
50805617	1
55533827	1
6455557	1
5651916	1
5466592	1
63621721	1
6454933	1
9335981	1
94335235	1
5533718	1
5366751	1
7745712	1
5468663	1
79440102	1
5378579	1
54535081	1
9022082	1
12130248	1
9022732	1
76758201	1
5467994	1
79490569	1
63606447	1
54490889	1
9030665	1
12174318	1
50874224	1
70293462	1
40886554	1
74342450	1
27503989	1
37902203	1
9019672	1
6501865	1
22417221	1
9000338	1
9199760	1
6102433	1
45178438	1
6104550	1
7587326	1
47609597	1
6105336	1
9199391	1
7586050	1
7776201	1
7586604	1
55823998	1
45155631	1
6961724	1
5474050	1
5475509	1
5858883	1
9198570	1
48884953	1
5475173	1
5858775	1
9199790	1
96581637	1
6506023	1
80303764	1
6101788	1
47586431	1
23095918	1
48880225	1
7583768	1
9199039	1
38114165	1
6959920	1
67313554	1
45143827	1
43454173	1
82145957	1
22353306	1
9199742	1
9000696	1
9198574	1
6959269	1
6729521	1
6729030	1
9198206	1
9018909	1
10624934	1
6102593	1
17507104	1
5785779	1
9199052	1
39503195	1
16464971	1
7932381	1
6238175	1
6406045	1
6412251	1
7846320	1
5665005	1
39517852	1
44217034	1
9342438	1
7845986	1
7961085	1
15839197	1
95095790	1
7846335	1
53343740	1
86953042	1
16443219	1
28333820	1
39271845	1
5664908	1
86920484	1
6406727	1
60190323	1
7947056	1
7932719	1
86929525	1
7947080	1
7947973	1
51214896	1
15834956	1
60232892	1
6404262	1
7947373	1
36103556	1
6416643	1
5667599	1
7651820	1
9326288	1
7651271	1
6591010	1
52471974	1
6027789	1
63833815	1
15624502	1
15583340	1
15939411	1
9325812	1
50117628	1
50119834	1
7244752	1
6001110	1
37035768	1
5999209	1
40829187	1
6858286	1
37016598	1
82081400	1
71017653	1
18189134	1
95974511	1
49220342	1
59141350	1
82084242	1
5262679	1
5263211	1
74675729	1
40805160	1
6856358	1
63798785	1
40769138	1
20485216	1
6590551	1
74667762	1
40815574	1
82088841	1
15644261	1
6852553	1
6003613	1
95032500	1
5264828	1
50097556	1
49233574	1
7651137	1
9092878	1
54752218	1
31191631	1
9156682	1
7925595	1
9192971	1
9004924	1
16886683	1
78166436	1
7138625	1
6871917	1
9155464	1
9156769	1
32568904	1
36907912	1
54727052	1
9156877	1
16839399	1
7308648	1
19322232	1
28485993	1
7111069	1
7100023	1
9005005	1
7307012	1
36913166	1
6522896	1
6119623	1
5525858	1
40963359	1
7137661	1
5526577	1
17945851	1
7309751	1
6115746	1
9192503	1
40975899	1
74079219	1
40923547	1
9155201	1
84605414	1
6520085	1
40925419	1
6115299	1
54725995	1
86165823	1
7136792	1
7309122	1
9155312	1
6521179	1
7106084	1
6116666	1
78163024	1
9004963	1
7111454	1
7007264	1
19339514	1
6522957	1
25066249	1
62101475	1
64023251	1
9112087	1
7945326	1
91325206	1
16256384	1
93098381	1
84826755	1
50549167	1
5854691	1
41218291	1
84883759	1
99921135	1
32895859	1
90814941	1
9277361	1
50518360	1
90825052	1
6339472	1
45977777	1
44710606	1
77264233	1
64068981	1
64011944	1
77259633	1
9276559	1
7404776	1
5225546	1
7804595	1
5621920	1
97369091	1
9111342	1
5620419	1
5857617	1
35968690	1
50573884	1
76633148	1
91308657	1
84867740	1
7369222	1
7554690	1
93106150	1
45986198	1
91379731	1
6331905	1
41110680	1
28100821	1
70228083	1
6935059	1
5966798	1
90712849	1
9120049	1
9118047	1
57648928	1
70245629	1
9120062	1
9227016	1
57670849	1
6362762	1
5428945	1
37127473	1
9209334	1
6761785	1
9120413	1
6874545	1
33860636	1
15555000	1
6941867	1
37172655	1
5967005	1
5791310	1
90771953	1
7705301	1
6938811	1
13235316	1
5429354	1
9117916	1
7704707	1
5823065	1
9147662	1
28038593	1
45245852	1
5821640	1
9117092	1
5962951	1
5429217	1
27618155	1
72567543	1
31338976	1
6941108	1
6873088	1
33849001	1
6366218	1
5773952	1
7672140	1
6935940	1
31294786	1
9209240	1
90777031	1
50760732	1
7672381	1
66233279	1
72516864	1
9120449	1
9227814	1
9120398	1
68471550	1
6466713	1
6981148	1
55650877	1
63107650	1
6431883	1
7251873	1
7881375	1
31687361	1
16624606	1
88008824	1
7882467	1
80999082	1
7882666	1
96836040	1
6431206	1
49430980	1
6433963	1
7252971	1
7251573	1
31731516	1
6172617	1
6432076	1
6466485	1
9001170	1
49404387	1
25173806	1
11949542	1
6079671	1
96856350	1
6082123	1
6976982	1
6432539	1
67134710	1
6432612	1
6432186	1
7250944	1
7010312	1
7253790	1
25222612	1
23978727	1
6975429	1
68456857	1
6431808	1
6432689	1
85897413	1
5483600	1
7967784	1
7250431	1
42432237	1
6432008	1
7252717	1
9334247	1
6078662	1
7250261	1
21138082	1
28855927	1
6080049	1
6432793	1
11979271	1
96884005	1
54805646	1
5479611	1
24401875	1
85870013	1
6433769	1
6467288	1
7880982	1
9263723	1
6778603	1
59839905	1
59826146	1
62414510	1
9105211	1
9017793	1
5119810	1
82598963	1
6776921	1
6907782	1
42682201	1
6907749	1
5119796	1
6777228	1
80192365	1
5118232	1
9216296	1
62007651	1
82590638	1
42652482	1
5119854	1
9294956	1
21839816	1
9264224	1
9294862	1
41890112	1
59866492	1
6944852	1
7605330	1
9216646	1
5118001	1
6944521	1
6910793	1
6651789	1
80219152	1
38666371	1
75420406	1
7787426	1
6200154	1
6779609	1
9260282	1
9017626	1
41886311	1
7788473	1
6780569	1
6945906	1
5119943	1
5119811	1
6654224	1
9215586	1
7927187	1
9260687	1
35837240	1
82640609	1
59827061	1
21807019	1
56575073	1
17297201	1
56588568	1
7859793	1
6368174	1
18515543	1
54410241	1
49349261	1
7695034	1
5185476	1
33992332	1
5546350	1
18523720	1
5186493	1
6368024	1
10125075	1
7858774	1
5547823	1
5953822	1
10106888	1
96212344	1
7695423	1
30154432	1
7995329	1
77350263	1
49352408	1
59504537	1
53417117	1
48666146	1
7639768	1
7695498	1
7858815	1
69818638	1
5940777	1
7995611	1
7995151	1
6368247	1
34054158	1
9319223	1
10118785	1
30145214	1
17292574	1
56595395	1
64448474	1
9318243	1
6369141	1
96179301	1
75298252	1
64510984	1
6368356	1
48704113	1
30176908	1
5941103	1
6773143	1
7695028	1
5939743	1
83763453	1
7119547	1
18421413	1
37773684	1
5211185	1
66514879	1
26289587	1
7877585	1
20843085	1
77928866	1
77653241	1
11505585	1
7875725	1
32132910	1
42567581	1
38434469	1
7117285	1
78307422	1
78313733	1
32218267	1
9081293	1
33060707	1
74638655	1
9228769	1
20845546	1
38492585	1
28912957	1
94829895	1
26474828	1
7117499	1
37774741	1
19627377	1
32106122	1
66530048	1
7979191	1
28913659	1
5211667	1
92422152	1
7093314	1
20821190	1
73799637	1
42559344	1
19645685	1
73856357	1
7979187	1
91455667	1
73851127	1
7118653	1
5211820	1
7943152	1
37828609	1
38450364	1
18450923	1
28931652	1
61931811	1
9031080	1
6628759	1
67281151	1
9031470	1
79324138	1
7975745	1
66785316	1
6248865	1
13658421	1
61924894	1
43124286	1
49810569	1
6243882	1
28399278	1
94717314	1
13435759	1
9239831	1
9275440	1
54934508	1
81157806	1
30216383	1
28410160	1
9275019	1
65335923	1
12733468	1
6241306	1
72147977	1
7937019	1
72169268	1
43144458	1
6623262	1
6241965	1
6630000	1
9274223	1
13457604	1
7937276	1
6622421	1
7937082	1
9275654	1
9240110	1
28429427	1
6627038	1
6991057	1
79353367	1
78557312	1
7248094	1
47795572	1
5560810	1
9236132	1
90270294	1
86043396	1
44343379	1
5797175	1
5849051	1
9149084	1
47885422	1
9236325	1
48745931	1
86079222	1
6899331	1
31887585	1
99732999	1
7955251	1
6901974	1
99751200	1
86026839	1
90308046	1
64844262	1
5561918	1
44377659	1
6898851	1
7734584	1
7656702	1
7955245	1
47791464	1
53019696	1
47918765	1
68542690	1
86026310	1
53039327	1
99745878	1
9212940	1
7732221	1
6742303	1
82041715	1
49944469	1
6123972	1
92278776	1
6301598	1
6298066	1
9142544	1
5814060	1
5813392	1
86584944	1
6120902	1
9146461	1
10803267	1
65079499	1
18826618	1
5813834	1
5705287	1
86582876	1
9229843	1
5813099	1
6296228	1
88651708	1
7630834	1
20210904	1
6298653	1
5915918	1
5813031	1
9230321	1
87394301	1
5813253	1
7820512	1
7819946	1
9046960	1
9230436	1
9230800	1
20227353	1
5815998	1
6122315	1
34207149	1
6302111	1
18875854	1
42497110	1
72580206	1
6745252	1
94634974	1
86613874	1
5813791	1
88673008	1
87394563	1
42484420	1
5814313	1
9230360	1
93552238	1
7910603	1
7910556	1
7910802	1
17756584	1
6494490	1
6341674	1
9302718	1
19925504	1
5931250	1
5865105	1
19890262	1
62507418	1
7620241	1
5322365	1
7910824	1
5863793	1
6633269	1
70953739	1
6678014	1
66129970	1
89343738	1
6676670	1
57181873	1
70886479	1
6632598	1
93491661	1
6499871	1
62506028	1
62482396	1
7910600	1
7624881	1
70906404	1
7971705	1
9098192	1
5319253	1
64942459	1
5932032	1
15730344	1
81251385	1
89386892	1
42146727	1
6632989	1
44460055	1
7910818	1
93529708	1
7910823	1
64944545	1
5866165	1
93522863	1
7622414	1
19898997	1
7376436	1
89004343	1
61119113	1
29789538	1
97993608	1
6524571	1
9300991	1
71239732	1
6462316	1
6957909	1
6530253	1
6956303	1
52823570	1
94449120	1
6820972	1
5257602	1
7987907	1
6687699	1
6463400	1
6460107	1
6956719	1
5258633	1
6524898	1
7852030	1
7711539	1
6018159	1
9070230	1
9072110	1
6020704	1
45014943	1
7658403	1
97987286	1
7713297	1
7643945	1
52820832	1
44998375	1
6176296	1
6458640	1
7220070	1
75787008	1
7853058	1
89050198	1
7213249	1
76865721	1
6023874	1
7220012	1
7643849	1
7707911	1
52849126	1
5172422	1
7474755	1
6526310	1
76819981	1
7642569	1
7643590	1
5256948	1
7642480	1
6528793	1
7469773	1
88712814	1
7997095	1
96434792	1
49743814	1
66142687	1
5587234	1
46319536	1
9205578	1
5583123	1
12441093	1
81872794	1
92378934	1
5565886	1
5248892	1
49725689	1
46696157	1
9205518	1
49730109	1
7785450	1
9092459	1
22983071	1
5885506	1
35502295	1
22730127	1
67769311	1
7265805	1
22707522	1
46738993	1
5249944	1
14141933	1
9054802	1
9092558	1
9205619	1
43385340	1
39641843	1
13034914	1
35555965	1
88742921	1
96432757	1
5582367	1
71275716	1
6560994	1
43378484	1
5250020	1
18090570	1
96411853	1
49748653	1
96435800	1
13067359	1
9134924	1
5885989	1
46333940	1
9205825	1
5890465	1
80105930	1
12870278	1
49534382	1
7359805	1
7928850	1
26590706	1
18588883	1
77716027	1
7151321	1
46489202	1
49525978	1
84456717	1
26589912	1
45451627	1
18562780	1
54329849	1
53729173	1
5528248	1
9193298	1
54368581	1
7762983	1
92641192	1
7962678	1
5562674	1
5529188	1
33177214	1
7962345	1
7928605	1
26590435	1
80472001	1
96692994	1
6875865	1
77705975	1
9193674	1
44478717	1
9193217	1
9009717	1
53736156	1
54389084	1
46514361	1
9193297	1
9010282	1
9193774	1
84433926	1
54388526	1
38921598	1
45600360	1
92571213	1
19787818	1
47465108	1
45654973	1
5529820	1
7962997	1
26602468	1
9193207	1
6875067	1
6152657	1
5921260	1
96302595	1
5144125	1
7150131	1
78942204	1
5685701	1
6848634	1
5685442	1
81546771	1
7735405	1
59326581	1
63924823	1
88061746	1
44574388	1
5683058	1
88079532	1
60919615	1
5684412	1
5141321	1
39421297	1
7967136	1
5683690	1
7994106	1
7144957	1
9152287	1
5918843	1
7736854	1
36612728	1
7145035	1
5683259	1
90869031	1
5143714	1
7427016	1
7967042	1
63904418	1
9148541	1
9148033	1
63939922	1
63552926	1
65943366	1
62921847	1
60939384	1
63900450	1
34741135	1
4400212	1
57508221	1
92077958	1
7966117	1
7593414	1
4401352	1
7965793	1
9286673	1
54097376	1
95183922	1
7018999	1
5703562	1
7611561	1
7589454	1
6890301	1
7610944	1
73950779	1
34753410	1
97770543	1
5357898	1
55425593	1
9128062	1
95205185	1
92084996	1
7611249	1
5100220	1
7685053	1
19465247	1
92100410	1
4400389	1
5317537	1
95839024	1
7965924	1
7965586	1
5315788	1
9120633	1
7965942	1
32864455	1
19523697	1
9287451	1
11321025	1
19495607	1
51256531	1
95189130	1
42961333	1
4400882	1
51259325	1
5317883	1
74001091	1
32868014	1
59631314	1
5702132	1
5358125	1
55412977	1
7684997	1
6417944	1
4400206	1
4400184	1
6371370	1
7017901	1
7020008	1
6894587	1
4402206	1
57515217	1
7318735	1
57490100	1
4140363	1
34528562	1
9242800	1
93665818	1
49641788	1
7201400	1
5740098	1
7197324	1
57083442	1
4001991	1
7187375	1
14772258	1
57143996	1
56155295	1
9138416	1
26067724	1
7646719	1
89844414	1
89833831	1
89796048	1
7647790	1
49629738	1
7649372	1
28149573	1
7948673	1
55232585	1
43051796	1
9268021	1
6864726	1
26674351	1
6065215	1
4003073	1
6864685	1
91127136	1
7786060	1
7830470	1
7197575	1
6063688	1
4003829	1
4004157	1
6862307	1
6064682	1
6066813	1
55247055	1
13845661	1
4003068	1
38332829	1
6063906	1
4004573	1
56169489	1
4003827	1
15359406	1
7200673	1
4002464	1
89839850	1
70819246	1
43175401	1
55248043	1
69097597	1
87597058	1
55665742	1
9138575	1
99880037	1
43063152	1
4003286	1
53210797	1
7273895	1
13255698	1
7699096	1
5377641	1
6156931	1
98057378	1
7952193	1
59906676	1
73278753	1
21453209	1
6286306	1
7122710	1
7738418	1
7959351	1
43244813	1
17612412	1
6154565	1
6214092	1
98056026	1
7739203	1
31834532	1
7952041	1
43213990	1
20958395	1
7959209	1
5376550	1
43253756	1
7122236	1
29494657	1
5377146	1
52588980	1
9110146	1
7270012	1
7124166	1
31615122	1
7696687	1
7270113	1
9110623	1
89155921	1
7738362	1
6291594	1
6212274	1
9305497	1
7571427	1
69971357	1
69573722	1
18263066	1
6700713	1
40449963	1
50451279	1
9026098	1
90452702	1
69950261	1
7170882	1
85477475	1
5191557	1
9242650	1
69967269	1
5400866	1
5194288	1
5194567	1
7728561	1
7573764	1
7572972	1
7777823	1
7573566	1
44867404	1
84574928	1
49576436	1
64258279	1
5401767	1
18947242	1
63398257	1
9242659	1
44844407	1
27777773	1
5398902	1
7990322	1
5194573	1
49066532	1
84508014	1
9025631	1
75718481	1
9026692	1
7572879	1
79164759	1
64240861	1
90427754	1
18915604	1
50485941	1
82204166	1
5699119	1
17375134	1
73403649	1
66474479	1
9027007	1
6431054	1
9213363	1
6315729	1
77014463	1
5697474	1
9027664	1
82259884	1
5718806	1
77018559	1
19253386	1
9028180	1
76988937	1
21741967	1
76981709	1
73861232	1
6431120	1
5699441	1
22179465	1
56676197	1
83135958	1
6430934	1
5698274	1
9027968	1
5717457	1
19292035	1
9127152	1
5698284	1
7807519	1
22168289	1
6430701	1
22173010	1
70212880	1
32642809	1
66453957	1
5579459	1
5581240	1
32620105	1
34777190	1
5580755	1
6427923	1
9028004	1
56696081	1
48871001	1
7690117	1
59099043	1
13750251	1
5720066	1
55052697	1
9126553	1
5267440	1
19689567	1
48824203	1
5580774	1
9027619	1
5690319	1
6097615	1
7410310	1
41841668	1
52124255	1
5687634	1
90636464	1
15414980	1
5807448	1
43322035	1
67703551	1
41825181	1
9108989	1
12928759	1
7916989	1
5600978	1
5689881	1
5689234	1
29055519	1
99126987	1
22702951	1
22671303	1
52136021	1
5588216	1
15406896	1
5690167	1
81633301	1
75009694	1
5687373	1
6088363	1
6099904	1
5687344	1
5687119	1
7162672	1
41822118	1
58298548	1
99134951	1
43352637	1
25575362	1
9109279	1
5688680	1
67738679	1
5593091	1
49849770	1
29096256	1
6086402	1
33341528	1
5687532	1
7408967	1
25808146	1
5603913	1
81654595	1
5807572	1
95707806	1
88924192	1
9105130	1
69231626	1
90666258	1
5510891	1
7664065	1
7341174	1
38758274	1
82705872	1
7664633	1
68304843	1
7338494	1
80644797	1
6067804	1
6942673	1
81778896	1
9278313	1
7344689	1
5511518	1
7855923	1
7663228	1
27587872	1
27552055	1
78651038	1
7291367	1
80901953	1
7666131	1
70556390	1
95626121	1
7337262	1
81128881	1
80650565	1
5510923	1
5510890	1
85071763	1
27577491	1
29883667	1
44156447	1
9054524	1
7663810	1
7664747	1
5510892	1
95592582	1
16117572	1
7665312	1
29848813	1
81768567	1
93708149	1
7343213	1
85069858	1
16122995	1
7292431	1
9278297	1
32374263	1
6943287	1
81070129	1
7973868	1
80668947	1
32374410	1
5522241	1
7291003	1
5608030	1
7295068	1
27580661	1
7664337	1
80642414	1
48181533	1
5728121	1
5727982	1
5894272	1
43656419	1
9039181	1
9209565	1
85233654	1
7999268	1
5892929	1
72090766	1
7999605	1
9196889	1
9196761	1
7999042	1
9039220	1
38153418	1
60894530	1
61819145	1
65913014	1
5236221	1
7933477	1
9038260	1
87519836	1
97088444	1
61654797	1
7999056	1
87511690	1
95513294	1
48179741	1
7998872	1
5743558	1
5418767	1
9195737	1
5236844	1
65878370	1
26781032	1
71445051	1
5236222	1
5236334	1
38178623	1
72853722	1
65896721	1
95521309	1
61842946	1
5236830	1
38198725	1
5420802	1
38178392	1
5415125	1
5237099	1
7934100	1
5728098	1
5744466	1
87557808	1
9039141	1
5420262	1
87566399	1
9045912	1
54645125	1
15152509	1
63349284	1
41626662	1
83829554	1
32964448	1
7221874	1
34158518	1
47951866	1
7221343	1
37230451	1
9014353	1
9124931	1
34187773	1
42371886	1
58605278	1
58569766	1
32718830	1
5615973	1
34151874	1
29392393	1
9014088	1
33417158	1
5131438	1
81401850	1
41612515	1
93207324	1
32718062	1
29381057	1
6684529	1
5538705	1
32679584	1
5121903	1
69682365	1
94038495	1
5617058	1
5331078	1
58592987	1
22453404	1
58562277	1
5616154	1
5731807	1
6684952	1
6681417	1
5732111	1
7222451	1
24437864	1
58014182	1
54627887	1
5541485	1
86446700	1
5122042	1
47993523	1
34170943	1
6683563	1
54682502	1
6684512	1
5410049	1
86510078	1
9008656	1
99331003	1
86506651	1
86521522	1
7918257	1
6278228	1
9006491	1
28231977	1
55450169	1
89733379	1
5509623	1
7258270	1
7974371	1
9008425	1
5410697	1
18616314	1
6883439	1
42034892	1
28244362	1
28206422	1
5346062	1
64169934	1
9254040	1
89724265	1
7951354	1
6880881	1
27275660	1
5674438	1
72261533	1
6043180	1
5347942	1
5509598	1
6264870	1
5672269	1
6624076	1
9008599	1
98571197	1
6608828	1
7912029	1
55493710	1
77535808	1
6042056	1
89738010	1
6884968	1
6624248	1
7951537	1
7951110	1
9322711	1
6273122	1
7918256	1
5347263	1
28231923	1
5345917	1
6606915	1
16161371	1
98639221	1
42082084	1
67014715	1
6272918	1
5345518	1
98767114	1
6882890	1
7257048	1
24103529	1
6624395	1
72203326	1
7951059	1
7254685	1
5356592	1
40301863	1
5356400	1
5242664	1
7688944	1
5356196	1
23513021	1
9098774	1
7677650	1
65306242	1
17125787	1
96774573	1
6790033	1
56864731	1
84077425	1
85571817	1
7938038	1
86360161	1
9131643	1
9332426	1
7177384	1
9012122	1
95269423	1
29235363	1
7809733	1
6791108	1
84067225	1
9041397	1
65278586	1
27042568	1
7179652	1
14911869	1
23300719	1
7179578	1
17113623	1
7180207	1
9011353	1
95268746	1
14060331	1
5354900	1
5355116	1
7181107	1
6794403	1
86344098	1
29217377	1
7181211	1
65280868	1
65317791	1
9332153	1
6450597	1
5881028	1
7996141	1
5985852	1
16310302	1
35610506	1
99501247	1
7949754	1
6597418	1
6637521	1
5989640	1
31084322	1
6450227	1
9288946	1
5985878	1
72888622	1
7129650	1
64396762	1
16317089	1
4010132	1
5882374	1
6447926	1
66418696	1
4012385	1
5882183	1
5984872	1
82870136	1
6636725	1
6392177	1
9137545	1
6596019	1
80576398	1
9137229	1
94246781	1
7952923	1
4012670	1
46982552	1
5883372	1
10704108	1
61561635	1
7953534	1
31119253	1
78513808	1
7996835	1
7949667	1
45314503	1
7949740	1
82804124	1
9339193	1
35597017	1
97562342	1
93772252	1
7848587	1
19133930	1
7887501	1
51481607	1
89514211	1
6552588	1
56532293	1
24684893	1
88561876	1
60126899	1
62384371	1
99045548	1
7568194	1
73486130	1
7676984	1
93780679	1
51503457	1
5868630	1
19118443	1
7297904	1
7888543	1
51528650	1
7847268	1
6552961	1
6553372	1
60758770	1
51488098	1
82896940	1
7811659	1
7675783	1
7888044	1
20751273	1
42318143	1
99063780	1
6556154	1
73487272	1
61413831	1
9256030	1
7569302	1
61411946	1
7889344	1
19950867	1
7848677	1
6984416	1
6981953	1
30290099	1
42281073	1
30324450	1
7301023	1
89552404	1
9064730	1
97546261	1
7847508	1
7675914	1
5867199	1
5869081	1
9289835	1
7812470	1
73549780	1
60120157	1
73557458	1
7676871	1
22275028	1
5970118	1
7112580	1
38550738	1
76529483	1
5968430	1
14961785	1
9107753	1
6671845	1
9131802	1
87200565	1
7817782	1
7326497	1
19418286	1
11153214	1
25627045	1
51779292	1
50660124	1
7526604	1
72728643	1
7522889	1
72799106	1
7523863	1
61707085	1
58150139	1
5969318	1
34555498	1
6673575	1
52678945	1
5967732	1
50678354	1
7326034	1
9067804	1
5973702	1
7392317	1
12084058	1
6106164	1
7819229	1
7388388	1
58394007	1
7326305	1
14984710	1
42838514	1
27903328	1
5477686	1
5477652	1
7327907	1
58158379	1
50701920	1
5478417	1
7523067	1
38502265	1
9201582	1
29666034	1
38567963	1
12095732	1
12106362	1
6923417	1
92819855	1
5756566	1
7749023	1
33905761	1
77831650	1
7286489	1
19013035	1
6491421	1
93300730	1
6967531	1
6965235	1
5755840	1
52513102	1
7288207	1
9013694	1
63955002	1
6488360	1
7742635	1
9134440	1
7749981	1
7961458	1
34412272	1
7742970	1
63967625	1
6491357	1
89432086	1
7357596	1
9134681	1
7231863	1
89480966	1
77796199	1
76371090	1
9223442	1
6967915	1
58874056	1
7961653	1
7748136	1
7285131	1
7741865	1
61786130	1
6489992	1
63992709	1
7229895	1
58902690	1
6489332	1
34446476	1
7961473	1
6926775	1
76391271	1
9222795	1
7984083	1
9134132	1
77772379	1
93315578	1
9134147	1
6491933	1
9134119	1
93317906	1
69287071	1
5107566	1
5107879	1
5108495	1
6644590	1
5107630	1
93846218	1
5108936	1
5553573	1
5107840	1
5735004	1
97629732	1
5735141	1
93864154	1
5552817	1
9039598	1
9056270	1
91648910	1
5107843	1
91615554	1
9009409	1
5108021	1
7384337	1
5107542	1
5107626	1
5107790	1
34327046	1
9039626	1
88408079	1
76884150	1
5107848	1
88548073	1
7382179	1
5734846	1
14312367	1
7890333	1
9073432	1
88911704	1
5107845	1
76949782	1
39373666	1
5107788	1
29970342	1
6642509	1
5735047	1
5737416	1
5107880	1
88896274	1
86910756	1
5552569	1
64979586	1
29261639	1
93892502	1
5664020	1
93853954	1
29295489	1
29021583	1
86852448	1
5107639	1
80769211	1
7401480	1
9115266	1
7957465	1
7815423	1
5430760	1
65992160	1
59710873	1
9115273	1
7957023	1
7576909	1
59655832	1
59379529	1
7784306	1
59378178	1
5309271	1
73651688	1
17244196	1
24214633	1
9115085	1
64300806	1
71144946	1
59413988	1
9115419	1
5308697	1
9037058	1
6485315	1
71156002	1
7401367	1
69888938	1
7816229	1
5431220	1
6486451	1
6650129	1
9037915	1
71169562	1
7972949	1
6648077	1
7399643	1
39570440	1
14712598	1
69880727	1
7576991	1
5430871	1
7575219	1
5432170	1
7488921	1
6480477	1
6648481	1
14683134	1
9088190	1
6485755	1
6478473	1
7839590	1
71106141	1
80801152	1
5959351	1
6486542	1
9115294	1
24172524	1
7838072	1
50983670	1
5432198	1
7398295	1
40470383	1
5311548	1
69862889	1
20273473	1
7752614	1
7752208	1
56708762	1
7750766	1
9024269	1
81700007	1
16754888	1
5657013	1
7702579	1
75622708	1
47663560	1
6719154	1
5277200	1
81691580	1
41042630	1
6665000	1
20244931	1
6664854	1
6010243	1
7680100	1
6667413	1
7750532	1
20288844	1
73223768	1
41039781	1
75950371	1
7751431	1
44255393	1
5845123	1
56740278	1
71668107	1
7700757	1
56741952	1
7724542	1
56719783	1
7723827	1
74756990	1
6666181	1
75615996	1
6666004	1
6014446	1
40051968	1
6665110	1
75665135	1
6009357	1
6666470	1
20545690	1
22889392	1
16743229	1
49138131	1
20248444	1
5276318	1
6010968	1
49102270	1
40096609	1
81691162	1
5657781	1
5846019	1
7751433	1
56707794	1
7724719	1
55903696	1
7421874	1
48051651	1
48066947	1
5691690	1
9061749	1
6071815	1
9061902	1
9220186	1
6664476	1
39961864	1
90021128	1
9225626	1
95382833	1
60503283	1
98300502	1
5692003	1
90085744	1
7423829	1
73593625	1
6072916	1
48020112	1
7991368	1
90055194	1
48040629	1
96111803	1
6664553	1
9007776	1
50634777	1
31513916	1
6072262	1
97173273	1
6662637	1
7991364	1
73570282	1
79368850	1
6447069	1
6662104	1
5354159	1
7932191	1
6076137	1
98279345	1
9061379	1
94123347	1
95369966	1
6072097	1
79396895	1
50615788	1
7424118	1
33823755	1
6660742	1
69015626	1
63689352	1
99455699	1
68993929	1
55793125	1
58431455	1
69001670	1
7021053	1
7946485	1
48336200	1
47300914	1
6713122	1
68997234	1
47296325	1
99422424	1
72002519	1
7946689	1
7946795	1
47281386	1
94793531	1
9114797	1
70402259	1
55775374	1
7026310	1
57326243	1
94757535	1
6712729	1
74470993	1
9258859	1
62785564	1
9257879	1
58463012	1
68999106	1
55762194	1
9307228	1
9258835	1
9114416	1
7945837	1
9306369	1
68973162	1
63185704	1
21716962	1
57381318	1
18802207	1
7174645	1
9122294	1
7646446	1
5254057	1
39789981	1
9122088	1
9121943	1
56312584	1
22631436	1
6093491	1
6095949	1
5113772	1
5251488	1
76724156	1
5252869	1
7645354	1
76669619	1
9292368	1
6438148	1
17826000	1
62225408	1
6612384	1
5255381	1
9122137	1
5339915	1
76660994	1
7828865	1
7234758	1
7354165	1
47714952	1
17885730	1
6089688	1
7829265	1
88159370	1
9122642	1
7176035	1
56341978	1
9292546	1
22605411	1
75211706	1
5256075	1
9122074	1
7970490	1
9234797	1
75195126	1
7176300	1
9121969	1
75222273	1
46285061	1
9121896	1
7354309	1
56326524	1
7116636	1
5253446	1
76687540	1
56293757	1
7116526	1
7116031	1
98140017	1
7235550	1
6228039	1
5572446	1
5255058	1
6435408	1
7234834	1
7236850	1
5573086	1
7489345	1
7595737	1
39109985	1
21612941	1
40747942	1
6162487	1
40764102	1
46804794	1
48616508	1
9340672	1
46821764	1
9139864	1
5571110	1
5569224	1
5842141	1
9341210	1
5345436	1
32811340	1
51627511	1
14505211	1
7790438	1
7560472	1
5344409	1
7869126	1
7599816	1
51620423	1
25137745	1
10182370	1
4028415	1
5571830	1
21620267	1
40704401	1
90008629	1
7869035	1
7870460	1
10198290	1
5842819	1
14516481	1
5841946	1
7559673	1
7904362	1
24766214	1
7903691	1
74109905	1
93436210	1
80178137	1
7632437	1
6970867	1
5875369	1
5871737	1
5912985	1
7957907	1
21891729	1
6615977	1
20693390	1
9003428	1
6921793	1
5270182	1
41703037	1
6755663	1
23785639	1
6970904	1
5873880	1
24761844	1
5874519	1
7987175	1
18143472	1
18151285	1
9003269	1
5270245	1
72979747	1
6922102	1
92159931	1
7084916	1
6917197	1
58664288	1
6920329	1
7087529	1
9002928	1
9076202	1
87095802	1
7886849	1
7887145	1
7957998	1
5907064	1
6922712	1
80140008	1
7863735	1
9003473	1
92198138	1
74250327	1
7883375	1
24774983	1
9076159	1
87093064	1
92967823	1
6917371	1
5872432	1
6971910	1
9003047	1
5873102	1
7904294	1
9075682	1
87853298	1
87850065	1
7921026	1
7661140	1
5626441	1
5625949	1
7662156	1
7964925	1
5283796	1
5625920	1
5625963	1
16395503	1
29696641	1
7940362	1
6061175	1
25468776	1
7322121	1
5878848	1
7956168	1
5877997	1
32257848	1
6055490	1
64627995	1
91289212	1
5877164	1
7930602	1
98702399	1
5706342	1
7662891	1
72472093	1
21268058	1
13735224	1
98678922	1
16016006	1
7956186	1
7931263	1
5626234	1
9075283	1
7927733	1
16378033	1
6061143	1
6058419	1
15872047	1
5281145	1
5875606	1
7965242	1
57723652	1
7919637	1
72447119	1
7726106	1
