96555372	1
5862094	1
6103030	1
6961382	1
6731306	1
7583557	1
45141487	1
6733624	1
9199761	1
6729030	1
7775546	1
67211493	1
5475348	1
9019009	1
7775291	1
6963467	1
70607439	1
64684147	1
36345118	1
20293318	1
20586184	1
71657810	1
14386131	1
6667256	1
75655025	1
22897094	1
5277200	1
6166002	1
81691162	1
16736747	1
6667955	1
84150340	1
22926694	1
6672063	1
42792186	1
5975194	1
9107886	1
5970376	1
14948568	1
73075236	1
7522868	1
9202102	1
9066803	1
6673844	1
7386412	1
50660124	1
9201574	1
9108235	1
50725746	1
51795688	1
72785895	1
89598526	1
5968121	1
76549686	1
7391517	1
5973955	1
7326346	1
6106947	1
45576461	1
9108141	1
7761806	1
7940244	1
44503984	1
9060176	1
7206660	1
5563028	1
9194100	1
9193116	1
5564403	1
7206508	1
9193435	1
6875690	1
46473294	1
7154969	1
47428747	1
9193434	1
9193436	1
7206093	1
9194099	1
7940258	1
9193117	1
7208503	1
9193289	1
7209456	1
9193114	1
53736156	1
54193184	1
6876367	1
40298930	1
9022896	1
9041241	1
95313136	1
9130672	1
14901178	1
23295213	1
29185542	1
5470688	1
7938254	1
85562400	1
7180481	1
7938069	1
90217486	1
5472048	1
9331631	1
9040605	1
72378632	1
23522330	1
7677634	1
63907137	1
5918843	1
9152373	1
63552444	1
5142957	1
9148033	1
5144432	1
6150963	1
96332467	1
9148319	1
5647704	1
90901007	1
7994907	1
5685406	1
51121506	1
76613557	1
84882710	1
90844622	1
44716432	1
9083781	1
64026710	1
9276771	1
44696875	1
77301977	1
7404473	1
5621920	1
7803534	1
99932484	1
6202316	1
7845897	1
95637700	1
50245120	1
51230924	1
95657199	1
55137609	1
93039152	1
6236458	1
6207325	1
5665086	1
52061137	1
51224037	1
30544597	1
7932585	1
7932786	1
46366874	1
6563258	1
12516136	1
5885211	1
46696157	1
24971129	1
9128658	1
46720209	1
39593380	1
5885106	1
67800126	1
5568354	1
9204386	1
49716770	1
5567790	1
46373765	1
9039308	1
91624993	1
5108192	1
5736748	1
7385162	1
5734041	1
5650539	1
29926412	1
39352544	1
91674473	1
39928276	1
14279319	1
5734317	1
9073221	1
7381626	1
62862800	1
58053392	1
5988925	1
16311184	1
9288960	1
4013165	1
5985087	1
58048425	1
7952996	1
16328799	1
7949943	1
9288541	1
35585138	1
7949942	1
6594302	1
45291974	1
80552861	1
7126956	1
61544490	1
9339136	1
66418696	1
80606127	1
5883009	1
73895021	1
5719474	1
13764130	1
9220726	1
9221247	1
76983209	1
5716155	1
5718505	1
9221828	1
7353438	1
9220825	1
5720288	1
9221125	1
19098969	1
59064861	1
59128133	1
59119796	1
5714991	1
5266266	1
6923417	1
36566690	1
33905761	1
25964472	1
7983789	1
94144365	1
63953931	1
76405132	1
9250232	1
9251394	1
9222797	1
7984083	1
6967114	1
7983750	1
52516796	1
7942181	1
36560256	1
9251754	1
33931000	1
7961691	1
6489332	1
5760817	1
6924571	1
71532756	1
5118700	1
7926595	1
5116995	1
6944549	1
7981935	1
34915201	1
79084722	1
9260951	1
21817885	1
21854359	1
61976026	1
32463078	1
6653452	1
9294843	1
79699758	1
9259798	1
9105470	1
38645809	1
9260448	1
82029443	1
42517193	1
10346906	1
10861691	1
88696502	1
9143149	1
94644216	1
6306858	1
21332531	1
5915290	1
95112664	1
9230401	1
88638554	1
7757254	1
49973836	1
82726562	1
59784657	1
5301599	1
57824481	1
5135286	1
20061628	1
67897546	1
67900075	1
6694723	1
5102127	1
5977432	1
5103652	1
35081646	1
9218302	1
6054515	1
17790637	1
7535728	1
5104877	1
88385902	1
7936071	1
7754512	1
11238091	1
5981578	1
5303873	1
7756364	1
5976275	1
11384212	1
7755124	1
59754684	1
5978123	1
5135133	1
7669854	1
66697182	1
48550711	1
91535001	1
7964577	1
91510336	1
95863536	1
5349569	1
85032778	1
7872220	1
6394381	1
17088509	1
98520071	1
7964687	1
5534139	1
6569283	1
7036488	1
50466238	1
81895737	1
5191341	1
5400940	1
63376458	1
18947098	1
7573108	1
84543821	1
50423278	1
7572709	1
85409193	1
5400267	1
7167303	1
90415607	1
9241820	1
7990399	1
7172440	1
7990267	1
9241531	1
78799950	1
5401126	1
75752375	1
57444052	1
63417020	1
34339103	1
9241063	1
9240988	1
50415286	1
7171184	1
5401077	1
71126204	1
77055478	1
5311372	1
7399555	1
7972936	1
6648365	1
7816265	1
59378178	1
5959538	1
59710820	1
39570440	1
7972248	1
7957428	1
69868321	1
66853999	1
9037851	1
66836158	1
59705156	1
7972523	1
71104952	1
7957228	1
5309221	1
54645125	1
21978098	1
5131173	1
58627235	1
5121468	1
86472269	1
24458626	1
58562277	1
68274372	1
5132936	1
6681896	1
5731773	1
9158155	1
6044151	1
6155744	1
7958807	1
76182516	1
47103603	1
7124635	1
7122504	1
52605249	1
5375116	1
7697378	1
7696106	1
78884193	1
6213746	1
52638120	1
7120545	1
31592260	1
7269628	1
9203664	1
59913944	1
9110623	1
6156142	1
98056026	1
31622068	1
72816484	1
7975030	1
5233610	1
95541513	1
48179741	1
61859676	1
94400044	1
5727747	1
72853722	1
7800652	1
38156339	1
9271364	1
5232666	1
9211203	1
9271381	1
5742408	1
7933980	1
94430193	1
7955392	1
5741469	1
5237099	1
91712974	1
9225717	1
6075165	1
6076336	1
80965579	1
80968078	1
55946752	1
5352736	1
98316715	1
5352225	1
50606326	1
6663480	1
6660706	1
18008066	1
55928240	1
31522210	1
39989683	1
53844265	1
22285242	1
5802673	1
7914463	1
9258983	1
7101142	1
63165701	1
75562208	1
7980064	1
70423092	1
22520266	1
98930941	1
67430806	1
67423882	1
9258903	1
7915483	1
13375497	1
7103146	1
22500497	1
9257733	1
6712065	1
5668187	1
6095714	1
5256385	1
5256383	1
5256384	1
6093030	1
6094988	1
5252874	1
9234474	1
5252879	1
5255381	1
7114689	1
5252869	1
98134597	1
5340031	1
5256291	1
5256345	1
5114788	1
5114740	1
9235240	1
6089030	1
5251464	1
56301706	1
5252821	1
5251461	1
5251459	1
5339915	1
5256335	1
5252876	1
5115562	1
5256346	1
6088902	1
5572415	1
6092025	1
5252884	1
5340393	1
5256303	1
56805360	1
66966657	1
5404403	1
5674519	1
7951382	1
98643373	1
9008447	1
18632460	1
7951059	1
28229997	1
27260668	1
7974681	1
69366211	1
55489802	1
7954657	1
9255564	1
9255429	1
4028878	1
35184061	1
25080974	1
40764218	1
7492329	1
6603187	1
5570155	1
39150012	1
21615423	1
5342685	1
7539335	1
7536569	1
7540292	1
7540322	1
4028682	1
35157371	1
5510959	1
5609409	1
27538932	1
9084771	1
95575691	1
5781548	1
32325269	1
7664560	1
70580675	1
5511236	1
23871633	1
7337791	1
78655813	1
82669116	1
44162147	1
7878266	1
9081824	1
6136913	1
9228457	1
37793866	1
5214231	1
7117754	1
7942380	1
9081961	1
7878479	1
77948847	1
38492585	1
92422152	1
26298478	1
6135518	1
7119075	1
7942392	1
78332488	1
9228525	1
78331055	1
41493084	1
89514452	1
73491541	1
88600970	1
42267598	1
91826257	1
89555893	1
9256030	1
6981654	1
5866660	1
6982067	1
7302304	1
24693255	1
93801894	1
6981955	1
5870396	1
61426091	1
29565882	1
19135333	1
51501305	1
5868130	1
6993246	1
7937128	1
13459563	1
92258771	1
67241461	1
9275323	1
6995710	1
7937301	1
9239779	1
7936441	1
43111327	1
13435834	1
7937010	1
72134589	1
9080332	1
9275733	1
7937252	1
56205358	1
6241184	1
6992439	1
66781059	1
30245194	1
54945472	1
79326677	1
79310784	1
9239486	1
81169905	1
92220757	1
94723284	1
6992394	1
78302335	1
41826359	1
6085843	1
43323543	1
6088072	1
6085708	1
6808119	1
5600584	1
6082592	1
6097336	1
9109663	1
6083454	1
6083263	1
59028520	1
15392213	1
5687417	1
6083622	1
6086014	1
6083942	1
5588216	1
6097252	1
6088727	1
99107956	1
6085536	1
99143305	1
5807448	1
12912240	1
6086805	1
9010805	1
62509467	1
9246845	1
83383656	1
5862963	1
62501115	1
6677674	1
62474266	1
5274255	1
5271855	1
6631920	1
6344437	1
67471503	1
7971587	1
70884493	1
42165809	1
7625653	1
9248030	1
93526336	1
7215388	1
5169191	1
75818508	1
97985865	1
5934078	1
7711961	1
96977886	1
61103035	1
6686098	1
6686590	1
7711604	1
6687729	1
7712843	1
9300712	1
37033177	1
90111547	1
7651257	1
49214368	1
18189027	1
75475059	1
63853936	1
59177147	1
50092711	1
53264365	1
15478913	1
17924061	1
7111555	1
7141698	1
7099503	1
37761549	1
9156704	1
31967981	1
7107512	1
6118646	1
9156084	1
28483289	1
6520851	1
31175632	1
25066249	1
5724064	1
9279575	1
9336040	1
5531692	1
9280888	1
40863720	1
5364555	1
5304582	1
94335604	1
5721727	1
5724514	1
14659940	1
7715958	1
5466801	1
76463982	1
70335692	1
5723645	1
12152227	1
5550963	1
9238652	1
9266342	1
9245892	1
9057976	1
9245008	1
30957739	1
30886718	1
23576421	1
7766302	1
58967706	1
9238105	1
17620070	1
5151217	1
5152330	1
9238263	1
7767765	1
5153968	1
53982433	1
68471550	1
6433440	1
67134243	1
6081292	1
9262765	1
55609909	1
9001044	1
6080276	1
6081938	1
6082364	1
53653506	1
6980199	1
6078087	1
6081602	1
63077349	1
31707819	1
7967227	1
6081529	1
98666315	1
5282614	1
5878609	1
6140231	1
57687846	1
6054893	1
97290721	1
6143318	1
98209255	1
5626232	1
6055763	1
5709379	1
7956680	1
5707850	1
5879670	1
5879256	1
5706609	1
9075036	1
7956642	1
6057651	1
7956195	1
6531080	1
25529149	1
6141490	1
45929717	1
5707987	1
5707961	1
6139638	1
6056030	1
7930576	1
7956788	1
5626234	1
19182867	1
21147977	1
79782087	1
6658298	1
7905676	1
79517447	1
7954104	1
6722064	1
7905869	1
6148423	1
30576673	1
6145387	1
6144918	1
79546428	1
5712615	1
6657003	1
6720750	1
7905905	1
7953850	1
5712298	1
7905748	1
5809541	1
5809015	1
54137725	1
53748603	1
5612970	1
36196743	1
9113063	1
6953552	1
87780014	1
53797090	1
5712288	1
7592542	1
5318292	1
92103658	1
51302057	1
34499449	1
34746400	1
5362196	1
9243813	1
17438263	1
93634294	1
30339583	1
93696199	1
84363427	1
5799068	1
9296859	1
9296627	1
7849340	1
97469558	1
79986834	1
14184456	1
5709636	1
7849494	1
9296775	1
12790785	1
7616078	1
5710165	1
7850069	1
83169383	1
7000796	1
11133067	1
6997361	1
58210357	1
89071836	1
6997949	1
14231981	1
7705232	1
9226590	1
5427653	1
6364064	1
5790760	1
5964812	1
72516864	1
5960629	1
5962549	1
27664816	1
5820675	1
6936728	1
7672381	1
73711375	1
7705651	1
13199064	1
73742944	1
31347873	1
9119666	1
28073063	1
6263844	1
82503242	1
7772065	1
6511378	1
7938357	1
9015754	1
63030111	1
7938756	1
7909719	1
28634467	1
7938591	1
83573070	1
6424734	1
6263604	1
7989280	1
7770009	1
7773115	1
9076627	1
74181018	1
24745488	1
92974523	1
18151285	1
93016560	1
7958106	1
24732462	1
74197150	1
9075728	1
74238655	1
9075628	1
7958536	1
5160971	1
9283839	1
67608572	1
74925536	1
5161020	1
6988959	1
5154869	1
7968131	1
6987262	1
7438221	1
74888325	1
47173589	1
5154711	1
87027958	1
5154909	1
5160956	1
7433582	1
18721684	1
7929795	1
77406780	1
21396824	1
99801567	1
82460586	1
9320829	1
6705350	1
6705769	1
5658975	1
99827199	1
4031211	1
9252816	1
98901413	1
6947979	1
5658370	1
5659358	1
36257129	1
6703836	1
9318393	1
5546878	1
9318058	1
5832476	1
7995609	1
54473072	1
69780724	1
96193873	1
5186801	1
69809170	1
99611219	1
6368923	1
96176019	1
5957180	1
34004417	1
49352408	1
92699433	1
5175618	1
14591678	1
79631254	1
14532079	1
5795641	1
5848051	1
53010428	1
5794289	1
7656805	1
5849018	1
5560848	1
68596999	1
31930105	1
44331792	1
47894898	1
44320060	1
5796876	1
9236687	1
6796096	1
79654928	1
5793470	1
99745878	1
27990034	1
6899021	1
33486733	1
6640980	1
92552493	1
26414379	1
46424777	1
6110252	1
5228167	1
67074510	1
91063854	1
9158378	1
5228181	1
6638217	1
91069249	1
11763055	1
11763259	1
9272300	1
79229433	1
92536622	1
5739699	1
6065257	1
9267576	1
5740333	1
67991872	1
28565985	1
9267818	1
9268059	1
14751765	1
9266840	1
6063392	1
26067724	1
19876600	1
49680580	1
43008582	1
9267893	1
5737585	1
5741089	1
