9319012	1
75300014	1
90245579	1
90248113	1
25833128	1
77374205	1
5545925	1
17315279	1
34019273	1
99557337	1
18462858	1
5181020	1
5834611	1
5835826	1
9318169	1
7995381	1
10125075	1
53466861	1
92657677	1
5546548	1
10945611	1
5941103	1
99597736	1
6773800	1
15035422	1
53433146	1
17319197	1
25850308	1
6367674	1
30173878	1
6369024	1
5829412	1
18515858	1
5829075	1
17259209	1
30159235	1
6368060	1
54405886	1
49394800	1
29396682	1
59491083	1
83799930	1
5548353	1
53506009	1
59454155	1
96223112	1
5545795	1
54470309	1
49354428	1
5181401	1
53384588	1
7640693	1
48698057	1
64448474	1
92644317	1
48669989	1
75268141	1
77379605	1
5547055	1
15025582	1
5182138	1
77386060	1
77396706	1
54435392	1
25831578	1
7860111	1
83798519	1
56588568	1
75284189	1
15039974	1
15024159	1
7995556	1
54424827	1
5182545	1
7995611	1
90252799	1
77343950	1
17272716	1
99537031	1
25878292	1
5937291	1
7908650	1
7995329	1
5547190	1
9089112	1
77372741	1
48682885	1
5546982	1
5546765	1
34049834	1
10140066	1
7859666	1
96220367	1
9318334	1
75304524	1
56611057	1
5831266	1
6368059	1
90252415	1
54465258	1
5833436	1
10953320	1
5181350	1
5182140	1
64499227	1
99581250	1
48694648	1
48721966	1
7693309	1
7642087	1
5955149	1
5546739	1
15068266	1
5175780	1
25859910	1
5560050	1
7656739	1
33534225	1
5796606	1
7656120	1
5561048	1
99756031	1
53072443	1
68559705	1
5793470	1
5795941	1
7656148	1
48764851	1
14545831	1
64881562	1
13136913	1
6354380	1
9294291	1
24066333	1
53017274	1
68557716	1
13175799	1
5793918	1
5794835	1
5794729	1
7732419	1
6799776	1
5849766	1
9294064	1
31921962	1
9091224	1
44349988	1
7732784	1
13142406	1
5559465	1
28800226	1
28742904	1
5797248	1
79659925	1
90295107	1
7656603	1
56949241	1
7907495	1
35264279	1
68617964	1
28751782	1
6799288	1
5795081	1
31899040	1
5849090	1
14547792	1
9149040	1
5796023	1
9293641	1
5849686	1
9149512	1
9191395	1
56975059	1
5793877	1
24010445	1
54889020	1
6798803	1
6794990	1
53061646	1
31941834	1
96983794	1
9211693	1
9235710	1
47898920	1
6900167	1
14550014	1
5849109	1
7734139	1
5794289	1
7657269	1
24071902	1
6794866	1
33527130	1
9211590	1
68659614	1
68537048	1
7733901	1
5796795	1
7655817	1
33475028	1
47887544	1
68591605	1
7734486	1
28797710	1
7732933	1
28811521	1
9090459	1
27996966	1
9090479	1
68632308	1
9212732	1
77178943	1
7907492	1
7733311	1
44316386	1
5847988	1
7907382	1
13178418	1
9149303	1
56963405	1
9293503	1
9149483	1
7656010	1
7656991	1
9148984	1
7733704	1
5795956	1
9294387	1
77122795	1
79607591	1
77123383	1
7734203	1
7732497	1
9212215	1
97055467	1
47916476	1
9235584	1
5849143	1
48787922	1
5794160	1
54868397	1
5795665	1
86015171	1
7656172	1
9091175	1
28815511	1
79614281	1
7732161	1
54866905	1
5796091	1
7655615	1
53066566	1
6900558	1
48793028	1
7656304	1
7656214	1
36918363	1
34641189	1
23655311	1
6523091	1
9093392	1
84601051	1
23707876	1
23279578	1
6521585	1
7108505	1
5523950	1
7098517	1
16850790	1
16839399	1
36942784	1
16906260	1
78197058	1
5526602	1
7110583	1
9192971	1
9192239	1
31152047	1
84648426	1
32576231	1
7110370	1
7109297	1
5524683	1
12600471	1
6871708	1
7141215	1
23273393	1
7984345	1
9193001	1
9005109	1
17945851	1
7105662	1
9193002	1
5525628	1
16885931	1
86177041	1
74079219	1
7107951	1
7111572	1
23257894	1
19341511	1
28468449	1
7985246	1
36926999	1
78197009	1
6117241	1
15439023	1
31195034	1
9005644	1
15495457	1
40928460	1
7110429	1
7009820	1
6870685	1
7110982	1
7985077	1
25045087	1
9155652	1
37767979	1
28452962	1
6871374	1
7100307	1
31186895	1
16882656	1
7984868	1
40946638	1
7139691	1
12603521	1
28453662	1
6119779	1
32548629	1
7137213	1
28464234	1
31993173	1
23250303	1
7985036	1
7240784	1
15486379	1
7137378	1
9157178	1
9155446	1
7137825	1
9155976	1
85301301	1
31980151	1
32556931	1
25057767	1
85320550	1
9050723	1
40963359	1
7984900	1
15484585	1
7138765	1
6116220	1
74061281	1
85304883	1
74021727	1
15484803	1
9156098	1
9155243	1
16876426	1
7107390	1
40964987	1
7140018	1
5524315	1
84591704	1
86187378	1
7094181	1
15471955	1
19323199	1
31187739	1
40961708	1
32002128	1
31210470	1
6870077	1
54728476	1
6115941	1
9094192	1
15454864	1
7106081	1
37743699	1
9050867	1
25037341	1
78174672	1
74053135	1
72393287	1
65264035	1
9099032	1
9063255	1
9332209	1
6048594	1
29232771	1
72357809	1
23308515	1
23297543	1
29220006	1
23542156	1
9024113	1
40272126	1
6050250	1
56879300	1
96766625	1
27042568	1
9331697	1
6790992	1
6048189	1
7688525	1
17161720	1
76218864	1
5470483	1
68693975	1
5240470	1
7627133	1
7626366	1
6048567	1
33678840	1
9332885	1
7626986	1
9041397	1
33659486	1
7981113	1
7181806	1
9064154	1
6050103	1
5471291	1
7808909	1
23510213	1
7938193	1
9130961	1
6049580	1
6050104	1
5470564	1
5356455	1
6792409	1
9040453	1
84093871	1
9063511	1
7686324	1
7179675	1
72415715	1
95259460	1
7180314	1
9331408	1
9062600	1
6794768	1
17149991	1
9130831	1
26991482	1
29188260	1
26969116	1
7689207	1
6049954	1
5355077	1
96798113	1
9011876	1
7938211	1
7177503	1
7980633	1
7687065	1
5243086	1
7678852	1
7182155	1
86335330	1
7938260	1
7626099	1
85599387	1
23549179	1
96805929	1
9041526	1
86355659	1
6794369	1
14077352	1
23366422	1
86325649	1
17115556	1
7627775	1
5470688	1
23295587	1
90197819	1
33616272	1
90179762	1
9098923	1
7686258	1
84095901	1
14041763	1
95308807	1
14913650	1
90223829	1
9331535	1
6793093	1
7626364	1
52762308	1
72409446	1
9130759	1
6793728	1
23571858	1
6050094	1
7180227	1
85564839	1
9332099	1
9332432	1
40285165	1
5357110	1
84070855	1
9064062	1
9098652	1
86335691	1
7180445	1
9023212	1
86375114	1
14095999	1
6792213	1
9040699	1
9023440	1
7938114	1
14938101	1
72361430	1
5356325	1
14029755	1
9332056	1
9099534	1
7938060	1
33654052	1
18196523	1
74683701	1
70784665	1
6852218	1
37453580	1
9331248	1
64553007	1
6857361	1
53264968	1
6000318	1
7652217	1
6032858	1
59165140	1
7651774	1
7651210	1
37452236	1
40122067	1
53264970	1
20520300	1
70746531	1
37007261	1
9325987	1
59146024	1
90102781	1
11779465	1
15940455	1
90147796	1
52454968	1
7246265	1
5838009	1
5631258	1
7651905	1
49194023	1
97228420	1
6852380	1
97265564	1
36998526	1
40805160	1
82116431	1
6000059	1
6599906	1
94973818	1
52421778	1
9326301	1
90089804	1
95996556	1
92867315	1
90138937	1
9329963	1
40810690	1
15615931	1
9326161	1
49215465	1
94993171	1
5837217	1
5837323	1
11785081	1
92927616	1
82081004	1
18240518	1
82069504	1
5628795	1
20502174	1
18242067	1
5995734	1
9326208	1
40834649	1
6852466	1
15950090	1
9331215	1
18233568	1
5629553	1
30758985	1
52436442	1
5630337	1
7241476	1
9330617	1
5263168	1
82069527	1
30770312	1
5631378	1
53228286	1
97222212	1
6600217	1
40167522	1
74729998	1
20476491	1
6592152	1
53302718	1
95001513	1
6856358	1
20460600	1
9329798	1
52472699	1
5630354	1
18223212	1
40822789	1
70778273	1
6000088	1
6593025	1
40785505	1
15592021	1
5837297	1
20487168	1
95997131	1
75490478	1
74707391	1
5631092	1
92870026	1
18238368	1
40815574	1
95018925	1
41649573	1
40813511	1
9330766	1
9330115	1
74703077	1
7607583	1
30746349	1
20480652	1
7241605	1
5838139	1
15626783	1
70982066	1
7607787	1
5585772	1
67771235	1
5585656	1
71283052	1
79923430	1
5566260	1
13034450	1
5635497	1
46717855	1
39615129	1
22731871	1
12549848	1
9092303	1
9091804	1
5632772	1
22988726	1
18057854	1
46951025	1
43380071	1
5249341	1
46746945	1
51712727	1
66197036	1
9205864	1
5633246	1
5633554	1
5587133	1
22725233	1
5251085	1
7997773	1
71289679	1
5586422	1
12447745	1
5566748	1
7997849	1
7784975	1
12513601	1
12536222	1
46348107	1
49752053	1
5565683	1
5247547	1
5633284	1
46944505	1
9205530	1
13099533	1
13075352	1
51734363	1
12543587	1
23000110	1
5586730	1
5635020	1
46679856	1
9205412	1
12538140	1
96434792	1
80061899	1
49743814	1
80039451	1
5888156	1
46965182	1
5567182	1
5585590	1
49691665	1
14135944	1
46320155	1
7997657	1
49697889	1
5250918	1
22991487	1
22750320	1
5885365	1
9129215	1
80102746	1
7266647	1
43385340	1
51742580	1
9204140	1
6561659	1
5634215	1
7266426	1
6557080	1
5568805	1
9092726	1
7997467	1
5587125	1
12524245	1
5636291	1
7263957	1
5891844	1
6558292	1
5249101	1
9204668	1
43378484	1
7785068	1
5249084	1
5586012	1
6560373	1
96415229	1
9092043	1
46711225	1
92364003	1
81885592	1
5566758	1
13034914	1
46694385	1
5633426	1
88703557	1
14154965	1
6955930	1
9300819	1
82971285	1
96943107	1
42236222	1
6954065	1
61119113	1
42186855	1
6461184	1
7643602	1
61064202	1
7658018	1
6526987	1
61084028	1
6173801	1
57583281	1
5174472	1
9150225	1
94449120	1
7214483	1
6820921	1
29827617	1
6819999	1
83008989	1
61133077	1
5173015	1
45007971	1
7657581	1
5258992	1
7642823	1
6527482	1
6460451	1
6525279	1
94494586	1
7851856	1
6690389	1
7211297	1
7658468	1
6463490	1
9301206	1
83012900	1
9004710	1
71389673	1
89039870	1
52809659	1
89045178	1
6458685	1
29835771	1
97992390	1
6526775	1
7659216	1
9299760	1
94508004	1
9070042	1
9003935	1
82977062	1
29833090	1
6686614	1
5173019	1
9069872	1
42217475	1
7658142	1
6821258	1
6525601	1
5173285	1
7374034	1
71325200	1
61253246	1
5173022	1
61118714	1
6825952	1
6690657	1
76830161	1
7988088	1
5162580	1
9300098	1
6461707	1
45020670	1
71336097	1
7210125	1
29828965	1
88998539	1
5936443	1
61216445	1
89002338	1
61096913	1
76860269	1
9004423	1
9300589	1
15149730	1
7643989	1
57548113	1
37294207	1
9150573	1
37275360	1
5936609	1
6687996	1
37307072	1
9004309	1
5256458	1
9070521	1
7212982	1
6954756	1
7658037	1
7988000	1
57594143	1
9150807	1
29821789	1
71394912	1
76832244	1
6824489	1
7642667	1
7853789	1
57591019	1
94440344	1
37299276	1
37320187	1
6956766	1
37288092	1
9300910	1
6687601	1
61092443	1
5170005	1
7712999	1
9070137	1
9299834	1
94483734	1
45049210	1
45043560	1
9070523	1
7853584	1
7214709	1
89062863	1
76862941	1
6525321	1
6526567	1
7853834	1
94446711	1
6958221	1
57573262	1
9149987	1
98034075	1
7852812	1
94498175	1
9069986	1
47432429	1
7763705	1
96746802	1
46523791	1
26590435	1
77766014	1
92627813	1
53692769	1
84502696	1
9060474	1
45614412	1
46196684	1
54329847	1
60383611	1
7206582	1
7207757	1
38878714	1
92630766	1
47480470	1
18580716	1
45473949	1
96707110	1
7206285	1
71910797	1
49486668	1
84489156	1
6876635	1
7962486	1
92599968	1
9194347	1
9060352	1
7906234	1
9194346	1
44472760	1
60331198	1
7153393	1
46178728	1
38918332	1
33143070	1
9060176	1
9194355	1
7151873	1
46219519	1
71856820	1
9194356	1
7154829	1
38915378	1
53730989	1
44479511	1
77731386	1
84481924	1
9059075	1
54213105	1
49483262	1
19765971	1
19757202	1
7361180	1
7962390	1
12845769	1
46490969	1
80479412	1
7205881	1
45644868	1
7929072	1
33139755	1
18567191	1
9194223	1
33140370	1
46215312	1
80495700	1
9058919	1
92631701	1
77736760	1
54370247	1
5529820	1
80491608	1
60344488	1
7158072	1
45589128	1
53680457	1
6875754	1
92572901	1
45616035	1
9194357	1
84456717	1
9059707	1
11884888	1
80500060	1
96692994	1
11842752	1
7962439	1
46238135	1
7152738	1
54227729	1
7940048	1
7906006	1
7940116	1
12845846	1
44476191	1
7962531	1
9194348	1
80518513	1
6875299	1
54376357	1
19772669	1
60357739	1
7906154	1
7208355	1
5527056	1
44478115	1
45472625	1
45586487	1
7906001	1
9194354	1
49476009	1
44478555	1
45641663	1
9194353	1
77760451	1
54244282	1
9194352	1
71842843	1
45611677	1
7962553	1
5527559	1
7906105	1
7928982	1
38920003	1
46209265	1
7206994	1
7929080	1
7962868	1
44532402	1
49472725	1
60359277	1
92627793	1
54192332	1
44475055	1
45446426	1
7202684	1
9059228	1
44502814	1
44532299	1
6875844	1
26586964	1
12854905	1
77750909	1
53739953	1
46461809	1
9195716	1
9194358	1
71867339	1
49609900	1
57459344	1
7778369	1
50433710	1
50462949	1
27808579	1
5401201	1
50451279	1
18897799	1
5401194	1
44875870	1
64275924	1
40394695	1
34369403	1
7728107	1
69578568	1
79143543	1
62599734	1
5191454	1
60640075	1
7170233	1
5193727	1
84581922	1
7727333	1
50464532	1
6375568	1
50377825	1
90424536	1
9025998	1
5402218	1
6374791	1
7778535	1
34386400	1
9026573	1
34384015	1
84560493	1
7171403	1
79184598	1
7727366	1
7172647	1
81957611	1
18258717	1
69959193	1
6698367	1
7990577	1
57428782	1
7636217	1
85423719	1
5402217	1
50492247	1
78804465	1
75720030	1
7728847	1
6375901	1
63375976	1
7778768	1
18304335	1
50405709	1
18943140	1
7727922	1
90437636	1
7572232	1
27810486	1
57398921	1
7727717	1
30016364	1
49610189	1
9025929	1
34346677	1
7990876	1
69575169	1
30023206	1
5400866	1
67174407	1
50447554	1
9026807	1
75719130	1
50355627	1
64252981	1
81906869	1
69549313	1
9241003	1
7990562	1
6378440	1
60660752	1
69905592	1
78796322	1
63419429	1
7171323	1
18947242	1
69573720	1
7172549	1
44895899	1
9026658	1
18301934	1
7990212	1
9026554	1
7970041	1
50496352	1
79166848	1
84561609	1
9026378	1
7572879	1
40451102	1
57428214	1
49081412	1
50367194	1
84544652	1
62588984	1
50485941	1
69950351	1
7728406	1
9108259	1
12062890	1
5974782	1
22212484	1
9201579	1
14976931	1
43962834	1
7113216	1
76513880	1
9108077	1
9131802	1
6107554	1
7783396	1
51819549	1
5476677	1
58390881	1
5476418	1
7782649	1
5975188	1
9107607	1
7524803	1
5477384	1
7392577	1
9108457	1
87182273	1
9107802	1
7527121	1
12340263	1
50659492	1
27959978	1
19414360	1
12086552	1
34549354	1
58142872	1
29668104	1
29626025	1
6107777	1
5975157	1
7113700	1
72747676	1
52685926	1
7112324	1
45548957	1
12103926	1
11156526	1
43997210	1
7479599	1
7391702	1
9201369	1
73091438	1
19432351	1
7329457	1
11162635	1
9201981	1
72780128	1
61667668	1
50703810	1
45575330	1
7521118	1
7386412	1
58357532	1
5972682	1
6672698	1
7525485	1
9066406	1
87138709	1
61706027	1
9202027	1
9108620	1
29661623	1
7112398	1
7819439	1
73078335	1
29659058	1
89579215	1
9108602	1
5479344	1
42849320	1
9067533	1
12375899	1
7525119	1
51800498	1
43966316	1
73103508	1
9066715	1
6107181	1
51779292	1
6107482	1
50706303	1
12401857	1
12061860	1
58133291	1
50688480	1
5970003	1
9200987	1
5972486	1
9132513	1
9200402	1
89618694	1
7112600	1
51824840	1
72760211	1
27953132	1
9201870	1
5476875	1
19426705	1
50693139	1
5476691	1
9132400	1
29670113	1
11187897	1
9067124	1
5973571	1
6107943	1
5970441	1
12366581	1
45571148	1
52677494	1
9132452	1
19403201	1
5477339	1
91367272	1
90514175	1
30070674	1
45990258	1
9100362	1
93120519	1
5227752	1
5218902	1
51103426	1
20406845	1
5216766	1
41249503	1
62107748	1
20431136	1
5225638	1
35996096	1
9112191	1
30051039	1
7944927	1
44687589	1
30070458	1
50562143	1
7556694	1
50565888	1
90844622	1
44698966	1
77303870	1
9276084	1
6334953	1
77306942	1
6336319	1
50179867	1
68427056	1
9112062	1
45975866	1
45995252	1
90781072	1
62142538	1
5216912	1
50200252	1
7945095	1
9111514	1
7406651	1
96256127	1
68369916	1
99956356	1
5621317	1
5855201	1
90825378	1
50568667	1
65157538	1
44709455	1
13981018	1
50528051	1
90830869	1
16209840	1
68365211	1
7944648	1
62152142	1
44714056	1
9111520	1
5225637	1
96249016	1
5857680	1
96250057	1
5217122	1
41218961	1
5215619	1
7405917	1
32916468	1
20387528	1
45951257	1
30114926	1
97403034	1
7804943	1
7804479	1
93116805	1
41235939	1
51110388	1
99973202	1
68372821	1
97405846	1
30068844	1
96264835	1
14005976	1
41268806	1
5855590	1
76638226	1
5622183	1
5854858	1
41223805	1
90486235	1
68441247	1
7403491	1
62106298	1
9276037	1
64050220	1
9112077	1
9100688	1
90539145	1
7944700	1
91371081	1
50201987	1
7945040	1
30118248	1
96285375	1
16233561	1
16214902	1
9100735	1
51137109	1
9100910	1
68375776	1
5227751	1
7552659	1
5737551	1
5107566	1
5107745	1
5650866	1
23156999	1
78283547	1
5649197	1
5662794	1
93846218	1
26951609	1
9056479	1
5108385	1
39340378	1
49266550	1
5108946	1
5737209	1
17018865	1
5735502	1
5662445	1
26929432	1
29966626	1
86910756	1
88469543	1
5736931	1
14308820	1
5664272	1
5245398	1
5106891	1
97622313	1
5108427	1
5661869	1
88408079	1
5107558	1
9039626	1
14293936	1
76941293	1
5245955	1
9040385	1
93870976	1
29311023	1
5661134	1
5108039	1
5649623	1
93843968	1
9072979	1
5244151	1
69307196	1
5735615	1
91609588	1
88421173	1
29916330	1
9056651	1
9144051	1
27423401	1
78223356	1
93913325	1
5108002	1
5736395	1
88470821	1
6644117	1
5109006	1
34318580	1
9143726	1
93892502	1
5735068	1
25348012	1
5737220	1
5554341	1
78265781	1
29021583	1
86852448	1
49308444	1
9143565	1
39928786	1
5649887	1
5107981	1
29926591	1
5244134	1
9056709	1
9040015	1
5244158	1
27468738	1
27464086	1
5648421	1
5107744	1
7378953	1
34321802	1
9143616	1
5107547	1
9056270	1
14258717	1
29956846	1
9039868	1
6645106	1
29923073	1
93882772	1
5553038	1
34332008	1
88419572	1
25326465	1
5736818	1
29916971	1
91675243	1
9056706	1
91642400	1
5661443	1
5553403	1
69306291	1
88413309	1
34268179	1
97590832	1
64982161	1
76923409	1
86882161	1
5105900	1
14270920	1
93910405	1
17003714	1
78222708	1
5245572	1
5245946	1
76884019	1
5662935	1
26960298	1
39890013	1
7380771	1
25313161	1
5663991	1
49295255	1
14298568	1
5662597	1
86860661	1
7379567	1
5661811	1
28175181	1
57263637	1
57312671	1
31478427	1
28633642	1
31483292	1
6510506	1
7910370	1
36706702	1
36701636	1
6379498	1
7681078	1
9014909	1
50314227	1
83256211	1
6507900	1
28639361	1
6425887	1
6255158	1
7938370	1
97669165	1
6512368	1
6422556	1
28660564	1
88300268	1
83615163	1
12628230	1
6510936	1
9069013	1
9078181	1
31508904	1
7772823	1
31492421	1
6507633	1
6426460	1
7910411	1
69174077	1
7989445	1
83604718	1
6379316	1
5789856	1
9015793	1
6509205	1
5457512	1
7918913	1
6512326	1
7910372	1
88296585	1
9015420	1
9078187	1
7771954	1
7918871	1
7918453	1
36699814	1
83267950	1
9077806	1
9082628	1
6511156	1
69157066	1
5787717	1
57254909	1
28176972	1
7909685	1
5789803	1
7938759	1
83939078	1
31456193	1
6380399	1
6325198	1
6426466	1
83272586	1
9068895	1
83910158	1
31489823	1
88295833	1
9068139	1
6507456	1
7747018	1
7918870	1
7909630	1
50315104	1
7939087	1
6508445	1
7910343	1
50305237	1
7918890	1
9078087	1
7773158	1
9069655	1
6380188	1
31469666	1
7989473	1
50324290	1
9015901	1
7769880	1
28616409	1
5787815	1
83261370	1
75847985	1
7681793	1
88299292	1
6423703	1
36689720	1
6508955	1
6512538	1
75896481	1
9015613	1
7825518	1
5789518	1
9068321	1
97681463	1
9068995	1
50318516	1
31506592	1
88319947	1
24896673	1
36722139	1
85349022	1
6324174	1
6512322	1
24877049	1
7910282	1
97712291	1
7910172	1
7772919	1
7682260	1
6380692	1
7938533	1
6510692	1
12647540	1
9012240	1
57247210	1
7938424	1
83545938	1
6508910	1
9068184	1
12617060	1
24936992	1
83293350	1
5788429	1
7989437	1
7682728	1
6330213	1
12664771	1
9033527	1
6423363	1
7747145	1
7746876	1
6347091	1
50016008	1
6384833	1
5274034	1
7910886	1
5866427	1
7971809	1
5862866	1
6385812	1
5924964	1
66100357	1
5863695	1
7228675	1
5862661	1
9097788	1
6495224	1
5321232	1
7910829	1
6631431	1
7972016	1
19939894	1
15751480	1
7910901	1
5318848	1
9315171	1
7910912	1
9097576	1
89296767	1
62506028	1
7224447	1
16506688	1
6496892	1
6385799	1
5274061	1
7910906	1
6382757	1
6632223	1
9315270	1
15787443	1
9302996	1
7910831	1
19915674	1
81251385	1
44420111	1
16550023	1
7625566	1
44460055	1
6498499	1
89299372	1
44409112	1
5274672	1
64927644	1
9315436	1
5922946	1
81249414	1
7910827	1
9315973	1
66121856	1
5924902	1
6633248	1
9077168	1
67491479	1
64951765	1
93506598	1
89338048	1
5922578	1
17692235	1
66090135	1
15748821	1
44392949	1
66089962	1
5321849	1
62519925	1
5924616	1
5273899	1
5322301	1
57185378	1
67484156	1
7910832	1
16506894	1
6386285	1
7912762	1
39667148	1
9247782	1
5323147	1
5923379	1
5865088	1
7910828	1
44443008	1
6632079	1
44464882	1
5864475	1
7910834	1
7622829	1
17758707	1
66105429	1
5930158	1
66125432	1
5864773	1
50007667	1
5930338	1
66129388	1
9246405	1
7910826	1
6631103	1
9043939	1
5863261	1
9098245	1
83314782	1
81228798	1
9301579	1
93500277	1
44417621	1
50033362	1
64920806	1
70941347	1
9247365	1
7621509	1
79116149	1
59859828	1
82605302	1
9259910	1
5117190	1
6945628	1
66907814	1
9260813	1
7898539	1
82640166	1
9264213	1
27199378	1
41896618	1
32508704	1
6781996	1
7795102	1
6945026	1
9215786	1
7796238	1
9105444	1
7795975	1
7606802	1
84274855	1
71558852	1
38698382	1
9295342	1
9232196	1
6783064	1
32488768	1
42666848	1
5117173	1
42648656	1
80201034	1
9260758	1
5120083	1
9106133	1
21836126	1
9259852	1
6652469	1
62412294	1
80214054	1
6200935	1
5116017	1
6946107	1
46112682	1
7927455	1
46158998	1
84271535	1
9294816	1
6653361	1
7900904	1
9018038	1
35809013	1
9232217	1
41920327	1
61960888	1
6945542	1
9231899	1
6945679	1
38711216	1
7605540	1
38711162	1
75462386	1
59839351	1
9017973	1
34971716	1
38661752	1
32484296	1
38677729	1
84243436	1
9295283	1
9105708	1
7899073	1
62453611	1
79094789	1
6652471	1
9215656	1
9215081	1
9018701	1
6906973	1
46137719	1
84224571	1
32529398	1
6653936	1
9264569	1
9216084	1
66899412	1
7981578	1
32480381	1
79057743	1
7981973	1
7605744	1
75465235	1
82598752	1
9106187	1
9233099	1
7606335	1
27221927	1
75437334	1
6912916	1
9215801	1
6944747	1
9294604	1
7981622	1
46147062	1
80214635	1
32462668	1
9017873	1
71565339	1
9263457	1
27191049	1
6653421	1
9018020	1
9105721	1
62410264	1
79064138	1
80208596	1
42651984	1
32470373	1
9216786	1
75437148	1
61973818	1
38711305	1
9105257	1
38647103	1
27227765	1
27241215	1
9216205	1
50932179	1
5116031	1
84217312	1
59809594	1
6652777	1
59815920	1
50884176	1
7927171	1
9233081	1
27204934	1
21839638	1
59840495	1
62463408	1
46133063	1
9261098	1
42636412	1
7982197	1
61973763	1
9261054	1
7981918	1
7604099	1
32465550	1
59827061	1
21814502	1
7605281	1
75400277	1
42664415	1
5119163	1
5309193	1
38002407	1
6485849	1
66801557	1
5454910	1
25234389	1
9087975	1
9115596	1
73664148	1
7576413	1
7398726	1
6479088	1
40491602	1
7972803	1
66823509	1
25262353	1
6486784	1
64320511	1
37563311	1
69897429	1
7838558	1
73684542	1
25260311	1
5311902	1
37602101	1
66817557	1
40536170	1
9037226	1
59682243	1
7837601	1
5311389	1
50976405	1
6650116	1
5310235	1
86741750	1
9037915	1
7972920	1
5309573	1
6480442	1
40501490	1
7957821	1
9088540	1
39570440	1
64312879	1
5310975	1
6478181	1
40476047	1
17253570	1
5310411	1
6481184	1
66829385	1
7397833	1
5310960	1
40496902	1
5308761	1
38037888	1
6480420	1
77055478	1
7957608	1
65591477	1
17249875	1
5430168	1
64338959	1
38021535	1
17255905	1
59660195	1
14680126	1
9115760	1
6487223	1
7957331	1
6477860	1
38038029	1
5309478	1
80770487	1
24161242	1
6480434	1
80809738	1
6481081	1
39527400	1
25253570	1
6484851	1
7575274	1
7972144	1
7577737	1
5311624	1
6650356	1
65557636	1
77055841	1
9037806	1
7957375	1
6477199	1
9088785	1
7814843	1
6650581	1
5311535	1
24215148	1
66865537	1
24161929	1
40487504	1
51010654	1
65611921	1
9115222	1
40480884	1
40535315	1
69857656	1
9037545	1
9114904	1
40506625	1
38058038	1
65580240	1
6486427	1
25268904	1
7957260	1
6476933	1
80812571	1
71106141	1
73702917	1
38030695	1
24201902	1
5311651	1
59403308	1
5429698	1
66798865	1
25262498	1
5310605	1
7941523	1
7983681	1
7983482	1
7961398	1
19014079	1
71489618	1
6924307	1
6492077	1
27156695	1
93289086	1
7749524	1
7655315	1
52509638	1
9298209	1
5758997	1
7961750	1
89477064	1
9249264	1
33926804	1
34475202	1
9299027	1
7744334	1
9249153	1
7963142	1
6490296	1
7961541	1
7941786	1
7652868	1
18981725	1
7963377	1
93251331	1
6490912	1
93274252	1
7358925	1
7941366	1
93314832	1
6965504	1
33903714	1
7749073	1
93264562	1
9223889	1
27169447	1
93285327	1
6966801	1
9251910	1
7742894	1
9298283	1
7963627	1
76424116	1
7231908	1
9134119	1
61766053	1
7357158	1
34467389	1
7288351	1
7359070	1
7741903	1
7285870	1
33976216	1
19023966	1
7654413	1
7744600	1
6967771	1
27135317	1
7942189	1
93278051	1
63963739	1
6965210	1
71536003	1
6493587	1
5763953	1
77794348	1
61731492	1
34423083	1
6492819	1
7742802	1
9249854	1
7743601	1
5761644	1
26033147	1
9134874	1
7748618	1
7962003	1
7231126	1
6932841	1
33945715	1
6493362	1
7742277	1
63965737	1
7962198	1
77774582	1
6933736	1
27172925	1
6966233	1
52507701	1
9250179	1
7742602	1
27138415	1
58813610	1
33977481	1
25981843	1
9250580	1
9298920	1
58913027	1
93295182	1
7743810	1
7285959	1
7962171	1
5759091	1
77814657	1
6488121	1
7653990	1
36554813	1
9134214	1
93321449	1
7357224	1
9299580	1
71473291	1
27157609	1
6968734	1
71513295	1
52511725	1
9299358	1
7287563	1
7231378	1
61767702	1
91191074	1
30998148	1
9320060	1
86157700	1
9118674	1
30676030	1
5557731	1
6706510	1
6440877	1
9329679	1
6438448	1
9021087	1
7514099	1
9320559	1
9321007	1
36280349	1
7841488	1
6949236	1
82460954	1
6438927	1
11674266	1
5660232	1
82427868	1
36257305	1
77428124	1
58772188	1
9096206	1
4032436	1
57953872	1
9020883	1
82461881	1
7518193	1
4034507	1
56369176	1
5659298	1
20146033	1
9321059	1
6441629	1
6947873	1
35683036	1
9020398	1
6589888	1
86145868	1
86087951	1
5659849	1
6946757	1
9020212	1
9253607	1
58703398	1
5558175	1
35689952	1
9252455	1
5660434	1
30692461	1
35711735	1
9118345	1
36280134	1
5659551	1
41775654	1
7930055	1
11642311	1
7132907	1
5660698	1
41765377	1
7056749	1
7512478	1
5660950	1
9268626	1
6706160	1
9269361	1
56348552	1
9119176	1
6947060	1
24815811	1
24847142	1
11702249	1
6949077	1
9021279	1
12003774	1
99763547	1
57946576	1
86116721	1
31033595	1
41773211	1
5659072	1
99832283	1
9252533	1
12036953	1
58739410	1
6441563	1
4030711	1
9021079	1
4033251	1
41755807	1
6440982	1
4032438	1
9020283	1
6702428	1
9320314	1
9321153	1
5555648	1
4033208	1
5657906	1
41738407	1
7843647	1
11668740	1
20097915	1
6440321	1
6439540	1
20128082	1
9118669	1
30667511	1
5658415	1
5660588	1
7518387	1
5659083	1
36289186	1
6949514	1
91156869	1
6441279	1
6440794	1
6439033	1
7514344	1
9253305	1
5659389	1
7131606	1
82464108	1
6441142	1
91170730	1
41739337	1
5658243	1
11986860	1
9252071	1
9269128	1
24844648	1
20139594	1
5557590	1
7842941	1
7515600	1
9119267	1
9118364	1
30654975	1
6235706	1
39297289	1
67558574	1
5665894	1
67588046	1
7933059	1
9341758	1
7947239	1
6236925	1
6404686	1
55134471	1
36150405	1
9341823	1
44190051	1
53363756	1
36138702	1
36140116	1
6403711	1
15816953	1
39500797	1
6234418	1
7961139	1
89692184	1
35915191	1
77228451	1
6202796	1
28333645	1
67577594	1
86983944	1
6414118	1
6406028	1
5667339	1
6414019	1
53307301	1
7960512	1
86962504	1
86929113	1
6409766	1
77180692	1
9033352	1
39271845	1
44195369	1
86971799	1
60188269	1
39500839	1
7845539	1
36097113	1
5949070	1
30544220	1
44050105	1
6238015	1
36131386	1
6410828	1
94941557	1
6407889	1
60218179	1
6238413	1
94898418	1
39476804	1
86976298	1
6405674	1
30513769	1
95092625	1
89695903	1
44038218	1
7933289	1
6409640	1
7932801	1
6204212	1
5667398	1
36130412	1
23816467	1
6237939	1
23822941	1
30492510	1
53358065	1
94897430	1
94892158	1
6413057	1
89666602	1
23847443	1
51199646	1
6415781	1
36104619	1
5665059	1
93087503	1
5665777	1
30511182	1
62274616	1
36108210	1
39258786	1
95104557	1
55124403	1
39517852	1
9341575	1
23828961	1
9342810	1
39514226	1
44232957	1
5667047	1
5666976	1
89657016	1
95035562	1
44027804	1
86959786	1
7947581	1
7947612	1
44236021	1
39244570	1
9342948	1
5666239	1
5947500	1
5543783	1
6044079	1
5730416	1
33461072	1
6471173	1
6045737	1
22490782	1
83888592	1
57987458	1
32737045	1
6045045	1
42357991	1
69668301	1
37202953	1
34187773	1
5122589	1
29328968	1
5538495	1
5542344	1
5618443	1
32688624	1
22448701	1
6239310	1
93209072	1
7222875	1
6044926	1
54622880	1
33002853	1
7221883	1
32982515	1
41612515	1
21947081	1
22436314	1
6472920	1
6239724	1
32995569	1
6044151	1
5543421	1
58019129	1
9158324	1
6044731	1
5542376	1
5732336	1
6239116	1
6473077	1
94041642	1
42371886	1
9124323	1
5732392	1
6683900	1
58016003	1
7222533	1
22493583	1
5128766	1
42342872	1
83893038	1
54645125	1
5619187	1
9157302	1
47976750	1
5617123	1
6044529	1
6239936	1
5731092	1
7222282	1
7221616	1
86458617	1
58034170	1
5538705	1
5732487	1
33466449	1
81403758	1
5616193	1
9157870	1
54670157	1
62553273	1
9157581	1
7222531	1
6239150	1
57990820	1
9124031	1
42376256	1
81462295	1
60041743	1
58558863	1
21935211	1
68219355	1
5543211	1
63321813	1
6471446	1
93239991	1
6239509	1
54650116	1
37208624	1
54661787	1
5331078	1
6239690	1
54634873	1
6238912	1
6471831	1
54684722	1
5618912	1
58617820	1
37247538	1
5618149	1
37257205	1
32726694	1
6239983	1
9123938	1
54638309	1
7223695	1
58585801	1
15161370	1
5133784	1
7723927	1
40045879	1
73221223	1
7703191	1
7680166	1
5846723	1
7724331	1
33734996	1
5657636	1
7982909	1
44310765	1
7724363	1
7982674	1
5655790	1
44270006	1
20533555	1
5656723	1
5219657	1
75966283	1
9024789	1
26221929	1
85699551	1
5221000	1
9024716	1
85624970	1
10399530	1
22921726	1
26214325	1
5224164	1
5219008	1
5219843	1
41387994	1
75962771	1
5278647	1
5278489	1
6668670	1
20576523	1
49114829	1
74774573	1
5222555	1
41030729	1
5654796	1
22889684	1
71655801	1
5657490	1
7723776	1
5844587	1
73226193	1
81724568	1
6665110	1
84144053	1
7574447	1
7702400	1
7679078	1
7982930	1
5656661	1
5844476	1
40038156	1
40082489	1
85624676	1
7700141	1
6168697	1
6164886	1
85661687	1
20568825	1
7724345	1
41392971	1
26237830	1
5220891	1
85683415	1
10398460	1
14408159	1
7703926	1
22880755	1
5654478	1
5655706	1
5222622	1
5657153	1
84186056	1
7752329	1
20265229	1
41042630	1
6166784	1
6665000	1
85688033	1
71663860	1
6667418	1
47694070	1
87954681	1
5654451	1
7982792	1
22866929	1
7194547	1
7189241	1
7723651	1
7723960	1
41030434	1
7724962	1
7680176	1
22903298	1
5279043	1
33702381	1
7190779	1
7679348	1
40038796	1
49132991	1
7752979	1
41369531	1
5843748	1
84129928	1
14453620	1
5655811	1
49124687	1
6719647	1
7680415	1
33698209	1
7194076	1
7679167	1
7723870	1
84169080	1
16709878	1
87938352	1
56741850	1
5656158	1
5656560	1
5656935	1
5645621	1
5681480	1
7994089	1
71813689	1
88055296	1
7994541	1
5680353	1
5142493	1
7735903	1
14851810	1
94534652	1
5919417	1
5142794	1
7429902	1
65924626	1
5638330	1
24566784	1
5684098	1
5682971	1
5638648	1
5921404	1
9152182	1
5643562	1
96337500	1
63572570	1
7994510	1
63936886	1
5680029	1
14870799	1
5645634	1
94527188	1
5683325	1
7498500	1
5640341	1
7994870	1
7736857	1
5684087	1
5646120	1
96310885	1
60828821	1
5645194	1
5644527	1
5680707	1
5917895	1
7736937	1
5919643	1
5644681	1
5643891	1
65978767	1
6845014	1
5682735	1
6153726	1
5648037	1
5679020	1
7794240	1
65961629	1
65957182	1
63565812	1
5143872	1
5644636	1
5141013	1
5682846	1
5646536	1
5919820	1
5638390	1
5920999	1
9148068	1
5918974	1
24573867	1
5644426	1
36651135	1
5645158	1
36652227	1
7736531	1
44597396	1
7737049	1
5926456	1
63878228	1
5643861	1
5643367	1
7736543	1
6153271	1
5641485	1
7966466	1
90879755	1
5642476	1
5686019	1
5686106	1
24511682	1
39404152	1
62915884	1
5683997	1
71818825	1
9152097	1
5681523	1
7967114	1
63550721	1
5640257	1
7993965	1
94571346	1
5682225	1
36625047	1
36635300	1
5636790	1
5686908	1
7735875	1
6149066	1
5645340	1
9152697	1
81530161	1
7735087	1
5641227	1
5684030	1
5647165	1
5142434	1
5685586	1
78965131	1
6850806	1
7737626	1
63546884	1
90892424	1
5146107	1
7735170	1
9152296	1
62965466	1
5647675	1
62981968	1
5142475	1
9152316	1
6849864	1
5682924	1
59330881	1
5642174	1
5140882	1
59343144	1
5683970	1
7497903	1
36640263	1
7497188	1
9148168	1
24551921	1
78961658	1
5641209	1
78942204	1
7150451	1
82287454	1
6846719	1
9152525	1
94542325	1
5638199	1
96316169	1
24568148	1
5645906	1
5680650	1
5645447	1
7735741	1
44565009	1
9152544	1
5645150	1
82319098	1
5683354	1
5646440	1
62946168	1
5644155	1
5682391	1
5918997	1
5642191	1
5641435	1
81521207	1
36632722	1
5144727	1
7735936	1
7794101	1
5642104	1
7145035	1
5647614	1
5645855	1
5641490	1
5636927	1
5645456	1
5683847	1
7143749	1
5645100	1
14828386	1
5642470	1
9152463	1
57533222	1
4102160	1
59630164	1
9121243	1
7592537	1
97785136	1
34525460	1
73979587	1
5703302	1
9128387	1
95813516	1
9120678	1
5101699	1
97742204	1
42974500	1
17422567	1
19508718	1
5315913	1
32867046	1
93666388	1
11341037	1
54047353	1
57529399	1
59622819	1
97762131	1
51264314	1
42941702	1
6421683	1
30393036	1
95826911	1
7612372	1
52284237	1
4101198	1
6893497	1
55367011	1
45690257	1
45673569	1
45676308	1
5315691	1
42929067	1
45726881	1
34755020	1
29174587	1
7316941	1
95251180	1
34510325	1
54040739	1
7318369	1
19501216	1
95242626	1
45696190	1
11288446	1
93660938	1
95817102	1
93640321	1
11336339	1
6417223	1
42930907	1
59602459	1
30409844	1
73943848	1
34508741	1
9121256	1
7966068	1
57487088	1
95195388	1
92115498	1
7683685	1
11326626	1
4101857	1
7592159	1
7018790	1
9287015	1
97739174	1
54102055	1
92126077	1
5360414	1
9128394	1
9244420	1
5358197	1
95250571	1
5702428	1
55422851	1
7614808	1
34541337	1
7685728	1
9121412	1
9243283	1
9121377	1
5100561	1
30405344	1
7589098	1
30394139	1
9127826	1
52283721	1
9243485	1
34496480	1
9120722	1
9127700	1
55374815	1
57522039	1
95209976	1
9287503	1
5317506	1
5358591	1
73115593	1
55423947	1
73123926	1
54041054	1
55369808	1
34540755	1
7318510	1
6421204	1
9243882	1
59645734	1
45708992	1
7965670	1
9287057	1
5318455	1
6890904	1
5100643	1
51306684	1
6889384	1
9287275	1
51263398	1
30343259	1
51298789	1
4201613	1
57481065	1
7965819	1
7611625	1
87797019	1
99617069	1
65687959	1
6148340	1
37649521	1
70027861	1
71728606	1
5811503	1
30573273	1
7905099	1
5810845	1
39004468	1
16944218	1
7951010	1
7052835	1
7905086	1
69989079	1
5854214	1
7905054	1
30569309	1
36169704	1
14365894	1
6723697	1
23425159	1
53802228	1
5809353	1
99658284	1
16961241	1
9112740	1
43730830	1
54134272	1
71706024	1
79839064	1
79582958	1
9103164	1
6720461	1
16924678	1
6187954	1
87794585	1
70037047	1
19231346	1
53780826	1
9103482	1
5812346	1
5808950	1
5853744	1
21520683	1
7954370	1
79580325	1
21541313	1
79865351	1
7905047	1
6951518	1
79548783	1
30589338	1
6183667	1
21202371	1
54564667	1
79518858	1
5809194	1
9102970	1
5809451	1
54144946	1
23394218	1
21530222	1
6146905	1
6144800	1
5610535	1
5812300	1
7950881	1
5853098	1
43677514	1
14312804	1
7950374	1
43706081	1
6183654	1
37668694	1
14343928	1
6655975	1
53802649	1
70043671	1
79557541	1
30618833	1
7950500	1
53127152	1
65677395	1
5852906	1
7954284	1
6720101	1
6726690	1
30628140	1
21570467	1
79540790	1
21145268	1
53082437	1
5852889	1
9103653	1
6949687	1
7044586	1
21548813	1
37692371	1
7905058	1
37645818	1
7905066	1
7049563	1
54112263	1
7953788	1
38975583	1
53756997	1
21562264	1
54138467	1
5851369	1
6723834	1
54124165	1
6043865	1
7053884	1
9112861	1
87799458	1
53749127	1
30601431	1
37652082	1
6657393	1
7905060	1
14321776	1
53086489	1
6145916	1
99619264	1
79529051	1
6656105	1
9102920	1
5610297	1
70027358	1
30630287	1
7905051	1
9113281	1
5609808	1
9112547	1
9103418	1
61163309	1
7501779	1
37642284	1
7197057	1
43042461	1
13879567	1
4003928	1
9138755	1
6863362	1
26040186	1
6863694	1
28139719	1
37355972	1
11016677	1
5738165	1
14802645	1
5740300	1
7787156	1
26623135	1
4002570	1
9343232	1
43207030	1
26094380	1
6865192	1
14786379	1
26629242	1
7832131	1
67997993	1
56182587	1
43175401	1
5738446	1
7200300	1
43050891	1
49626091	1
7948233	1
99856324	1
55696803	1
5739932	1
93941497	1
9343735	1
69059681	1
7648780	1
43516547	1
4001671	1
13852302	1
7949070	1
11029325	1
7201939	1
6860683	1
55665742	1
69102457	1
7200932	1
13852986	1
55723992	1
6862654	1
6867475	1
7185269	1
43174632	1
7647979	1
57116409	1
56174133	1
9266887	1
6866146	1
9138416	1
7786511	1
55706302	1
70821586	1
49655638	1
87597058	1
26087453	1
6066341	1
14770312	1
7199783	1
26072313	1
7786386	1
43177468	1
7184530	1
5741143	1
6065343	1
68055556	1
91096009	1
7948077	1
43061644	1
37343325	1
6868362	1
55267602	1
7948852	1
43167991	1
55288805	1
91091111	1
19827811	1
6066174	1
7197965	1
56143883	1
5740098	1
28153793	1
7832124	1
7948189	1
7183815	1
6062944	1
49668826	1
6867905	1
9344134	1
28169719	1
11025232	1
6863425	1
55710044	1
6063952	1
9266928	1
37393346	1
43585055	1
26045712	1
6866010	1
7646752	1
91107208	1
7785894	1
26666776	1
7648001	1
6065786	1
7648725	1
7183735	1
5376562	1
17612578	1
5376856	1
7740201	1
7272689	1
9305552	1
31647047	1
31636309	1
7696177	1
7951924	1
26711365	1
89150707	1
47101025	1
33251665	1
65238969	1
9203928	1
7952656	1
7959489	1
78896771	1
31842513	1
9203855	1
26715091	1
9305560	1
7274584	1
7696141	1
9305573	1
47094290	1
52592755	1
7739364	1
21437779	1
7124501	1
21472445	1
9111087	1
53223181	1
47085446	1
71184964	1
7122907	1
17564219	1
7959056	1
7738873	1
98098116	1
57044321	1
36405442	1
20948196	1
13322051	1
9110290	1
6291938	1
7958947	1
13254933	1
7952228	1
47086829	1
9110980	1
65208424	1
59887919	1
7958928	1
59898092	1
5376194	1
31642279	1
29486873	1
7696968	1
78868969	1
9202611	1
26694183	1
33225416	1
78862511	1
6288471	1
83705003	1
57030540	1
9306060	1
7740555	1
25907887	1
33190375	1
89189018	1
7738908	1
7740366	1
6157148	1
73307271	1
88783626	1
9304721	1
36408266	1
7740019	1
26710081	1
7739602	1
76168935	1
7274555	1
52568941	1
47112066	1
6290713	1
31652547	1
9110154	1
73308564	1
6291168	1
73290661	1
9110873	1
20970894	1
57032973	1
78839679	1
43249725	1
7269648	1
7739850	1
5377246	1
7123364	1
65801884	1
6211070	1
26744537	1
5376197	1
31858296	1
7739016	1
6154331	1
59906960	1
59874873	1
21464634	1
5376195	1
73281461	1
52600621	1
65828002	1
89207912	1
76149121	1
5376475	1
35768211	1
7270159	1
7273111	1
31857772	1
53214656	1
43262538	1
7123198	1
7122132	1
71179787	1
9306038	1
29535252	1
9305141	1
5376196	1
65817291	1
25945728	1
83698130	1
7696582	1
5376191	1
37538878	1
95920616	1
87222206	1
6395140	1
31735972	1
7895541	1
7871847	1
86691123	1
44630126	1
59973201	1
98549021	1
48571025	1
70733544	1
9029365	1
68100307	1
81352958	1
70733293	1
7668244	1
7460101	1
91485403	1
95877673	1
7668001	1
5348951	1
37535501	1
98450934	1
5537204	1
31779310	1
9140819	1
98484626	1
35301987	1
7667313	1
46657963	1
38278932	1
97835879	1
7668955	1
37514308	1
17072019	1
98490636	1
48542924	1
95887451	1
7871826	1
9028930	1
59999452	1
7033932	1
6126928	1
86667527	1
44641154	1
70737678	1
17100309	1
7871145	1
31773606	1
37513484	1
87218075	1
6568935	1
59965152	1
5535608	1
5350232	1
6566162	1
60272770	1
7872220	1
98490227	1
7337140	1
38277968	1
87218789	1
9141021	1
66652686	1
98563488	1
7964345	1
60302006	1
47522723	1
87261684	1
87237265	1
6394467	1
60269305	1
95882327	1
7670078	1
91532330	1
5537497	1
7897836	1
5349744	1
81333758	1
7336315	1
98489696	1
6128455	1
91474732	1
47507809	1
98518140	1
70693526	1
84971228	1
7964494	1
7666522	1
17056027	1
98563906	1
6565743	1
7330138	1
6396149	1
44611441	1
47529906	1
85015227	1
6569952	1
48574434	1
7669137	1
48545666	1
98503779	1
86674892	1
46616373	1
17086743	1
7666539	1
81351050	1
7333619	1
44631355	1
6397788	1
6394961	1
38245885	1
47553494	1
6570564	1
7873521	1
6394374	1
6564279	1
95876087	1
70718100	1
6126245	1
7873714	1
35306272	1
24580629	1
35348574	1
5537541	1
97846937	1
5537034	1
6394861	1
7668864	1
7458770	1
6395476	1
7459274	1
60295935	1
59957056	1
6569283	1
87210410	1
6394434	1
6077594	1
11921380	1
78699603	1
9001017	1
63118757	1
6077329	1
68498320	1
7998430	1
6975479	1
11489044	1
23971584	1
67126040	1
31676944	1
85919165	1
85891402	1
49431220	1
7967156	1
6172307	1
23943848	1
7998014	1
7253388	1
6465343	1
42400245	1
7998242	1
96857944	1
78715755	1
7251403	1
6081907	1
21120068	1
6434222	1
6432837	1
31721918	1
7998103	1
6468737	1
25221914	1
54799394	1
85918861	1
6080368	1
7967565	1
6170740	1
7253862	1
5483930	1
49461078	1
85854826	1
11948511	1
5483907	1
61025651	1
16630489	1
24372396	1
9334472	1
7882875	1
6077741	1
6980276	1
85911640	1
7878529	1
87994529	1
7998747	1
6466015	1
7250827	1
5485188	1
6433366	1
5485021	1
9337291	1
49397498	1
9334416	1
11467249	1
54807718	1
7998526	1
6465956	1
7998603	1
6467044	1
11967412	1
6078087	1
6077308	1
7998607	1
6431883	1
9262596	1
9261754	1
49460414	1
6431452	1
21109975	1
88006376	1
21081320	1
5484944	1
9334095	1
6434237	1
6080223	1
68492904	1
7998308	1
63118368	1
42472467	1
63105065	1
9337646	1
6975627	1
11446029	1
9001052	1
7882733	1
6078155	1
6077917	1
5485877	1
9261765	1
53605313	1
42466370	1
6079492	1
16603478	1
11484195	1
7253784	1
9334666	1
67150662	1
68477349	1
78728727	1
23939144	1
16585781	1
31690178	1
16634934	1
11449528	1
78724681	1
31666328	1
7881103	1
9336569	1
25210005	1
49422282	1
16621831	1
5486119	1
16592741	1
6975640	1
24368027	1
9261257	1
7881951	1
11440245	1
42701163	1
6432227	1
61056092	1
9079195	1
25228018	1
5479861	1
81025459	1
53623597	1
7249939	1
9337835	1
7693168	1
5580806	1
42017538	1
5576382	1
19089339	1
19073451	1
66477093	1
5715786	1
22168289	1
5717744	1
22099003	1
70154981	1
5718314	1
48817929	1
5700498	1
82198932	1
6430471	1
6430816	1
6428940	1
9222096	1
82224966	1
73911867	1
5699403	1
51057036	1
22190163	1
7691542	1
7805911	1
83103057	1
73345833	1
73379904	1
56680764	1
21724177	1
73936204	1
9221767	1
9027007	1
59120799	1
6429856	1
9126480	1
92007995	1
5266326	1
83121864	1
5577460	1
21728655	1
9126762	1
5714879	1
9213148	1
5576519	1
6319863	1
9213239	1
5715546	1
6431149	1
92016214	1
13772533	1
5699435	1
21725014	1
42019733	1
87703486	1
21746607	1
9127349	1
19027176	1
6428815	1
76985824	1
36041306	1
32607401	1
6430845	1
83111709	1
48984903	1
6430189	1
48829396	1
9126549	1
5697237	1
19734646	1
9213463	1
92057302	1
56694795	1
9126594	1
5715577	1
70140532	1
5718004	1
73341700	1
51080895	1
92001886	1
51041519	1
19687893	1
7807706	1
9126613	1
36025452	1
7690335	1
73890982	1
76988937	1
19690976	1
22080806	1
5700201	1
17345552	1
87684655	1
17374731	1
66475321	1
5580755	1
76982594	1
5581341	1
22182094	1
66472410	1
6430960	1
9214779	1
9126886	1
73378890	1
92036774	1
5716129	1
9220490	1
5580184	1
6430847	1
9126910	1
19314852	1
73377453	1
59098018	1
82204575	1
6430747	1
5697978	1
19717543	1
59096739	1
6430612	1
19694237	1
73352261	1
56673322	1
19041833	1
5577430	1
83149116	1
5715148	1
19272478	1
32629924	1
7354046	1
19301616	1
92029502	1
55024844	1
48992006	1
22129645	1
9214557	1
5720349	1
41988103	1
9027619	1
61810884	1
7955638	1
5728354	1
6833276	1
85233654	1
87549489	1
9195735	1
65882757	1
7934193	1
60909072	1
7999623	1
65866787	1
6842191	1
6182881	1
71423066	1
72115301	1
5728229	1
5414210	1
85214670	1
9270405	1
87554530	1
43642431	1
65912052	1
48196114	1
60883415	1
9209820	1
72063346	1
5899954	1
48196469	1
9210159	1
72803676	1
72867902	1
5727863	1
97101284	1
7999205	1
7799418	1
5745653	1
87522283	1
5728140	1
7933990	1
96028574	1
87546817	1
6839421	1
7955856	1
5728789	1
7999136	1
60842242	1
97079256	1
5728230	1
6223334	1
26756607	1
94378962	1
9210993	1
9195738	1
9271096	1
9195736	1
60869687	1
87514029	1
9271627	1
6841798	1
6178700	1
85230626	1
87526781	1
7933938	1
7998986	1
5235282	1
36882826	1
6178444	1
95479611	1
9038675	1
94418105	1
5420811	1
87568804	1
97112968	1
36828850	1
6224048	1
5729272	1
6836825	1
65891175	1
13600400	1
5728582	1
7975566	1
5412291	1
87511690	1
5412614	1
72851664	1
9271164	1
7933598	1
60908902	1
9209396	1
26791928	1
65849202	1
9271435	1
36874683	1
61815791	1
5900689	1
85186197	1
6830321	1
7999248	1
97130448	1
91701156	1
15719086	1
5728243	1
5728391	1
7955537	1
87546520	1
87572168	1
6835180	1
5899107	1
43641961	1
96030115	1
6223459	1
5727955	1
65843722	1
26815217	1
97088448	1
94367971	1
5232592	1
7955532	1
5420262	1
97085917	1
7999056	1
7956798	1
45935200	1
9286209	1
12264520	1
7726271	1
9286314	1
12236283	1
12199549	1
6142190	1
7726430	1
7930487	1
9075328	1
7919568	1
29745712	1
7956885	1
7931209	1
91249448	1
5627583	1
32248961	1
6530989	1
7956330	1
7921144	1
7965277	1
5707209	1
16012825	1
21218226	1
97317869	1
13716070	1
9286322	1
6536623	1
7921150	1
5878003	1
16063404	1
57711007	1
7661288	1
97321761	1
5875435	1
52965687	1
5626110	1
98252839	1
7940565	1
7940862	1
5877376	1
57702297	1
29720856	1
5626226	1
57740008	1
6535879	1
5706524	1
52944124	1
5876483	1
9285121	1
5282777	1
6060170	1
5878923	1
7940362	1
5876143	1
7921049	1
5627213	1
6061116	1
6536106	1
7956190	1
32254062	1
7662868	1
7320750	1
9285496	1
7662523	1
7940830	1
7320231	1
7956827	1
7725783	1
7323048	1
37985417	1
5879726	1
5285596	1
7660447	1
52975488	1
7964964	1
16407902	1
16635373	1
15886920	1
5626234	1
72425597	1
6535245	1
45935905	1
5706066	1
98258147	1
6531416	1
16378033	1
97309883	1
5879118	1
9286451	1
5285111	1
97327448	1
87840422	1
91289057	1
7919380	1
9285306	1
21232562	1
6057015	1
32274464	1
7930402	1
25490459	1
7726604	1
7940673	1
12199934	1
32286247	1
5284647	1
6142796	1
9074675	1
7322546	1
7726267	1
7920921	1
7921066	1
9075272	1
5626000	1
7920898	1
5879872	1
5628278	1
5626185	1
87856918	1
6532536	1
7322051	1
7319780	1
7661272	1
7931101	1
5708446	1
9286453	1
7661563	1
7940401	1
25461000	1
13701500	1
7920903	1
64638506	1
9075508	1
64627995	1
16017655	1
5282000	1
16417142	1
7956420	1
7919498	1
7928193	1
9075541	1
32260743	1
15880644	1
29755356	1
7727051	1
7965336	1
7956648	1
7920874	1
15881144	1
72475466	1
6057899	1
98219369	1
5628157	1
7662778	1
7964861	1
72465550	1
5878176	1
7928108	1
6142840	1
7726897	1
5628273	1
16636475	1
5706078	1
98248796	1
7956406	1
16417463	1
7921167	1
6530538	1
5626605	1
7581467	1
90969730	1
26342482	1
9153931	1
84399678	1
9106747	1
9153357	1
7921290	1
9153516	1
9129957	1
91963254	1
96646504	1
11080443	1
5800874	1
9130061	1
7851080	1
7851429	1
7850184	1
9345720	1
6999278	1
9297511	1
7001367	1
58220611	1
14239186	1
7916204	1
11582719	1
9107106	1
9141946	1
99161179	1
88225216	1
9345693	1
5800301	1
7915915	1
7921286	1
83194895	1
88199000	1
11608626	1
7916224	1
7921924	1
6816600	1
97449738	1
88242444	1
9345724	1
9153764	1
6996322	1
88214396	1
83235872	1
5799930	1
9345696	1
72317364	1
79994835	1
9345248	1
9345705	1
9345547	1
11597865	1
9345700	1
9324422	1
89134234	1
9297010	1
6819119	1
7922275	1
84421838	1
7619865	1
7915906	1
9107126	1
9345698	1
80035853	1
76032579	1
46082461	1
90991619	1
5802267	1
9345707	1
7915907	1
5710068	1
9345692	1
9323282	1
5801983	1
9345694	1
11081671	1
7922158	1
25686008	1
84422266	1
9345709	1
9142038	1
7916300	1
9345265	1
6996171	1
9345708	1
9297664	1
9106612	1
6996312	1
7921261	1
5801451	1
5800379	1
88205579	1
72341354	1
9345719	1
76021793	1
25736707	1
90968405	1
14214208	1
7921609	1
53952738	1
83186853	1
9345697	1
53959886	1
91931100	1
11121644	1
58248446	1
7916061	1
9142108	1
9141991	1
9345717	1
9106935	1
9106514	1
9297803	1
97440117	1
86765905	1
7850251	1
62078807	1
84397823	1
5801655	1
53912195	1
80001590	1
11592003	1
84353561	1
89074162	1
11591606	1
90972944	1
53911599	1
58211514	1
9345701	1
9323647	1
7922194	1
9345706	1
9345710	1
5799842	1
5799140	1
9324565	1
89088981	1
79997697	1
5801280	1
5797613	1
12792275	1
25729562	1
83169855	1
83233646	1
25708145	1
5801367	1
79966022	1
89094783	1
96673125	1
11626268	1
84402582	1
11618271	1
5303823	1
6545697	1
6050636	1
9144576	1
9116605	1
25384768	1
7978273	1
93391816	1
11273456	1
76342847	1
6548284	1
6544309	1
25411270	1
93350440	1
9154702	1
93325109	1
17764516	1
7836059	1
93398519	1
11402486	1
5103520	1
17821926	1
35063906	1
5982142	1
37048345	1
57783161	1
5303930	1
63746746	1
69456577	1
9117021	1
82749084	1
5982086	1
20034715	1
11243951	1
5102081	1
88378134	1
88336878	1
9116909	1
7943490	1
5102323	1
69695640	1
25450610	1
7533080	1
31245998	1
35090477	1
6538337	1
5135143	1
6693619	1
6538285	1
9116048	1
6054392	1
59788550	1
82720857	1
9116231	1
5983384	1
63756307	1
93350352	1
35107564	1
5302874	1
83493556	1
35131655	1
82777951	1
17801583	1
6545378	1
59737869	1
11356540	1
63727452	1
7978078	1
7944506	1
9115898	1
37042777	1
9116084	1
11275721	1
69455249	1
5977632	1
93585426	1
9154383	1
7531390	1
9145222	1
5103854	1
5304088	1
88361215	1
57771693	1
5102511	1
7943841	1
20074782	1
88397260	1
57826666	1
93558984	1
7936126	1
5102086	1
17815298	1
7977668	1
31243418	1
93363442	1
7754606	1
11365113	1
88355052	1
37078616	1
6537142	1
5976929	1
6548914	1
5984655	1
5301171	1
63774315	1
5301728	1
5976320	1
9217269	1
11270086	1
6051011	1
6787055	1
37073482	1
5979333	1
20059310	1
6054399	1
59732674	1
37065538	1
5135733	1
6540915	1
6546293	1
5303065	1
6052331	1
82747518	1
7836310	1
5980475	1
6693465	1
5102087	1
7978103	1
7528107	1
58990194	1
53999670	1
9266206	1
38784563	1
20341590	1
6131310	1
36520336	1
52926814	1
5147787	1
53580293	1
38793586	1
85524673	1
23576421	1
5422992	1
17669894	1
6189235	1
36482785	1
55293836	1
9058396	1
5421619	1
66610141	1
66607447	1
5423400	1
17653413	1
7992997	1
6194505	1
52880626	1
5422144	1
58994982	1
7769746	1
5424782	1
52872658	1
9058049	1
5150019	1
70524141	1
70456168	1
51402923	1
7765382	1
68838114	1
9133341	1
9058392	1
6193107	1
53965616	1
5422905	1
9265766	1
6131609	1
9123784	1
85517264	1
66605474	1
5421662	1
9265758	1
53990680	1
9125088	1
17650982	1
9035476	1
85495310	1
20339676	1
52865864	1
51412401	1
70501066	1
5423836	1
7767633	1
7993675	1
38820716	1
68891292	1
9034749	1
7934964	1
6189205	1
51396450	1
9123693	1
9266575	1
30438402	1
30453376	1
5148705	1
23588679	1
36484423	1
9057988	1
68901004	1
5422286	1
68839265	1
7993642	1
54014626	1
6189256	1
30418255	1
58921671	1
51415123	1
7765460	1
6130561	1
7993246	1
7768097	1
7769407	1
5151249	1
9058573	1
6131550	1
6193038	1
7934881	1
23580885	1
9245203	1
9057683	1
9132885	1
9282115	1
9034721	1
20351020	1
58959053	1
7765170	1
68857935	1
30934417	1
9238855	1
5147789	1
9132784	1
9056978	1
9239042	1
85531926	1
5422489	1
5422289	1
51393881	1
5147874	1
55353248	1
9245641	1
53524579	1
9281759	1
38843886	1
53544878	1
17620202	1
5149808	1
23626157	1
20347816	1
55349714	1
7993416	1
9245508	1
17652202	1
9035017	1
46567292	1
9123173	1
5423048	1
9123638	1
6131101	1
5150603	1
30472273	1
53540294	1
5150163	1
51457771	1
70511634	1
7935119	1
30888839	1
5421928	1
36451324	1
36472483	1
5150158	1
9245881	1
9238572	1
9058639	1
9058777	1
85520680	1
30977441	1
53996554	1
30859534	1
9056965	1
9057234	1
55312854	1
51577361	1
74639843	1
42614433	1
9082018	1
5209256	1
33077503	1
77982184	1
77633113	1
5211917	1
38479447	1
66535486	1
73819331	1
7119304	1
5214426	1
73463999	1
5214307	1
33101086	1
9229225	1
20815299	1
77693464	1
32195033	1
91390289	1
9228782	1
7363875	1
11545342	1
9081886	1
19656553	1
18454687	1
83458841	1
9314538	1
89872029	1
38455133	1
83438011	1
77938741	1
20835321	1
5214356	1
89871278	1
6046083	1
38452343	1
32136113	1
51561147	1
38427329	1
77687986	1
5201367	1
42558791	1
5214303	1
77644590	1
6046730	1
91414235	1
7119091	1
6136122	1
92479224	1
19639430	1
11517600	1
73418990	1
42559344	1
9081528	1
74598611	1
73808426	1
77679519	1
9228610	1
91412486	1
63210799	1
74617467	1
94816558	1
7943259	1
5211820	1
32142940	1
7943313	1
91444290	1
20804158	1
63221721	1
7117315	1
7118993	1
35481532	1
66551551	1
32149426	1
7943021	1
9228624	1
9228963	1
77678567	1
73463592	1
63212135	1
9229233	1
38479962	1
77637585	1
7092453	1
26272056	1
5214430	1
89938253	1
5213654	1
77952398	1
94833922	1
6137063	1
73470383	1
7943073	1
5209257	1
7092282	1
42567255	1
5213544	1
19651099	1
5213655	1
28923656	1
9228739	1
7117181	1
51597315	1
32129841	1
5214328	1
7875785	1
5201871	1
26515007	1
11508528	1
7877598	1
28946057	1
63261696	1
6047517	1
5214421	1
32173099	1
7874818	1
6046565	1
32162687	1
5214443	1
5214304	1
28956770	1
5202130	1
66549113	1
5214311	1
77654780	1
89893300	1
5209259	1
5212715	1
7364985	1
5213640	1
77693484	1
5210490	1
42592716	1
18407700	1
26471806	1
5211970	1
42605682	1
73826657	1
7978567	1
7942413	1
66545585	1
35483767	1
89914648	1
5214325	1
42603669	1
38452057	1
9314399	1
77950592	1
18425188	1
9228506	1
6390925	1
6450410	1
6593803	1
80569168	1
58071216	1
7127323	1
7949641	1
7923716	1
7129780	1
5985970	1
6450703	1
34103702	1
6451253	1
58102932	1
7126201	1
4015445	1
31093639	1
7996603	1
16289875	1
34082334	1
6447776	1
72931661	1
80595840	1
9338879	1
5881711	1
61537578	1
7129286	1
6450276	1
46979214	1
9137999	1
78505303	1
7127500	1
7952778	1
7953370	1
94284283	1
7952894	1
5987119	1
31102027	1
78474873	1
28258752	1
35643926	1
6448891	1
7924005	1
78516803	1
5883288	1
35611701	1
39819740	1
61532648	1
6636219	1
78513025	1
7797270	1
6594061	1
9289034	1
6386785	1
7923931	1
10704878	1
5884410	1
10665655	1
4010934	1
7996814	1
6391505	1
66379619	1
9339510	1
6452033	1
45307059	1
9137774	1
80598159	1
6389050	1
6449089	1
34105379	1
47011342	1
6390572	1
9339603	1
7996465	1
5881878	1
7129460	1
34120693	1
78493680	1
80584308	1
6390980	1
61504923	1
16319737	1
32067974	1
5882603	1
6392131	1
82869381	1
39870743	1
78489409	1
7924026	1
9137803	1
6449351	1
58052509	1
7996882	1
10683414	1
47052354	1
6393797	1
9137545	1
6448278	1
9338971	1
9289775	1
7126176	1
45345679	1
7797878	1
62890444	1
99528439	1
61518755	1
5881723	1
94273948	1
10679402	1
99484176	1
28272669	1
9289191	1
39883250	1
72945613	1
7125295	1
9288526	1
47047686	1
78444169	1
9137110	1
58054141	1
35573352	1
4010207	1
7949736	1
57897625	1
97949663	1
57833395	1
66296355	1
66350618	1
40218125	1
66286996	1
7960222	1
5767471	1
7280005	1
85804224	1
7261268	1
7262493	1
67662634	1
66350714	1
67667785	1
40232453	1
85822002	1
9311915	1
47180444	1
74890944	1
9312756	1
47166398	1
12330476	1
9016500	1
9312151	1
18710865	1
12325996	1
47155732	1
7960461	1
97924233	1
45816374	1
7959606	1
40184477	1
97924095	1
61500987	1
47149018	1
86308991	1
34999681	1
7730344	1
61453956	1
85714395	1
9016743	1
40546406	1
9016317	1
9041802	1
18736693	1
74937369	1
97951688	1
45814220	1
87014812	1
66314892	1
7279226	1
7731340	1
9284769	1
31416201	1
67662899	1
7439092	1
66316847	1
86290047	1
47181287	1
20891342	1
83053693	1
57856749	1
83069698	1
7279869	1
97911583	1
57893096	1
64100284	1
7261129	1
7731255	1
86286739	1
97931054	1
9041912	1
7263278	1
7731474	1
7278181	1
61447143	1
83046443	1
86253061	1
47189302	1
20897634	1
97955968	1
20863241	1
7260291	1
7960240	1
86268411	1
7729886	1
5156689	1
7968454	1
45851678	1
7968340	1
18721909	1
9016087	1
5766462	1
40604510	1
27382473	1
64125581	1
7968316	1
45858047	1
7278857	1
40240260	1
7276807	1
6802035	1
7959928	1
5765842	1
9017288	1
5156185	1
86283528	1
9016215	1
9017098	1
83069723	1
97916964	1
9312041	1
9311394	1
67665682	1
57876620	1
21057936	1
7277907	1
35002960	1
57850557	1
7731900	1
6986195	1
31412581	1
7960001	1
7960307	1
7959861	1
61472051	1
31404647	1
9280798	1
5551341	1
9021684	1
9086276	1
7717042	1
7744943	1
9086734	1
95421846	1
84954437	1
50825268	1
9030602	1
5651211	1
9030722	1
75041400	1
9280621	1
5652316	1
94322858	1
5652241	1
94298375	1
5650944	1
5364937	1
5377863	1
74353971	1
74325365	1
55556974	1
5305801	1
5726610	1
87335779	1
43820994	1
9335758	1
7449824	1
5652607	1
7746226	1
24325318	1
74364536	1
5651492	1
36805712	1
9281138	1
43827930	1
6454864	1
5532174	1
32396968	1
7444204	1
55558152	1
9085961	1
55547641	1
5305690	1
5551028	1
24336985	1
40879328	1
9086921	1
5532773	1
55586667	1
6454794	1
9022603	1
5305788	1
5724135	1
70339901	1
24350119	1
5308172	1
40905237	1
5653534	1
5379163	1
7721838	1
9086461	1
50823164	1
9334826	1
12126056	1
40836285	1
6453592	1
76748274	1
84941339	1
9334978	1
9021971	1
55574703	1
36759471	1
76481366	1
63632984	1
63576021	1
7721832	1
9022460	1
76735019	1
5305775	1
24292815	1
9029955	1
76736863	1
9029972	1
70360962	1
5531622	1
43826331	1
5466614	1
32428688	1
63602859	1
6452744	1
5531188	1
9280723	1
36771029	1
5652132	1
7977488	1
87343172	1
5533857	1
5465884	1
5532931	1
14612349	1
5654017	1
5304494	1
12182449	1
5651004	1
7745155	1
6455658	1
7722079	1
50823860	1
84927150	1
5651809	1
5307743	1
43839977	1
87304376	1
5723479	1
5366669	1
5532691	1
87319725	1
9022437	1
5378741	1
9021774	1
7722076	1
63606447	1
79508025	1
5532928	1
87342660	1
5307088	1
32391069	1
9029701	1
76458500	1
5651147	1
5532683	1
9280425	1
5530941	1
5305427	1
5305932	1
76479831	1
9281239	1
7745831	1
14634324	1
76505776	1
75046173	1
5306443	1
5721877	1
9280447	1
5467423	1
5725655	1
5653752	1
7745378	1
9029834	1
5365462	1
9280454	1
5721806	1
87332739	1
5550626	1
54527990	1
43827346	1
5305640	1
9237453	1
9021586	1
9335154	1
7445541	1
9226311	1
9147166	1
9207675	1
9147160	1
28102573	1
45739740	1
5428881	1
73783324	1
7671696	1
5817386	1
6367375	1
10268904	1
74406071	1
5771084	1
66243803	1
37165515	1
9208966	1
7706863	1
9151074	1
15555000	1
5824137	1
5821873	1
9117141	1
45759712	1
28056783	1
47381813	1
5427653	1
5426084	1
5774880	1
5827311	1
9227310	1
41123852	1
6941339	1
6874158	1
87963770	1
33836726	1
9226734	1
37141008	1
9120265	1
9117300	1
5823249	1
5818205	1
47385633	1
57653572	1
41077901	1
57637701	1
9208246	1
66217000	1
43752019	1
37155706	1
5774067	1
9227342	1
28044709	1
5792849	1
5820645	1
57623242	1
47345649	1
9147662	1
41105330	1
5791887	1
7509285	1
9151930	1
47350463	1
9118090	1
72518113	1
9209240	1
47407965	1
50799184	1
57682942	1
9227620	1
9119825	1
41083789	1
72508954	1
9226329	1
7671536	1
9151813	1
9117613	1
6874401	1
9151883	1
5427716	1
9147578	1
74440929	1
57664751	1
33856050	1
9119913	1
50763183	1
9151304	1
9117505	1
9151890	1
70265617	1
45238314	1
9147720	1
5820398	1
5772323	1
9117644	1
5774676	1
9208193	1
28101768	1
9227273	1
7672899	1
6758907	1
9151118	1
27619039	1
28052314	1
9119867	1
7704733	1
60422494	1
5429531	1
74438218	1
7509175	1
7508855	1
7506891	1
7704723	1
7672829	1
47389421	1
72556064	1
33898527	1
28038593	1
5771866	1
5961128	1
27630872	1
7511376	1
5792101	1
47390684	1
70232941	1
13210546	1
50786700	1
47351401	1
43799594	1
15560526	1
31314329	1
60437255	1
72559530	1
72511370	1
9120457	1
27662981	1
7674114	1
43807818	1
9117852	1
5791315	1
6366297	1
6756540	1
9119446	1
9117841	1
9119618	1
9207916	1
15517796	1
9095603	1
80422510	1
7904374	1
41674555	1
74234731	1
7632619	1
5490728	1
7958431	1
74199959	1
80143728	1
80468977	1
5486843	1
7908343	1
5875109	1
7725263	1
24742855	1
6748997	1
6969735	1
7904181	1
7903537	1
7863200	1
7987158	1
9094653	1
6618526	1
7903511	1
9002969	1
10560519	1
74255274	1
7884504	1
80470418	1
87095287	1
5875036	1
7865064	1
74145408	1
7886228	1
73030192	1
93415117	1
7863207	1
5875324	1
7903538	1
7957953	1
7631975	1
7633984	1
5871491	1
7883727	1
6749029	1
6754646	1
7089761	1
7863735	1
90366624	1
5873643	1
9003638	1
6614730	1
7904049	1
41678331	1
7904044	1
74173060	1
92945260	1
80401961	1
9075585	1
7986800	1
7907798	1
6750305	1
5907733	1
23754516	1
80155094	1
93432091	1
90317768	1
7631608	1
20702049	1
74138168	1
80126908	1
24767292	1
6615977	1
9003428	1
7075363	1
74157647	1
5871291	1
6754960	1
13020592	1
93466652	1
5872148	1
80416861	1
6974199	1
21859254	1
9003438	1
5489236	1
80407045	1
7958268	1
7903517	1
80110858	1
6974656	1
7958327	1
74221210	1
6751414	1
9003593	1
93435141	1
9003124	1
90323810	1
5487754	1
7903539	1
21900794	1
90319127	1
5269740	1
58695141	1
9002985	1
20672118	1
41664951	1
6917654	1
7087698	1
21891467	1
7091314	1
90319336	1
12972449	1
9003212	1
74195739	1
7903549	1
73035658	1
7903497	1
80174070	1
6971012	1
7903500	1
7091370	1
7958068	1
5676319	1
98785522	1
23034618	1
5678791	1
6515191	1
92512892	1
11722828	1
41540092	1
68158374	1
61299129	1
26417289	1
35366038	1
9158526	1
11743698	1
9273639	1
61332096	1
6641780	1
33257381	1
39021787	1
5678080	1
82388950	1
68165527	1
61322264	1
68217643	1
39064522	1
5231352	1
39032782	1
7985501	1
46408914	1
5227907	1
55160511	1
89270157	1
5676950	1
26455637	1
82407370	1
41511789	1
33309306	1
78382469	1
61354907	1
91027236	1
5230342	1
26448335	1
26451378	1
79232192	1
5676580	1
6880040	1
9158531	1
52400566	1
6879906	1
79246647	1
6641364	1
82366868	1
6640383	1
45104674	1
9273497	1
89217790	1
28721050	1
34877887	1
79257918	1
5677625	1
89221355	1
61303351	1
6111362	1
18342227	1
6878051	1
78433115	1
61331319	1
34839713	1
7844453	1
46395567	1
6641005	1
9074059	1
5677795	1
6877503	1
6879840	1
41561936	1
40349972	1
46398351	1
5230335	1
5231353	1
26416693	1
6513790	1
34899990	1
91002244	1
74879854	1
5230351	1
41518663	1
89248527	1
5675007	1
79216274	1
52395495	1
82366041	1
52347894	1
33323712	1
6880402	1
9048418	1
26431044	1
34906616	1
74843527	1
5231351	1
52349297	1
61341067	1
5675612	1
5678325	1
39033449	1
5231347	1
26466224	1
7844292	1
55200683	1
55163503	1
41529266	1
5677025	1
68210613	1
7844888	1
9074418	1
23030235	1
5230982	1
7985502	1
9074299	1
5677316	1
6879202	1
6638596	1
7985587	1
5230418	1
26464563	1
5677596	1
40372456	1
7645649	1
7239390	1
7356417	1
99278309	1
7646218	1
9292930	1
98140017	1
7173348	1
7646503	1
39776104	1
76694051	1
6095812	1
75189153	1
5339971	1
22852346	1
75222273	1
6090651	1
88133230	1
62179643	1
47716403	1
7176401	1
5256392	1
7175565	1
7114615	1
98156458	1
56795108	1
5253241	1
17893967	1
7645116	1
5256335	1
56794812	1
9121974	1
6089504	1
88158147	1
7238135	1
7354626	1
7236979	1
5251461	1
7644631	1
7988369	1
30821068	1
9122197	1
38587545	1
5338858	1
9292387	1
7114685	1
6089104	1
76671866	1
6095761	1
62170567	1
39747638	1
56845823	1
6090615	1
47756101	1
41332160	1
98159727	1
5341417	1
84679396	1
9292668	1
58523025	1
5113455	1
58487116	1
6091578	1
7988600	1
7988535	1
46277466	1
99255426	1
75217951	1
88120984	1
98161157	1
7114847	1
56339333	1
7175992	1
5574764	1
88125365	1
47757707	1
75243743	1
47782370	1
6092904	1
9234854	1
9235093	1
9122421	1
76663414	1
41345728	1
7988863	1
75182594	1
5339445	1
5574576	1
7988722	1
5340531	1
22818465	1
5114965	1
5572246	1
39220990	1
7115101	1
17888615	1
18754946	1
5339435	1
6435329	1
75251484	1
41280211	1
7174369	1
7826225	1
7354755	1
58516243	1
5251464	1
6089838	1
30838549	1
7646064	1
6228793	1
6229745	1
22572206	1
5339890	1
5341294	1
41305099	1
88140016	1
22599951	1
7355921	1
99269659	1
22844725	1
5338855	1
5256393	1
6091642	1
76706382	1
39233961	1
47784692	1
56273091	1
22610014	1
58530721	1
46303107	1
7645315	1
5114026	1
62216325	1
76662296	1
5341340	1
41344708	1
9122414	1
5256075	1
22584709	1
30852141	1
58537090	1
56293757	1
39776493	1
7645887	1
7826974	1
6092879	1
22860094	1
7829358	1
30787954	1
7988666	1
9234518	1
7645277	1
18805200	1
22636032	1
58537713	1
88111195	1
9121683	1
6090034	1
9233740	1
38568175	1
7971001	1
7644684	1
7644360	1
27107239	1
10840827	1
43943928	1
9316565	1
10825587	1
92309123	1
5705165	1
5705063	1
34245346	1
34202476	1
9146078	1
5705056	1
5916130	1
6120308	1
5705792	1
92281827	1
5705141	1
9317121	1
7759216	1
5705133	1
67984605	1
34251162	1
5705134	1
42860873	1
6120843	1
49977843	1
6745132	1
9206292	1
9206302	1
88651708	1
5705194	1
9316662	1
5705875	1
51364350	1
81996710	1
92329463	1
5916994	1
5812729	1
9316302	1
86618707	1
9231334	1
5914567	1
5705139	1
86577109	1
21327621	1
5813742	1
27085666	1
9146213	1
21304931	1
7758638	1
88656134	1
5813392	1
10327384	1
6122313	1
10832108	1
21311257	1
9230805	1
5705150	1
86570310	1
5705122	1
7629781	1
27082709	1
5813104	1
5812785	1
21300611	1
94643768	1
42495373	1
5705168	1
6314313	1
43933153	1
6314282	1
10345771	1
6747514	1
92328588	1
5705116	1
42894623	1
5705066	1
9317672	1
65050225	1
5704690	1
9316397	1
13493465	1
20196869	1
5705884	1
5914115	1
5705192	1
43902836	1
5705057	1
10830869	1
92304747	1
20207485	1
18845086	1
6295405	1
5705166	1
5705113	1
9146429	1
5705609	1
6121652	1
20232556	1
27044668	1
5705062	1
6123443	1
65058982	1
5813666	1
5914354	1
18860364	1
6124020	1
9231428	1
72677911	1
6746199	1
5705060	1
6744135	1
51363915	1
42529049	1
5705058	1
5705067	1
94600821	1
88635545	1
5705140	1
88626887	1
18847744	1
5813770	1
5705068	1
5705077	1
5705189	1
34261053	1
9206892	1
75323446	1
81976890	1
95139094	1
5704627	1
5705069	1
49939100	1
5915081	1
43941800	1
5705121	1
7821144	1
10311366	1
9207070	1
86593244	1
5705856	1
10856625	1
10829103	1
9309779	1
6163174	1
10936357	1
10933543	1
7722311	1
7600918	1
7722267	1
6037720	1
5570967	1
7489493	1
6161819	1
21642233	1
6034795	1
14480054	1
7543054	1
6161454	1
7723035	1
7490208	1
39152942	1
9340516	1
25148415	1
7723082	1
7567416	1
9310788	1
6162803	1
7869627	1
21612941	1
51608200	1
7542466	1
7867960	1
7868861	1
7492042	1
7559469	1
7542101	1
5670343	1
89971019	1
5842281	1
5669042	1
32813550	1
9341105	1
14455326	1
79011671	1
7567133	1
7869106	1
7539742	1
7870375	1
51676998	1
9309977	1
9043175	1
51657385	1
10771957	1
7722904	1
7790343	1
9310480	1
35136855	1
79039823	1
14479758	1
7870299	1
9310074	1
9340597	1
7789102	1
9339813	1
6605300	1
7561958	1
7722346	1
5571686	1
6038375	1
6163925	1
7565943	1
7489711	1
14510853	1
4027246	1
5668507	1
7542719	1
48605898	1
5341996	1
7540369	1
4025443	1
46824703	1
4029839	1
10750291	1
7565091	1
5343031	1
48625095	1
5670011	1
6604347	1
9341258	1
10785127	1
22063829	1
51631926	1
14462674	1
7600823	1
35158121	1
7595787	1
5571144	1
21620285	1
5342325	1
5842960	1
32786046	1
7601419	1
9339995	1
7723434	1
7867700	1
5570637	1
79042206	1
7490177	1
6037302	1
9139522	1
5839919	1
7602784	1
10729439	1
4025389	1
6036582	1
14488529	1
48618091	1
5669529	1
79019184	1
5842880	1
5670914	1
5668872	1
46781910	1
5332703	1
7492520	1
5341994	1
5842977	1
22049875	1
6161901	1
7723197	1
51609485	1
7538916	1
6620567	1
9239314	1
7976521	1
94666804	1
13634366	1
78554167	1
6619804	1
66734302	1
9239463	1
65360932	1
7937114	1
7976041	1
9080547	1
78575354	1
7247652	1
9240142	1
91598579	1
9240602	1
67290356	1
30232992	1
56241079	1
72191445	1
6620720	1
65362210	1
9036257	1
61896660	1
28407921	1
79324929	1
9080093	1
66739583	1
6241340	1
81152891	1
9080685	1
6629127	1
94722333	1
49822452	1
91589633	1
13649352	1
49782608	1
56215877	1
54935255	1
9239731	1
54928364	1
7936911	1
75125349	1
9303647	1
6399266	1
6993206	1
7976451	1
81171821	1
9304335	1
68758128	1
6994100	1
7248924	1
79291529	1
30226433	1
78574624	1
30215431	1
7936559	1
6994427	1
70086968	1
92233384	1
68785522	1
13430470	1
92252226	1
78018079	1
66772910	1
75147923	1
61906256	1
91573981	1
30197579	1
61885256	1
61893565	1
9275187	1
70078987	1
7936620	1
9031625	1
28427514	1
91594256	1
54967888	1
6241038	1
9304604	1
28430301	1
75129596	1
9032218	1
7976351	1
13630969	1
78568499	1
75141670	1
9240107	1
65400916	1
13429060	1
94678090	1
6400809	1
13662951	1
6994662	1
9303189	1
9036605	1
6249986	1
12714336	1
54974333	1
54986011	1
78020400	1
12704850	1
9303399	1
68779574	1
6398621	1
13405366	1
7932209	1
55892861	1
55891807	1
90035743	1
39963436	1
45392888	1
9060841	1
94119952	1
6074577	1
60499846	1
39961746	1
6445984	1
40027971	1
9007004	1
7423208	1
90082105	1
60529974	1
97196950	1
6663800	1
40025395	1
6445173	1
97198583	1
6072413	1
95335496	1
6072166	1
9006895	1
9062336	1
5354344	1
97166097	1
56017896	1
90076112	1
56037825	1
6071641	1
56028511	1
98274630	1
7991871	1
96090576	1
6443910	1
90058504	1
6074122	1
95365952	1
90046627	1
22333250	1
9060908	1
9219325	1
7931445	1
90087165	1
6445118	1
97167799	1
95389937	1
9061454	1
79432643	1
90048579	1
5692439	1
7991186	1
7932081	1
9224952	1
31543614	1
6074503	1
6661326	1
55987502	1
54269666	1
31524504	1
6445147	1
50617342	1
90083962	1
48007227	1
98329830	1
9007532	1
55938597	1
27848639	1
97210536	1
6442927	1
6444551	1
79385460	1
33764108	1
95370117	1
80939691	1
6071954	1
60499781	1
22286555	1
5692505	1
7932318	1
48009634	1
59525662	1
98287479	1
40004045	1
17982075	1
53851481	1
94113645	1
55894844	1
6075185	1
6073698	1
7932292	1
79393822	1
17996652	1
59556534	1
5691521	1
94136210	1
6073249	1
9225811	1
9060931	1
7422147	1
6076336	1
50630203	1
31533057	1
79398737	1
9007359	1
54306897	1
60521740	1
5690939	1
7931962	1
9219766	1
9002378	1
45422408	1
6660691	1
5691561	1
68988183	1
55790364	1
91859840	1
5804709	1
7101118	1
70398121	1
71991696	1
94805830	1
56433692	1
67418790	1
63690678	1
85184269	1
7001766	1
57354301	1
75599395	1
63649115	1
41140569	1
48361896	1
21672700	1
5803811	1
99434698	1
22522242	1
72046422	1
7025258	1
7102924	1
44821812	1
22528902	1
94745324	1
21703342	1
67406164	1
7023974	1
44759422	1
44818433	1
7979573	1
57373130	1
6711064	1
9257827	1
7946105	1
46878378	1
94757535	1
63161412	1
7023763	1
9258787	1
85139737	1
48308993	1
91845542	1
72045249	1
67451789	1
56440784	1
56465867	1
74502895	1
7101017	1
7103217	1
7101428	1
98943797	1
5803560	1
63169032	1
56046266	1
9114013	1
41161039	1
7945837	1
70427086	1
7101465	1
98977634	1
7980242	1
9307233	1
63178910	1
7100849	1
7946431	1
7792002	1
47311986	1
99400746	1
5803955	1
55746337	1
41137736	1
57336540	1
7980147	1
5802884	1
9113806	1
9306919	1
6711352	1
56109756	1
56436944	1
7101968	1
94790555	1
67443350	1
58477871	1
22537976	1
44822730	1
74446812	1
91851994	1
70390596	1
7945895	1
5667979	1
7915580	1
77901909	1
9307671	1
91881215	1
5668228	1
74461195	1
7914353	1
7946060	1
70415641	1
7101775	1
99427492	1
44778277	1
91908967	1
89546144	1
19981880	1
91801992	1
7676296	1
5870719	1
62375820	1
5870058	1
7675268	1
9289835	1
30286895	1
6985458	1
19110332	1
30269139	1
9066076	1
7849067	1
33562034	1
19963524	1
60164393	1
24687932	1
97553166	1
88624157	1
33577103	1
6984585	1
93814783	1
7677098	1
60607317	1
51521338	1
88551890	1
7968895	1
5868693	1
7305103	1
73493243	1
6984005	1
5866837	1
20735859	1
7301396	1
97515472	1
9064923	1
19118443	1
30300934	1
6556663	1
82883494	1
16778091	1
9290901	1
60716197	1
20003908	1
7676720	1
29544813	1
93826290	1
7811814	1
88568506	1
7848535	1
19171732	1
9065615	1
24662058	1
60759226	1
9065579	1
5868130	1
29598807	1
33549301	1
33590092	1
82883666	1
60156094	1
60130485	1
6552405	1
7847277	1
7848662	1
9290495	1
7568897	1
24707095	1
20760709	1
88562738	1
97516234	1
29547026	1
9257176	1
19139273	1
5870889	1
24660607	1
62330199	1
19113914	1
7567610	1
6552983	1
9256331	1
82931623	1
24714375	1
51470072	1
61401967	1
6553166	1
19132412	1
7914321	1
9290782	1
19986662	1
7676879	1
16777560	1
30310397	1
9256558	1
7889540	1
7847293	1
6981761	1
97520554	1
42309605	1
73555419	1
7847876	1
9290541	1
29591777	1
7811496	1
19132756	1
99078416	1
89507975	1
7968928	1
7569164	1
62316236	1
7811459	1
6985719	1
97524504	1
29540651	1
19981803	1
60169111	1
7847103	1
5867505	1
51487530	1
9066054	1
93807962	1
61393176	1
33558335	1
7914294	1
30292058	1
5688946	1
6808342	1
74988038	1
58328607	1
15403241	1
6083121	1
74521535	1
6098557	1
5806545	1
74569915	1
74550890	1
7164963	1
6807880	1
15419326	1
7160549	1
25786038	1
5687310	1
9104561	1
95749975	1
20603143	1
15427808	1
81661284	1
43361062	1
33353740	1
6808726	1
67739306	1
90646690	1
25601876	1
7409149	1
75003678	1
52129995	1
90657058	1
80393086	1
7916518	1
6085478	1
6083524	1
5808523	1
6097029	1
67697712	1
90659753	1
49883601	1
7164352	1
74968322	1
74565638	1
26888630	1
5687320	1
5587367	1
12935503	1
10437248	1
41863589	1
52136512	1
9109526	1
58268476	1
29068370	1
43352508	1
67714807	1
9104816	1
22700676	1
12928759	1
5603107	1
74980897	1
5808190	1
48268103	1
25808146	1
5807816	1
6085894	1
5807357	1
20651480	1
88957024	1
5807448	1
26840345	1
22655025	1
7164823	1
5806528	1
7407123	1
5808197	1
5806524	1
22669162	1
12893680	1
6088358	1
20618441	1
9104716	1
6084431	1
49867473	1
9109812	1
52170436	1
12961588	1
67742276	1
5602283	1
9104981	1
74545912	1
5806541	1
6812266	1
33338836	1
5689063	1
10496017	1
74579355	1
69224458	1
5806965	1
5588153	1
52194258	1
6100931	1
49849770	1
80338331	1
9109132	1
9104585	1
80390568	1
59022181	1
6085533	1
95707806	1
20611076	1
6810109	1
10453067	1
6959826	1
7923127	1
27533366	1
9019881	1
23137618	1
5785056	1
10611295	1
70615930	1
71028102	1
23131795	1
48896325	1
6729030	1
6963181	1
80288207	1
96550729	1
36337357	1
6960646	1
9019944	1
5861295	1
7922985	1
9000157	1
5860451	1
17495825	1
10643442	1
5786575	1
38124159	1
47587132	1
67364252	1
45154722	1
13917439	1
47587555	1
80310982	1
82139891	1
9200083	1
9000313	1
64691233	1
6963524	1
7776971	1
5860980	1
9000660	1
6732594	1
7922607	1
6503413	1
7923635	1
80306019	1
23098125	1
82174173	1
9018896	1
69468116	1
13910737	1
48137706	1
9101553	1
27529775	1
80322557	1
6102827	1
7922522	1
6104202	1
64723897	1
6502106	1
9101928	1
7585541	1
84038616	1
27517654	1
7584676	1
96592971	1
43501755	1
70616995	1
7922971	1
6960060	1
6734038	1
70617122	1
6960072	1
6103826	1
37918116	1
6102632	1
6104175	1
6102433	1
48125922	1
7583201	1
64684774	1
5860410	1
43483702	1
7922429	1
48121597	1
6104352	1
80303764	1
70604189	1
48078700	1
10627160	1
6103490	1
6960857	1
5786911	1
84027977	1
5474626	1
5473202	1
13939619	1
7587784	1
71050288	1
6727823	1
67231129	1
6501481	1
22404643	1
48123049	1
43506653	1
38069628	1
64681800	1
6501432	1
45185993	1
43436192	1
96580085	1
5785643	1
6731458	1
13958390	1
13932860	1
9000642	1
5861285	1
6961917	1
36320242	1
6961730	1
48108837	1
17520056	1
17511708	1
7584157	1
70653576	1
5474681	1
55870814	1
27512848	1
22394428	1
70631775	1
40622200	1
80838824	1
9278941	1
5781963	1
23924212	1
7666293	1
27575571	1
48472486	1
16070265	1
6068210	1
5777169	1
23872642	1
78638800	1
7666177	1
6943828	1
7855406	1
9085163	1
7291367	1
7664783	1
93720067	1
95601944	1
7992132	1
80853031	1
7857787	1
32364719	1
81070445	1
59226804	1
7663886	1
51860984	1
51853592	1
6944083	1
82673968	1
7992710	1
47273779	1
6942947	1
95560581	1
59232967	1
27577491	1
23889595	1
82694478	1
59236309	1
70556390	1
7992652	1
7992103	1
82672083	1
52007281	1
80858891	1
9279121	1
48499505	1
81095422	1
93740388	1
7665310	1
7663524	1
44165325	1
70536642	1
9278014	1
40683527	1
38765160	1
52030211	1
7663335	1
7855063	1
7664951	1
29885536	1
7297291	1
32331034	1
80898994	1
59258341	1
81099538	1
47245511	1
70546264	1
23918828	1
38739537	1
7992557	1
38780761	1
9278598	1
98357687	1
5781406	1
81778896	1
32328765	1
7664228	1
7292775	1
29887809	1
80880740	1
85043961	1
5777253	1
48457267	1
59257191	1
44166151	1
7290214	1
29844175	1
7664086	1
7664637	1
48456204	1
59275179	1
5776836	1
44141991	1
7665296	1
6068930	1
68287630	1
44159423	1
93765381	1
59238513	1
7992010	1
29883929	1
5782766	1
27587872	1
78613226	1
78605388	1
6067873	1
95557967	1
7343150	1
5781967	1
6070878	1
23901159	1
80860158	1
98348240	1
6943480	1
29903947	1
70596412	1
7342285	1
9277645	1
44121149	1
9278573	1
5521666	1
68345253	1
7664982	1
7954805	1
7951313	1
64213887	1
7917711	1
48404419	1
7955014	1
24141079	1
6043075	1
7951785	1
5410049	1
99362648	1
6278299	1
6039081	1
6609210	1
64211123	1
7917835	1
6882071	1
7951358	1
64219963	1
9254261	1
42034892	1
5671699	1
6885120	1
84770448	1
7917833	1
66975333	1
42080337	1
9008259	1
7954804	1
66966172	1
5671760	1
18605884	1
7951171	1
5671254	1
7917728	1
6271810	1
5671954	1
6882336	1
7951413	1
64202918	1
55487130	1
6277418	1
28210875	1
9006760	1
9321524	1
18621116	1
98716271	1
99329779	1
7917710	1
5403712	1
7917495	1
18637541	1
5509498	1
89738010	1
84774728	1
72268140	1
6275190	1
7917719	1
7974378	1
5674421	1
7973989	1
89778417	1
7917888	1
86474064	1
48420571	1
6040161	1
72223169	1
77538392	1
48417502	1
5346931	1
5346448	1
7974289	1
7918269	1
7954427	1
98619989	1
7917763	1
7954531	1
64179901	1
9322659	1
98602714	1
7973945	1
7917801	1
28197740	1
6277190	1
7912121	1
7917821	1
5672937	1
5674194	1
7955049	1
7954519	1
7955156	1
72209360	1
7951849	1
7917705	1
16156083	1
84743667	1
5404364	1
5674758	1
5673491	1
9308562	1
9321561	1
42063112	1
96474431	1
86506326	1
9007835	1
6276011	1
64204391	1
9322517	1
5345620	1
6278951	1
96520031	1
89737370	1
9308086	1
9309175	1
5674315	1
6884807	1
7973973	1
77516830	1
9322798	1
72271739	1
6270651	1
9254080	1
6880848	1
99346907	1
5671963	1
69357810	1
9007896	1
28240158	1
77505227	1
24119672	1
16180013	1
9005911	1
5673843	1
7955223	1
5347016	1
64195993	1
69328874	1
9308088	1
9253935	1
9322839	1
7974381	1
69380266	1
28194392	1
