25340269	1
5553468	1
7380832	1
6644859	1
5648798	1
14256903	1
9144292	1
26929959	1
14277921	1
5553000	1
5648886	1
7890050	1
78264476	1
5650490	1
5735647	1
76918362	1
25348678	1
6645017	1
5648394	1
5245555	1
5661856	1
6643539	1
5663191	1
25309578	1
5737036	1
5648957	1
78266959	1
5553075	1
29264938	1
7286717	1
7748662	1
76414394	1
7655373	1
7288617	1
36555796	1
64002865	1
7963156	1
7356884	1
7748498	1
7742383	1
61760115	1
25968010	1
7358408	1
58833673	1
7963327	1
7941874	1
7962141	1
5760174	1
7654388	1
27183019	1
5763744	1
5757278	1
7983872	1
34472077	1
5763800	1
7983623	1
7941373	1
7961406	1
9134635	1
5755892	1
6965308	1
6929532	1
36561088	1
36565487	1
77813132	1
7942263	1
5762388	1
5764540	1
7654404	1
7283747	1
7749497	1
33929841	1
7653771	1
37886856	1
5786852	1
82176524	1
55823279	1
55846229	1
6102812	1
71064373	1
7923448	1
7775996	1
5786152	1
5859605	1
6504875	1
6503258	1
7922799	1
7923265	1
48929327	1
5859680	1
7774929	1
6104661	1
5785165	1
7776001	1
5785387	1
6959269	1
7773998	1
5474291	1
36365645	1
9000776	1
5785120	1
80288305	1
7922677	1
17507811	1
5784676	1
5860205	1
7922745	1
92788323	1
6958866	1
13887097	1
7822370	1
95182661	1
94650209	1
6305865	1
51388086	1
5914283	1
43900836	1
67922765	1
95112600	1
7759759	1
6619271	1
7821436	1
5915290	1
5913618	1
27082531	1
5916013	1
92342291	1
20188436	1
5705876	1
65081194	1
42538892	1
88692765	1
5915354	1
5915130	1
86608720	1
5705882	1
5917243	1
6120573	1
34225470	1
21350767	1
5917030	1
10298831	1
42909800	1
6747319	1
42526669	1
21328148	1
6120708	1
5705894	1
7905222	1
79581516	1
79547946	1
6723649	1
99619661	1
5713980	1
5712436	1
7950784	1
7046127	1
7500359	1
54602497	1
36217196	1
61166741	1
5713892	1
6147929	1
79584594	1
5854234	1
38934978	1
7051612	1
69992473	1
5854183	1
5853326	1
5611299	1
19202939	1
6950073	1
7953800	1
6725123	1
99631060	1
5713909	1
36201672	1
54592210	1
5713195	1
5713720	1
5611199	1
6657290	1
6657520	1
6657328	1
7042773	1
54612482	1
7905240	1
6950919	1
5329885	1
5539488	1
7223843	1
5732733	1
34165941	1
5132411	1
5538189	1
5331141	1
24448450	1
5541672	1
93190686	1
37217701	1
5616241	1
6683263	1
5538787	1
5330943	1
5543960	1
6684611	1
68242828	1
9157933	1
32746488	1
5538362	1
81476366	1
5541604	1
5329850	1
5328599	1
37221169	1
41621821	1
5543040	1
5540794	1
5616373	1
21959891	1
5730809	1
5331730	1
7850522	1
7921737	1
83201644	1
9153162	1
9153666	1
9346033	1
7851519	1
14229333	1
9141970	1
7851429	1
6997850	1
96666248	1
11595070	1
7849930	1
96616296	1
5709636	1
6997148	1
9297531	1
9344831	1
6999693	1
9130414	1
58236648	1
75997973	1
14223777	1
7850091	1
9130101	1
7921677	1
9129907	1
6997949	1
6997661	1
7990513	1
5397816	1
7574155	1
49592565	1
81944197	1
57404406	1
40401469	1
75705724	1
7778361	1
18902679	1
7778226	1
9026320	1
9084188	1
40442814	1
49069565	1
27803874	1
84515057	1
18248372	1
7172534	1
6697335	1
27780834	1
69952491	1
79194574	1
75724324	1
5397800	1
7778162	1
7990061	1
7573566	1
7927327	1
7603303	1
6908331	1
7788409	1
62429012	1
7901340	1
7927384	1
6779493	1
71594398	1
7795086	1
6782829	1
59811932	1
6654045	1
6904480	1
32519799	1
7981868	1
7981650	1
7981945	1
6654301	1
6911807	1
71562142	1
79070207	1
5680962	1
5647353	1
5682014	1
7735217	1
5637646	1
7793012	1
36632903	1
9152212	1
63509508	1
62918055	1
5142909	1
5679916	1
5647419	1
5681144	1
15234863	1
5647417	1
5682350	1
5647210	1
7426392	1
5927762	1
5927454	1
5647178	1
9148746	1
7147166	1
5925609	1
78974591	1
7966570	1
5918675	1
9152014	1
7144465	1
5682613	1
5682199	1
5680029	1
90884822	1
7793620	1
5684237	1
7143403	1
5921378	1
36605493	1
94521752	1
5682413	1
6847029	1
5682590	1
7429661	1
65961580	1
9152597	1
5647209	1
6846575	1
5928842	1
5653580	1
5379346	1
5467704	1
5531948	1
5654170	1
7718995	1
40850550	1
5380240	1
5378829	1
75101978	1
7722065	1
7446774	1
76766210	1
5467214	1
79481944	1
5653380	1
5379652	1
5380707	1
5380485	1
7977385	1
7977506	1
5379678	1
76771535	1
9336088	1
5379812	1
5652746	1
5653030	1
40868130	1
7721304	1
7745994	1
74322156	1
5379239	1
87347304	1
5533421	1
63604274	1
7976980	1
7720634	1
5380287	1
5379807	1
5467619	1
7977028	1
5532931	1
5379505	1
5379506	1
5533698	1
5724738	1
5531666	1
5723280	1
5380373	1
5723645	1
5379570	1
51469381	1
16825091	1
24703911	1
5866816	1
88565397	1
6554556	1
6983498	1
9255977	1
61383631	1
6983326	1
9066101	1
20743395	1
16801055	1
19110859	1
7810798	1
6982943	1
24682849	1
7812934	1
7677012	1
99011551	1
60573541	1
56530078	1
61392920	1
7811264	1
7676764	1
7813517	1
24707966	1
90600064	1
7676384	1
7913910	1
7848329	1
69224294	1
22701033	1
90676117	1
15370212	1
7160801	1
74988971	1
29037697	1
12933009	1
5807448	1
10449430	1
5600640	1
33396018	1
22660674	1
26843085	1
6086620	1
99106740	1
7409795	1
26899749	1
6082892	1
5808265	1
20616725	1
7159282	1
5807572	1
26894656	1
5602545	1
88945900	1
5602070	1
81631194	1
6100326	1
92555840	1
5676857	1
5675279	1
5228167	1
6640996	1
6640403	1
7843939	1
6516703	1
41528467	1
71947197	1
7985903	1
46420626	1
82414601	1
46449062	1
7985493	1
9073981	1
78435860	1
46426991	1
7844877	1
52372072	1
5677153	1
11740507	1
33282903	1
5678104	1
7985625	1
7925865	1
11748415	1
6878223	1
6641898	1
33290192	1
66346015	1
5768941	1
74946916	1
35020564	1
7967935	1
5156656	1
5766425	1
20998918	1
5768355	1
35038826	1
5156655	1
7960013	1
5161256	1
18706483	1
62669110	1
5161253	1
7261941	1
87002808	1
7960089	1
20923104	1
7729792	1
62618990	1
45820082	1
7441122	1
6989944	1
5156654	1
64105725	1
45868414	1
7968501	1
7432948	1
31367522	1
85798415	1
86268986	1
85765606	1
27389536	1
20920367	1
7258553	1
7729852	1
7437812	1
7959883	1
40576605	1
6800800	1
5156659	1
6990402	1
68807321	1
52907024	1
5327458	1
5327430	1
68934003	1
17634993	1
9125648	1
6190330	1
55325045	1
70514037	1
36453001	1
51442446	1
30931228	1
53582683	1
7993379	1
6192768	1
52922193	1
51429596	1
80763101	1
53583781	1
55291842	1
53981377	1
70503408	1
72384305	1
5470895	1
6048587	1
5469663	1
7688259	1
7686359	1
5238760	1
7178502	1
7809502	1
23300715	1
56877412	1
29197897	1
9332121	1
5357197	1
5357463	1
96769638	1
9063156	1
9130853	1
7677803	1
6049834	1
9131340	1
84075958	1
7937830	1
7677674	1
7937927	1
5470929	1
7688547	1
5472451	1
6049773	1
7180935	1
65273105	1
7980707	1
7687825	1
7937686	1
7182174	1
5241217	1
23923456	1
7992877	1
95598432	1
7292122	1
81076886	1
70558874	1
5522425	1
6069834	1
6070477	1
6070082	1
68332114	1
7973003	1
48453187	1
68353059	1
44102288	1
5605598	1
80665641	1
9278982	1
80628347	1
5784433	1
7666203	1
44153612	1
29898365	1
5784222	1
7337791	1
5522237	1
81807356	1
23881318	1
5523006	1
51871119	1
42844864	1
44024478	1
19392337	1
5973100	1
7113243	1
7392306	1
9132773	1
7781468	1
7819606	1
25654695	1
7389731	1
9202152	1
7389117	1
9201124	1
5479325	1
51810465	1
73046317	1
7389387	1
29637549	1
7386032	1
7390196	1
7817437	1
7387616	1
7481798	1
7113588	1
7519304	1
7817698	1
51765193	1
7781396	1
87172312	1
7522580	1
51787383	1
52668009	1
44433394	1
6385076	1
89342813	1
5864769	1
5862836	1
5930340	1
89334994	1
81216307	1
6675569	1
44426667	1
5923201	1
5930848	1
39671023	1
6382826	1
6385307	1
6675068	1
5273947	1
5271472	1
5274847	1
5274593	1
7226211	1
5272408	1
5866447	1
7912905	1
5922119	1
5864844	1
5275348	1
5922685	1
5274656	1
16495278	1
6676990	1
5273919	1
5273871	1
5322387	1
5924085	1
7971800	1
5271731	1
5275005	1
5320026	1
6385015	1
5930031	1
5270961	1
6886815	1
5672827	1
5674111	1
7951201	1
5673968	1
7954917	1
48386913	1
7974303	1
6269228	1
48368561	1
5672817	1
5671959	1
72215088	1
7974133	1
5674215	1
5347419	1
5404629	1
7954477	1
6609084	1
84779004	1
5672228	1
6882557	1
42086374	1
98614004	1
5671705	1
7643754	1
7987456	1
6690190	1
6023444	1
5174829	1
7374148	1
7642530	1
7643365	1
71235642	1
5936805	1
7853442	1
6685910	1
98019544	1
5934070	1
7853485	1
37317313	1
7470981	1
6173711	1
61102386	1
7714562	1
6954506	1
6957500	1
7643849	1
6957421	1
57547842	1
7377380	1
42229558	1
7643393	1
6528335	1
7210095	1
7373308	1
6459842	1
6957198	1
37274071	1
5113712	1
7238752	1
7175840	1
5114119	1
5339292	1
6095846	1
5252874	1
58520099	1
39807411	1
5113720	1
47773549	1
5574078	1
7235222	1
41316826	1
47746347	1
5575091	1
5251497	1
56842922	1
5573003	1
6228567	1
6227535	1
6612821	1
6232643	1
46240150	1
5115562	1
7646138	1
76686228	1
6230707	1
5575007	1
7989097	1
5572814	1
7174158	1
6089543	1
22567614	1
5573121	1
5575577	1
7828407	1
5341510	1
17826000	1
9234001	1
17849182	1
5256075	1
7988508	1
5251303	1
22794216	1
98155816	1
6092388	1
17877511	1
22817309	1
5252876	1
5251301	1
6227430	1
7988676	1
56852389	1
5251507	1
5113955	1
9292454	1
5571623	1
14496317	1
5570697	1
10158753	1
9140197	1
5668671	1
89944688	1
6163586	1
22066253	1
7788965	1
5571654	1
40721194	1
5569129	1
10167255	1
7790006	1
7789303	1
78977213	1
7599022	1
5332703	1
7869273	1
5670901	1
7788982	1
9140111	1
6604767	1
7561296	1
7537283	1
66021034	1
40529001	1
7816023	1
7401270	1
25287791	1
25255499	1
6648077	1
7577214	1
73643010	1
5960256	1
7839197	1
77084439	1
39523567	1
6647921	1
7972821	1
7577860	1
7813975	1
59717234	1
86702183	1
5959343	1
7815575	1
5309790	1
5309882	1
7972151	1
6484107	1
7779372	1
6649110	1
32156497	1
7942890	1
5202061	1
83410042	1
63217254	1
5200948	1
7942844	1
77653241	1
5201698	1
7875725	1
11549309	1
7877585	1
38493537	1
5201592	1
5212263	1
5201418	1
42581589	1
77644957	1
5212063	1
5202347	1
5202335	1
5211822	1
74625376	1
51572845	1
5201668	1
7979340	1
78324084	1
7978814	1
7878230	1
7877569	1
5201017	1
7979338	1
37817555	1
5201367	1
7874764	1
37779740	1
5200786	1
83423890	1
7932773	1
51156406	1
6407411	1
86940276	1
6405563	1
44168788	1
15823739	1
5754664	1
77215286	1
7845845	1
6412883	1
7846765	1
39509222	1
6415452	1
53327526	1
60210041	1
62314429	1
30559736	1
5664908	1
5666851	1
77228724	1
7933309	1
67594852	1
6414254	1
6407794	1
53314125	1
6206537	1
30535220	1
6404926	1
28365256	1
7845718	1
6415963	1
6411073	1
28319350	1
7932818	1
7932585	1
15848249	1
22897833	1
7703517	1
81700007	1
5278458	1
7195038	1
41022967	1
71629392	1
6717415	1
7189677	1
5280403	1
74809658	1
5219224	1
5279591	1
7192569	1
10371516	1
41042203	1
5846283	1
16760246	1
73223768	1
7700750	1
85696928	1
5277866	1
7700640	1
5278923	1
5276683	1
71668107	1
85688356	1
6011370	1
6667765	1
5277429	1
7680661	1
33706218	1
5279593	1
7701238	1
5656241	1
7191054	1
5280393	1
9024994	1
56707111	1
5276283	1
5280529	1
81701621	1
5279659	1
7724398	1
5277817	1
7724825	1
75634989	1
5279618	1
6718482	1
74795587	1
75928444	1
5279698	1
33737231	1
81689881	1
5279149	1
5656864	1
33811743	1
31549507	1
6072682	1
7991655	1
6664398	1
7419041	1
6660894	1
6075050	1
54267333	1
98269851	1
7932236	1
6663868	1
33787961	1
45366417	1
6664295	1
6660300	1
48066845	1
56019060	1
5352123	1
7932162	1
50609742	1
48038642	1
9007275	1
6660919	1
7931662	1
5690996	1
95375148	1
27829167	1
5748192	1
68801085	1
6240864	1
6241277	1
75159745	1
6990898	1
30234664	1
6995924	1
92266523	1
6401040	1
68776083	1
7975706	1
6991782	1
9032124	1
5748770	1
70079385	1
43109929	1
6991671	1
5748828	1
6627499	1
6991068	1
6621981	1
6398983	1
7976474	1
70086442	1
5748097	1
5749079	1
11304316	1
42974168	1
52332816	1
5101293	1
95799331	1
7684145	1
5101287	1
42927648	1
97753567	1
5101369	1
7612522	1
57519065	1
51238562	1
7683310	1
6893697	1
59653612	1
73146306	1
5101307	1
6371217	1
52280854	1
95844985	1
5315712	1
5100291	1
5314427	1
7017955	1
95229789	1
7980469	1
7792303	1
67452205	1
7979631	1
7027721	1
7915306	1
56118269	1
75542799	1
7022168	1
70435093	1
47328725	1
13386705	1
7915442	1
55756753	1
7791060	1
7946646	1
70437124	1
6711482	1
91856295	1
7792018	1
56112167	1
7129416	1
6737036	1
64384695	1
6739352	1
7924315	1
7996572	1
7924151	1
64390555	1
39829314	1
7130133	1
6737388	1
6390634	1
5989737	1
65525843	1
31101243	1
10704175	1
6392357	1
5989739	1
6738168	1
7996266	1
61525307	1
61512623	1
9137820	1
9289559	1
5985838	1
7798421	1
62850850	1
7949772	1
7924133	1
66420514	1
31081068	1
5883031	1
64416792	1
5989733	1
32082836	1
5985245	1
32082782	1
94260036	1
6595644	1
7950090	1
9083299	1
51150261	1
20432883	1
7371628	1
7551373	1
7406756	1
65177116	1
7556535	1
62133153	1
65187118	1
5854278	1
9083586	1
50155827	1
5857044	1
62152181	1
9111446	1
44728670	1
7804363	1
32891038	1
9276582	1
51145636	1
7370523	1
6337566	1
64089320	1
7805241	1
91349834	1
5855779	1
44701757	1
7403906	1
9083645	1
30082685	1
91374870	1
93133759	1
7187900	1
28169063	1
7197324	1
87610656	1
7786475	1
56147984	1
9138676	1
5738526	1
26051186	1
7183914	1
7649008	1
55679506	1
5738781	1
7785915	1
15358448	1
7649294	1
7786485	1
6865157	1
7948608	1
7185712	1
43177468	1
7948483	1
7831172	1
5739799	1
7830159	1
7646664	1
7648009	1
7184611	1
15340660	1
7786839	1
28547354	1
6861627	1
7948581	1
13321469	1
7959056	1
59876128	1
83720437	1
7124611	1
89177662	1
35757306	1
7952412	1
9305156	1
29501818	1
7122082	1
52599896	1
26691197	1
7272280	1
6211054	1
36417721	1
76160185	1
17590765	1
5374640	1
53203581	1
65827032	1
5787611	1
5787296	1
5789193	1
7939197	1
5788464	1
7939131	1
69114184	1
7939281	1
7823623	1
5789850	1
7825387	1
5789053	1
6264147	1
7682014	1
83559742	1
5788563	1
75853784	1
7772818	1
5788931	1
5788827	1
83673189	1
7910240	1
7747884	1
6512473	1
5788875	1
88303809	1
83303194	1
7772212	1
36735116	1
5789197	1
5789432	1
5787508	1
5789655	1
5788589	1
36692392	1
6255385	1
24884927	1
6255566	1
57307875	1
75841336	1
12618659	1
6329694	1
5236916	1
5896471	1
7799868	1
5236927	1
61603854	1
7975483	1
72838687	1
71415929	1
7955798	1
6218951	1
5232219	1
26771564	1
6837482	1
13537811	1
7934278	1
48146708	1
5236878	1
6837911	1
7934228	1
71466336	1
38195346	1
5728344	1
5232220	1
61603833	1
15691303	1
48167642	1
6842384	1
65887318	1
9270308	1
91707203	1
94419531	1
6841745	1
6178926	1
7975540	1
61630314	1
6833016	1
36825391	1
95532165	1
97072337	1
7661799	1
5284232	1
5284030	1
7660834	1
15901491	1
5708910	1
5281578	1
5707229	1
9285565	1
5282820	1
6536787	1
52939749	1
7940754	1
15909973	1
5283045	1
5284360	1
32264544	1
5283449	1
6143874	1
6533010	1
5281615	1
5625985	1
5283488	1
5281291	1
16065969	1
5281720	1
64599139	1
7928485	1
5282159	1
7919328	1
6535453	1
5285667	1
12224602	1
45881736	1
6139168	1
9075523	1
5707850	1
7322403	1
97329254	1
5283755	1
87816291	1
9136794	1
5281995	1
5705979	1
7965526	1
5281625	1
21264509	1
5280802	1
9285075	1
7927818	1
5281640	1
7323614	1
7941178	1
7931259	1
7666929	1
81360093	1
6568502	1
98480343	1
6128795	1
6398089	1
7964660	1
86637084	1
95893668	1
7669348	1
7668707	1
5536885	1
7964683	1
70712700	1
6128215	1
98426649	1
7873493	1
6569056	1
5535960	1
44636777	1
5351430	1
95901412	1
7668051	1
60304835	1
7453250	1
5537517	1
47548361	1
7453532	1
5534565	1
24619698	1
98461709	1
87229151	1
56648116	1
51083753	1
7691668	1
7807525	1
5716250	1
87698086	1
5718973	1
59126135	1
19098584	1
7805637	1
22131938	1
91988935	1
9213522	1
5720473	1
83144438	1
32623025	1
66461881	1
5717570	1
5716449	1
74274129	1
7885320	1
7903970	1
5909591	1
6972792	1
7904001	1
7904682	1
7904708	1
7904701	1
7904722	1
6919151	1
7904665	1
87117393	1
7904748	1
5486433	1
7904753	1
5489545	1
7958401	1
41691711	1
6922858	1
5872156	1
7904351	1
7904216	1
7904752	1
7904709	1
6971838	1
7904735	1
6974923	1
6749773	1
6974614	1
92164241	1
7864993	1
6971870	1
80181193	1
7904712	1
93470138	1
7090555	1
21895031	1
6969824	1
5875287	1
7904685	1
6921662	1
7958323	1
5490618	1
7904696	1
7904703	1
7904112	1
6921209	1
7904695	1
7086047	1
93612658	1
5138480	1
6539723	1
7978137	1
5285924	1
82784096	1
5105390	1
5286325	1
7836566	1
5302231	1
5137897	1
7935624	1
69765450	1
5135286	1
6050699	1
7978446	1
65708335	1
6695272	1
5979873	1
7944308	1
6694014	1
65737493	1
5105023	1
65711632	1
11270393	1
20081906	1
7977985	1
7978051	1
5105334	1
35061515	1
6788831	1
7943614	1
88397752	1
32003344	1
23227890	1
5525332	1
7984991	1
7111908	1
7136458	1
12614059	1
37736044	1
85310062	1
34623135	1
9156691	1
34634290	1
31188836	1
16867115	1
17917199	1
6519726	1
5526161	1
9155407	1
84625124	1
6522268	1
74073847	1
19322879	1
5525069	1
32570833	1
15499076	1
17939527	1
28455339	1
7137447	1
24836287	1
5658359	1
98924826	1
51900735	1
58720120	1
5658588	1
6586669	1
6705791	1
6947979	1
57952966	1
41756522	1
7929636	1
5558334	1
56352907	1
5555453	1
51967197	1
9329462	1
7066098	1
6949412	1
24844167	1
82489620	1
98865604	1
7843599	1
30646726	1
5558215	1
5658591	1
6704384	1
7133647	1
9321222	1
5660951	1
6947529	1
7135306	1
5558134	1
58762100	1
6441364	1
7132547	1
6598657	1
70973935	1
11803434	1
5629049	1
5262329	1
95985425	1
6591064	1
63851337	1
63828461	1
49177631	1
9326095	1
90089915	1
5631392	1
20523353	1
6591676	1
5629347	1
5632437	1
95955462	1
59159581	1
15629449	1
40779375	1
49174276	1
7656095	1
28800611	1
99745190	1
6798002	1
5560475	1
44326592	1
5850560	1
5561366	1
96992218	1
97002734	1
9149267	1
28758785	1
99696137	1
35254112	1
5847483	1
5793168	1
14525586	1
6797569	1
47861226	1
14576733	1
64863478	1
5795705	1
5794827	1
44340416	1
6355064	1
6348683	1
5559909	1
48728745	1
5561980	1
53052194	1
9149699	1
5558738	1
90272057	1
28772831	1
5797241	1
53034659	1
7906739	1
33494933	1
7762503	1
6576289	1
11864084	1
5565509	1
60382194	1
9009847	1
26602114	1
38891814	1
7208675	1
7939802	1
5564051	1
7929203	1
53720174	1
7154972	1
7760946	1
5563408	1
12862890	1
84432518	1
7208503	1
7928634	1
19788853	1
7157769	1
12849763	1
5526980	1
5563591	1
7414830	1
46529005	1
7414222	1
5564668	1
46182501	1
5527080	1
7208915	1
7906322	1
5528386	1
92587250	1
7939462	1
26579036	1
5527175	1
5565453	1
45487696	1
5565946	1
5248117	1
14137615	1
5635919	1
5636101	1
46707473	1
5248661	1
5635735	1
5247550	1
9129493	1
7785497	1
6562186	1
7997741	1
81876569	1
7785249	1
5634059	1
46738663	1
80078304	1
5568628	1
7264746	1
81882344	1
12509826	1
5248070	1
5251098	1
9128834	1
5636400	1
7785420	1
5636463	1
51703530	1
5634677	1
5565983	1
22988898	1
5567083	1
6773687	1
5545071	1
5548131	1
7640762	1
5546500	1
92659827	1
6368358	1
5546318	1
53381722	1
5940619	1
7694345	1
75298918	1
7861486	1
7641905	1
5546902	1
5175618	1
7861823	1
5548002	1
5181121	1
5182524	1
6770317	1
5830059	1
56588171	1
6768389	1
30154465	1
6370271	1
7995271	1
56615351	1
6367463	1
69837646	1
53505856	1
5835582	1
7695490	1
7861220	1
5957512	1
5185708	1
6466713	1
42732068	1
5484481	1
5482924	1
7879889	1
6980459	1
7998523	1
25182825	1
6433741	1
6171396	1
5482010	1
7881580	1
24429594	1
9001816	1
7011999	1
9334328	1
6978757	1
42731969	1
6980199	1
9001795	1
21102461	1
9333863	1
72526537	1
6763296	1
9227080	1
5792546	1
6757102	1
5962699	1
7671063	1
5792531	1
6764266	1
5790495	1
5793036	1
6364927	1
5792397	1
5792884	1
9150995	1
27663743	1
15539625	1
47357989	1
5825464	1
27604093	1
6940212	1
6874166	1
5790249	1
5772275	1
6364064	1
70236203	1
43786505	1
5791624	1
9208535	1
43793834	1
10259894	1
6939208	1
31313556	1
5963433	1
6873050	1
43780550	1
5826716	1
5791134	1
7705640	1
