93976275	1
15363242	1
26642658	1
19825799	1
13846139	1
99850233	1
7182326	1
55727726	1
87587283	1
15339484	1
26634319	1
43018926	1
9138877	1
56164822	1
55416416	1
55411721	1
17439451	1
7965862	1
5101455	1
45688588	1
32825911	1
73187090	1
5100053	1
7684456	1
95229911	1
34541337	1
34722491	1
5101486	1
45490612	1
80528714	1
9193144	1
7208017	1
9193324	1
47470824	1
7157141	1
9193416	1
9193326	1
92608755	1
54251443	1
54187047	1
9193323	1
9238222	1
70516179	1
70448373	1
9057130	1
80700879	1
51422335	1
9265888	1
53577101	1
9245084	1
9280419	1
39729991	1
14656177	1
5533454	1
50861702	1
9280102	1
95459248	1
32433628	1
32387792	1
94335138	1
12547097	1
9204668	1
39605553	1
7997684	1
46350177	1
43402446	1
13061107	1
49724267	1
13055124	1
42173756	1
44466164	1
50002136	1
16530739	1
17732038	1
15733550	1
64951974	1
5863588	1
6385300	1
5931061	1
5865088	1
62489363	1
93540343	1
49994940	1
70937875	1
9077380	1
17705923	1
33360944	1
9109377	1
58281509	1
88974700	1
52132301	1
5688088	1
58309518	1
80392413	1
67688868	1
10490381	1
59043813	1
9104344	1
25576137	1
88971888	1
33332459	1
75006721	1
26861858	1
58271017	1
7159391	1
29048507	1
82912940	1
9257333	1
30300934	1
19138513	1
90551292	1
97515472	1
60573119	1
60599062	1
42305141	1
5869259	1
30311857	1
9257188	1
90589933	1
7847775	1
9255972	1
9066129	1
60708580	1
5169020	1
94465691	1
6174465	1
5174698	1
9150311	1
75831101	1
9072308	1
89058170	1
5934341	1
94482892	1
61125427	1
5169043	1
69638180	1
32714301	1
93196239	1
9158171	1
15188960	1
81477413	1
32675960	1
41588751	1
58626461	1
52510685	1
9223316	1
94145914	1
76382576	1
58788716	1
7941874	1
27132869	1
34428497	1
93321449	1
34467716	1
33928710	1
92858067	1
18973738	1
27172727	1
73814160	1
26475347	1
26501459	1
19638782	1
73444987	1
77982184	1
7367021	1
92488517	1
9081292	1
9081032	1
42604397	1
7979374	1
91418273	1
66515709	1
28422134	1
67243413	1
56263252	1
72179201	1
68739849	1
79352292	1
66772813	1
9080004	1
78015576	1
9080847	1
94721736	1
12721600	1
65463184	1
88518570	1
5650826	1
39920199	1
23179593	1
91634604	1
25309219	1
78263236	1
93866909	1
25307725	1
27468738	1
41417968	1
87899562	1
41357277	1
7195068	1
22908966	1
75623776	1
73228203	1
7704267	1
75916908	1
75924403	1
20255561	1
7704083	1
41411514	1
39559850	1
80807074	1
59379411	1
66844130	1
65615030	1
14702513	1
77064857	1
73672038	1
80801289	1
66437672	1
9222094	1
73916886	1
9214454	1
41983167	1
9221895	1
9213817	1
19314852	1
6367420	1
9151890	1
5790156	1
9227780	1
47389421	1
70244440	1
27640803	1
10233429	1
5790700	1
50760061	1
41069751	1
41070749	1
74384464	1
5705732	1
51335807	1
82021810	1
87358676	1
92342536	1
43916398	1
10298889	1
72707290	1
5705891	1
10613880	1
7583851	1
17531263	1
37918116	1
43445480	1
48128672	1
5785797	1
5786696	1
23098125	1
67207892	1
5784684	1
5785308	1
43445442	1
5786607	1
22355333	1
55816686	1
5785551	1
83988153	1
70617122	1
67196508	1
31680442	1
9334696	1
9001105	1
42751212	1
9261464	1
62583384	1
79154620	1
69557019	1
7573442	1
75701544	1
7167210	1
7172286	1
9026811	1
7172450	1
7171273	1
9084617	1
79166121	1
7171338	1
53221974	1
7738699	1
9110850	1
7123462	1
7697025	1
65256864	1
21485261	1
59913830	1
53160590	1
89147518	1
9110379	1
89157838	1
35760757	1
20991090	1
7696277	1
7698291	1
9110260	1
26821316	1
5232802	1
9209418	1
9210676	1
7975566	1
72821903	1
61848599	1
60853805	1
26762771	1
9210163	1
9038353	1
84093871	1
33657695	1
27021393	1
7687460	1
40285165	1
7686952	1
84073078	1
7180020	1
6049677	1
7688827	1
5240471	1
7686689	1
7981276	1
5470913	1
85555308	1
7686761	1
7937927	1
14884071	1
68724441	1
84094963	1
9202106	1
87143634	1
58148122	1
29630370	1
52702652	1
29631168	1
5477598	1
73082898	1
5970903	1
7799218	1
5880319	1
7128422	1
45343630	1
5880960	1
61538594	1
7952947	1
6636937	1
28248869	1
6393484	1
72934117	1
7125310	1
67672281	1
62635039	1
85832452	1
21000320	1
7959919	1
45832451	1
38380633	1
20919816	1
63485739	1
87023237	1
40200817	1
9284559	1
9284427	1
57879217	1
45842892	1
57856749	1
92522687	1
6639095	1
28672868	1
45133783	1
67061090	1
45079423	1
89215469	1
9074113	1
6638965	1
98819691	1
64874685	1
35253440	1
9236358	1
9191434	1
28746158	1
5793172	1
90310695	1
56960369	1
13127743	1
9235699	1
33476100	1
90303023	1
65636730	1
30571300	1
37645871	1
16928525	1
5851369	1
7905222	1
21166537	1
53107835	1
9103626	1
7905192	1
54576168	1
9112838	1
35915059	1
94891521	1
39276348	1
30534641	1
44190051	1
50222313	1
95091953	1
52088688	1
28327273	1
67604257	1
6406374	1
38239047	1
9141171	1
6569049	1
98470580	1
86653127	1
98504379	1
70713078	1
97834066	1
46607172	1
9141021	1
7032200	1
5350813	1
7682480	1
9082084	1
9069013	1
9033585	1
5789246	1
85359056	1
83560750	1
5788353	1
82525808	1
5789754	1
83559508	1
31441421	1
9319012	1
18483793	1
53413749	1
84332845	1
75265444	1
54411023	1
5181202	1
83785147	1
96160337	1
69797654	1
7642225	1
7995274	1
59481783	1
10133841	1
34044677	1
48681373	1
54432377	1
7695916	1
77345830	1
7580876	1
46056623	1
72313867	1
96670248	1
9107315	1
86837067	1
9153516	1
99214299	1
9142197	1
9119069	1
21397798	1
9118641	1
91162502	1
86096355	1
9328411	1
7930385	1
5658508	1
24833609	1
24816812	1
5659784	1
24855414	1
9021020	1
7134859	1
56406394	1
41755807	1
9106110	1
7605450	1
9264281	1
71608405	1
75421594	1
9105608	1
82618297	1
90814599	1
20403270	1
41233615	1
16270565	1
96245006	1
90484613	1
96267848	1
93149106	1
44720599	1
91372865	1
99932765	1
5622505	1
9111471	1
64016200	1
9277260	1
9112011	1
82783693	1
93567072	1
6693750	1
5102323	1
25401360	1
9217560	1
5102518	1
67847927	1
7755695	1
82719727	1
83501254	1
69414461	1
88061804	1
5683060	1
9148168	1
44586194	1
88032695	1
5695076	1
24540940	1
7994067	1
44562093	1
5925669	1
7993963	1
59332659	1
7176509	1
5255914	1
88143460	1
46263903	1
7173677	1
88169945	1
7355502	1
98134305	1
7988451	1
5110827	1
56309218	1
9122724	1
22850283	1
9235248	1
41324809	1
84735057	1
51671915	1
14491550	1
5569064	1
7494225	1
22055953	1
10783292	1
7789303	1
89951070	1
9139442	1
10785127	1
14479056	1
22063305	1
9224388	1
9225620	1
9007260	1
9224537	1
79371347	1
98276194	1
31535373	1
7991349	1
18000861	1
90065673	1
22308618	1
98297027	1
96089903	1
22330649	1
9257556	1
13360689	1
63665618	1
75611691	1
68971257	1
75571678	1
48323099	1
63669671	1
75542264	1
99426220	1
99453965	1
41153109	1
48355110	1
68987574	1
98705089	1
52965687	1
21217000	1
15907521	1
9136764	1
16680400	1
7920897	1
29733741	1
87842243	1
52945038	1
98259893	1
5627253	1
97340433	1
15870725	1
87827158	1
7920903	1
5877376	1
18110394	1
21904788	1
73023347	1
7986997	1
9075602	1
10580283	1
23738042	1
23740153	1
87127488	1
5493636	1
7904748	1
24781695	1
9008338	1
7918020	1
64741190	1
64802063	1
24094223	1
72204957	1
96520031	1
6038611	1
9005916	1
98605247	1
6040617	1
77535335	1
96455342	1
9255443	1
9006665	1
9008303	1
98578189	1
89774685	1
64788154	1
81777929	1
98393447	1
44164039	1
23865111	1
5784585	1
70537445	1
80874922	1
48473726	1
28495951	1
9192874	1
6872851	1
36956059	1
40962987	1
85315954	1
54719532	1
25011295	1
40981494	1
9192890	1
9192880	1
9192875	1
9192889	1
32583465	1
9192930	1
86167503	1
7142055	1
18212281	1
75514143	1
50090691	1
50128318	1
95954701	1
7651611	1
11781380	1
90147204	1
9331298	1
82059111	1
82089036	1
15990284	1
40164922	1
92870026	1
95018925	1
