9308920	1
77522694	1
7918269	1
7954520	1
5404821	1
6886344	1
6626319	1
6265907	1
24145509	1
5674110	1
5672661	1
72271739	1
5404818	1
5672461	1
7255188	1
28198906	1
27304572	1
86494072	1
66947155	1
7955134	1
5410049	1
27270826	1
18624305	1
98625219	1
9309342	1
16196040	1
5347704	1
9308275	1
77520749	1
6886802	1
7256226	1
7954930	1
7917389	1
5404822	1
6608750	1
7258083	1
72219109	1
7973891	1
24082921	1
7954910	1
7254264	1
7911775	1
7954467	1
9008550	1
5347751	1
93733650	1
32360463	1
80652993	1
80845975	1
27567689	1
9050428	1
82681572	1
6070482	1
7292403	1
47258201	1
7855506	1
85081421	1
95622935	1
82704052	1
7973470	1
95607970	1
7857982	1
51857434	1
7291367	1
52022207	1
16099790	1
5521641	1
7973204	1
7854799	1
5782542	1
23916447	1
9053672	1
98410359	1
80658325	1
51895991	1
32374263	1
9277934	1
51871119	1
82707710	1
7855990	1
59232967	1
6070953	1
5781548	1
6708443	1
7855076	1
9050656	1
7857916	1
78605388	1
85047677	1
7664369	1
82678659	1
5782629	1
38734854	1
6069084	1
7295483	1
7665310	1
6068064	1
40692630	1
6069224	1
9050183	1
59279680	1
6071559	1
6071076	1
80885626	1
51832088	1
47236330	1
7858030	1
6070241	1
7665329	1
9054373	1
95532815	1
6837567	1
6839993	1
65843707	1
7799284	1
71408643	1
48217683	1
7800750	1
15719267	1
48158596	1
9210612	1
95508291	1
71412239	1
5233411	1
85212340	1
5420802	1
5235105	1
36841856	1
7975173	1
5235025	1
5898825	1
13551179	1
5742841	1
36884048	1
9038454	1
5233579	1
5236142	1
38155196	1
15664915	1
43657948	1
5235135	1
7933598	1
97073466	1
7800287	1
5236143	1
7933727	1
5235079	1
6829579	1
5728435	1
6217998	1
5742906	1
87546520	1
71466336	1
7955379	1
13602722	1
61858946	1
5741554	1
5234917	1
9046326	1
7933938	1
7955845	1
26807404	1
87568002	1
7801016	1
7975572	1
5743041	1
48192327	1
9046654	1
7933524	1
95528970	1
52293692	1
11348981	1
95822620	1
97739174	1
45674514	1
57510798	1
32847657	1
32832892	1
7685028	1
7611669	1
54094706	1
7611440	1
5362475	1
29119337	1
7316544	1
6371146	1
42967998	1
29148475	1
45710176	1
7684224	1
7017726	1
54058926	1
5360005	1
5100291	1
9288052	1
92125175	1
11338221	1
92127721	1
34755020	1
17446718	1
6422251	1
7685736	1
55431138	1
17464509	1
30359212	1
5100004	1
54070680	1
34534547	1
19490202	1
97801808	1
5100013	1
29162364	1
6418751	1
54045450	1
7965953	1
54040739	1
34698082	1
95847636	1
7965923	1
93677521	1
34509368	1
6418517	1
6418296	1
57484013	1
6417223	1
11305384	1
9127731	1
30383104	1
29160528	1
45725950	1
6421204	1
9286758	1
11342122	1
79839691	1
53786476	1
7953881	1
14351549	1
36201672	1
54612761	1
38942908	1
36194132	1
36204566	1
6144135	1
5614016	1
61194863	1
54152522	1
53085930	1
19194692	1
79808211	1
6148005	1
7953959	1
7950661	1
53122916	1
99656796	1
71743176	1
43720255	1
7044586	1
6146937	1
7950649	1
5808950	1
19244300	1
38930591	1
38960260	1
5714215	1
30569419	1
54138467	1
6658215	1
43673073	1
7504617	1
79758538	1
5853260	1
14382253	1
6144169	1
6146544	1
53742039	1
19242263	1
21531922	1
43706024	1
5809451	1
6147389	1
6952140	1
6147796	1
38989681	1
38984733	1
7950941	1
71705442	1
36163329	1
5711337	1
30600630	1
5612049	1
61139237	1
5376562	1
7122654	1
78825805	1
13315789	1
7952102	1
7121777	1
7121723	1
35793442	1
53210797	1
7951924	1
20963250	1
7273895	1
21451530	1
6156183	1
26703502	1
53180300	1
33252480	1
17548828	1
7120559	1
43238581	1
7740220	1
7959497	1
33206154	1
7696177	1
5377146	1
89173286	1
7739469	1
5373406	1
9305481	1
6284511	1
65211162	1
17561066	1
98058934	1
13274409	1
47114544	1
98075777	1
20960485	1
7959056	1
6156751	1
21452247	1
13304827	1
7740284	1
7271986	1
88844348	1
6210041	1
43287830	1
35734067	1
89181454	1
88844263	1
78862511	1
7698013	1
83218146	1
7849911	1
9142212	1
26368341	1
7921599	1
83229992	1
7850969	1
90963332	1
75998734	1
91918905	1
99156226	1
7851572	1
99206020	1
84407357	1
46082420	1
72347625	1
83236687	1
11097251	1
83221320	1
7921789	1
7851429	1
97464630	1
72325072	1
9297186	1
88201500	1
99192045	1
11575231	1
14239186	1
91959284	1
9153045	1
62029697	1
99221130	1
53931559	1
46033253	1
26346673	1
97449810	1
6999422	1
5800593	1
27705688	1
46065919	1
53953050	1
88423176	1
5553468	1
5661142	1
88545537	1
7890955	1
27438525	1
9040314	1
29310240	1
5648394	1
9051870	1
7891963	1
76950786	1
5650490	1
7892240	1
5245299	1
9144256	1
25361130	1
6645106	1
14276360	1
97591828	1
88482840	1
29965079	1
5106891	1
6642762	1
76949699	1
5245335	1
5552267	1
7891527	1
49255058	1
49273358	1
29317829	1
88857653	1
9051849	1
69268579	1
9052345	1
97590832	1
39333085	1
5245202	1
64970584	1
7384172	1
6643768	1
5245572	1
5245208	1
9039642	1
9055694	1
29295489	1
65437331	1
34269455	1
29964139	1
9051704	1
39887995	1
93892502	1
5554341	1
5737180	1
88503296	1
5245233	1
97599594	1
93897669	1
5244523	1
29293213	1
28159965	1
7197324	1
28164456	1
55729307	1
7182449	1
6066079	1
28102880	1
69097597	1
56128184	1
7184475	1
14772370	1
11004402	1
93997114	1
99900381	1
11009351	1
7182959	1
7832075	1
14733457	1
9343232	1
99875180	1
89823870	1
43146189	1
7196550	1
28167170	1
68037504	1
6066134	1
5738960	1
7197202	1
13818760	1
56161268	1
89859665	1
7649088	1
9343222	1
56165729	1
13818247	1
7786078	1
43549734	1
7646938	1
99990604	1
11031647	1
11023589	1
89864374	1
26634638	1
69059188	1
11034962	1
7198796	1
49655638	1
57116432	1
69069301	1
38351584	1
55734763	1
7786175	1
43581231	1
9088253	1
6482987	1
59704933	1
7972924	1
14729192	1
7783979	1
7957506	1
78115647	1
9115443	1
73654366	1
6487223	1
6480287	1
40486883	1
25283393	1
7838265	1
37566479	1
6486784	1
6647299	1
5308840	1
78104691	1
38002407	1
80819359	1
7972404	1
71120321	1
39552195	1
38034205	1
7780259	1
66033149	1
6480641	1
6479821	1
7814459	1
5309316	1
7784451	1
7779532	1
6648077	1
50983938	1
7395275	1
39574334	1
6649554	1
17255375	1
7780700	1
6484616	1
73660652	1
7396313	1
6485500	1
7781187	1
6475896	1
7837912	1
51000610	1
59717234	1
5310014	1
6477199	1
6481184	1
64344091	1
73669472	1
7780234	1
7780118	1
59702881	1
5310352	1
7972672	1
7784195	1
40501490	1
6692217	1
7753199	1
67853658	1
6050814	1
65753042	1
5102768	1
88367470	1
5135537	1
6787110	1
93324686	1
11365915	1
6052014	1
7836188	1
65737493	1
5140047	1
57795660	1
69737621	1
83492327	1
7977628	1
5138617	1
7977679	1
11233969	1
35080459	1
7936278	1
6786245	1
76359008	1
7978255	1
37050535	1
7530201	1
5138480	1
11226046	1
7755256	1
7835675	1
6050530	1
5977538	1
6545486	1
5102771	1
35070059	1
7527854	1
6537220	1
6693976	1
17780300	1
59760562	1
69749053	1
6053372	1
5103796	1
5104921	1
5102296	1
5105335	1
93588227	1
9116613	1
6536876	1
69740527	1
69412955	1
37042777	1
7944177	1
6537859	1
83466350	1
5101933	1
31266452	1
55023052	1
59065757	1
19089339	1
6428724	1
6318545	1
92013128	1
9221594	1
5716237	1
19702227	1
51080895	1
6428541	1
6428437	1
7353710	1
7807940	1
6430025	1
70193990	1
5265303	1
87662372	1
70140535	1
6321600	1
73395632	1
32631611	1
48986941	1
17343840	1
66472410	1
9213971	1
42021037	1
32623026	1
82241665	1
7348218	1
7807918	1
17382621	1
9127329	1
19054682	1
36041366	1
19272594	1
51030652	1
5698202	1
22104802	1
21725116	1
19050525	1
87689218	1
73883668	1
5580519	1
6429400	1
42007855	1
76966647	1
48990371	1
5989177	1
45299800	1
66364981	1
82799680	1
6391505	1
78450718	1
35642193	1
58103433	1
35591961	1
7797609	1
5881878	1
47037468	1
47022308	1
6451253	1
64386544	1
10672037	1
7797605	1
6393151	1
7953541	1
34076374	1
94240707	1
7924274	1
6389572	1
99523887	1
9289108	1
6387212	1
28252311	1
6391526	1
62874789	1
6391118	1
7923765	1
66382783	1
7949778	1
10656729	1
7127496	1
39832660	1
72929968	1
6597418	1
99524921	1
80584750	1
78490216	1
72897976	1
6392981	1
16300408	1
7924631	1
39870385	1
34076902	1
99472270	1
34073224	1
6389685	1
9289558	1
6387047	1
62869011	1
61512623	1
80595723	1
5985572	1
7797405	1
6390925	1
66409129	1
6392131	1
28274875	1
99503755	1
99465435	1
6594061	1
94233942	1
9289185	1
7924130	1
28291663	1
7153863	1
9010370	1
77745120	1
7962851	1
7760648	1
45443295	1
5564756	1
5563365	1
45594719	1
7939773	1
5563821	1
38889955	1
6577110	1
7762330	1
6577004	1
53739953	1
96703783	1
6876474	1
6577008	1
7150863	1
45473949	1
7360453	1
5563807	1
7414121	1
53679387	1
19765892	1
7208675	1
7155794	1
5562662	1
71842843	1
7208753	1
6876571	1
7962390	1
45438754	1
6575765	1
80529215	1
9010147	1
7962985	1
7414619	1
6575697	1
5565207	1
6575829	1
9009766	1
6576147	1
7207382	1
19774459	1
49489992	1
9129149	1
14166423	1
5251126	1
5565613	1
81860756	1
81869653	1
51699268	1
9055073	1
71261217	1
5260433	1
18041300	1
81868788	1
5248263	1
12416241	1
22990907	1
43407217	1
5633324	1
18048322	1
9205569	1
7997045	1
9205864	1
22765900	1
6561387	1
46376405	1
96392194	1
35553407	1
66191102	1
92386331	1
51719000	1
5251214	1
5565704	1
35556050	1
12473341	1
5568517	1
51692792	1
88742921	1
35520554	1
46712145	1
51686785	1
7785257	1
9055454	1
5566475	1
46907688	1
5582805	1
6409081	1
23834285	1
9342694	1
55083586	1
93065675	1
5949571	1
6404686	1
7933052	1
6405656	1
53352599	1
6406731	1
95039574	1
6407246	1
35894381	1
6409640	1
53363756	1
93081843	1
6409574	1
7933155	1
6406471	1
62285657	1
6403711	1
23816467	1
6412020	1
53319599	1
6406016	1
94947829	1
28319350	1
51171377	1
89712128	1
55122290	1
51199646	1
7960912	1
6405940	1
6403991	1
7947156	1
5664718	1
50234092	1
50274478	1
7932762	1
77216260	1
7846832	1
55130748	1
55114889	1
5664908	1
5948856	1
15804592	1
15855200	1
6409766	1
6414584	1
50234635	1
5944336	1
23840481	1
7932650	1
7933171	1
5753297	1
55100129	1
15827852	1
30515451	1
77219710	1
44070219	1
6404403	1
6416254	1
55093026	1
94957502	1
6207943	1
9032939	1
6410902	1
7288547	1
6492584	1
93303161	1
5760478	1
27127902	1
7941651	1
6490296	1
36557557	1
6492077	1
77809979	1
58873156	1
63962773	1
77813536	1
6488360	1
93278051	1
94191609	1
7749749	1
7231126	1
63994063	1
7653249	1
9223003	1
6966472	1
6490364	1
64005627	1
7655049	1
52507701	1
7741647	1
34462377	1
77831023	1
33977481	1
6930121	1
9251465	1
7233844	1
7286875	1
7288368	1
34460387	1
33904845	1
7742375	1
18962609	1
19023966	1
63941794	1
36554385	1
6493409	1
33960757	1
77831218	1
9134084	1
92825770	1
9298131	1
58872444	1
6968206	1
9249643	1
7405059	1
9111520	1
7804565	1
5217259	1
9083721	1
20406845	1
5216766	1
90499934	1
62152904	1
84834619	1
6339421	1
9100218	1
45987260	1
93159088	1
5855873	1
90798482	1
77283197	1
96281456	1
35979594	1
96264173	1
99956369	1
96238179	1
30089492	1
45959132	1
97428007	1
62125544	1
64011944	1
7370385	1
9100558	1
5217269	1
35974120	1
5854404	1
99923038	1
16229915	1
14015564	1
20394539	1
44733647	1
5856759	1
84869252	1
7804857	1
44736529	1
7804713	1
5216764	1
44687883	1
62155911	1
90825378	1
9112107	1
16249228	1
7405475	1
9083248	1
20426051	1
99926867	1
70491164	1
6132398	1
9238848	1
77578876	1
85531926	1
20341893	1
6131495	1
70475406	1
30959607	1
17634993	1
9265606	1
6131431	1
5421350	1
6191263	1
85490366	1
5152348	1
6131101	1
38792183	1
23607568	1
5421619	1
7766713	1
68897464	1
17683431	1
6130931	1
85530087	1
30995903	1
5424082	1
58989915	1
77621705	1
7766078	1
20340106	1
7934999	1
30973588	1
23576421	1
38803397	1
23629282	1
5153845	1
9126136	1
9123664	1
6132757	1
6131991	1
64125581	1
57897673	1
5159189	1
85813886	1
21001950	1
7279226	1
6987674	1
7729637	1
47188213	1
74892259	1
20920272	1
7260291	1
97951688	1
64145036	1
9311350	1
7960318	1
12321017	1
85732453	1
62617614	1
6806047	1
12284174	1
40563899	1
34991508	1
7960370	1
74920679	1
7439092	1
7730695	1
5159188	1
83057967	1
7277498	1
20909015	1
7730914	1
7259909	1
7442329	1
57869037	1
7262205	1
5159215	1
5159192	1
7439533	1
5159197	1
9042101	1
5154496	1
21019934	1
7261387	1
40223692	1
21034974	1
27341588	1
87027079	1
12319189	1
35037882	1
7260573	1
7896365	1
31773606	1
6566379	1
97889621	1
7894357	1
87251301	1
47516594	1
7897591	1
6570500	1
6566950	1
7895855	1
98496957	1
7873608	1
5535583	1
7894522	1
6127859	1
7897093	1
5348966	1
6397956	1
7874160	1
5536895	1
98439582	1
7894935	1
5537297	1
38250351	1
24580989	1
85028318	1
5537611	1
48574434	1
7337140	1
37546177	1
7873091	1
68090418	1
7666446	1
17053848	1
6396084	1
95856717	1
62748412	1
6394434	1
6568160	1
6394374	1
37484643	1
44654847	1
5350750	1
85028612	1
6128758	1
35351796	1
7893893	1
37506431	1
17105237	1
5350284	1
70680483	1
97857680	1
35347766	1
5536386	1
44674828	1
91469222	1
6395476	1
66696009	1
17079087	1
6396149	1
87262210	1
5532674	1
5531632	1
9335251	1
87292998	1
5651259	1
7977405	1
5721790	1
7745155	1
5550884	1
43824461	1
87350097	1
76458500	1
70327302	1
5363683	1
5365309	1
70303374	1
6454864	1
5366318	1
40843301	1
70296967	1
5551028	1
55519991	1
5551051	1
6454988	1
7977184	1
70353170	1
5653416	1
36744086	1
94335235	1
55563446	1
7745712	1
5307916	1
7745867	1
9279622	1
5532206	1
7714900	1
55574703	1
5365462	1
87332739	1
6455563	1
36797851	1
5365778	1
12180462	1
5550279	1
7977463	1
22874788	1
7750879	1
7983100	1
7725015	1
7724757	1
75962430	1
81700007	1
41372993	1
41360792	1
40085099	1
16719575	1
85638647	1
6008650	1
26183972	1
9048766	1
14423574	1
9048740	1
40069406	1
84169080	1
41060225	1
26181369	1
22928539	1
74775460	1
5655458	1
10405356	1
71629339	1
87895325	1
20572466	1
6164886	1
56760587	1
44249427	1
20277994	1
16699666	1
10387564	1
47658705	1
7724720	1
5654478	1
7983283	1
9049280	1
33713477	1
40077038	1
7701990	1
6666287	1
6165610	1
81708839	1
7192390	1
7574494	1
74753523	1
87887496	1
41001100	1
20571472	1
7725183	1
5276574	1
40096609	1
20273619	1
6665073	1
10368505	1
33748074	1
7985661	1
5231551	1
6638602	1
5676765	1
46426122	1
92553897	1
5231568	1
28737964	1
6112088	1
92518530	1
98800795	1
45075760	1
9048269	1
18370128	1
55139236	1
33321048	1
98855849	1
39041394	1
35365225	1
5676707	1
55175348	1
78391263	1
18381818	1
6111467	1
52358965	1
9048120	1
5678613	1
23080813	1
34904221	1
34892874	1
11741163	1
11724244	1
78368834	1
82374535	1
9048681	1
71968146	1
6110326	1
35389674	1
41518415	1
71980931	1
68178915	1
71966001	1
52409611	1
6639315	1
35377369	1
67052277	1
79219550	1
79245399	1
28727131	1
61333093	1
74851565	1
95945098	1
94976825	1
5262329	1
7242043	1
40110871	1
11831529	1
9330486	1
95945370	1
92906846	1
20524073	1
40822789	1
5631392	1
40799657	1
90114697	1
6028860	1
20491569	1
49240195	1
82048896	1
97255184	1
94966438	1
7245058	1
70792111	1
75519745	1
15590591	1
75480267	1
5632302	1
90156894	1
20509748	1
15986965	1
53301723	1
64589839	1
37017909	1
95026182	1
5630942	1
50089137	1
37025035	1
50097103	1
7246353	1
90126530	1
53267043	1
15595016	1
97251695	1
59154349	1
6871739	1
7984885	1
31188673	1
9051251	1
32580249	1
25027652	1
36927305	1
78151197	1
9051088	1
32012781	1
7985036	1
15500266	1
17945851	1
5526602	1
9051095	1
5523933	1
7112001	1
32597231	1
7984454	1
9051399	1
7984718	1
7005175	1
5523597	1
5525043	1
7310857	1
34673355	1
7138384	1
7984900	1
54750014	1
7111935	1
5526847	1
78181904	1
7925248	1
31194165	1
7241321	1
7139189	1
36947036	1
5523601	1
32580664	1
15501888	1
31195034	1
6520318	1
5524422	1
37735763	1
7137030	1
7309856	1
6521420	1
7138688	1
17907386	1
37760563	1
6437143	1
5114699	1
7175160	1
6093030	1
6089237	1
56790021	1
5114965	1
5254031	1
6093474	1
7644804	1
17897236	1
22572839	1
6091340	1
22599988	1
39783627	1
75213795	1
22593632	1
6094288	1
99261681	1
39784454	1
5252619	1
56287831	1
41305277	1
9234634	1
9291927	1
56798992	1
22602088	1
22579584	1
99289874	1
7355561	1
5114545	1
38590411	1
30836412	1
17826000	1
7828010	1
38579915	1
30798683	1
88111038	1
38601182	1
39215645	1
22823253	1
6613423	1
22846067	1
18796563	1
58501838	1
56828348	1
7988219	1
7988170	1
7988661	1
6093020	1
39165562	1
7988291	1
30820427	1
7355921	1
5574764	1
6088902	1
38601402	1
5253656	1
9122096	1
15875742	1
7927782	1
7662808	1
7919444	1
16670577	1
16389037	1
6139450	1
6143809	1
5625630	1
7941318	1
32246029	1
5281154	1
12211933	1
7919442	1
57717574	1
12254418	1
98665633	1
7931354	1
91284994	1
72490919	1
6141069	1
6141533	1
57708977	1
25468776	1
7964905	1
16019157	1
16056051	1
37975872	1
16676717	1
98698524	1
45943097	1
7919443	1
6531650	1
7927769	1
7921106	1
98207666	1
7661839	1
21237469	1
7965066	1
7941163	1
7928424	1
64669957	1
29741871	1
7956302	1
9286399	1
6140572	1
7965355	1
13716070	1
6057899	1
98242193	1
16676834	1
13717069	1
16383043	1
32241662	1
16417659	1
21230156	1
16370799	1
9136252	1
64622716	1
29703643	1
5283510	1
7867002	1
51673414	1
7538812	1
39138125	1
35135705	1
5571222	1
7492689	1
5669250	1
7493272	1
7561855	1
25087703	1
9340448	1
7868006	1
32808528	1
10155391	1
46793551	1
5336005	1
7866758	1
22040753	1
10771858	1
7489711	1
7868900	1
7557942	1
5669392	1
7489969	1
10873417	1
5336631	1
46820487	1
7537749	1
22035385	1
7537529	1
10919351	1
6159295	1
5332703	1
7492520	1
7563134	1
9340597	1
7602710	1
6164136	1
79022702	1
22666421	1
43361776	1
95708182	1
67731893	1
7159362	1
90663097	1
7916971	1
6085225	1
6084675	1
25762122	1
5807448	1
88964519	1
25532614	1
33356059	1
15375975	1
7161879	1
20651922	1
88925922	1
6083764	1
99126987	1
12902114	1
25770932	1
22653072	1
6083263	1
6097252	1
9010634	1
67737211	1
48284522	1
43342369	1
88947347	1
58333980	1
48290829	1
10460901	1
7916628	1
88936659	1
58327565	1
7411532	1
6082592	1
29100607	1
6087777	1
7916907	1
7916906	1
6100746	1
5687651	1
5807375	1
99129232	1
12929560	1
15430253	1
6084098	1
7916968	1
6085139	1
12935408	1
7162891	1
81609846	1
74529109	1
25600090	1
25797082	1
6085536	1
80368915	1
52171031	1
41818473	1
52239920	1
48276758	1
90654543	1
5190620	1
50433710	1
78774280	1
7778820	1
62588639	1
9241952	1
64274969	1
50451279	1
18897799	1
57452944	1
27811816	1
18258677	1
78781017	1
7990703	1
18273300	1
57432585	1
9053356	1
75709422	1
5192873	1
7170233	1
78780046	1
9084330	1
50464532	1
18942606	1
75734099	1
75742968	1
7778174	1
7778685	1
44867404	1
57437921	1
63365116	1
5401642	1
9052896	1
7172297	1
9053139	1
7990259	1
78790585	1
7637093	1
9026243	1
49605609	1
7990202	1
50443070	1
62588984	1
9026473	1
40437966	1
50412552	1
90432926	1
7932209	1
22280533	1
7991726	1
96146227	1
97203026	1
6443910	1
6445984	1
6074947	1
97187845	1
6073358	1
6072619	1
31556608	1
6443078	1
7931796	1
54291809	1
53836340	1
9061103	1
5691551	1
5352042	1
96118063	1
24246108	1
24267306	1
6072552	1
9225541	1
31529718	1
33766150	1
9224387	1
59554774	1
7801623	1
96122945	1
73603211	1
5691449	1
33767319	1
7931628	1
55933948	1
33806330	1
6073698	1
80949405	1
6444966	1
31533057	1
5693223	1
5690939	1
24224405	1
90055399	1
73605591	1
5354129	1
6074687	1
18024913	1
6076078	1
63655897	1
7979936	1
21671577	1
72037277	1
99437125	1
77842952	1
44802221	1
7980242	1
6711482	1
13359634	1
91879332	1
47311986	1
46844857	1
91857942	1
22555193	1
57361421	1
68993812	1
56110453	1
7020606	1
46837440	1
75575260	1
6712612	1
7792098	1
9307704	1
72019881	1
7791408	1
75607530	1
91886003	1
67406164	1
46873039	1
7980026	1
7980058	1
56424036	1
13361909	1
91872321	1
57315837	1
44777381	1
85143074	1
7791145	1
58440333	1
67400065	1
22513157	1
74506116	1
48363902	1
77898979	1
41205626	1
85127471	1
70415641	1
67425714	1
7102496	1
41186537	1
99422424	1
74450329	1
75604847	1
7979802	1
82906275	1
97562342	1
7889622	1
9256232	1
41467026	1
7887536	1
24712391	1
88563290	1
20001968	1
7888149	1
7914101	1
7848328	1
29545775	1
7675823	1
73514426	1
6984036	1
88624157	1
9065452	1
6553191	1
19996846	1
99050732	1
93779704	1
7813500	1
7888128	1
7675313	1
61366935	1
7298794	1
7848060	1
51528105	1
60743704	1
6981844	1
9290100	1
20781923	1
6551916	1
7889829	1
7889455	1
97578242	1
91767821	1
29611597	1
7888882	1
42308117	1
19956688	1
7675914	1
93804690	1
19102943	1
9256202	1
90579835	1
5866535	1
7904426	1
41664385	1
87117348	1
23732295	1
7863271	1
6974108	1
41697717	1
13020592	1
12982416	1
58658091	1
7075589	1
7887304	1
5268133	1
80436466	1
74158845	1
10560519	1
7904455	1
7725351	1
21912893	1
74160647	1
92966036	1
9076250	1
6969824	1
24726419	1
6972183	1
7887285	1
7886012	1
93451411	1
7865252	1
7903701	1
6754646	1
7986669	1
58673778	1
7886851	1
90361544	1
7887200	1
7904299	1
7886670	1
6972378	1
9095326	1
7886981	1
6749029	1
23779962	1
58639193	1
6918802	1
6917654	1
5269206	1
6751414	1
6969754	1
9157489	1
5329616	1
6473659	1
58583435	1
5330569	1
9014635	1
5331141	1
83869829	1
93179613	1
47994194	1
83826715	1
24444964	1
6044349	1
5732204	1
6044987	1
9014712	1
5133473	1
37243406	1
29362861	1
6472448	1
5543412	1
6471173	1
7222531	1
9013998	1
5732967	1
6044262	1
5541276	1
57999315	1
47938633	1
32985134	1
69625914	1
6680941	1
29391090	1
93229924	1
5331939	1
5331078	1
6044444	1
5327910	1
6471831	1
5730326	1
81477933	1
41617750	1
33038727	1
5617058	1
34143142	1
6681006	1
6044602	1
5133482	1
58019506	1
9014670	1
75891771	1
7989333	1
9068936	1
7824805	1
24916365	1
83918887	1
57262140	1
28175227	1
50351585	1
7939250	1
36691055	1
6425081	1
36685839	1
82544948	1
82507823	1
50344873	1
6423359	1
57312671	1
24924419	1
7772824	1
6426182	1
5787375	1
82540723	1
12619082	1
31507767	1
6422556	1
83935743	1
7989732	1
36707204	1
9012451	1
83968279	1
31488092	1
28623698	1
57236330	1
88319947	1
6512538	1
7772122	1
83267604	1
83938574	1
57271193	1
82523567	1
83646015	1
9077806	1
6423117	1
69166265	1
85381833	1
6327847	1
24927676	1
44961976	1
83293350	1
83600449	1
5459372	1
24892989	1
44458206	1
5932499	1
49997690	1
15749810	1
9044508	1
7912739	1
9301744	1
6385812	1
7625436	1
67513102	1
7912738	1
44461412	1
7971683	1
7912917	1
89305701	1
9302794	1
5924913	1
16543100	1
83366749	1
66088583	1
5923379	1
81251385	1
16517685	1
6345946	1
57191669	1
44417621	1
6386285	1
9044002	1
9246783	1
64936609	1
6348045	1
7912737	1
5925382	1
6385846	1
9315464	1
6494319	1
16524451	1
81233209	1
6499124	1
19906679	1
62519925	1
5865683	1
9045636	1
64930824	1
6631636	1
13133039	1
77108694	1
33510125	1
48767059	1
47856264	1
33509093	1
28034552	1
97002734	1
5560642	1
9090846	1
90281698	1
68642323	1
44324762	1
47795572	1
28769555	1
24053988	1
68644878	1
7656899	1
86021155	1
33500695	1
86052190	1
54907558	1
9211276	1
23478454	1
6353677	1
14571714	1
5560770	1
90286329	1
47902319	1
6799776	1
68586172	1
35250139	1
35233137	1
33515243	1
6352804	1
99725011	1
33500308	1
47829849	1
6901404	1
5793168	1
77119006	1
56948198	1
24079811	1
47806742	1
53034817	1
6352294	1
5560340	1
6900358	1
5561126	1
5560905	1
6047629	1
73812315	1
26276190	1
6136913	1
7878479	1
89916490	1
77653241	1
7874668	1
7875725	1
32170241	1
6046449	1
6046873	1
73448986	1
6047513	1
7979491	1
19645098	1
6136904	1
6047719	1
28956817	1
38492780	1
9313589	1
73416243	1
7943109	1
6134758	1
6046379	1
7365836	1
6136272	1
51599041	1
91446644	1
94824382	1
6046471	1
37841838	1
38436379	1
18443789	1
26291934	1
6046808	1
6047267	1
11553674	1
32162747	1
26299965	1
7876918	1
6134151	1
6046889	1
74652797	1
32171458	1
9313108	1
5212437	1
7943156	1
77970021	1
9313422	1
7363278	1
7876814	1
7366632	1
78307493	1
83437742	1
6134052	1
6047529	1
6137110	1
6045900	1
6047297	1
7942400	1
7875600	1
37837232	1
6134057	1
6137068	1
7119994	1
7249187	1
78564687	1
9036228	1
6399357	1
78580308	1
67294953	1
13464812	1
72182299	1
67275542	1
67290285	1
7976104	1
81157806	1
6401960	1
6399001	1
28392515	1
13641706	1
6990862	1
9080276	1
7937284	1
7247204	1
6400186	1
6400731	1
56209183	1
70120332	1
9304301	1
5746730	1
13407606	1
78570288	1
92225335	1
5748828	1
9036068	1
94675689	1
6402824	1
78007336	1
65374848	1
6398621	1
75158995	1
9303647	1
7936712	1
7976451	1
30215431	1
66788945	1
12704948	1
6705752	1
9320598	1
82434062	1
91186966	1
9320190	1
7015605	1
7842175	1
11667434	1
12026512	1
7013722	1
9320559	1
6947979	1
7066202	1
99799414	1
6438927	1
30706639	1
6946839	1
7515464	1
11661156	1
6947873	1
58756133	1
21381996	1
7133823	1
6441629	1
5661128	1
6704824	1
36260238	1
51967881	1
99796021	1
6439540	1
98893751	1
31020927	1
6587602	1
5658588	1
7059240	1
7516946	1
58703398	1
9253811	1
6440794	1
5557159	1
24805687	1
91156869	1
7131690	1
6949236	1
7513145	1
7013740	1
9320137	1
21403915	1
91189882	1
7063367	1
7016256	1
9329278	1
57948718	1
6588788	1
9328635	1
7518485	1
7072877	1
7058851	1
11995411	1
7852286	1
7853649	1
52808900	1
7642915	1
9301115	1
6176625	1
42190088	1
7659114	1
7219845	1
37307072	1
7659389	1
9300838	1
6820788	1
7643334	1
6461707	1
6461184	1
61121342	1
5162873	1
15141791	1
7853613	1
96923508	1
15129085	1
71367709	1
7470567	1
6955271	1
6689236	1
7643450	1
7469039	1
61211733	1
94513579	1
7220125	1
97977305	1
6955974	1
6460451	1
57552998	1
37320974	1
7212913	1
89032482	1
7220300	1
7710828	1
6821633	1
6956361	1
9299997	1
6463290	1
5162981	1
6825952	1
7981422	1
5238843	1
56886935	1
72403323	1
7938220	1
6049986	1
95324986	1
7808543	1
5471301	1
9040775	1
95326947	1
90230984	1
95280687	1
6049786	1
90211064	1
33638798	1
56875626	1
7177265	1
7181575	1
23366422	1
6049014	1
7808850	1
68728461	1
23352042	1
6048189	1
5471918	1
6048487	1
17184498	1
65260388	1
23331849	1
14034996	1
72393376	1
5238837	1
23317635	1
14048191	1
52754262	1
90230294	1
90236034	1
85597391	1
6048712	1
7627761	1
5356923	1
23304102	1
14928088	1
14908106	1
23321744	1
6049763	1
7981023	1
90202993	1
6790548	1
33624375	1
7626986	1
9131546	1
7678710	1
29241711	1
85591394	1
7688944	1
23528926	1
68700830	1
7628022	1
72381202	1
23558324	1
7178838	1
7937500	1
10106434	1
5186007	1
10955338	1
5942437	1
56599571	1
25858237	1
64451139	1
5180222	1
6369021	1
7859683	1
5544727	1
53454060	1
5182545	1
49348202	1
5186008	1
77343950	1
69830690	1
5176480	1
83818936	1
7861368	1
84288944	1
75290385	1
7995329	1
49352408	1
99577404	1
7860843	1
75254501	1
15043948	1
6573925	1
5181126	1
5185397	1
30184078	1
7695449	1
99533819	1
84303468	1
5180460	1
5186011	1
5548353	1
25843360	1
5186010	1
54441198	1
6369891	1
5941798	1
10071835	1
10986757	1
6368903	1
7642001	1
6575098	1
49395313	1
10075146	1
56578125	1
53477391	1
77391580	1
33981390	1
9318110	1
5180477	1
5957512	1
34020285	1
7695034	1
7783196	1
6105885	1
6107904	1
22212484	1
73065220	1
42830012	1
9132414	1
7818001	1
5969666	1
44020374	1
7782346	1
5476106	1
6105713	1
7521378	1
44004992	1
61679894	1
9201581	1
7782842	1
50666827	1
44024478	1
87180981	1
25613484	1
12388895	1
6671527	1
45554060	1
7782408	1
73071543	1
58180777	1
6107210	1
34604598	1
7113578	1
76558959	1
50712033	1
7479599	1
34556116	1
12114640	1
76543429	1
7387129	1
52680044	1
50662049	1
7329457	1
58158379	1
12100402	1
9201298	1
14956505	1
61693305	1
6466713	1
7252528	1
6979621	1
53623926	1
7010655	1
21114663	1
24426985	1
5482377	1
78709497	1
42412344	1
6464133	1
6465956	1
9337356	1
9261381	1
96876366	1
7880331	1
25176963	1
23968977	1
67161565	1
7012776	1
6077308	1
23961512	1
25194845	1
96857944	1
31664205	1
7251403	1
6081602	1
7252322	1
6081529	1
9336888	1
16603478	1
6080512	1
6077187	1
7883212	1
96902151	1
6466133	1
9334346	1
31718540	1
9333935	1
68497357	1
9001723	1
31725126	1
7967224	1
21123562	1
87994529	1
96861906	1
28844175	1
6077574	1
9337141	1
6975640	1
7881944	1
42746587	1
7012294	1
6977488	1
63097728	1
6466015	1
7252183	1
53669924	1
53607373	1
67141239	1
7011653	1
7013332	1
81022096	1
54775896	1
85870013	1
6080029	1
96848472	1
36334116	1
36371666	1
10599288	1
6506090	1
48930198	1
6962696	1
6104175	1
10610813	1
47607081	1
5785950	1
96575125	1
36339672	1
7774660	1
71083181	1
71044486	1
64725003	1
45143753	1
6729030	1
45173533	1
27504872	1
5785056	1
7923512	1
6503923	1
23131454	1
7586771	1
70621922	1
71064117	1
9000207	1
96549878	1
17540256	1
38127950	1
84004691	1
64732726	1
70610987	1
71028102	1
5858175	1
9019695	1
9198614	1
22365055	1
82145957	1
7923093	1
48927143	1
6959269	1
6503251	1
7923392	1
6101414	1
84033232	1
84043246	1
17504916	1
71092851	1
48096381	1
6501432	1
82041715	1
9046932	1
49961084	1
94645550	1
88634226	1
49943984	1
67925077	1
21362430	1
6312877	1
42885394	1
72671640	1
67976267	1
75377038	1
10837030	1
5814649	1
49938656	1
6313904	1
18875131	1
6124574	1
6313613	1
87405880	1
9316662	1
51364350	1
18877260	1
5814690	1
6121150	1
5915780	1
94596406	1
7630873	1
6744430	1
6120520	1
43917352	1
92290021	1
6314322	1
10819788	1
43902820	1
42877039	1
6123513	1
6742438	1
18843443	1
20237920	1
5915290	1
51355726	1
72672461	1
5814492	1
5814545	1
50786766	1
5962328	1
5425499	1
6359380	1
10233561	1
6764449	1
6359936	1
60394158	1
43763056	1
5791591	1
43745166	1
41083789	1
9227782	1
6359999	1
45765038	1
9226483	1
9120138	1
45750921	1
5826716	1
66237588	1
50757596	1
5823065	1
5771903	1
7705986	1
70250703	1
74396805	1
50780663	1
47348074	1
31353474	1
57616828	1
45241363	1
9208363	1
6364927	1
5429217	1
7670693	1
5772109	1
57669931	1
5773952	1
60444436	1
37138670	1
66250818	1
9118112	1
6366994	1
5428288	1
7673610	1
28071939	1
6756540	1
6148768	1
6153519	1
36609832	1
88073543	1
60793962	1
6151922	1
6150912	1
5144393	1
78942070	1
5926197	1
65938199	1
82287454	1
62932099	1
62920672	1
7735405	1
60945271	1
24536531	1
96315441	1
7496530	1
96332417	1
6851082	1
7736822	1
88046135	1
5142975	1
59290481	1
7149432	1
14863224	1
5679042	1
5144432	1
78919193	1
87449420	1
96345810	1
6152306	1
7497906	1
78927441	1
88052251	1
5927940	1
5142957	1
5685245	1
60803111	1
81558408	1
36613276	1
5144316	1
7147984	1
81539044	1
36651135	1
7495829	1
60950786	1
65953493	1
7736080	1
15249923	1
24514826	1
60816985	1
5696940	1
6152552	1
36650296	1
36623815	1
5918003	1
88031460	1
96343440	1
5144395	1
44571204	1
5643861	1
7495266	1
7794592	1
24556827	1
35802244	1
62468579	1
6776531	1
7898545	1
7604503	1
82597887	1
79703186	1
7795102	1
6906341	1
62008072	1
6944742	1
27244380	1
7795274	1
34961452	1
79072413	1
62007033	1
7795201	1
46104445	1
42692905	1
59847573	1
7788394	1
5117173	1
38708153	1
6906973	1
42689300	1
9259852	1
9232342	1
9232648	1
7982421	1
7898989	1
79688319	1
7899439	1
42648254	1
80190009	1
5117160	1
9215146	1
32493812	1
59812252	1
9264621	1
62400203	1
7795134	1
32495670	1
9264267	1
9215186	1
6782793	1
7788521	1
32490900	1
34918957	1
61966645	1
35827717	1
