77453739	1
82434062	1
9268508	1
6946935	1
35654806	1
5556526	1
6586551	1
24826290	1
86091765	1
5557159	1
35645999	1
9319569	1
51935484	1
51947499	1
5660740	1
9320598	1
6949412	1
91205618	1
35677268	1
7072877	1
91189265	1
6704384	1
6705726	1
51966822	1
5555688	1
7989397	1
69140219	1
9034607	1
36722139	1
6511378	1
6259509	1
28175227	1
7770362	1
44979977	1
6250535	1
7989732	1
82544818	1
6511740	1
7746855	1
44934241	1
75848819	1
5830506	1
5829942	1
7861588	1
5187115	1
5830295	1
6367938	1
53475753	1
59500449	1
5181204	1
7640371	1
5180460	1
5830628	1
53472967	1
5186927	1
5180222	1
6369891	1
7693624	1
59504423	1
5186099	1
5833076	1
6369482	1
5828812	1
75290385	1
56576348	1
92699433	1
7318095	1
5100718	1
73165481	1
32847176	1
5100004	1
5100013	1
5100709	1
5100714	1
57484013	1
5703942	1
45712748	1
5100712	1
5700701	1
95849244	1
73176748	1
52336786	1
93672643	1
34543014	1
97801808	1
6371353	1
30345842	1
59637915	1
9288073	1
59590058	1
37356368	1
7831353	1
7183191	1
19815715	1
7195906	1
6064092	1
70843242	1
56179261	1
26650591	1
7182449	1
7183914	1
7830638	1
69097597	1
26109402	1
6066840	1
91096661	1
13846139	1
58316031	1
41865334	1
5603181	1
80332195	1
5806020	1
7163993	1
22695091	1
95729595	1
52230867	1
7410667	1
20632816	1
6099497	1
7407023	1
5807445	1
81656758	1
25596926	1
95708182	1
67717410	1
5806019	1
5807416	1
6100326	1
61380564	1
60597043	1
19169748	1
7674369	1
56524849	1
97531688	1
51517716	1
6556888	1
7301834	1
60690002	1
7848328	1
6551916	1
6983970	1
73543267	1
60579591	1
6554582	1
6553191	1
5869886	1
61427219	1
7813500	1
5867718	1
7300172	1
62326766	1
19983436	1
5870160	1
6551466	1
91766869	1
6552746	1
67672281	1
6988452	1
7258748	1
6989544	1
63495355	1
61442597	1
6988806	1
7968288	1
85779368	1
7968349	1
40542452	1
63484674	1
5161894	1
45814220	1
9016693	1
40206026	1
5866181	1
5923308	1
7913210	1
6633646	1
9314839	1
5925382	1
66088583	1
15729781	1
9247031	1
6631502	1
6348045	1
7913116	1
89405465	1
6345946	1
6630919	1
6631636	1
5849011	1
47827510	1
90304226	1
5558557	1
14585574	1
9212524	1
53017360	1
97015787	1
9149324	1
33515243	1
5561158	1
5850211	1
5849012	1
6799650	1
6353677	1
9090846	1
54882972	1
23487809	1
13133039	1
5559162	1
7926136	1
46407912	1
67028115	1
6113641	1
35382291	1
39069507	1
5228180	1
71954483	1
92510902	1
7985328	1
6111467	1
26409850	1
9272404	1
5676707	1
5231334	1
5228995	1
7644000	1
7987862	1
61227908	1
6955103	1
94494356	1
7372695	1
94513579	1
9301129	1
7219845	1
15129501	1
6957762	1
7987313	1
7643334	1
6957500	1
61262481	1
5162873	1
6524655	1
6524880	1
98019700	1
7376947	1
5162981	1
7852090	1
25999535	1
7942231	1
34461845	1
7983640	1
7358324	1
5763273	1
7941651	1
58919357	1
6924348	1
7654437	1
5759961	1
5762862	1
94143676	1
5760478	1
7743412	1
6965479	1
7654094	1
5762709	1
7288617	1
7961691	1
29025802	1
5243923	1
29923687	1
5243899	1
5243904	1
49254446	1
5107548	1
5243882	1
5243881	1
5663522	1
5243868	1
5107547	1
5243902	1
5243894	1
5106886	1
69282825	1
28982173	1
5106891	1
5243880	1
5648460	1
5243926	1
97605888	1
5243885	1
5243895	1
34268179	1
5243896	1
5662296	1
5648798	1
5243962	1
5245202	1
34331444	1
5243879	1
5243886	1
49251053	1
5649798	1
9039642	1
39367183	1
97626374	1
5243887	1
5243907	1
91659932	1
6645833	1
29937226	1
14266298	1
5734337	1
5105788	1
91656936	1
50605246	1
98302037	1
5351741	1
5352679	1
6075019	1
33811183	1
6445794	1
6075050	1
9218765	1
39993161	1
5352042	1
6072619	1
9219236	1
6073113	1
9219664	1
31513888	1
96091522	1
94093649	1
6076196	1
9007127	1
27874579	1
31533057	1
22278152	1
94141753	1
6075209	1
31574996	1
24261167	1
48027932	1
98329342	1
5352665	1
48010566	1
19533861	1
5969666	1
7114126	1
12079777	1
11166993	1
76569454	1
7325924	1
6109343	1
6107210	1
6105885	1
7329521	1
7113578	1
61676838	1
12379178	1
7782049	1
72792567	1
7818713	1
89622043	1
7524965	1
76535200	1
50693248	1
38501184	1
38539475	1
7803682	1
96295706	1
5854278	1
9111520	1
5217259	1
5855608	1
5855146	1
5215202	1
46021789	1
9112107	1
7805241	1
5215370	1
5217764	1
5215371	1
50157130	1
5622849	1
5855779	1
62151593	1
44733647	1
5856759	1
64046443	1
5803564	1
69020738	1
70393559	1
63180753	1
5804709	1
46881070	1
63706803	1
85152168	1
47312274	1
7023041	1
47300914	1
48322645	1
7915085	1
98940303	1
58453617	1
6711482	1
5803216	1
7027914	1
75607530	1
86974382	1
28322954	1
16437175	1
7932668	1
6238287	1
6238329	1
39297726	1
28337958	1
35911935	1
5665026	1
67606806	1
9342968	1
35898994	1
5238843	1
40292776	1
5357247	1
7181163	1
65283304	1
7981234	1
5240449	1
17141394	1
7938277	1
5470631	1
9041341	1
9040741	1
7810422	1
5243168	1
7182174	1
9023091	1
76220405	1
33067050	1
5213699	1
77653241	1
33062145	1
7876306	1
5213527	1
7878479	1
6046808	1
6045927	1
6046889	1
42601990	1
5213672	1
5213673	1
66519825	1
6134758	1
5213708	1
7876814	1
89913852	1
5213522	1
73856357	1
7978725	1
7117381	1
32147315	1
73444209	1
7876128	1
26516523	1
5213632	1
6136096	1
6046550	1
11533708	1
74658979	1
51535871	1
5213745	1
5213548	1
6240864	1
66772813	1
6242736	1
78013434	1
72182299	1
13629730	1
7976104	1
6630124	1
12723076	1
65373100	1
76071620	1
9275778	1
6995924	1
72150423	1
78581650	1
49830463	1
28424326	1
43118892	1
6623287	1
5749406	1
6629705	1
56200132	1
7975864	1
6620163	1
6575556	1
45629284	1
11843879	1
46234358	1
46217509	1
7206660	1
53679387	1
6875481	1
7962997	1
6875525	1
7206807	1
7208753	1
47421021	1
6876140	1
7906322	1
7927769	1
45877952	1
7661839	1
6058891	1
7941163	1
7661301	1
6534126	1
5876698	1
7928226	1
6139317	1
7940894	1
7927782	1
52943013	1
9285862	1
21229222	1
7321227	1
6058530	1
7322653	1
57698099	1
7726166	1
5875813	1
91298528	1
7322407	1
7956928	1
7931189	1
7928389	1
9136252	1
12482955	1
7269473	1
5635249	1
6558538	1
6558307	1
24992331	1
5636547	1
71268121	1
67830931	1
5568517	1
5261990	1
46706192	1
14137298	1
5248857	1
5636173	1
66184440	1
67800126	1
5633324	1
6560686	1
7265042	1
5582805	1
5586957	1
6434550	1
7826747	1
88159370	1
7988577	1
7172981	1
75236556	1
6436278	1
39763727	1
98172381	1
7355460	1
7355561	1
6610741	1
22636032	1
99282628	1
7988291	1
99301542	1
7116350	1
75216226	1
6232315	1
5253656	1
5251893	1
7176967	1
62188705	1
98135529	1
7355921	1
7988377	1
7114748	1
7173900	1
5570710	1
10184337	1
9339813	1
22035385	1
10899114	1
40747942	1
5669250	1
7493272	1
6038077	1
14506894	1
7492045	1
7870761	1
6038215	1
21612019	1
6160408	1
7493024	1
6433501	1
7880598	1
7252528	1
21082830	1
5485021	1
42733465	1
9262135	1
49453755	1
11494742	1
6432972	1
6981081	1
5482377	1
7967224	1
25163273	1
6433074	1
28844175	1
6077574	1
7879094	1
68510433	1
16573306	1
7252183	1
5480679	1
5482836	1
88013422	1
6432518	1
6080781	1
5484014	1
6980199	1
6077561	1
85875358	1
6432464	1
6431970	1
28886052	1
11931091	1
42458484	1
5771903	1
45787133	1
6359380	1
5824615	1
28050013	1
5825985	1
5825614	1
5824408	1
66253817	1
43747069	1
6366981	1
5823827	1
6936709	1
5825521	1
45743213	1
45228746	1
6937739	1
6359999	1
5826716	1
28061079	1
5821647	1
33833500	1
52914636	1
9123123	1
7766078	1
30858142	1
7935002	1
23586923	1
36451303	1
6585052	1
53577101	1
23629627	1
5152348	1
5153904	1
68910391	1
7080132	1
21874035	1
5489976	1
5488274	1
13000830	1
7887285	1
90380061	1
23738042	1
7865252	1
5488116	1
7887200	1
6617047	1
5488105	1
58701690	1
58673778	1
7088877	1
5486958	1
6913480	1
6971063	1
7903971	1
7885879	1
5492900	1
93440866	1
7883731	1
7079748	1
74103475	1
7958360	1
6917654	1
6969754	1
5532674	1
24349648	1
5380486	1
5380492	1
5531753	1
7445674	1
7977184	1
5653444	1
5652078	1
95473795	1
5530994	1
76439044	1
32416600	1
7746311	1
55547836	1
7449559	1
54529627	1
5468685	1
5380437	1
76464434	1
5551371	1
5380479	1
32396947	1
5380498	1
87285710	1
94323709	1
5380179	1
7976927	1
7716762	1
5551028	1
9279898	1
6943238	1
5781544	1
5781548	1
9050428	1
6943340	1
5781570	1
5781551	1
70580675	1
32376310	1
6069084	1
7344754	1
6071076	1
5781564	1
5606030	1
5781559	1
5607230	1
16117572	1
6071559	1
5781555	1
9278939	1
6069224	1
6068730	1
5781568	1
85051155	1
5781556	1
5629166	1
7650404	1
7242043	1
9330990	1
5632302	1
7246379	1
59184750	1
5632433	1
6855564	1
6853826	1
40799461	1
5630557	1
53291990	1
5629118	1
40806776	1
7453632	1
24580556	1
7031265	1
7873091	1
7873716	1
7039235	1
7874160	1
7666573	1
70708245	1
5349538	1
9029332	1
7330645	1
7666446	1
70670546	1
7332370	1
86654071	1
7337140	1
7121971	1
6284511	1
35793442	1
36443232	1
35760622	1
7121375	1
76156109	1
6284340	1
98090200	1
6209709	1
6210041	1
6283243	1
7272748	1
25930306	1
9110906	1
26739677	1
5853326	1
53107340	1
30569419	1
7051612	1
5852550	1
7041490	1
23408672	1
7953821	1
43671463	1
5852654	1
7954261	1
5809082	1
16951477	1
7053071	1
5854183	1
5809599	1
19236033	1
5809779	1
43720255	1
36226214	1
7047982	1
5851852	1
87788834	1
5610687	1
6145637	1
5809202	1
53773557	1
6625854	1
6039216	1
6623416	1
7951522	1
5346970	1
67006959	1
6272160	1
5347912	1
27302937	1
86514640	1
5348197	1
9006456	1
6267623	1
6623718	1
28236073	1
5405859	1
6040124	1
7258170	1
24103529	1
50992657	1
7780700	1
7957001	1
14667737	1
5309316	1
14701612	1
65579489	1
5308840	1
40509644	1
7972326	1
7779679	1
7972404	1
5310352	1
6484008	1
66029241	1
7779737	1
73660652	1
28471473	1
7240383	1
6518876	1
7111506	1
7310000	1
7097739	1
7984885	1
7139189	1
5526145	1
6871876	1
6544380	1
5135537	1
5136872	1
5301430	1
6050942	1
6052940	1
7835675	1
5102771	1
7755861	1
67898115	1
7835994	1
5101946	1
6052014	1
5304085	1
31220008	1
7836188	1
6053372	1
6051695	1
57795660	1
6693277	1
9116613	1
11257766	1
5139169	1
5286353	1
6695347	1
6050830	1
5104078	1
6549645	1
6052211	1
6788831	1
7532588	1
7922133	1
11633302	1
7922136	1
7851017	1
26140326	1
7850969	1
26159743	1
9344769	1
11617502	1
83189007	1
9346043	1
7000806	1
9346719	1
86825834	1
6997148	1
9346078	1
6997949	1
6997850	1
7752573	1
7982565	1
85666269	1
7982799	1
7193486	1
7724411	1
87905743	1
22926657	1
7983130	1
49145164	1
44263536	1
7723550	1
20291209	1
87918980	1
5224245	1
26183972	1
44292986	1
75628328	1
5655090	1
85657317	1
5654257	1
16764334	1
56728123	1
7723911	1
10368505	1
5728013	1
5744560	1
5235025	1
5233413	1
6224320	1
43641961	1
5727912	1
7799284	1
5236143	1
5235071	1
71436220	1
7933727	1
72091933	1
5233477	1
7933814	1
5235079	1
5236142	1
5233579	1
9270887	1
5729543	1
6312396	1
5705663	1
5705089	1
27107239	1
86586814	1
5814690	1
5705142	1
6296969	1
5705125	1
5914951	1
6123513	1
5813455	1
5915780	1
5915920	1
42474112	1
5814649	1
6313904	1
5705111	1
7629977	1
5705119	1
5705155	1
5815450	1
27099444	1
6313613	1
5916189	1
10336092	1
5916325	1
21290283	1
5814492	1
6748260	1
5814545	1
5915598	1
88685007	1
6502020	1
69508069	1
23114945	1
6962696	1
22395635	1
6504865	1
9102460	1
5858288	1
5859680	1
6729317	1
5861783	1
37919512	1
6730797	1
5473552	1
6505860	1
82122426	1
7923140	1
10641905	1
5859360	1
23107550	1
70607439	1
6505293	1
7922506	1
5475708	1
71607792	1
79101952	1
71571274	1
79125497	1
71603463	1
6945692	1
5115893	1
7606253	1
6945658	1
59839905	1
27204934	1
5116210	1
62445465	1
62007651	1
71551057	1
5117173	1
38695550	1
7900300	1
6944735	1
35819915	1
9215820	1
6944566	1
6906973	1
5142957	1
14838220	1
5637014	1
5919182	1
14817147	1
5683634	1
7427550	1
5144700	1
5636982	1
7497353	1
5920584	1
5696151	1
7145153	1
5636976	1
7736080	1
5696872	1
39389078	1
5144018	1
90921582	1
5145630	1
6149414	1
5919040	1
5637877	1
5647123	1
6151922	1
5679042	1
5144432	1
5686710	1
5920590	1
5680820	1
5683524	1
87485633	1
5684417	1
5920434	1
5647117	1
5684107	1
5401629	1
50433710	1
7778826	1
5401331	1
9241952	1
7167303	1
60674836	1
6698259	1
81929292	1
57428782	1
6698165	1
5401759	1
5401633	1
5401302	1
44873612	1
62577257	1
64280321	1
7638963	1
5401642	1
18287877	1
7171184	1
34378136	1
6682643	1
5133542	1
7221830	1
81477413	1
68259847	1
7224357	1
37205212	1
68229718	1
5131684	1
6680089	1
58605278	1
5133520	1
5133508	1
32678801	1
6239870	1
5133511	1
5539426	1
93234093	1
5543886	1
5133473	1
6044622	1
5133507	1
81457615	1
5731618	1
7224207	1
5133482	1
5985948	1
6637328	1
5880799	1
28252311	1
10709632	1
61538594	1
7996572	1
5881840	1
35621692	1
7797270	1
28283950	1
7797204	1
6637092	1
7129980	1
5884299	1
62869011	1
35616274	1
46986153	1
34121545	1
7799218	1
6736102	1
7923829	1
5884813	1
99462650	1
22090904	1
6431050	1
19301616	1
17357811	1
7807260	1
48817104	1
5697688	1
7805440	1
42026433	1
19689567	1
6430824	1
