6629239	1
56228403	1
6628058	1
6401106	1
7936598	1
7976357	1
9080251	1
7936757	1
5747749	1
12697832	1
5749394	1
6400052	1
6243721	1
7975849	1
61912442	1
9240107	1
5746495	1
5747690	1
9036241	1
9031170	1
5746533	1
5745855	1
7976480	1
7937037	1
6628280	1
6402166	1
49794355	1
78533238	1
5749687	1
6627193	1
6400687	1
6249193	1
7936827	1
6629349	1
5746814	1
6243315	1
7936957	1
5749641	1
5747752	1
5746270	1
5749273	1
9036554	1
5746100	1
66795837	1
5747741	1
6401982	1
9080324	1
5748440	1
6241409	1
6402021	1
56220414	1
7976306	1
6629511	1
5745942	1
43092336	1
5749373	1
5748662	1
6993002	1
6623051	1
6627750	1
5746988	1
6623036	1
43099170	1
78043026	1
79326972	1
12741661	1
7572063	1
5192935	1
7729305	1
7990548	1
7635002	1
9241003	1
81958737	1
78781017	1
7990441	1
7572577	1
6698327	1
6699946	1
9026483	1
7969983	1
7969665	1
5403325	1
7990972	1
7970049	1
85478244	1
81920181	1
7970055	1
67181796	1
81901034	1
7573566	1
7778379	1
44871591	1
7172844	1
7778075	1
7635198	1
6697722	1
50453471	1
7634864	1
34396775	1
7778538	1
50415286	1
7969701	1
9026056	1
5403309	1
7778384	1
6700904	1
6698761	1
60627727	1
5403312	1
7969688	1
5403301	1
7574227	1
27782959	1
7969839	1
7990464	1
7637132	1
7778109	1
9242323	1
7635386	1
84537004	1
7635300	1
7990382	1
7635441	1
63403587	1
21823146	1
6778405	1
9294713	1
7796204	1
9215801	1
6777356	1
9105729	1
42660055	1
7899305	1
6945454	1
7900189	1
9233446	1
7899703	1
6910615	1
7926980	1
6782693	1
7982146	1
62454128	1
66923452	1
80201564	1
6780722	1
75393911	1
6906122	1
9018697	1
7981868	1
84227218	1
9263174	1
7926560	1
7927441	1
79069465	1
66929713	1
7926741	1
6774670	1
6653136	1
27192675	1
7901183	1
6651794	1
6775466	1
79125497	1
7605143	1
7982046	1
6909650	1
7900868	1
7604670	1
6783000	1
7900321	1
6777163	1
7788568	1
7981823	1
12864194	1
18594515	1
7208355	1
46184611	1
7939769	1
96725322	1
44489522	1
47443178	1
7361176	1
45442907	1
7906629	1
7362062	1
7360322	1
33139880	1
9009952	1
7962512	1
6875470	1
9009837	1
7152482	1
5528411	1
5562249	1
7416615	1
7939598	1
7929218	1
5563407	1
7203590	1
7928559	1
7962458	1
7413620	1
9010154	1
7940263	1
96689850	1
5563050	1
38925370	1
5529931	1
9194007	1
7412710	1
92620929	1
5564676	1
7413855	1
7417375	1
7939667	1
18600259	1
84483749	1
96733767	1
11875184	1
7939976	1
71912263	1
49524493	1
5762329	1
5756685	1
5762290	1
5755925	1
27167359	1
7359523	1
7983802	1
5762033	1
71479265	1
61765905	1
6966244	1
7231146	1
5764006	1
5763344	1
6968618	1
7744522	1
5756910	1
94155552	1
9248701	1
5763051	1
5765155	1
5762498	1
7963525	1
26000549	1
5762604	1
7961904	1
5757904	1
7230416	1
7962059	1
5762698	1
9250771	1
5756126	1
34434089	1
7963726	1
5759218	1
5761478	1
9013563	1
5762303	1
7358615	1
5756209	1
7963242	1
5764816	1
71538554	1
5764604	1
9134168	1
5757528	1
5760625	1
64010083	1
7963691	1
5761865	1
7983769	1
9133982	1
7748498	1
93251257	1
5759612	1
5756746	1
6488000	1
5761017	1
5762737	1
6924847	1
6490040	1
7655466	1
5756796	1
5760985	1
7963876	1
5757798	1
7963333	1
5756423	1
5765302	1
5763857	1
5761234	1
7655191	1
7288853	1
5760744	1
5761683	1
5761885	1
7963230	1
25969481	1
7961834	1
85967837	1
5763573	1
6967331	1
5758734	1
7961839	1
6490731	1
6931188	1
7654043	1
7229365	1
7357435	1
5763330	1
36581043	1
33965401	1
5758695	1
7924578	1
58072381	1
9137440	1
6389162	1
80595489	1
5988299	1
6387942	1
6386742	1
6390685	1
6734534	1
6739518	1
7924443	1
47038960	1
7996729	1
16310302	1
6389339	1
66421067	1
6735154	1
7949925	1
94252964	1
7950118	1
80580127	1
5988109	1
7923753	1
7996327	1
7924762	1
7953437	1
94275481	1
7924315	1
94254601	1
7953583	1
7129428	1
62874776	1
6389837	1
39809144	1
6389370	1
7953449	1
6450077	1
6736210	1
7924760	1
6740781	1
7952792	1
7924427	1
52014994	1
9279339	1
5604652	1
7857665	1
7664481	1
59273316	1
32374746	1
93696562	1
6069018	1
7854792	1
5522782	1
40620695	1
7341679	1
85114109	1
7857095	1
78629178	1
47244975	1
95626121	1
44121818	1
68323169	1
6942802	1
7973028	1
7992822	1
7291176	1
23918828	1
7992684	1
7973596	1
7973471	1
7855089	1
5511893	1
6708219	1
16095421	1
7342912	1
7973623	1
5608737	1
7295569	1
9278177	1
7968181	1
7442523	1
5765604	1
97910705	1
7968657	1
5766379	1
5770044	1
5765600	1
7960416	1
7730458	1
97949287	1
7730583	1
5766258	1
7731414	1
5767719	1
7437840	1
7440700	1
40207420	1
7261915	1
7262366	1
35025918	1
5161739	1
5768128	1
6986817	1
9042246	1
7968450	1
63449220	1
7968159	1
7968383	1
7281451	1
5768786	1
7730889	1
7968347	1
5161663	1
7730052	1
7968197	1
5766562	1
12334499	1
6802375	1
7968025	1
5766757	1
5769444	1
9284298	1
47185004	1
7436316	1
7960435	1
5767712	1
7960447	1
7960332	1
7959844	1
7968234	1
5768140	1
7968088	1
5765714	1
87047823	1
7282520	1
86260248	1
7960096	1
5766971	1
83074375	1
7968563	1
7959762	1
74944981	1
5767214	1
5767612	1
74939337	1
7276287	1
34333957	1
5106098	1
7890858	1
9144359	1
7378637	1
5663076	1
5554277	1
88880756	1
9009298	1
9009463	1
5736822	1
5106567	1
5661627	1
9052090	1
5661925	1
7384862	1
93916846	1
65448169	1
29942203	1
5245727	1
7891362	1
9143665	1
7893108	1
23204162	1
5661924	1
76910349	1
97598465	1
7380917	1
88405252	1
7380212	1
7384257	1
34306427	1
86885424	1
9009607	1
5649102	1
9073420	1
9051794	1
9009312	1
7892154	1
5650539	1
9008895	1
9052605	1
6645779	1
9008860	1
39959295	1
39950775	1
76888771	1
9009103	1
6046393	1
7943197	1
78325900	1
5210874	1
5210843	1
18401853	1
63267615	1
5210873	1
35472197	1
5210844	1
6137110	1
5210827	1
6047430	1
6137525	1
77677954	1
78360495	1
7119759	1
6046359	1
5210814	1
7942963	1
7367051	1
7875156	1
5210842	1
38471372	1
5205439	1
9313165	1
5210588	1
6046752	1
7876576	1
33095617	1
6047247	1
7942931	1
7363928	1
6047044	1
7093624	1
9313747	1
7876197	1
7366628	1
66553418	1
5211983	1
5211163	1
77922717	1
6046177	1
5211074	1
7365149	1
5211917	1
89877372	1
7978649	1
6045745	1
6047263	1
5211889	1
5211070	1
5210817	1
7878364	1
7874769	1
5210839	1
6047892	1
6047517	1
77981026	1
95842995	1
11341498	1
5701649	1
19525377	1
6421812	1
5704295	1
6888152	1
54076109	1
7612522	1
7592542	1
7613022	1
55389317	1
5700792	1
7965853	1
59644918	1
6420232	1
6371017	1
7614384	1
7592902	1
6421525	1
74011302	1
42993130	1
5315788	1
59623755	1
93674605	1
7020052	1
7966202	1
5704260	1
5701818	1
5703319	1
19506469	1
7612343	1
9127811	1
7966122	1
7611909	1
34529444	1
5702894	1
5704403	1
87599220	1
89825709	1
28541194	1
7648288	1
70823475	1
7183055	1
37404326	1
6065887	1
6867400	1
5740673	1
15334065	1
55696279	1
7649070	1
7647984	1
6066469	1
7948483	1
9267818	1
7647257	1
93995997	1
7185409	1
14743705	1
6864312	1
6066775	1
7202080	1
7948192	1
7948238	1
7831447	1
7785947	1
5737690	1
7647198	1
6868473	1
7949026	1
7833003	1
7648328	1
57122531	1
7786063	1
13855722	1
55264373	1
14792861	1
11032845	1
55282524	1
7948852	1
6064972	1
7648125	1
14749204	1
7143403	1
6846313	1
5921060	1
9148109	1
5921478	1
5921369	1
7966438	1
62933958	1
5918001	1
7143803	1
24561588	1
7966893	1
5920833	1
39432497	1
7497280	1
5695260	1
5919501	1
5693598	1
7736123	1
81549590	1
6844755	1
5920960	1
15223495	1
5919907	1
5921615	1
9152751	1
7793480	1
5920741	1
5921284	1
7967004	1
5919051	1
7499699	1
7966930	1
5918273	1
5685692	1
5918385	1
65989428	1
36618111	1
7429661	1
24515641	1
7967018	1
5918459	1
5695605	1
5921428	1
81522147	1
5920110	1
14833771	1
7966856	1
5920668	1
7793889	1
7993991	1
7496491	1
5918583	1
6848984	1
5679447	1
7966936	1
63917480	1
7792998	1
5917980	1
96328265	1
5917708	1
7966944	1
9148257	1
5920686	1
5920711	1
7967059	1
7793166	1
5680191	1
7499029	1
5636870	1
39439998	1
7425338	1
60772904	1
5695199	1
5686734	1
7735602	1
5920217	1
7966984	1
7953674	1
7954186	1
7954344	1
7504921	1
14378351	1
6721455	1
43672174	1
6722287	1
6043770	1
7953978	1
14372206	1
7950319	1
6726869	1
7050210	1
6043604	1
37651269	1
7950834	1
19218464	1
7954200	1
7950401	1
7042773	1
5711801	1
7953699	1
6043685	1
7950554	1
87750495	1
5712372	1
6725112	1
54156068	1
5711903	1
6043851	1
9103381	1
5713910	1
14329135	1
7950716	1
7505288	1
6043716	1
53801862	1
7042047	1
9102922	1
9113411	1
7954349	1
9028201	1
48996703	1
19716397	1
56647412	1
5719161	1
5700159	1
73861510	1
5579445	1
9221125	1
6316025	1
9027653	1
13792358	1
6315237	1
5699609	1
83129167	1
5716254	1
5581121	1
87715177	1
6317105	1
7349820	1
51052294	1
7353728	1
7346014	1
6430859	1
5720565	1
7691713	1
7352624	1
7691405	1
5720741	1
5718222	1
5699189	1
19254170	1
51059985	1
6321216	1
9214012	1
49011829	1
9027379	1
5717781	1
7690351	1
5577005	1
73381310	1
6430347	1
17341069	1
7693198	1
7807171	1
21753846	1
9221099	1
5580580	1
42013602	1
22137404	1
5697900	1
5720220	1
5697546	1
13761431	1
22156042	1
21746877	1
54747430	1
5523631	1
7241056	1
19365912	1
7925645	1
7098569	1
9157043	1
34664376	1
9155697	1
12564333	1
7925254	1
7925467	1
7311367	1
32566908	1
7240758	1
7138119	1
84637407	1
37722510	1
7925644	1
17921850	1
7984355	1
5525481	1
7107393	1
7925000	1
7924979	1
7924991	1
17951885	1
9155543	1
6872438	1
17902620	1
7308528	1
7984444	1
7925651	1
7925235	1
32584299	1
7095176	1
9005307	1
7984789	1
15494271	1
86173757	1
7984762	1
7109415	1
7110537	1
12773009	1
5710054	1
5798368	1
7921772	1
5798219	1
6997661	1
5801439	1
5798823	1
7850723	1
5798781	1
46089043	1
5801642	1
5710022	1
5797479	1
11104071	1
5709785	1
5801932	1
99228815	1
5801655	1
9130531	1
80009953	1
14187021	1
5798285	1
5801528	1
7578199	1
5798292	1
9141704	1
12764604	1
46065161	1
7916414	1
5797531	1
5800391	1
5799180	1
7619617	1
7580258	1
46085906	1
7921204	1
7582441	1
11567515	1
11071215	1
9129806	1
7581976	1
88214396	1
5799318	1
5800409	1
5799409	1
9129632	1
11601142	1
76034625	1
5799600	1
6998799	1
7851073	1
5800020	1
7000884	1
5797941	1
9130313	1
6999693	1
11586996	1
9141799	1
5801342	1
5801155	1
7615117	1
7000787	1
9153173	1
7619816	1
80009655	1
5798944	1
6714502	1
5224080	1
5845529	1
5224108	1
5221929	1
5844793	1
47644066	1
9024765	1
41022471	1
41054868	1
47659980	1
6713944	1
6714421	1
5845098	1
5655271	1
85696327	1
6011166	1
5847008	1
6011797	1
5221066	1
6669164	1
5224083	1
7192550	1
5224265	1
5846707	1
7680130	1
47678186	1
5844310	1
81678071	1
10416070	1
5224226	1
7195038	1
6714741	1
14395318	1
6715509	1
6714334	1
7983231	1
75955659	1
7982525	1
7982746	1
7724825	1
5278787	1
5278016	1
5844890	1
6008507	1
5276129	1
5847183	1
7680121	1
44252223	1
5843969	1
5845825	1
6011656	1
6010881	1
5656515	1
5656357	1
6014375	1
6715995	1
6012213	1
6013713	1
7680719	1
20279731	1
6665789	1
7680628	1
9024681	1
5847268	1
5844248	1
5655238	1
7699781	1
7190908	1
6008506	1
7982498	1
9133765	1
9238776	1
30872258	1
7993811	1
7934878	1
9123784	1
9245881	1
70497620	1
9057109	1
7766975	1
66604511	1
9133146	1
9057825	1
6130884	1
30964660	1
7935320	1
9238473	1
6585306	1
53982433	1
36506080	1
7935113	1
30934673	1
6044399	1
5128360	1
6044117	1
33409915	1
5619455	1
6044862	1
94013906	1
63312665	1
5132644	1
6044655	1
42387725	1
9013916	1
6240643	1
9013930	1
9014375	1
9157395	1
6239755	1
63312072	1
6681058	1
6684001	1
5729877	1
21964951	1
6044114	1
54629689	1
9014297	1
5538394	1
6240618	1
5132643	1
6683114	1
6045616	1
22423200	1
37233381	1
6239013	1
6469784	1
5128129	1
5331774	1
5128658	1
5538408	1
7221002	1
34190827	1
6682086	1
6238797	1
6471852	1
29385796	1
33466339	1
41599721	1
6239151	1
7629659	1
6303734	1
5913539	1
5915453	1
9146506	1
6313473	1
49954675	1
6747370	1
5916007	1
7629936	1
7629069	1
5913476	1
5917166	1
7629448	1
5913514	1
6311959	1
27050376	1
6304243	1
7628631	1
6313192	1
18834947	1
6304260	1
7630420	1
9229959	1
5914280	1
5914093	1
7821011	1
9146406	1
5913531	1
13495237	1
5915900	1
7629714	1
5917435	1
7822357	1
6745772	1
5914228	1
7630278	1
6742074	1
5914147	1
5916393	1
5915650	1
6296474	1
9143017	1
9143158	1
18888954	1
6295645	1
7821691	1
5917083	1
9047315	1
5914764	1
6745490	1
6122684	1
7630745	1
7396515	1
5310778	1
7957651	1
7957592	1
7575213	1
7957348	1
7400659	1
7575933	1
65996850	1
5309065	1
50996015	1
80768451	1
9037726	1
5959151	1
7577860	1
7837594	1
7838325	1
7779796	1
7972181	1
5308851	1
6475207	1
7780116	1
7972125	1
7783999	1
40521755	1
7486471	1
39553952	1
7488579	1
6635347	1
7488255	1
6485375	1
7972471	1
5455868	1
7957359	1
7393442	1
24207242	1
7576119	1
7779599	1
7780523	1
7577214	1
80767382	1
7576649	1
7779829	1
6481567	1
7957264	1
5308965	1
5311372	1
7951704	1
7951253	1
99338647	1
5403552	1
98609807	1
7912637	1
7258396	1
7954629	1
7954979	1
5405867	1
7912665	1
24086127	1
6624843	1
5674246	1
7951461	1
9255219	1
6278133	1
6625444	1
7912588	1
7912674	1
7951669	1
6041830	1
9253951	1
6039467	1
7974766	1
6884082	1
77480903	1
6265254	1
9006787	1
69394426	1
6609565	1
6626239	1
7954423	1
7954581	1
7951635	1
7954596	1
7951124	1
7954760	1
7951621	1
6626751	1
5674817	1
6607560	1
72232226	1
7951045	1
6880784	1
6624990	1
6626440	1
6279278	1
7954997	1
7912465	1
6609092	1
9322999	1
6278040	1
55504033	1
6043101	1
7912669	1
7974669	1
7951736	1
7954921	1
98618645	1
6882159	1
7951040	1
6039515	1
5745247	1
7975563	1
5232802	1
5729021	1
7934227	1
5744549	1
6219062	1
7999189	1
5744043	1
5743578	1
7975586	1
7800906	1
7975228	1
9270405	1
5745775	1
5745680	1
6842839	1
5744891	1
7975409	1
7974881	1
7933413	1
5233466	1
9039181	1
5233445	1
5743403	1
48180436	1
7934133	1
38181248	1
6830930	1
9209751	1
5744034	1
5743582	1
7934084	1
6182584	1
9039200	1
5744558	1
38180167	1
5729136	1
36839690	1
38143357	1
7955784	1
5745312	1
5234223	1
7974857	1
43639164	1
7974846	1
7975250	1
95484701	1
21440912	1
20956860	1
6211457	1
6292718	1
7952192	1
7122769	1
26689256	1
7951966	1
7959167	1
7952430	1
20969923	1
33223771	1
7698875	1
76152984	1
7959011	1
7959553	1
6286350	1
7273788	1
35781996	1
89149081	1
7275195	1
6216029	1
7958764	1
7952665	1
17606892	1
7271137	1
57026085	1
7952002	1
6291721	1
5629816	1
6856020	1
6025353	1
50097810	1
5837071	1
6001763	1
6030921	1
9326289	1
6028479	1
6592354	1
6025155	1
5838302	1
5837294	1
7245721	1
6032246	1
6001544	1
92881721	1
6029111	1
6002561	1
6032106	1
7608024	1
6000540	1
15583678	1
5836784	1
5632341	1
5836853	1
52424713	1
74680406	1
6028429	1
7651098	1
30714042	1
6000827	1
6854514	1
6027646	1
63846505	1
5838845	1
94987865	1
40780764	1
5836995	1
5837925	1
5839759	1
6859300	1
5265035	1
5838396	1
5537497	1
7030776	1
7874585	1
68121230	1
17061454	1
9327474	1
35350795	1
7897084	1
7453885	1
7456213	1
7963952	1
70733657	1
6397627	1
7667138	1
7330581	1
7964512	1
31791692	1
7033270	1
5349131	1
9140869	1
62701568	1
6395114	1
6395690	1
7964214	1
9140809	1
98490544	1
5534897	1
7893454	1
9028581	1
7667547	1
7038711	1
7461903	1
9029216	1
7963981	1
5350974	1
48545280	1
7670283	1
31767260	1
81366578	1
46624980	1
6564279	1
44658949	1
9140614	1
7964151	1
6397725	1
6397279	1
7963938	1
7964220	1
62749711	1
59995693	1
7964279	1
86673456	1
7455468	1
24639285	1
98532072	1
7872245	1
7454495	1
7666951	1
7964101	1
5535100	1
7456338	1
7872027	1
9327478	1
7872901	1
17072019	1
6397815	1
7894705	1
7897594	1
5535776	1
5635153	1
5247258	1
88712814	1
80067769	1
5250006	1
9092516	1
12424453	1
43379699	1
24954326	1
5585286	1
5250124	1
14123836	1
5584449	1
9055119	1
5581675	1
79892778	1
5585226	1
5581827	1
5586377	1
5584952	1
66204105	1
5586186	1
9092043	1
5582932	1
5261958	1
39645091	1
7267444	1
9129500	1
5565863	1
46362833	1
80101586	1
43392642	1
5634677	1
5634226	1
5583012	1
12411217	1
88713594	1
9055555	1
7570281	1
6983326	1
5867298	1
6982902	1
30310000	1
20021940	1
7968936	1
7813398	1
9290167	1
7969361	1
88619094	1
5867054	1
5871031	1
30291140	1
7847260	1
20784302	1
7969079	1
7847931	1
7968751	1
9256279	1
7969583	1
7969434	1
51504366	1
7969377	1
7968959	1
7969198	1
7303741	1
6553166	1
7889229	1
7969261	1
7847881	1
33578476	1
56491478	1
33555735	1
7969486	1
61407706	1
60748955	1
7968804	1
7303214	1
62353783	1
7914032	1
99023240	1
6983182	1
9256623	1
7969369	1
62367113	1
7969216	1
6547684	1
5302577	1
6051017	1
88332343	1
7978035	1
5301595	1
6784962	1
82728201	1
5977171	1
6050651	1
9116846	1
6691649	1
6054199	1
9145430	1
93596755	1
7530912	1
57816338	1
5286301	1
6050467	1
7935746	1
9145245	1
5301398	1
6696090	1
9145009	1
57812061	1
5975690	1
9144578	1
6546610	1
7978207	1
6051941	1
5301358	1
31276139	1
7943490	1
6549265	1
6695225	1
7978536	1
7977784	1
6783669	1
5301184	1
83525068	1
5976371	1
9144961	1
7753524	1
5980888	1
5978150	1
57817225	1
7835561	1
37084960	1
6050437	1
69699646	1
7978433	1
6051613	1
5135339	1
7530246	1
5301887	1
93557589	1
6547106	1
7978514	1
7935580	1
5980235	1
7985596	1
7985870	1
55150985	1
9158409	1
6641818	1
33275435	1
35375565	1
68212621	1
7986021	1
98826790	1
5230061	1
6639686	1
5230053	1
7925972	1
7925871	1
74843432	1
5227887	1
5229975	1
5227930	1
7844712	1
7844878	1
7986163	1
5227898	1
79214503	1
74812395	1
82398093	1
7986003	1
82389269	1
6112959	1
5676466	1
7985909	1
5230736	1
46426465	1
98852219	1
33288812	1
5230726	1
7925714	1
7986015	1
7925765	1
5230942	1
7926433	1
6114202	1
5676638	1
7407313	1
7916467	1
5690587	1
5588127	1
6087516	1
6808739	1
9109052	1
41820650	1
6084788	1
5687417	1
81612646	1
6088799	1
43334401	1
7409961	1
6100425	1
33379526	1
6088383	1
9011258	1
99136204	1
95780540	1
9010948	1
7408931	1
9010489	1
9104839	1
9011026	1
6097616	1
9010579	1
43345809	1
80384755	1
26830350	1
6083127	1
5687721	1
49893747	1
49902290	1
6086240	1
6082542	1
5689044	1
81620609	1
80335443	1
15434569	1
5688038	1
49897201	1
5473416	1
6102662	1
13934865	1
7585645	1
9000137	1
6734196	1
5473575	1
6728871	1
5474349	1
6728129	1
48141885	1
5475186	1
7585681	1
7587515	1
9019863	1
9000100	1
47634033	1
5475161	1
71060409	1
7923102	1
6103092	1
70599762	1
5473540	1
17542233	1
5474250	1
7922953	1
7585684	1
5472548	1
5474666	1
9198191	1
6730117	1
37866032	1
96532671	1
7584445	1
64710924	1
9198199	1
67189473	1
6728857	1
7585254	1
7586765	1
13900317	1
7922654	1
7922917	1
47631750	1
7783049	1
87179763	1
9201574	1
7389135	1
7782334	1
6109809	1
6673419	1
27936417	1
7782513	1
7389975	1
27948411	1
7520075	1
9108154	1
6109766	1
5479102	1
5477065	1
9131743	1
12100402	1
6105556	1
7781625	1
9131732	1
14985457	1
5971017	1
45549870	1
76529188	1
5969731	1
76520170	1
7782159	1
7112429	1
9201579	1
7523361	1
7475780	1
7782773	1
38510050	1
7388427	1
7781250	1
5975180	1
7112099	1
29674180	1
7527767	1
7392414	1
7113053	1
38510032	1
5479158	1
9132616	1
7112594	1
7389972	1
38548315	1
6672833	1
7819695	1
50688198	1
87163723	1
7388564	1
7781310	1
5971417	1
7515816	1
7840970	1
6702231	1
6706520	1
91189152	1
6707213	1
6946422	1
91231735	1
35646768	1
6704962	1
82449079	1
57958452	1
6705794	1
99782415	1
6946424	1
5555162	1
7929837	1
7066933	1
6706536	1
6705889	1
6704737	1
6704363	1
24843173	1
21425788	1
6704301	1
6704770	1
7518040	1
7064557	1
6441734	1
6704459	1
5555450	1
41734370	1
7059588	1
7929598	1
9319664	1
6441202	1
35685587	1
7134643	1
6440298	1
7842941	1
6705730	1
51912259	1
91155302	1
7517808	1
41738779	1
7133647	1
7929737	1
7938279	1
17169064	1
7808916	1
6048570	1
7981383	1
6049643	1
23320289	1
7937354	1
6049618	1
7687345	1
7980763	1
6049609	1
7981077	1
7626694	1
9023288	1
6049765	1
9023655	1
5469137	1
7626665	1
5471887	1
6794502	1
84101883	1
6048180	1
90230026	1
9024048	1
7938204	1
23510738	1
7627682	1
5472265	1
6049558	1
9131167	1
7686286	1
7980633	1
6794403	1
23336713	1
7937731	1
56866991	1
6049188	1
6050282	1
6048980	1
65277331	1
6050193	1
7686660	1
7181225	1
7626965	1
7809075	1
5470623	1
9130576	1
6048097	1
7937643	1
84087167	1
29206258	1
7686396	1
7938180	1
5471527	1
7938177	1
7981326	1
9130701	1
6048746	1
5354468	1
72359258	1
7677795	1
7627996	1
7980571	1
5354706	1
94940143	1
7846599	1
7960875	1
7933016	1
5751480	1
6405832	1
5755262	1
6238143	1
6238259	1
7960610	1
7947603	1
6238617	1
5752859	1
7933190	1
5750761	1
36113092	1
5750528	1
7947031	1
5752389	1
7960622	1
5754142	1
6404271	1
77224769	1
7932422	1
6208324	1
6202408	1
6416452	1
39464503	1
5752379	1
5751136	1
9032821	1
6407448	1
6238452	1
93039717	1
7846062	1
6407733	1
5753599	1
89709055	1
60243904	1
5750687	1
7960939	1
5665657	1
5752974	1
6407189	1
6237700	1
15845794	1
6412162	1
5754198	1
6204246	1
6238004	1
5754938	1
93095352	1
6407779	1
6409955	1
7946896	1
36119568	1
35918374	1
62262636	1
5752066	1
5755330	1
6238048	1
39249669	1
5753076	1
7845394	1
7961052	1
7625754	1
6677760	1
5865258	1
7625536	1
7971376	1
5921817	1
7913014	1
7912731	1
6630248	1
6496131	1
7913091	1
9315869	1
7913009	1
6675628	1
67524361	1
7913057	1
7971690	1
6385719	1
7622377	1
42121775	1
6633419	1
7971931	1
6631586	1
5922422	1
7971403	1
15765046	1
6631103	1
7913013	1
7913012	1
6340306	1
9077003	1
5922489	1
7971839	1
7913008	1
5865260	1
6676829	1
7971306	1
5922545	1
5921699	1
9045505	1
5275040	1
6675162	1
7972050	1
6675071	1
19906324	1
5921819	1
7971517	1
7971392	1
6496108	1
7224718	1
6630774	1
7912760	1
7620445	1
7913062	1
6340964	1
5923131	1
5862390	1
5922678	1
6339748	1
5922656	1
89287771	1
5922409	1
19898308	1
9045515	1
7971678	1
7621077	1
7971476	1
6092654	1
7970642	1
7234748	1
5113038	1
6093983	1
5253020	1
5253046	1
7235435	1
7645109	1
5112943	1
7971140	1
9234854	1
6092718	1
22835234	1
46280046	1
99284120	1
5256345	1
6092868	1
7356195	1
5255296	1
46284216	1
98165403	1
7173454	1
5112935	1
47783846	1
7988194	1
30800562	1
75249315	1
6092099	1
5253230	1
5253146	1
6437660	1
5112936	1
7988630	1
7971236	1
30846184	1
56288333	1
7970742	1
9234079	1
6089255	1
5112991	1
7971215	1
6436807	1
76705496	1
6091680	1
5253045	1
30781615	1
7644621	1
5112964	1
17838595	1
5255270	1
5252013	1
6093334	1
58510944	1
5255430	1
5112939	1
30834273	1
6612715	1
5572891	1
6092175	1
6434529	1
7115740	1
7970784	1
7644615	1
5255920	1
22796265	1
38616430	1
6094222	1
6094957	1
30826446	1
7356250	1
5112934	1
5651309	1
43810638	1
36798319	1
7745359	1
7977044	1
5307092	1
5380141	1
76459718	1
5467042	1
7976704	1
5653958	1
87315629	1
24316664	1
5726227	1
84891859	1
5721700	1
5304315	1
7976749	1
7976993	1
7445983	1
5468544	1
5653134	1
14603662	1
5307695	1
5653547	1
5304143	1
7977054	1
43814578	1
9335585	1
5531286	1
5548961	1
5723301	1
6454462	1
9030034	1
5548678	1
7451588	1
7444237	1
7444570	1
9022292	1
7445034	1
5380734	1
5653609	1
6453433	1
7977413	1
5532292	1
9029648	1
5724635	1
5551069	1
5533696	1
6456842	1
70293506	1
5308421	1
5305718	1
9021963	1
7976964	1
7443241	1
5308424	1
7448134	1
5651673	1
5531245	1
36793143	1
5532913	1
5468196	1
32414606	1
5723325	1
7977305	1
9021510	1
5652890	1
5305645	1
7444155	1
7977340	1
7595497	1
40741377	1
5840814	1
5840326	1
7546536	1
7492344	1
7867669	1
7870027	1
5841483	1
7567323	1
7868579	1
6038382	1
40749940	1
7566397	1
7869060	1
5570541	1
9340587	1
5839938	1
7597328	1
7544868	1
7789351	1
5843484	1
9309591	1
39125674	1
51635117	1
78981942	1
9139342	1
5841102	1
6034537	1
5569062	1
7723012	1
5343019	1
35136383	1
5842719	1
5840577	1
39105908	1
6160969	1
9042779	1
6164064	1
5842931	1
51638907	1
6603658	1
9341172	1
7602160	1
7868788	1
9139931	1
5840602	1
5840453	1
79006743	1
10792120	1
9139166	1
7788866	1
7944927	1
7402036	1
96294585	1
90823943	1
93112279	1
6337280	1
7372350	1
7547470	1
65177946	1
6338559	1
35962010	1
45968162	1
76649682	1
65160765	1
5623783	1
84820150	1
7552090	1
65140898	1
7550788	1
32897520	1
6333357	1
6333086	1
16242603	1
13989557	1
6333430	1
7370694	1
62100817	1
6334825	1
51098862	1
6337539	1
6338740	1
7371628	1
6335326	1
7932221	1
6074940	1
6663965	1
94087796	1
97194825	1
7418289	1
7425174	1
6073941	1
7991110	1
5353268	1
9225713	1
6075048	1
6072662	1
6447415	1
5691676	1
5353109	1
7991720	1
7991187	1
7423952	1
50609539	1
7931821	1
7932166	1
6661121	1
59571636	1
9002799	1
98327251	1
7420034	1
6075986	1
5353295	1
7420917	1
24274246	1
7991258	1
5352812	1
50644614	1
7991183	1
5354425	1
7931759	1
7802202	1
7932090	1
79432654	1
7932244	1
95382833	1
7991502	1
95388087	1
5351986	1
53885423	1
5693359	1
9002080	1
98339547	1
80968078	1
6662861	1
55934852	1
9062089	1
5353364	1
22500497	1
22562515	1
6708955	1
99445942	1
74512311	1
75582364	1
7792228	1
46893423	1
22511944	1
46895189	1
7791748	1
6712889	1
46886966	1
5802399	1
46835439	1
67423882	1
7945840	1
63147078	1
5802555	1
6710695	1
6709520	1
7980413	1
7002199	1
6711585	1
48325471	1
91873024	1
7025452	1
42463363	1
6169878	1
9001646	1
96837904	1
7967529	1
28877745	1
5483066	1
7967182	1
7967164	1
85896904	1
23984214	1
16564757	1
7967411	1
42467099	1
9334120	1
7967757	1
25209353	1
9001324	1
68457683	1
81011557	1
9079230	1
5479652	1
78692745	1
9333735	1
7998682	1
6080832	1
6078415	1
53630498	1
7253376	1
6466490	1
6975131	1
7967567	1
6078240	1
7967737	1
9001734	1
54809807	1
6467940	1
7967604	1
7967229	1
7967752	1
7998734	1
7967621	1
88019370	1
9079696	1
7967861	1
31720667	1
85858327	1
6433501	1
7928089	1
9136230	1
5706726	1
97314700	1
7921024	1
5706262	1
13676758	1
7931016	1
45894595	1
7940447	1
98689811	1
7726294	1
5707087	1
7931395	1
6535259	1
7928320	1
7956409	1
6531166	1
97359568	1
5706759	1
7965545	1
7919388	1
7319967	1
7965428	1
5708539	1
7956792	1
7928122	1
7940733	1
5284712	1
7930810	1
5285645	1
7956221	1
7662257	1
7660948	1
15869626	1
5285170	1
29740859	1
7956403	1
7940612	1
5707015	1
7662354	1
5281077	1
7964724	1
7956504	1
9285008	1
5876046	1
45899384	1
7919391	1
5709133	1
5626185	1
91250750	1
7927865	1
7956213	1
7965150	1
7919412	1
32303007	1
52997554	1
7209989	1
6173719	1
45005989	1
7658564	1
7712819	1
6015465	1
61060569	1
7987797	1
7713055	1
6015712	1
7372770	1
6016848	1
7659405	1
9150182	1
6023972	1
7474051	1
71214971	1
6022200	1
44994495	1
6024220	1
6018976	1
6022875	1
6022826	1
9150271	1
7214672	1
7474671	1
7377194	1
7659897	1
7375302	1
7465131	1
6022894	1
15115834	1
7987464	1
6957320	1
7374573	1
6461006	1
71329040	1
9150294	1
61099312	1
6018179	1
7213165	1
7470981	1
6021185	1
6017214	1
7644244	1
7465840	1
6821673	1
6827564	1
37285949	1
61080777	1
6528382	1
7658155	1
6689122	1
7853474	1
6172989	1
7473960	1
7219845	1
7377086	1
96952342	1
7468721	1
7708061	1
97975313	1
9150806	1
45043933	1
7851936	1
75807828	1
15148324	1
6015531	1
7658600	1
7851907	1
5163369	1
5936743	1
7853019	1
6015799	1
7854364	1
6021902	1
85377343	1
6322721	1
9082769	1
9082207	1
83260296	1
7823298	1
6324079	1
6328313	1
6426899	1
7939037	1
6264093	1
9015646	1
6328300	1
9012233	1
6324584	1
7771857	1
6260336	1
7824940	1
50293878	1
6330727	1
5457223	1
6326101	1
6507633	1
6264524	1
82500345	1
6328206	1
6328703	1
7682372	1
7746808	1
50312551	1
7747250	1
7938497	1
31484415	1
83665217	1
6325471	1
9012778	1
9012837	1
6327744	1
6325720	1
6422863	1
7681624	1
82537342	1
7989163	1
6382535	1
85351753	1
9015752	1
9012188	1
5461193	1
6324524	1
69137093	1
85398417	1
5772135	1
7704729	1
6764719	1
5774389	1
6758115	1
5772886	1
5774474	1
6763304	1
66216016	1
66247349	1
7670742	1
9151010	1
7673660	1
9146816	1
5961390	1
6367099	1
74404584	1
27602970	1
45269223	1
45745330	1
47358668	1
5770230	1
9147511	1
6756961	1
28048421	1
9209296	1
5773518	1
45281046	1
9151036	1
5770538	1
5774633	1
5772562	1
5772768	1
6761847	1
6359999	1
27637032	1
6764577	1
6936148	1
50760061	1
7672325	1
37176698	1
9151143	1
72552669	1
6762741	1
5770906	1
6762281	1
6763475	1
9150985	1
6759617	1
13194009	1
9227342	1
6939108	1
28069728	1
5966211	1
5772967	1
5962284	1
6935138	1
5965917	1
6759373	1
6764788	1
9151464	1
9207916	1
5848356	1
5796903	1
6349180	1
6353677	1
6352804	1
6357184	1
56947655	1
5796346	1
9148946	1
5794710	1
5561055	1
5848367	1
5847769	1
31918761	1
7655687	1
7906993	1
5795429	1
7656589	1
7907301	1
6797611	1
5797261	1
5796390	1
5848691	1
5796154	1
7906730	1
5794555	1
54846904	1
14568706	1
6354013	1
7732118	1
68584067	1
7657367	1
6351591	1
68602077	1
5795641	1
5796926	1
5796502	1
7907341	1
96989153	1
6354322	1
9235584	1
7906692	1
5796831	1
5797190	1
5561837	1
5848870	1
5797177	1
53057105	1
47933343	1
25890483	1
6765981	1
5181202	1
7995160	1
6367981	1
5940007	1
25871537	1
6370919	1
53435829	1
7859617	1
6370939	1
7861693	1
5181384	1
6771446	1
5545605	1
53475948	1
5941459	1
5546881	1
5181401	1
5180209	1
7641933	1
5181019	1
7642117	1
5186770	1
83802144	1
96155280	1
54410441	1
6765436	1
6773191	1
92646895	1
6771084	1
5186969	1
29445537	1
6765438	1
6369598	1
5180142	1
5546902	1
5939274	1
10130180	1
5836491	1
7995309	1
5181386	1
5958130	1
6769888	1
5938411	1
5180588	1
10937949	1
5180207	1
6771713	1
7639340	1
48668566	1
7642425	1
56611688	1
5186995	1
7908844	1
7861212	1
7994974	1
5836287	1
7695952	1
69814532	1
18525195	1
15049551	1
56600856	1
6367465	1
7641685	1
5836667	1
5939912	1
5836521	1
5181121	1
6771615	1
6771952	1
74118905	1
7632176	1
7908186	1
7986901	1
7087925	1
7866331	1
7883485	1
7958074	1
6754176	1
7958004	1
7908149	1
6752862	1
7986274	1
6755608	1
6753638	1
74170900	1
7865875	1
7908181	1
7908198	1
5490216	1
5906990	1
7632961	1
7083321	1
87101014	1
7084525	1
6753242	1
6972747	1
7908207	1
7887052	1
90378204	1
7903643	1
6750675	1
93436705	1
7865046	1
74285274	1
7633305	1
7632945	1
7908307	1
74174477	1
7908213	1
58670848	1
6915523	1
6754158	1
80177687	1
7908180	1
7082245	1
72960391	1
7958090	1
41684275	1
18151285	1
6755029	1
7863464	1
7082551	1
7090861	1
9003415	1
80411882	1
6916616	1
7903433	1
74287106	1
7908201	1
7908204	1
7908142	1
7864782	1
7631265	1
7958261	1
7987056	1
7079952	1
7908472	1
5871210	1
