27403126	1
5649238	1
5733746	1
5649716	1
5107789	1
5736600	1
7380924	1
49316027	1
69287990	1
34268522	1
7891796	1
5649924	1
5734649	1
5650213	1
5661989	1
5664434	1
5553150	1
7893215	1
7893064	1
6139168	1
5879305	1
6139673	1
7726825	1
7660775	1
5281811	1
37981638	1
7940665	1
6142651	1
7965389	1
6143278	1
7919497	1
7931389	1
7321300	1
6143874	1
6535453	1
7321505	1
6139504	1
7319946	1
7321227	1
6143855	1
7322403	1
7727097	1
6532297	1
5877729	1
7664150	1
6943528	1
7338699	1
6943121	1
95626394	1
27600116	1
6070544	1
7344078	1
6944250	1
5605675	1
6070082	1
5521641	1
80891310	1
80665641	1
81781700	1
6942971	1
9119608	1
5427444	1
5823065	1
31353474	1
5826851	1
9117251	1
9147018	1
70245629	1
5967005	1
6935045	1
5770438	1
5818196	1
6874713	1
66271287	1
27663743	1
6938279	1
6764827	1
6764014	1
6940876	1
5428517	1
6758978	1
7706081	1
6362858	1
5773952	1
6763063	1
5770451	1
90715189	1
7508678	1
10810586	1
20163956	1
88655952	1
7629857	1
5913721	1
67974916	1
42909800	1
87407156	1
7630958	1
7503964	1
7051612	1
6147655	1
5851639	1
6144678	1
7954390	1
14330508	1
39002691	1
7503185	1
7044200	1
6147929	1
7055268	1
7050765	1
5611299	1
21149867	1
6146601	1
7100431	1
34634290	1
7307383	1
6868743	1
7139400	1
7097739	1
17963010	1
25056510	1
7138384	1
5523428	1
6868842	1
6869052	1
12564506	1
7009330	1
7008408	1
6872307	1
7008125	1
7307277	1
40968414	1
7007171	1
7140070	1
5861490	1
6733625	1
37917961	1
6104234	1
7773998	1
6959870	1
5472899	1
6959269	1
6102307	1
7776534	1
5861211	1
5787033	1
6504765	1
9198614	1
5475356	1
5474720	1
7775697	1
5474253	1
9102442	1
36332335	1
45201796	1
17498643	1
7586384	1
5785523	1
5760072	1
5765249	1
5760897	1
7654903	1
7653803	1
77840917	1
7962190	1
7653665	1
7963156	1
5756051	1
9251364	1
7744027	1
93318071	1
7941949	1
6926060	1
26008311	1
5756566	1
6964232	1
7744488	1
34438011	1
7983780	1
33974766	1
9013342	1
93302697	1
7289911	1
5762631	1
6491100	1
7963661	1
5679175	1
88051450	1
5928783	1
5680906	1
7736985	1
7495679	1
5928788	1
15225086	1
15281344	1
5682461	1
6845094	1
5141519	1
6151630	1
6845479	1
5927747	1
94547372	1
7794165	1
60815786	1
5141274	1
7496576	1
14851980	1
9153033	1
6843386	1
7966454	1
6845222	1
6150410	1
7734995	1
6151813	1
7910862	1
89406877	1
5322365	1
64951164	1
7225945	1
70891624	1
7910858	1
7912970	1
7971915	1
7910857	1
7910860	1
16493750	1
7224748	1
6676990	1
5862295	1
5864794	1
7910823	1
5319266	1
5929411	1
7623654	1
15781155	1
5929871	1
7624881	1
5923687	1
6497041	1
7971646	1
7805280	1
7556565	1
7804706	1
6335360	1
77292774	1
99954037	1
7547102	1
36007488	1
7803630	1
5622240	1
5768632	1
35017495	1
7960162	1
5766664	1
7258950	1
5769258	1
5766984	1
7731220	1
7730427	1
7960317	1
7960378	1
7731588	1
7968039	1
7959889	1
5768941	1
5768536	1
7730335	1
9311561	1
9312491	1
5766916	1
5769943	1
5769815	1
58205011	1
7619177	1
7582158	1
96598438	1
6999790	1
7620009	1
96660779	1
91916185	1
96635953	1
9153295	1
11104155	1
96611392	1
7921295	1
9141292	1
7579173	1
7921359	1
7582486	1
20722997	1
80457953	1
6921392	1
7958142	1
5490618	1
7986421	1
5911793	1
6913494	1
5873175	1
6971870	1
5486462	1
6969619	1
6916453	1
9003385	1
5875287	1
7725395	1
5871312	1
6971494	1
6695750	1
9145126	1
6539143	1
5135608	1
7935542	1
5977538	1
7530221	1
7935884	1
76320508	1
5102795	1
5301748	1
9116096	1
5102395	1
6545097	1
6789283	1
7755865	1
6788195	1
7977568	1
9154499	1
7528340	1
63730211	1
5286044	1
5104003	1
57774970	1
7978428	1
7609941	1
6027115	1
70993662	1
9326095	1
6859093	1
6853702	1
92880688	1
6858286	1
6853692	1
6852121	1
6853848	1
6598657	1
7608427	1
37029003	1
6599472	1
6593466	1
6851811	1
5573404	1
6093301	1
7646428	1
6611630	1
7644653	1
6612821	1
7116196	1
7114801	1
7970994	1
56808718	1
5253195	1
7970940	1
7115148	1
5252951	1
7173514	1
7239693	1
9122046	1
7356159	1
7116559	1
7970856	1
46792355	1
7601621	1
7490340	1
9311247	1
5571110	1
5669701	1
7789763	1
7567472	1
6163586	1
5334790	1
7563889	1
5569224	1
6160284	1
5669039	1
7492329	1
5570683	1
7543183	1
25115385	1
39113272	1
7493817	1
6602825	1
7870201	1
6159882	1
7790362	1
7490473	1
5335281	1
9008434	1
7954839	1
6882593	1
89724265	1
6882404	1
6880929	1
7918160	1
7918086	1
7918211	1
6608611	1
7918210	1
6606398	1
5672878	1
5673372	1
5674111	1
7917262	1
7257975	1
6881196	1
7918088	1
5673780	1
6235841	1
6233551	1
5665383	1
6238089	1
16474179	1
30547445	1
7960950	1
6410766	1
77227714	1
94933319	1
95096853	1
62280713	1
7961238	1
5665624	1
52090748	1
5751925	1
7668707	1
7336033	1
87244257	1
7669679	1
6127371	1
46622948	1
86693644	1
7669761	1
7896963	1
7897059	1
17085589	1
7897304	1
7897482	1
5535153	1
7964480	1
98518140	1
7893732	1
6125900	1
7452745	1
41917908	1
7607091	1
6198368	1
6912924	1
7901209	1
6944826	1
61956774	1
7899364	1
6945040	1
7606908	1
6907719	1
9106045	1
7788676	1
7605824	1
6905860	1
7901305	1
7981666	1
6909642	1
41954267	1
6944410	1
7788080	1
6945345	1
7788647	1
6897273	1
56981985	1
47826372	1
6901276	1
6796145	1
35230080	1
9235429	1
5560714	1
44362086	1
7655941	1
99723047	1
9148941	1
5561158	1
7733138	1
47916965	1
47817600	1
5482924	1
68506272	1
6465871	1
7967730	1
6466495	1
9001037	1
5482010	1
7012166	1
16594859	1
7253721	1
9261602	1
7882467	1
78739164	1
6979236	1
6367717	1
6368618	1
53459408	1
5186912	1
7995948	1
5548306	1
5952325	1
6571312	1
5827969	1
5186181	1
7859793	1
15068258	1
5186869	1
5547148	1
10996816	1
5548070	1
5831295	1
5181046	1
5828889	1
7695115	1
5834705	1
7861927	1
7641665	1
90252628	1
7909497	1
5958657	1
5833346	1
6571076	1
10112764	1
5936213	1
7474755	1
7852988	1
6462291	1
7467842	1
6822749	1
83006766	1
6022245	1
7853058	1
6958056	1
7376351	1
52855324	1
9004509	1
6824483	1
7990984	1
22309584	1
24225991	1
6076246	1
6072682	1
7802754	1
7932069	1
95376205	1
24284221	1
7991866	1
9007567	1
9002487	1
7421165	1
55926646	1
9007017	1
7980342	1
7002870	1
7003845	1
7101380	1
55750309	1
7792133	1
7026310	1
5805181	1
5805311	1
58422301	1
7915036	1
21659864	1
7103546	1
7786146	1
9267377	1
6863151	1
6864675	1
6862307	1
15326691	1
57132895	1
26624110	1
7187900	1
6866344	1
6867578	1
6864337	1
43185244	1
6862992	1
6861627	1
7875137	1
20818131	1
7877585	1
5210230	1
7117482	1
5195098	1
5210643	1
7875725	1
9228535	1
7119700	1
7119223	1
19668131	1
5211063	1
7878202	1
6047684	1
6046954	1
6047912	1
7979206	1
26320250	1
6134070	1
10470553	1
6085510	1
10436720	1
26868386	1
7410931	1
52248079	1
5602638	1
9109829	1
7411375	1
99113075	1
5805777	1
6099654	1
6808994	1
7916926	1
7916897	1
5603012	1
6700994	1
60675697	1
7572053	1
6376104	1
84578132	1
7728607	1
5401642	1
6377023	1
7635741	1
5397868	1
5194573	1
5191341	1
7167455	1
7729067	1
6699132	1
7728281	1
75705724	1
7986008	1
5676095	1
5677708	1
5677115	1
5228599	1
28702989	1
6880358	1
7985726	1
6513706	1
67051021	1
91985112	1
7806980	1
51052918	1
9127109	1
7807506	1
9027634	1
7348727	1
6430935	1
19066602	1
9126655	1
22089512	1
5265828	1
5580826	1
7353604	1
6320077	1
5714753	1
5580331	1
5749032	1
7975705	1
6245372	1
6400731	1
13413177	1
7246953	1
5747019	1
67281151	1
76098782	1
5748523	1
7975968	1
7975772	1
79307746	1
94725001	1
7936881	1
67237485	1
5540794	1
47969401	1
7223585	1
5128876	1
5122127	1
6472648	1
5133515	1
5331730	1
21962682	1
6239085	1
5330281	1
5616241	1
5540895	1
5617058	1
5544470	1
9124215	1
33610199	1
7688607	1
23328790	1
7981338	1
7626919	1
5469300	1
7937697	1
7179006	1
5241112	1
65260388	1
7688944	1
7687317	1
6790354	1
72406807	1
6793656	1
7677674	1
40244879	1
7981136	1
7678660	1
6792285	1
40301646	1
5241015	1
7677650	1
5241016	1
14931990	1
7181277	1
6790984	1
7688189	1
9123728	1
6192781	1
51429596	1
51457151	1
23579906	1
30983163	1
5423263	1
6132684	1
52922184	1
80741921	1
7935356	1
7993143	1
5150017	1
6133026	1
9125922	1
7767035	1
85490366	1
6371503	1
11321025	1
7685053	1
6892645	1
7683632	1
6892774	1
7966278	1
6372352	1
7016914	1
7318095	1
42944085	1
6418578	1
7965605	1
7317959	1
7018883	1
7965847	1
6373673	1
7017762	1
9121262	1
7610818	1
7018908	1
6890830	1
6374021	1
7017276	1
6374010	1
73507298	1
7888543	1
60718455	1
82897505	1
5868357	1
7887636	1
30331726	1
7676764	1
82898609	1
7847225	1
5867718	1
7969150	1
97566468	1
7675223	1
93806541	1
7568020	1
7813034	1
9065057	1
7847749	1
7568408	1
14105349	1
39641843	1
9135802	1
80069173	1
5566712	1
67789292	1
5581960	1
66209918	1
13078797	1
9135743	1
58371696	1
7112292	1
7113384	1
5973329	1
15016921	1
45546191	1
7329521	1
6109050	1
72737847	1
6670778	1
19392337	1
5477344	1
7112091	1
61723960	1
7325944	1
5970410	1
5476363	1
6107545	1
42834656	1
5974216	1
7748029	1
7989558	1
83623623	1
7825367	1
6381135	1
6379289	1
24920300	1
7770644	1
5787569	1
82539916	1
7989142	1
7745490	1
5378693	1
5725617	1
5723124	1
5305792	1
5550187	1
5532790	1
87315634	1
6452822	1
7721985	1
5367907	1
5380404	1
24351486	1
39729583	1
5366196	1
7715537	1
5653128	1
5654170	1
5304797	1
5304180	1
7359738	1
7150840	1
5529490	1
5527885	1
7208288	1
5528248	1
5565569	1
7764582	1
45468488	1
7962804	1
7202192	1
38879411	1
5565207	1
7962631	1
92587250	1
6875854	1
7939666	1
6875219	1
5659364	1
5555445	1
7514877	1
6946325	1
6706777	1
6946270	1
51963635	1
5556219	1
6947031	1
7016043	1
24795347	1
7015565	1
9269762	1
7073463	1
56414903	1
9118535	1
7015236	1
5555740	1
7841596	1
9119204	1
6703584	1
86091895	1
94244608	1
94265261	1
99493002	1
6390634	1
7949862	1
66397311	1
34076902	1
5880447	1
6597712	1
78458442	1
5880799	1
6392357	1
7953471	1
6597980	1
7949832	1
34108089	1
6597418	1
6739103	1
6637011	1
5988477	1
7996033	1
7740578	1
52570257	1
6286430	1
7738153	1
83692046	1
5374465	1
6154119	1
6157142	1
7958988	1
6155929	1
7274045	1
9110603	1
6158121	1
5373189	1
36410802	1
7698242	1
29492470	1
7739327	1
7959248	1
33226122	1
7698364	1
7123257	1
36849877	1
6828310	1
5745209	1
6840378	1
5728287	1
6837783	1
5743043	1
7956055	1
87508276	1
7933410	1
5742137	1
5236878	1
94406876	1
7955617	1
5233702	1
5236916	1
7955511	1
5412852	1
7975184	1
5728291	1
7998914	1
6838648	1
38178623	1
5745059	1
5236891	1
5236868	1
95514435	1
5745087	1
5280440	1
7702560	1
5656267	1
41416261	1
5222681	1
7704241	1
5655734	1
33706218	1
5224164	1
81678513	1
7679073	1
5655132	1
7701238	1
7700757	1
5656101	1
7982919	1
85696928	1
7751814	1
38050677	1
50952188	1
6634651	1
86714648	1
25246744	1
6634420	1
5308840	1
59711835	1
17223143	1
5959343	1
7576594	1
7838947	1
6482344	1
7815879	1
9115647	1
7575856	1
7783838	1
6635725	1
5960256	1
7838977	1
