6265960	1
7254310	1
84767296	1
5405462	1
5403722	1
9322711	1
7951704	1
7954670	1
5406112	1
5405859	1
69364373	1
69337898	1
6881687	1
7912322	1
27316671	1
6275249	1
86536350	1
24148003	1
7912540	1
72223691	1
5345612	1
55483589	1
9008468	1
6276690	1
6040617	1
66995759	1
98620687	1
28216143	1
18608404	1
28229997	1
7258505	1
5346330	1
67006959	1
5347419	1
7912029	1
7951045	1
5403740	1
42034892	1
72235985	1
7912019	1
7955051	1
48434061	1
48420510	1
69362747	1
69392335	1
72249574	1
7912101	1
99384441	1
7765078	1
9125250	1
7935008	1
6131806	1
58974928	1
6132432	1
70503556	1
5148795	1
6132395	1
6131665	1
6131732	1
46542447	1
51417129	1
23619263	1
9133228	1
9133019	1
17640596	1
46559116	1
51426151	1
6132144	1
6132471	1
77568288	1
68950655	1
17665679	1
52897105	1
5153968	1
6131321	1
20379246	1
55291842	1
53980645	1
7934455	1
9237993	1
30885516	1
9133016	1
9244664	1
7767072	1
6131958	1
58958173	1
9264872	1
7934975	1
38808216	1
9265035	1
6047757	1
20843417	1
7092329	1
7367125	1
6134313	1
7943197	1
94837155	1
89938390	1
89901645	1
6137525	1
63217212	1
37782080	1
7119759	1
51604216	1
6047828	1
77632382	1
5212715	1
91383444	1
89913852	1
6047168	1
7978552	1
73786171	1
7877585	1
37774741	1
5213653	1
63219387	1
6136441	1
9228525	1
5211917	1
18432747	1
28895239	1
7874655	1
6137621	1
92458319	1
7119039	1
7943211	1
7875068	1
28913659	1
42591377	1
7943314	1
89903510	1
7942931	1
38440361	1
77934150	1
7304271	1
6981761	1
6554582	1
90584786	1
89529993	1
20738200	1
61397142	1
19129531	1
6982943	1
6983326	1
62353783	1
7812071	1
51469381	1
88570674	1
7570730	1
61392920	1
7675913	1
33578476	1
16825318	1
33554062	1
56522398	1
5869500	1
16809330	1
62381884	1
9256590	1
7848831	1
42289207	1
6983970	1
97518409	1
19988569	1
7674748	1
60107650	1
30289194	1
73496046	1
61364585	1
89531724	1
89540623	1
97587041	1
7300847	1
6551466	1
29565253	1
7568420	1
29542057	1
7084008	1
7904177	1
7904216	1
80429547	1
18147237	1
74279052	1
74285274	1
5911794	1
7904035	1
6969990	1
80156910	1
7904102	1
6749773	1
7904112	1
74109905	1
5509416	1
7903694	1
72960619	1
7091549	1
7904025	1
7080870	1
7904065	1
9094585	1
5912576	1
6915698	1
5509434	1
7886138	1
7084169	1
10570294	1
7904272	1
7883727	1
7903859	1
7904181	1
7080132	1
7077833	1
92188881	1
5910853	1
7081103	1
87123363	1
10556833	1
7904075	1
80177687	1
7904047	1
7904038	1
6971063	1
6974199	1
6970421	1
6754882	1
7904385	1
7904169	1
7903805	1
7076131	1
80174280	1
6974923	1
80414195	1
5491395	1
6971838	1
7986907	1
7904464	1
7958067	1
58673778	1
7631533	1
7904110	1
7958068	1
92148955	1
80463380	1
5486890	1
7904068	1
5785165	1
80313512	1
55870814	1
5474396	1
6727454	1
71060409	1
5786852	1
7922884	1
10586761	1
22422237	1
6102815	1
47571575	1
80309904	1
6958866	1
7923532	1
7922522	1
7923249	1
9198191	1
80319198	1
71081475	1
9198204	1
6505293	1
6102433	1
7584424	1
7583466	1
7923437	1
5784916	1
92750515	1
7923635	1
5860451	1
47586431	1
6102615	1
55838238	1
6102139	1
43457768	1
6102323	1
5861725	1
70631618	1
5612647	1
43725738	1
7905290	1
7950825	1
5612488	1
7950800	1
5809769	1
7503971	1
7905180	1
23385788	1
6722064	1
14319379	1
53100405	1
37677202	1
5710671	1
7042773	1
23378129	1
7050125	1
5851369	1
6952488	1
14372507	1
5808867	1
23426876	1
79823159	1
7504507	1
7505431	1
6657086	1
7044694	1
5710955	1
7954091	1
5853109	1
9103008	1
46997097	1
80557644	1
6739352	1
28251619	1
6737388	1
7923889	1
62860515	1
58042716	1
7923853	1
9137110	1
47034604	1
99527278	1
28283950	1
7797204	1
62881617	1
7923876	1
7924395	1
58079142	1
34101671	1
7924569	1
94262640	1
5988412	1
7924217	1
6388145	1
80602638	1
65501800	1
5985284	1
5882601	1
5987119	1
80593282	1
31123634	1
62882347	1
7924206	1
45324106	1
34115950	1
7924079	1
58100084	1
58070293	1
5989437	1
7923788	1
7949595	1
4015832	1
45354966	1
5883768	1
7924143	1
6449675	1
9337987	1
45291974	1
7924230	1
94275481	1
94234733	1
5991177	1
9338912	1
35601592	1
7923931	1
7924678	1
35265003	1
5849267	1
97043604	1
6901372	1
54901795	1
5849577	1
28792396	1
68621351	1
56966363	1
5849766	1
99683432	1
33526427	1
77124038	1
54859624	1
7657198	1
7656838	1
5849646	1
86024105	1
54852074	1
64854943	1
64880124	1
7732161	1
44377659	1
6797088	1
5849576	1
5849265	1
9090167	1
9212799	1
68637411	1
7656832	1
9279387	1
7857095	1
40654909	1
68356571	1
59237461	1
98407580	1
7663638	1
7665413	1
7854792	1
47243017	1
27587872	1
82669116	1
7664545	1
7857410	1
6944009	1
70552216	1
7294135	1
7665765	1
81780290	1
29862713	1
68360623	1
6942634	1
16087752	1
7344088	1
78663865	1
27550636	1
7664664	1
48457757	1
6944211	1
6942611	1
40687334	1
95558618	1
98391160	1
80864266	1
7665628	1
98404083	1
82710307	1
6943687	1
44102288	1
7278050	1
45868414	1
66333346	1
66298718	1
9313028	1
97962158	1
7281847	1
57833905	1
66331524	1
74946436	1
7960149	1
7960133	1
27382473	1
40204160	1
85701502	1
7731900	1
9311954	1
7731209	1
20889573	1
9016743	1
5154669	1
61491234	1
12332596	1
97908895	1
67659691	1
20884631	1
35053650	1
40599762	1
5768373	1
7276308	1
83040781	1
74914858	1
66328403	1
20909690	1
6987130	1
9017098	1
57876730	1
20883317	1
45829206	1
27327067	1
85706872	1
7952016	1
57076503	1
98090200	1
43249547	1
7952682	1
83732301	1
36415098	1
7697025	1
26719358	1
7952391	1
7959224	1
17606892	1
20947821	1
59935600	1
9305900	1
65783683	1
7958947	1
5373406	1
7696147	1
88809706	1
6284973	1
33245474	1
47114000	1
7121971	1
7696277	1
7740764	1
36421314	1
31645346	1
83717930	1
98111665	1
98300537	1
9007275	1
19553569	1
54328587	1
94087796	1
24230536	1
55946752	1
19538419	1
19601700	1
5353390	1
7801833	1
22338202	1
7932318	1
5354359	1
33787961	1
80951745	1
95353513	1
90054613	1
53822153	1
95373470	1
97165909	1
96093260	1
5352848	1
7802996	1
22308054	1
6660300	1
9002345	1
7931954	1
9002359	1
17996304	1
96083763	1
76041770	1
9346072	1
58227350	1
25744334	1
6816557	1
7921841	1
9130375	1
83218418	1
6997661	1
9141847	1
7921834	1
79964176	1
9129806	1
7851337	1
46071405	1
7922039	1
90956967	1
9142242	1
9296941	1
7850593	1
7921892	1
7850797	1
14229836	1
9129623	1
9346094	1
11617502	1
6998259	1
86800367	1
7851502	1
90958346	1
7922357	1
7579428	1
72324512	1
6999693	1
26354340	1
7000806	1
6817247	1
7580876	1
46048503	1
90927186	1
7921452	1
9346037	1
9345074	1
87511690	1
5728215	1
9270578	1
65887318	1
6221582	1
7800694	1
5742974	1
61587245	1
5232807	1
6181734	1
7955986	1
7955679	1
91718122	1
5898190	1
72875325	1
91732556	1
13601281	1
5728412	1
91743046	1
72804977	1
5234137	1
6178273	1
72805369	1
97135557	1
96064944	1
7800265	1
87550602	1
6222330	1
60881541	1
72831186	1
5895446	1
38198276	1
7934076	1
9039181	1
7999619	1
5745672	1
6827867	1
97121593	1
56103313	1
75543963	1
74471693	1
41156099	1
74504305	1
9258406	1
91898988	1
47340596	1
7001766	1
48324407	1
47287893	1
6708715	1
7024180	1
7026284	1
6711482	1
9258531	1
58422625	1
74452298	1
77859710	1
85145867	1
41140350	1
46828475	1
68977539	1
75586928	1
62812256	1
7023974	1
44815342	1
7979987	1
77862961	1
91842043	1
7790651	1
7103280	1
7946373	1
63165701	1
85164286	1
6712065	1
6413180	1
5665400	1
7932930	1
36116598	1
53373693	1
15838951	1
28322954	1
7932474	1
52089026	1
28319350	1
7947793	1
44175747	1
9033402	1
60237284	1
44208347	1
28381982	1
53327806	1
7960641	1
44199845	1
7961222	1
9032821	1
7947140	1
5667659	1
51200486	1
7932577	1
52071419	1
6403551	1
15823739	1
7947098	1
52061137	1
60231520	1
50255196	1
77244390	1
7932856	1
7847054	1
6237948	1
60188269	1
16469599	1
55107465	1
39483347	1
6238065	1
36113981	1
67564439	1
5664890	1
7845718	1
86931060	1
7932768	1
9342139	1
7932538	1
5173229	1
7210095	1
7470981	1
6957198	1
6955424	1
75829244	1
6956327	1
5935647	1
5162372	1
7709645	1
71214971	1
6022543	1
61100184	1
7376085	1
6953955	1
76815233	1
7642781	1
7644205	1
6956808	1
7852715	1
5169053	1
42189545	1
5170033	1
7658179	1
5935546	1
6687056	1
6527548	1
6821258	1
7210125	1
6957421	1
7713436	1
7987974	1
5169042	1
7643545	1
7643057	1
5172390	1
7465831	1
75798774	1
7714215	1
9150161	1
7644323	1
7852400	1
82998477	1
7711472	1
6955367	1
7642740	1
7711325	1
37277090	1
82962451	1
52823570	1
15135752	1
15148324	1
7713706	1
7642590	1
89044549	1
9150306	1
7643436	1
5175070	1
5170026	1
6240843	1
5748410	1
6242736	1
61946073	1
6995554	1
6991671	1
54919277	1
5749406	1
7936757	1
75127470	1
6247907	1
9240499	1
54951557	1
70090786	1
75148835	1
28425213	1
79286437	1
9036029	1
6626951	1
7936616	1
49833416	1
61898758	1
6620163	1
9031668	1
6990898	1
56205358	1
6630124	1
72160925	1
92258771	1
9304077	1
7976266	1
43100915	1
75143362	1
76103667	1
7936790	1
6241038	1
7936429	1
6246416	1
54959134	1
78554004	1
17738223	1
7228676	1
81286492	1
62514090	1
89370043	1
6632159	1
5931999	1
9315516	1
6632119	1
64942459	1
5922660	1
5271610	1
89407522	1
70909894	1
5932359	1
5925096	1
5273046	1
5865088	1
5272257	1
5866245	1
50055111	1
16536726	1
42176763	1
83349311	1
6347884	1
6679330	1
7910528	1
7971779	1
7971733	1
5274146	1
5865401	1
93503824	1
5866038	1
9098364	1
17726764	1
9247031	1
66119931	1
6339764	1
7972000	1
5274753	1
17692926	1
64949149	1
44421889	1
62506028	1
7910600	1
5275707	1
66133356	1
5272950	1
89296767	1
5275253	1
5272671	1
50052338	1
9332445	1
6049954	1
72403148	1
40278088	1
7626534	1
23362901	1
76241548	1
6050241	1
7686952	1
23514019	1
7626048	1
7688827	1
5357247	1
7181163	1
7180622	1
7809403	1
7686761	1
7687460	1
5355601	1
84096832	1
7626413	1
7686689	1
5356009	1
40280359	1
7678549	1
5241217	1
23304743	1
5357449	1
96768227	1
9332426	1
85622716	1
68666068	1
7937921	1
95286758	1
7938255	1
5356826	1
72384305	1
9023046	1
5470895	1
31463422	1
83276929	1
28660494	1
83303194	1
7824243	1
83628860	1
85390924	1
6256104	1
12641795	1
9069047	1
36690601	1
88276511	1
6252327	1
9012784	1
83952665	1
97675439	1
28633982	1
12656578	1
85352515	1
7747202	1
50346637	1
88288815	1
44909275	1
7682480	1
82513189	1
83559742	1
7746774	1
69144830	1
28643930	1
6511261	1
9015793	1
83548383	1
7746457	1
7938622	1
28635593	1
9015613	1
5699800	1
7805370	1
73363417	1
55003819	1
7805637	1
9221767	1
7349058	1
36067863	1
7353438	1
70160873	1
51034942	1
87671914	1
66461881	1
22200912	1
32645945	1
17364226	1
9028212	1
92027083	1
22079473	1
83151505	1
17375134	1
34809280	1
9126888	1
83150371	1
5699562	1
13774287	1
7353553	1
72546691	1
7705954	1
45730722	1
6764266	1
5773930	1
7670518	1
9151759	1
9117264	1
37137290	1
7508584	1
6938867	1
15555000	1
45745330	1
90699802	1
28065209	1
9227178	1
9146960	1
7671015	1
66224489	1
90753139	1
7671704	1
37130468	1
41072697	1
7511376	1
6937139	1
7508254	1
7507980	1
28100414	1
5791134	1
7511872	1
9227071	1
5963982	1
72516672	1
57618578	1
5964261	1
5962057	1
9117814	1
7706115	1
5965516	1
7704723	1
9117637	1
41081906	1
6873787	1
6873579	1
9147578	1
37126189	1
43784473	1
41070750	1
9209240	1
70277020	1
6358881	1
6938695	1
90703683	1
6874559	1
6364064	1
39686011	1
5652607	1
95463030	1
7721884	1
24294237	1
94344354	1
9029834	1
94311267	1
14653802	1
63589405	1
95456216	1
95467777	1
36805830	1
36744819	1
76795162	1
5724894	1
7745590	1
55568713	1
12129610	1
5651613	1
5551412	1
76798878	1
9281031	1
36811906	1
40845272	1
50874494	1
76483589	1
7445687	1
76800331	1
24350119	1
5653748	1
5307088	1
76482253	1
24317833	1
7745831	1
5532481	1
43814578	1
7719486	1
7720119	1
79441368	1
73640106	1
66045771	1
9088070	1
14725357	1
73690470	1
7397370	1
77076611	1
37586737	1
7816571	1
7393732	1
5309316	1
59685963	1
7577214	1
6649217	1
64343534	1
37588365	1
5960127	1
5309882	1
77086205	1
69892448	1
24179580	1
14727231	1
37604593	1
64314796	1
71175068	1
50953753	1
5958965	1
6482521	1
6481946	1
66805602	1
18875854	1
87369381	1
92278944	1
75380905	1
21309591	1
42899932	1
5705738	1
7820502	1
10316592	1
6747319	1
43889892	1
42528929	1
5705739	1
9230886	1
9205906	1
5705740	1
7759942	1
9206547	1
21311996	1
9145793	1
9142334	1
86564044	1
20204845	1
72592786	1
92323688	1
5914659	1
5913925	1
6747160	1
6298641	1
6747253	1
92336044	1
18820499	1
72585702	1
5917292	1
7759899	1
94607913	1
13523335	1
6296721	1
7821490	1
6296969	1
26961989	1
29021583	1
9143526	1
5245451	1
5554682	1
17035433	1
97639359	1
6646076	1
26936052	1
27427116	1
5105788	1
88859961	1
5245532	1
28959021	1
9144116	1
88516570	1
65035788	1
65472561	1
25375288	1
5648888	1
5107547	1
5245555	1
25346504	1
39329706	1
5553223	1
76941564	1
86904938	1
69287071	1
86885341	1
64984247	1
5245324	1
5245413	1
5245546	1
78249415	1
5107991	1
39905579	1
5245468	1
25371666	1
14256903	1
29025802	1
34330308	1
7379947	1
34330331	1
5553675	1
88408079	1
5554049	1
9072493	1
91648910	1
7921029	1
7921036	1
97317869	1
7940621	1
5878003	1
16407741	1
5285407	1
7660466	1
5877376	1
6141432	1
7661301	1
45899384	1
5877791	1
98249195	1
7941125	1
9136400	1
7921105	1
5282928	1
5875699	1
16638663	1
91298528	1
6059391	1
6058891	1
7661021	1
45942598	1
45878081	1
64627995	1
5281429	1
29730395	1
5876336	1
98193836	1
9136446	1
15899317	1
5707369	1
5283735	1
16378033	1
7921102	1
5878632	1
7661575	1
7921103	1
7661233	1
45934252	1
5625915	1
5282271	1
7930512	1
7662031	1
5285608	1
7930576	1
7940956	1
5284958	1
7844110	1
55150985	1
79236376	1
6876924	1
33259251	1
67029863	1
7926136	1
6878678	1
9158522	1
6113641	1
52398782	1
5228181	1
91026825	1
11725481	1
7926232	1
7926062	1
6638484	1
6877970	1
5230236	1
7925740	1
28673200	1
52374214	1
78439546	1
7926207	1
6112611	1
79266680	1
98835218	1
28702653	1
82377544	1
33282903	1
26428484	1
7844137	1
7926142	1
5143620	1
5919481	1
62970879	1
63552444	1
87466893	1
7495305	1
87433497	1
63924571	1
88043066	1
7428385	1
5146162	1
5143560	1
6151505	1
60933254	1
7498666	1
82275038	1
5144018	1
5927762	1
6152650	1
87485633	1
60916068	1
7429661	1
9148160	1
63880335	1
7496255	1
81522147	1
5145628	1
7147166	1
6847029	1
63915846	1
9148019	1
7143403	1
5145630	1
63876580	1
90908143	1
5144700	1
24520605	1
6152148	1
96347006	1
7144465	1
63572971	1
5146675	1
39432497	1
63913839	1
14852215	1
36653318	1
5637804	1
53596807	1
7998424	1
7998710	1
16624118	1
6080368	1
9337894	1
6980004	1
78690913	1
31728073	1
7012113	1
6978122	1
78712283	1
60992791	1
9337426	1
23984214	1
6431970	1
25174497	1
53598325	1
6975286	1
61044822	1
7249995	1
25191798	1
7878879	1
7252869	1
9079483	1
42458484	1
6079918	1
61037390	1
9336665	1
16609902	1
6977662	1
7880522	1
24401875	1
5480656	1
24420987	1
7237564	1
56293757	1
5255887	1
30804408	1
7173420	1
47728103	1
30820542	1
6091642	1
5253195	1
9234942	1
7116350	1
7234972	1
41278450	1
9122172	1
7645961	1
7970783	1
22793079	1
99294464	1
5251893	1
7354476	1
22817309	1
84712577	1
7354418	1
56332563	1
7115534	1
7827957	1
58539556	1
5255901	1
5340548	1
7645408	1
7238752	1
62172789	1
7115612	1
5255886	1
7355970	1
38620403	1
18750723	1
5575207	1
7173029	1
7176153	1
5256075	1
56311860	1
7645259	1
46261821	1
7354533	1
7645309	1
5339931	1
56278681	1
30788552	1
47787900	1
7239021	1
5255553	1
6227978	1
99289060	1
7114382	1
7235528	1
22796265	1
5575689	1
99252690	1
84712184	1
58511002	1
7645069	1
5114026	1
30172392	1
18504719	1
77397575	1
5954966	1
7859788	1
5548407	1
25828590	1
92662030	1
25856356	1
64448474	1
10106888	1
5954856	1
83759674	1
75316987	1
48709336	1
64499151	1
6770317	1
7640643	1
5176984	1
7642436	1
17297201	1
53470491	1
5187115	1
49365748	1
7859798	1
56571719	1
49350578	1
5955515	1
99596713	1
54410441	1
15034484	1
59471846	1
7860052	1
5545227	1
5955008	1
7858439	1
7859755	1
69837646	1
69814532	1
5952262	1
15039004	1
7695379	1
9089759	1
64513192	1
15025582	1
6368222	1
7695916	1
9298210	1
7358848	1
7233236	1
7283608	1
6928275	1
7653674	1
9133926	1
7232201	1
94165445	1
6491038	1
7283366	1
7961839	1
9223889	1
25981685	1
7652663	1
63945493	1
9134818	1
27167359	1
27155113	1
27156221	1
7358445	1
33950192	1
6965408	1
9134729	1
7230484	1
36551642	1
7654893	1
7961450	1
7963739	1
7358069	1
7748550	1
7655269	1
5761776	1
7655438	1
7652726	1
27173268	1
7742706	1
58866902	1
7963249	1
58820577	1
7963643	1
58791684	1
7941373	1
81693498	1
84165870	1
7704267	1
7679461	1
7983105	1
5275873	1
7703517	1
6717415	1
75636010	1
7704083	1
7751704	1
5219044	1
87907022	1
7723911	1
7702995	1
6168107	1
5276873	1
7193761	1
87889304	1
7752304	1
5224644	1
7723550	1
49125467	1
6013894	1
85681118	1
7195038	1
6011696	1
5654832	1
33683531	1
5276156	1
7982590	1
71685319	1
74780803	1
7724516	1
7751374	1
20293318	1
26204833	1
6717690	1
40051968	1
7750314	1
81688180	1
7702256	1
6718482	1
85636911	1
26242716	1
56728168	1
41041918	1
7724135	1
7982647	1
14409265	1
7680415	1
7982943	1
26212685	1
77315783	1
90495815	1
93108387	1
51137298	1
62115777	1
7556787	1
9111446	1
7803419	1
7557060	1
7804892	1
7945082	1
5621973	1
90498425	1
30108399	1
7556891	1
99927467	1
46016704	1
45983506	1
91379731	1
97371448	1
7555996	1
7945147	1
7945401	1
7371628	1
16265820	1
13973499	1
68365921	1
76586982	1
5855201	1
96297070	1
6331948	1
77275147	1
6332388	1
7944583	1
90796891	1
20431978	1
6334672	1
68424379	1
91332401	1
50572269	1
5217789	1
97365596	1
7551909	1
51127542	1
7551193	1
6333148	1
59035625	1
59035945	1
69185896	1
88951905	1
99093811	1
20615943	1
69197187	1
81659805	1
5808536	1
5808256	1
5807911	1
5808163	1
69206253	1
5808204	1
74997073	1
95762662	1
5807474	1
6098860	1
25800732	1
99132966	1
6097329	1
7407023	1
6083698	1
7160889	1
5808182	1
90676117	1
5807934	1
80384755	1
5806283	1
26830350	1
5807121	1
67745476	1
43320918	1
81664820	1
33330791	1
81631047	1
12918879	1
5806854	1
80353596	1
98556896	1
85006700	1
7453632	1
7667338	1
24580556	1
68126616	1
17047088	1
17081966	1
7039211	1
48567770	1
68106558	1
7964502	1
7459321	1
35293905	1
97834721	1
48534505	1
5349662	1
38268439	1
17061514	1
7030116	1
9327638	1
7668477	1
44657994	1
98470580	1
7033427	1
6129492	1
46652448	1
7667359	1
97882883	1
68084952	1
7963938	1
24629189	1
17051896	1
6125093	1
9140959	1
68100307	1
98496182	1
7668497	1
7036805	1
7669999	1
35346024	1
7964101	1
9029143	1
60297928	1
38224116	1
66708788	1
7034457	1
5350739	1
7669751	1
22067280	1
7789663	1
35181015	1
6034292	1
25113085	1
5669417	1
7868745	1
40721194	1
5669404	1
7870296	1
10774911	1
7489793	1
51625874	1
7492009	1
7494207	1
5344647	1
79024122	1
6035369	1
25084582	1
7597595	1
5344688	1
39160043	1
5572094	1
7722242	1
7869106	1
7545601	1
10169076	1
7722364	1
10924623	1
5668849	1
9139239	1
7545228	1
32772480	1
7722703	1
40764102	1
89963497	1
7545204	1
7981650	1
7927480	1
75400277	1
5115868	1
9261054	1
32505347	1
7927317	1
61966474	1
6944558	1
9264519	1
5116011	1
5115923	1
6944762	1
38695760	1
6945727	1
6945055	1
80205378	1
84236612	1
6945843	1
6908332	1
6945054	1
6779493	1
80253045	1
5115893	1
79684163	1
7926880	1
7926894	1
32518365	1
6945877	1
6911541	1
34921975	1
6906680	1
21847153	1
7606335	1
9017873	1
34917677	1
7787459	1
6944920	1
7926741	1
6945641	1
59853540	1
9260754	1
5116213	1
5119073	1
71595540	1
6944735	1
6945818	1
6946081	1
7605450	1
7927087	1
59869246	1
9259428	1
42666317	1
9017540	1
35842582	1
38506352	1
6673949	1
51796425	1
7326492	1
7521971	1
27936417	1
89568250	1
9108299	1
12347076	1
9131743	1
72801083	1
58395754	1
38530181	1
7114118	1
52656448	1
5973571	1
9202027	1
42844864	1
7112863	1
7112468	1
38501184	1
52663476	1
7819229	1
7817530	1
72728643	1
15011798	1
42783454	1
52669961	1
14951063	1
7114329	1
72728281	1
12093655	1
5972407	1
22219626	1
6106826	1
7114225	1
5478798	1
7326320	1
7114202	1
43973388	1
9107573	1
58158033	1
6108587	1
25669368	1
58178402	1
5476190	1
31050084	1
98867348	1
7930128	1
7133647	1
7842941	1
7843399	1
7929950	1
5658646	1
99781203	1
9020212	1
21430713	1
41750913	1
5556330	1
56368698	1
9319569	1
5557490	1
7841521	1
5557588	1
7842315	1
35694968	1
4034423	1
41734370	1
7841488	1
91194351	1
7841526	1
82494176	1
7067707	1
6704384	1
77404070	1
12024337	1
5660205	1
41763468	1
51912259	1
6706556	1
99789712	1
5556863	1
86147023	1
7929927	1
82480630	1
7060716	1
9253309	1
82430959	1
16872434	1
12600616	1
7925121	1
36931344	1
7096060	1
7925374	1
7097592	1
9155826	1
28474145	1
31986453	1
15503657	1
7925551	1
7925147	1
17919387	1
7925331	1
6116082	1
6119312	1
5524350	1
40957250	1
12581852	1
7925032	1
7311551	1
5524365	1
31981950	1
36907592	1
9155543	1
6872265	1
9005042	1
36939145	1
17928063	1
7240235	1
6115384	1
12612215	1
9155652	1
54713022	1
7925506	1
7925302	1
7925533	1
6872811	1
7984813	1
6116150	1
5524639	1
9155697	1
15953104	1
70768284	1
11792121	1
52482663	1
63851337	1
41661181	1
20480652	1
63827496	1
75484463	1
7651447	1
30727570	1
30762300	1
5262585	1
15628268	1
75529830	1
59144385	1
9326303	1
95981498	1
94964474	1
40830480	1
11829163	1
9325561	1
70965347	1
90107868	1
7650023	1
92871192	1
90104561	1
97222793	1
95982237	1
97246264	1
9325208	1
9326261	1
7650767	1
50099430	1
74672887	1
6591064	1
63419828	1
5187429	1
60641630	1
64234884	1
5397787	1
5397840	1
7990828	1
29994919	1
7573910	1
85454717	1
81920181	1
5397844	1
34405852	1
62595975	1
7573566	1
63412499	1
5397782	1
5397841	1
5397806	1
75755308	1
7572256	1
5403248	1
18306198	1
7727577	1
49588715	1
5192741	1
5397849	1
7573442	1
5397798	1
85438251	1
9241801	1
49057313	1
84574928	1
6697335	1
5397769	1
5397832	1
64248840	1
5401629	1
7172440	1
50485941	1
9026807	1
69538682	1
5192753	1
50393884	1
7990685	1
5567414	1
46732608	1
12513433	1
9135638	1
9091906	1
12535209	1
7268057	1
6558538	1
80050461	1
92419124	1
51705402	1
88721701	1
12445314	1
80068636	1
7264746	1
67829953	1
24997941	1
5634306	1
7785416	1
35543881	1
5566516	1
46694520	1
51692453	1
96434792	1
5886875	1
5586719	1
13099017	1
46328419	1
81882344	1
13034637	1
5567748	1
43378484	1
46728980	1
46947602	1
9128717	1
88737921	1
5634152	1
5584671	1
96438372	1
14137298	1
46713471	1
24954326	1
66152763	1
9135777	1
9135075	1
14154565	1
5105025	1
11238091	1
5103216	1
5285815	1
5301430	1
59746475	1
93600959	1
9217914	1
7531468	1
57795724	1
9144655	1
9154677	1
63729533	1
7535900	1
5103334	1
57760057	1
5984655	1
11371996	1
7755791	1
5134310	1
6786628	1
7943618	1
6693953	1
7943898	1
5977632	1
6788831	1
5286662	1
6050994	1
9115881	1
7936132	1
25450610	1
6050830	1
6784675	1
7944339	1
11253619	1
6695272	1
25401731	1
67839985	1
6549645	1
59762076	1
5104333	1
7532881	1
6786515	1
5101946	1
5103058	1
69452924	1
88385902	1
7833933	1
7834992	1
5303823	1
37092629	1
9154253	1
6695834	1
67840183	1
7935695	1
69409523	1
17797190	1
65695311	1
69756473	1
5103092	1
5103085	1
5103313	1
42985988	1
5317337	1
11341498	1
55422172	1
5703942	1
7612013	1
7965586	1
34737981	1
55389317	1
9128395	1
7591718	1
7966155	1
7965755	1
9121621	1
6894064	1
34731483	1
52276791	1
5100053	1
9128394	1
9121377	1
5704177	1
6887810	1
54077690	1
5315499	1
92086328	1
5702038	1
5358171	1
9128363	1
7684456	1
73128180	1
54053596	1
7592911	1
73153306	1
6889975	1
29111690	1
5100778	1
6890573	1
59603448	1
29131278	1
59609504	1
5702444	1
7966291	1
32736015	1
21978475	1
58563471	1
22453404	1
24464893	1
58595763	1
63313324	1
9124169	1
86404258	1
29351252	1
9158060	1
94019777	1
58039711	1
5541939	1
5731685	1
6240728	1
5731195	1
29394692	1
54662061	1
81401075	1
37244667	1
93203111	1
5732366	1
6240569	1
54625746	1
94056227	1
9157581	1
81413001	1
60096344	1
15177598	1
68266125	1
47994373	1
5616193	1
6239701	1
6044786	1
9014647	1
94038469	1
6876291	1
60339913	1
84461817	1
7940143	1
77727885	1
7208915	1
6876258	1
7362119	1
26597157	1
77749786	1
18572446	1
9060352	1
9194007	1
49539129	1
60387495	1
33128270	1
6875640	1
38875379	1
26576328	1
7156484	1
26569759	1
26545493	1
7360539	1
7362137	1
7157215	1
60340855	1
45491504	1
11882950	1
5562749	1
26549198	1
7158272	1
5530348	1
47449958	1
49519240	1
71912263	1
7416593	1
5563247	1
77749257	1
77739160	1
6876140	1
7185608	1
7948608	1
55247233	1
15346121	1
93986041	1
87654721	1
38316321	1
7787107	1
89790459	1
9343239	1
9138818	1
55267602	1
55702091	1
56179261	1
55268236	1
7196759	1
37373265	1
19860750	1
7830638	1
55285749	1
99900796	1
19880256	1
28544809	1
9266800	1
6064092	1
7948759	1
56153129	1
55665742	1
11057292	1
15301286	1
70849692	1
13819468	1
7948187	1
7948055	1
70843282	1
87582666	1
26670769	1
43175401	1
99853145	1
93993631	1
11032845	1
43196717	1
69097597	1
93926425	1
