5870396	1
7677528	1
7567746	1
7299335	1
7812632	1
7301961	1
7570948	1
7812815	1
7812955	1
5867050	1
5867939	1
7887451	1
7969191	1
7913799	1
90547217	1
9289871	1
7848926	1
6556095	1
7887626	1
5866660	1
6551426	1
7301185	1
7300438	1
7677387	1
7913741	1
6555850	1
6982919	1
41441069	1
7847303	1
7968881	1
7888741	1
7676697	1
7968944	1
7677318	1
7847719	1
6983785	1
6981949	1
6556764	1
7299210	1
6556352	1
7969148	1
62326766	1
7913789	1
5868551	1
7812551	1
7811102	1
6556100	1
6551916	1
5869269	1
7847891	1
5870964	1
7887722	1
5868995	1
7297958	1
7569284	1
7848314	1
7914183	1
7969256	1
7848951	1
7677489	1
7969494	1
5867832	1
7570673	1
7969071	1
5869493	1
6550628	1
7676876	1
7968880	1
7847876	1
7848652	1
7674783	1
7811511	1
5868068	1
7812487	1
7570536	1
7812110	1
5870121	1
7810898	1
7888892	1
7847949	1
90553245	1
7849202	1
6981657	1
7305655	1
5869959	1
82917639	1
5251115	1
5566459	1
5585264	1
7785204	1
6560601	1
5585882	1
5586083	1
7785428	1
5633422	1
5586658	1
5566997	1
5888427	1
7785495	1
7785475	1
5567939	1
7269120	1
7784719	1
7997562	1
5565846	1
7264092	1
6563481	1
5885211	1
7265555	1
6563086	1
5260247	1
5566706	1
5636065	1
6563488	1
39601549	1
7997800	1
5635685	1
5634482	1
6557354	1
5247422	1
5566785	1
5634829	1
7784836	1
7784838	1
5249084	1
7785192	1
5633324	1
5885106	1
7266786	1
5568107	1
5633281	1
5586266	1
5634266	1
7785638	1
5633725	1
22955000	1
6557445	1
5568436	1
7785141	1
5587133	1
7683138	1
5788689	1
7989380	1
5790130	1
7683187	1
6509347	1
5789196	1
7683046	1
7747595	1
7773511	1
7989777	1
6326780	1
5788283	1
7989896	1
6422974	1
7746915	1
6511686	1
5789436	1
7989407	1
7824357	1
7823362	1
6324045	1
7939038	1
6511281	1
7989692	1
7990046	1
5787569	1
5787758	1
7909634	1
31467352	1
6330325	1
7909628	1
7824255	1
5788484	1
7771424	1
6423355	1
7918561	1
5788218	1
7825929	1
6424855	1
7939077	1
5789132	1
7938605	1
5788228	1
7682034	1
7989650	1
7989367	1
6254741	1
5788304	1
7910119	1
5788020	1
7939000	1
6379719	1
6509259	1
7747412	1
7989153	1
5789188	1
6254771	1
5787457	1
6425161	1
7771713	1
5787887	1
7682177	1
5789036	1
5787396	1
7824143	1
5789587	1
6379670	1
6663152	1
5692763	1
7803149	1
5691715	1
9007617	1
9007637	1
7801919	1
95334869	1
7932212	1
6662076	1
5693018	1
6661479	1
6072216	1
7802104	1
6075165	1
6072577	1
7991123	1
6447462	1
9002595	1
22313227	1
6661225	1
97177000	1
7991107	1
9002576	1
9225094	1
7932343	1
6663155	1
7991056	1
7802477	1
6663859	1
6660448	1
96104137	1
53832337	1
7419918	1
5353101	1
5351879	1
7931467	1
5353522	1
6075192	1
7802928	1
6447139	1
6075099	1
27870891	1
9002548	1
6660935	1
7931877	1
6071693	1
6662030	1
5693266	1
7932192	1
6660488	1
7931978	1
9002365	1
6072728	1
7801707	1
6074186	1
6076112	1
96099164	1
7802430	1
6443215	1
7802874	1
5692081	1
7991217	1
5352936	1
7802602	1
5803148	1
7792130	1
7001799	1
7100719	1
6709134	1
7102834	1
6711890	1
7100671	1
7945840	1
7946351	1
7915131	1
5804704	1
7101085	1
7103108	1
7003919	1
7104482	1
7980422	1
7915136	1
7980469	1
7915103	1
7103779	1
7100765	1
48355814	1
7792192	1
7946768	1
9306881	1
7915122	1
7101081	1
7915109	1
7980222	1
7915128	1
7103151	1
7915120	1
7915140	1
7914337	1
7101296	1
5803967	1
7915144	1
7101976	1
6712928	1
7103857	1
7980336	1
7915163	1
7915126	1
7980500	1
7915333	1
7100896	1
6710810	1
7791149	1
6709650	1
7791989	1
7915123	1
7915134	1
7102000	1
6713100	1
7980053	1
7915110	1
7915138	1
7100962	1
7101756	1
9114451	1
7022421	1
7100706	1
7792279	1
7025327	1
5668235	1
7101986	1
7946041	1
7104387	1
7101988	1
7104271	1
7103899	1
7980496	1
5803811	1
7100959	1
6710226	1
7979595	1
7101690	1
62781906	1
6712486	1
7001899	1
6709008	1
7026214	1
7102687	1
7102109	1
7100836	1
7002307	1
7027957	1
6709280	1
98980499	1
7103328	1
7980174	1
7979631	1
7915165	1
7980098	1
7980113	1
7104835	1
7915330	1
7102536	1
7102159	1
7915125	1
5668324	1
7915311	1
7100921	1
57365356	1
7101531	1
7915127	1
7915166	1
7004069	1
7104517	1
7790672	1
6712493	1
7979751	1
7274966	1
7952356	1
6156269	1
57030934	1
7740042	1
7271316	1
5373393	1
6209631	1
7952291	1
6210653	1
6211198	1
7740633	1
7740871	1
6214267	1
7952557	1
7124731	1
5373359	1
17566409	1
31814945	1
7269798	1
5376196	1
7122082	1
9305860	1
7959553	1
6210850	1
6215973	1
7699453	1
7951940	1
7951863	1
6213746	1
7952301	1
7739415	1
6210510	1
6156602	1
7122504	1
36381823	1
5376191	1
7952648	1
65242015	1
7952448	1
7124635	1
53163116	1
7952338	1
6288832	1
7738237	1
6156054	1
53176114	1
6215364	1
5376195	1
6215833	1
6285510	1
7739010	1
7739754	1
6214305	1
7274410	1
6209229	1
7123068	1
5376197	1
7120477	1
7738699	1
7274980	1
7741429	1
7739186	1
7740981	1
7952641	1
7958945	1
7273111	1
7697692	1
7738816	1
5373387	1
6208515	1
6156370	1
6156887	1
7738661	1
89167412	1
7699504	1
5373391	1
7959592	1
6212561	1
7959590	1
7449335	1
7977223	1
5466777	1
5466494	1
7745856	1
5533627	1
5380373	1
7976749	1
5380240	1
5380323	1
5653774	1
7450181	1
9334776	1
7744976	1
5548657	1
7446044	1
5532240	1
5466654	1
7976754	1
5380224	1
5531622	1
5304356	1
7745347	1
5652916	1
7745055	1
7721862	1
7746129	1
7715104	1
7447342	1
5305266	1
7745716	1
5532928	1
7446355	1
7444821	1
5533921	1
7445708	1
5725655	1
40847820	1
12193695	1
7445550	1
5551330	1
7745129	1
7721825	1
5651387	1
7745090	1
5531692	1
7745359	1
7977538	1
7444170	1
5308560	1
7977279	1
7745264	1
7745041	1
5467800	1
5467512	1
7745911	1
9021573	1
24333166	1
5304836	1
5532476	1
5549281	1
7721812	1
5532964	1
5307088	1
7745873	1
5532214	1
7744899	1
5651487	1
7745160	1
7976843	1
7444519	1
5548602	1
5725793	1
5307935	1
63636914	1
7744996	1
5653387	1
7745252	1
7443764	1
7715209	1
5380485	1
7745946	1
5552043	1
5531666	1
5307468	1
7745168	1
7746074	1
5366669	1
5723479	1
6453443	1
5305640	1
5651855	1
7976710	1
7745587	1
7719200	1
5307415	1
9079263	1
7967487	1
6169062	1
6433827	1
7880638	1
6168950	1
9001648	1
7881307	1
6468168	1
6169303	1
5480401	1
7882032	1
7998295	1
5480238	1
7250551	1
7882269	1
7882476	1
6432416	1
9334315	1
7880948	1
6080097	1
6169592	1
5483907	1
6466155	1
7967321	1
6078657	1
6169008	1
7881940	1
5951865	1
6431668	1
6077656	1
7967737	1
6169401	1
6467940	1
6433143	1
6465775	1
7881199	1
5951124	1
5951547	1
5951566	1
7967239	1
7998107	1
6171635	1
6171169	1
6466229	1
6169796	1
6170709	1
5484481	1
5482377	1
5951192	1
6464998	1
6172295	1
6170127	1
6466882	1
6432150	1
5951683	1
7882867	1
31686324	1
6169226	1
7013258	1
7010163	1
16571394	1
7880316	1
55651443	1
9001750	1
7882401	1
6432888	1
5483433	1
7251321	1
6077866	1
6431559	1
63078814	1
6172808	1
7997917	1
6171072	1
7998513	1
6169540	1
6077614	1
7879498	1
16568058	1
6980199	1
7967243	1
6170435	1
6171582	1
7967159	1
6977189	1
7881143	1
6168949	1
6172472	1
7967265	1
7998747	1
7250865	1
7967518	1
6171352	1
7967686	1
6169075	1
7880068	1
6431346	1
7251685	1
5951195	1
6182278	1
6219481	1
7934215	1
7999311	1
6833011	1
7933809	1
7999202	1
7999655	1
7999704	1
7934010	1
6182484	1
6179752	1
6219705	1
7974968	1
6179974	1
7974985	1
6182522	1
6837370	1
7975483	1
6835531	1
5236142	1
5728231	1
85237151	1
6833897	1
60847233	1
5232847	1
7800440	1
9209901	1
7933577	1
6223679	1
7934067	1
6221293	1
5728243	1
7933952	1
6179048	1
6180748	1
5728354	1
7998849	1
7800988	1
7933538	1
6835024	1
6834888	1
6220092	1
6830487	1
5411228	1
6838586	1
5728233	1
6842932	1
6178444	1
7934012	1
5232832	1
95491898	1
5728403	1
9038877	1
5232592	1
7955835	1
5728743	1
7975157	1
6182869	1
6841267	1
7799647	1
6179027	1
5235793	1
5745141	1
5741469	1
9271075	1
7955716	1
6181468	1
6222567	1
6181675	1
7975689	1
6830930	1
7934200	1
6224505	1
6836584	1
5728244	1
7999744	1
7974835	1
7800652	1
5744469	1
5896877	1
6223387	1
6843023	1
5233445	1
5236681	1
6183096	1
6829970	1
6182631	1
6181865	1
5742408	1
5728573	1
5236143	1
6219140	1
7975401	1
6217683	1
7799928	1
7800074	1
5745087	1
5577641	1
5698472	1
51041960	1
48987153	1
7351735	1
17383915	1
7807227	1
5719698	1
6430347	1
73917909	1
7691570	1
5715072	1
6427928	1
5697711	1
41970556	1
7347422	1
41974693	1
7350224	1
5699609	1
7806045	1
7347119	1
5265554	1
7691768	1
5699968	1
7353730	1
7348908	1
6430748	1
87679472	1
5578552	1
9126319	1
7805720	1
9127115	1
6316244	1
7692561	1
7806577	1
5698596	1
6320141	1
7806515	1
9126639	1
73356534	1
7691643	1
22087760	1
5576806	1
5719804	1
5577825	1
13759956	1
7693198	1
7806773	1
5715270	1
5698440	1
7690505	1
22117392	1
7346464	1
5715318	1
7691084	1
7807912	1
5267532	1
48955598	1
7691598	1
7692301	1
19248448	1
6317555	1
6945387	1
7795428	1
27245661	1
7981612	1
6944774	1
6196211	1
6907381	1
6195499	1
6651027	1
7604882	1
7981486	1
6778647	1
7788534	1
7899703	1
6778114	1
6909964	1
7606217	1
7795224	1
7982354	1
6946140	1
6945938	1
7603891	1
7927408	1
6197762	1
7605493	1
6911444	1
6910608	1
7926737	1
35848341	1
6195786	1
6200243	1
9105404	1
7981907	1
6907711	1
6906591	1
6912107	1
7982341	1
6944540	1
6200671	1
7788119	1
6653452	1
6655328	1
6195898	1
7899878	1
9105886	1
6777329	1
6654269	1
6652639	1
6654510	1
6652368	1
79675847	1
6905338	1
6945078	1
21792181	1
6945392	1
6200852	1
7982053	1
5117622	1
6904383	1
6945954	1
6200724	1
62423006	1
6199257	1
6199782	1
7604879	1
7787573	1
7900892	1
6912369	1
6654437	1
6195224	1
7794810	1
7605459	1
6783060	1
9105527	1
42693319	1
6944813	1
6652010	1
6908389	1
7927503	1
6652895	1
7926818	1
6911519	1
6653423	1
7603303	1
5117521	1
6944579	1
6904236	1
7794769	1
7927115	1
6651507	1
6945996	1
6904631	1
7982308	1
6201125	1
6906021	1
7902391	1
6911913	1
6653570	1
6651416	1
7787384	1
7981868	1
6779404	1
7605406	1
6944557	1
7981796	1
7796696	1
5116523	1
6780707	1
6652858	1
6652524	1
6195669	1
6654126	1
7788666	1
6912287	1
9233409	1
84255658	1
6911013	1
7927000	1
5117057	1
7604777	1
5116347	1
7927183	1
6945635	1
6912094	1
6909614	1
5118521	1
7982420	1
6944639	1
7796172	1
6195988	1
6907298	1
7795473	1
7795223	1
6097843	1
74982827	1
5587541	1
15390444	1
6807928	1
90677625	1
6808596	1
5688487	1
7160850	1
5689226	1
5603266	1
6085896	1
7165659	1
5588066	1
67722463	1
6100749	1
5807669	1
6085920	1
5689003	1
6808207	1
6082385	1
7407348	1
7409270	1
7408923	1
6807898	1
5690790	1
5690818	1
6810280	1
5686991	1
7408982	1
7406964	1
5587851	1
5601964	1
99105337	1
6807360	1
6809560	1
7163277	1
9109636	1
7166759	1
7166348	1
5805724	1
9104156	1
6811624	1
9109148	1
20603209	1
6812579	1
7159282	1
5603105	1
9104833	1
7160801	1
67703462	1
5688708	1
9109722	1
7411220	1
6811617	1
6086851	1
6100010	1
5807677	1
7163408	1
9105111	1
7165638	1
5600889	1
6100838	1
78911742	1
6152216	1
5929394	1
5928915	1
5680972	1
96353771	1
5695859	1
5686908	1
5929089	1
5695302	1
7966622	1
7427071	1
5679020	1
5927118	1
5927462	1
5647337	1
7737402	1
7793298	1
5928536	1
5647778	1
5927984	1
5695116	1
5681667	1
6845721	1
5647779	1
7429730	1
6149179	1
15271949	1
5680353	1
7793959	1
7735641	1
5693962	1
6843365	1
7737569	1
5696847	1
7736799	1
7735623	1
7966377	1
6150685	1
7966940	1
7495825	1
5682391	1
6851113	1
7966813	1
5696403	1
7429504	1
7793460	1
7966718	1
7736687	1
7966964	1
7966566	1
7494801	1
7735438	1
7426284	1
7426182	1
5647650	1
7496443	1
5647638	1
5647529	1
7495092	1
60794716	1
7429591	1
5144552	1
6849387	1
5144309	1
44576271	1
7994716	1
7966952	1
7794078	1
5920405	1
7994029	1
5682350	1
7143803	1
7428598	1
5694695	1
5647653	1
7736416	1
7149771	1
5695260	1
7967039	1
7496608	1
5693737	1
5681703	1
7794354	1
5686019	1
7428629	1
78970406	1
7737866	1
5647641	1
5681084	1
5693598	1
5647082	1
5637254	1
5647654	1
7736217	1
5927840	1
7966613	1
63545913	1
6153341	1
7736182	1
5926946	1
5679075	1
5648044	1
5694899	1
7735784	1
7736908	1
60948291	1
6843738	1
6152241	1
7794131	1
7498881	1
6149199	1
6149488	1
7149275	1
5647649	1
5647648	1
5696382	1
7994486	1
7994110	1
5685639	1
5918242	1
9147757	1
5647616	1
7967013	1
5686859	1
5919843	1
6109397	1
7477853	1
7819339	1
6106793	1
7481564	1
7782580	1
6106158	1
7113440	1
7819056	1
5969918	1
7818231	1
7819072	1
7816949	1
7818590	1
7520127	1
34568255	1
7112774	1
5476961	1
5970701	1
7113615	1
5968320	1
6670686	1
7112179	1
7324299	1
7114087	1
5476033	1
6673225	1
6670562	1
5968454	1
5476821	1
7817537	1
5974782	1
7389805	1
6670866	1
5476706	1
7385966	1
6108686	1
5970985	1
5475969	1
7478252	1
6670220	1
5968877	1
6107554	1
6108152	1
5969862	1
7782787	1
5975430	1
7816708	1
5970903	1
6671613	1
5974459	1
5971929	1
7391229	1
6109101	1
7523953	1
7386207	1
5969584	1
52655269	1
7112269	1
6670340	1
7781334	1
5479205	1
7476497	1
58146081	1
7520075	1
7782730	1
5477325	1
6673061	1
7525328	1
6670350	1
5972262	1
7783238	1
5967834	1
7112507	1
6670853	1
5971412	1
6673510	1
5478417	1
9131887	1
34556308	1
7112906	1
7113578	1
19426116	1
7328809	1
6108853	1
5969847	1
7522868	1
6669549	1
7781250	1
7782360	1
7114159	1
6672547	1
6671188	1
5972746	1
5476823	1
7112455	1
7386104	1
6672491	1
5975224	1
7527792	1
9107539	1
6672914	1
7519266	1
7327004	1
7392657	1
6670313	1
5971966	1
7113721	1
7481219	1
7781770	1
6672721	1
5677990	1
7985533	1
28701363	1
6516959	1
6641206	1
6880479	1
5227771	1
6640980	1
41513676	1
6878404	1
6640597	1
6113618	1
6879314	1
6638734	1
5227774	1
6877634	1
7985559	1
7985903	1
6111365	1
6877082	1
9189337	1
6877054	1
7845131	1
5675303	1
7844839	1
6877245	1
26442293	1
6879618	1
7986138	1
6113515	1
5676131	1
68192772	1
6880421	1
6879735	1
5675245	1
6879439	1
23045779	1
6876826	1
6640800	1
6640945	1
41518663	1
89262174	1
6112300	1
7985532	1
6877585	1
6640750	1
5677025	1
6640585	1
5676382	1
6879281	1
6111850	1
7926298	1
6111466	1
7844285	1
7925933	1
6638665	1
7845036	1
6114108	1
6879947	1
7845192	1
5678804	1
5227770	1
7925708	1
6110672	1
7845082	1
6877428	1
6640075	1
5675344	1
5231387	1
6879650	1
78375587	1
6641119	1
6639963	1
9129609	1
7581479	1
6997925	1
5799975	1
7580888	1
6997850	1
6819411	1
9106835	1
5709642	1
6996674	1
5709592	1
5801382	1
6813506	1
7581976	1
9344678	1
9106929	1
7921825	1
7849494	1
5802035	1
9297731	1
53890033	1
7001106	1
7578199	1
14193400	1
7578675	1
7849433	1
7616279	1
7581047	1
7578823	1
7580853	1
7615950	1
7850184	1
7582441	1
7921283	1
90943212	1
6998500	1
76026685	1
7578729	1
11125906	1
7617455	1
26352144	1
7579763	1
7922244	1
7616496	1
7615393	1
26396708	1
25696736	1
7580258	1
7580415	1
7849397	1
6997949	1
6815499	1
99186966	1
7616716	1
6815269	1
91918727	1
7320234	1
7660947	1
7320126	1
6534035	1
7927557	1
9285744	1
5877568	1
7931189	1
7965338	1
6143810	1
5628075	1
6143026	1
6058600	1
7930449	1
7928408	1
7964817	1
5280958	1
7928134	1
7320484	1
7927787	1
6532012	1
7323529	1
7726541	1
6533856	1
7726148	1
7727119	1
7725661	1
5625985	1
7940394	1
7726368	1
7956352	1
7321155	1
5627779	1
7928304	1
7919504	1
7956590	1
5628522	1
5877663	1
7320729	1
7324034	1
7726035	1
5878923	1
5707209	1
5282346	1
5626335	1
5626322	1
7956740	1
6531242	1
7663036	1
7930913	1
7662455	1
37946179	1
5878619	1
7321500	1
5624718	1
7956890	1
7726867	1
6142796	1
5627902	1
7320902	1
5627399	1
7956775	1
12268211	1
6142953	1
7965450	1
7727148	1
6531812	1
7931406	1
6535259	1
6056030	1
6054893	1
6143043	1
9286167	1
7661565	1
7965193	1
7965087	1
7323364	1
7322125	1
7726317	1
7323208	1
7660867	1
6057651	1
5879670	1
6534848	1
7726918	1
7662419	1
7322292	1
7965292	1
7921079	1
7940771	1
87842431	1
5706021	1
25480311	1
7661473	1
7941136	1
7661299	1
7727145	1
6058388	1
7660035	1
6139861	1
7320148	1
7930698	1
5878609	1
9075547	1
6055763	1
7927863	1
7965309	1
5626130	1
6536787	1
5284155	1
7321269	1
7661200	1
7627955	1
5238294	1
7980726	1
7809731	1
7981072	1
6048625	1
5241336	1
5357463	1
6793862	1
7687070	1
7937830	1
5237443	1
6793207	1
7181837	1
5471668	1
7626412	1
7177464	1
7678154	1
7980707	1
7678625	1
7807977	1
5241287	1
7937662	1
7689185	1
7677941	1
6793350	1
7810232	1
7938257	1
7626676	1
6794746	1
6792503	1
5470409	1
7937402	1
5472428	1
7686433	1
7938014	1
7937551	1
5237325	1
7808217	1
7626086	1
7180935	1
5357347	1
7678212	1
7980883	1
5470352	1
6789798	1
7980666	1
7178613	1
7810172	1
5470564	1
7937928	1
9040504	1
7687622	1
5355181	1
9332186	1
7809530	1
7937581	1
7809134	1
5243632	1
7808365	1
5240840	1
5470594	1
7981234	1
5471567	1
5241217	1
14887847	1
7809438	1
7981437	1
7687527	1
5472262	1
6794052	1
7627996	1
6794453	1
7938083	1
13228346	1
6938931	1
5966117	1
6940132	1
6940172	1
6939494	1
6758498	1
7705100	1
5961370	1
37150656	1
6939048	1
6938907	1
6942392	1
6758366	1
6940544	1
7507150	1
7507758	1
6759145	1
5791489	1
5792101	1
6933906	1
5791427	1
7671161	1
5965372	1
6937992	1
6874043	1
5792550	1
5966065	1
5960792	1
6366982	1
6760691	1
5791315	1
6873375	1
7707432	1
5790455	1
5964714	1
7672200	1
6758493	1
7670742	1
5792809	1
6939551	1
6934399	1
6940370	1
7706229	1
5773585	1
7672082	1
5792034	1
7706240	1
5790404	1
5791788	1
5790320	1
6874293	1
7671045	1
6873916	1
5771364	1
7511032	1
6939983	1
7512227	1
7672757	1
5770160	1
15556178	1
7507661	1
5771743	1
6942457	1
5771124	1
7705585	1
7707500	1
6939080	1
6763670	1
6938827	1
5966246	1
6358875	1
5790953	1
5792422	1
7511360	1
6941716	1
5771759	1
5791889	1
5792709	1
6938866	1
6874697	1
6937592	1
5966700	1
6938040	1
13226748	1
6364064	1
7705376	1
47378871	1
9117207	1
5790376	1
6759305	1
5961092	1
6873333	1
5771955	1
5774254	1
5962627	1
7672401	1
7706642	1
6938268	1
6939159	1
5790293	1
5964736	1
5961116	1
5964620	1
5792207	1
6940814	1
7507662	1
6940154	1
7674153	1
5792563	1
6366999	1
57613335	1
6756920	1
5792633	1
6940827	1
6941551	1
6362540	1
6938610	1
6763800	1
5427716	1
9120137	1
5967098	1
9117393	1
5790192	1
6874653	1
6936728	1
5790910	1
6757830	1
6941325	1
6760827	1
5791875	1
5791448	1
6939643	1
5960639	1
6935021	1
5792129	1
6941863	1
5962346	1
5964815	1
6937704	1
6364927	1
7704614	1
5964543	1
5966377	1
6873358	1
6757034	1
5791220	1
7670987	1
6762398	1
5792481	1
6936307	1
6587985	1
5555654	1
7843633	1
6707040	1
6703513	1
7842851	1
6706145	1
7514453	1
5556164	1
7929981	1
7014985	1
5658815	1
7842185	1
6707450	1
7512626	1
7930214	1
7061711	1
7066263	1
7512740	1
5658942	1
9329185	1
5658558	1
6948361	1
7929718	1
7134777	1
7134625	1
20125810	1
6441420	1
56400225	1
7013899	1
6702140	1
21420211	1
7055725	1
6703006	1
5660142	1
9328470	1
6702363	1
5555648	1
7929769	1
7132547	1
7072074	1
5558428	1
7513098	1
7841244	1
6706537	1
7015539	1
6947345	1
7843786	1
9118666	1
6703445	1
7516925	1
6704008	1
6587542	1
7135568	1
7516145	1
6587404	1
7841241	1
7132954	1
6704855	1
6702428	1
7015762	1
7841687	1
7015638	1
6703557	1
7842095	1
6705954	1
36252946	1
9329504	1
9021238	1
5556706	1
57914448	1
6442366	1
7841186	1
6947979	1
6702069	1
6946269	1
7518140	1
6948129	1
7065826	1
6707121	1
6440802	1
6946529	1
6702538	1
7133324	1
7843081	1
7993923	1
9282666	1
6190054	1
6191741	1
6190642	1
7934819	1
7767096	1
7767031	1
7934759	1
6193158	1
7993724	1
6190342	1
80700730	1
9281569	1
6191392	1
6583716	1
7934486	1
5149808	1
7767633	1
7769862	1
6192973	1
30902723	1
6130666	1
7993341	1
7934591	1
7768536	1
9125134	1
6191823	1
5154042	1
7935170	1
7767269	1
7767942	1
5150384	1
6131074	1
6189817	1
7765444	1
7934790	1
6194269	1
7935256	1
7934880	1
58942976	1
6193849	1
58925435	1
6585920	1
7934521	1
6133711	1
30877380	1
7934431	1
9265231	1
6192905	1
6193048	1
6583762	1
7767195	1
77576913	1
7935214	1
6586014	1
7330874	1
9328070	1
7331326	1
7330256	1
7873082	1
7462088	1
7333262	1
6565644	1
7666959	1
7334631	1
6127792	1
7873177	1
6127998	1
5537034	1
7032780	1
7874092	1
5348631	1
5349604	1
6126928	1
7457665	1
7871265	1
7893616	1
6127897	1
5349949	1
6125271	1
7455958	1
7335458	1
5534189	1
6395232	1
9327535	1
5536509	1
7963999	1
6564828	1
7034590	1
7334646	1
6127513	1
7331213	1
44635821	1
7873204	1
5348384	1
7668214	1
7329585	1
6125764	1
7331497	1
6570040	1
7964534	1
60005997	1
5536458	1
7964326	1
7964336	1
59998852	1
9326719	1
7669495	1
7329691	1
5535931	1
6129867	1
7331398	1
7873211	1
9327830	1
7458154	1
5534635	1
7964141	1
5349859	1
7333701	1
6395110	1
7964319	1
6564393	1
6128777	1
7963952	1
7416498	1
7413370	1
6576101	1
7154161	1
7152569	1
7940146	1
7362599	1
6875467	1
7929274	1
6576618	1
7202654	1
7151808	1
60337129	1
6875495	1
7962927	1
7928967	1
7906543	1
5527019	1
7906397	1
7416170	1
6875081	1
7414553	1
5562192	1
7359807	1
7360044	1
7361876	1
7204661	1
7208915	1
5562326	1
7413878	1
7415806	1
7962918	1
7362483	1
7940133	1
7361741	1
7939380	1
5528329	1
6576600	1
5563407	1
7940213	1
7928662	1
7360093	1
7939941	1
7415709	1
5527080	1
7929368	1
7962378	1
7928888	1
7417329	1
7206817	1
7158582	1
7205470	1
6875436	1
5528880	1
6875921	1
7939762	1
6875404	1
5565509	1
7360786	1
7929302	1
5563408	1
7415067	1
7929067	1
6875580	1
7208503	1
7763981	1
7209556	1
5563781	1
7761984	1
6876133	1
7361852	1
7906604	1
7939914	1
9059291	1
7360897	1
5564795	1
7761121	1
7762388	1
7153819	1
7761191	1
9009645	1
18592200	1
7928985	1
7929104	1
6876711	1
7939852	1
6875220	1
7928918	1
7158721	1
7154972	1
6240822	1
6993621	1
5748888	1
7975706	1
6241379	1
6243469	1
6620679	1
6628678	1
6627209	1
7976621	1
7975783	1
6241324	1
5747784	1
6995762	1
6621010	1
9080202	1
92232411	1
7976216	1
5748153	1
7976521	1
6627809	1
5747312	1
6620335	1
6243215	1
7976138	1
5747485	1
5746783	1
6629186	1
7937121	1
7936543	1
7975960	1
5747180	1
6629626	1
6246155	1
5749545	1
6248046	1
5746278	1
7249297	1
6246203	1
5746393	1
6623194	1
7936685	1
7249169	1
7248183	1
7976437	1
7975953	1
6991656	1
6627683	1
6725311	1
6188551	1
5811861	1
9103440	1
5714215	1
6659383	1
6183491	1
6144091	1
5611238	1
6148075	1
5812381	1
7045230	1
7950690	1
6720252	1
7950307	1
5808897	1
6656656	1
6184842	1
6188236	1
5711311	1
6146826	1
5610662	1
6659429	1
7047475	1
7953741	1
6147584	1
6949581	1
7505288	1
6183760	1
6657502	1
5853983	1
6186901	1
6144918	1
6659409	1
6655872	1
6658132	1
6659565	1
6723905	1
6726236	1
6952857	1
5611098	1
6656120	1
6657646	1
7950231	1
6183703	1
9103649	1
6726132	1
6185267	1
7954170	1
5710955	1
14371177	1
6148540	1
7953721	1
5610250	1
7043115	1
6720502	1
7505374	1
5810824	1
7950968	1
6655681	1
7951012	1
6187127	1
5612092	1
9112997	1
6659912	1
6658298	1
7045825	1
6144357	1
5613919	1
5852258	1
6660259	1
6722446	1
7905676	1
7506016	1
7954123	1
6656034	1
5811916	1
5852028	1
6145542	1
6658279	1
5610814	1
5614248	1
6658846	1
6183798	1
6724718	1
7905228	1
7046300	1
5812034	1
6657003	1
7050210	1
7503912	1
5810864	1
6655827	1
6723468	1
6659677	1
79840606	1
6950520	1
5614155	1
6721223	1
7877263	1
7367145	1
6134429	1
7979392	1
6045816	1
7118591	1
7117365	1
5213413	1
5214200	1
7365670	1
33078995	1
6134300	1
7117143	1
7363224	1
5214437	1
7978814	1
7875090	1
5214302	1
5214326	1
7876167	1
7876929	1
7093185	1
5214352	1
5214335	1
6138836	1
7877097	1
5214429	1
7878006	1
5214340	1
6138359	1
5214356	1
5214394	1
9313091	1
7942359	1
73844410	1
5214181	1
7118929	1
7119826	1
7119276	1
20856039	1
5214182	1
5213415	1
5210588	1
5214466	1
6138734	1
37785859	1
5214337	1
5214344	1
5214201	1
7876301	1
7093219	1
5213414	1
6046361	1
7875785	1
5200116	1
7875368	1
7118632	1
7363235	1
5214323	1
6138702	1
7117267	1
9314199	1
5214355	1
7364460	1
6134745	1
7118237	1
5214419	1
5213425	1
7118666	1
7979039	1
83432925	1
7118164	1
5214345	1
5214305	1
7876787	1
7119493	1
77918051	1
7092798	1
7978853	1
5214350	1
7876008	1
5214445	1
7363143	1
5214438	1
7117657	1
5213411	1
6135375	1
7437389	1
7441868	1
6805909	1
7960123	1
7730612	1
7279292	1
7260326	1
7281460	1
7437047	1
7276628	1
5769164	1
7729672	1
7729802	1
6985852	1
5768538	1
7261970	1
7731027	1
86266310	1
12295416	1
7731212	1
7259310	1
7277939	1
7730877	1
7968450	1
7261999	1
7278275	1
7433142	1
7731690	1
5161227	1
7277630	1
7731230	1
7434049	1
7439551	1
5154752	1
7282909	1
7441968	1
7260714	1
7261484	1
7731340	1
7259239	1
6989401	1
6986826	1
7277092	1
6803713	1
40550528	1
27348912	1
6806050	1
7729989	1
5161655	1
7277240	1
7968734	1
7731180	1
7278620	1
5765347	1
6805676	1
6987542	1
35052658	1
5156197	1
7960101	1
7440007	1
7742861	1
6491682	1
6933877	1
7743311	1
7942279	1
58805742	1
7961380	1
7655065	1
61794390	1
7230421	1
7653686	1
7652817	1
6968262	1
7941527	1
7942045	1
7963477	1
7748879	1
7742517	1
5764637	1
7653171	1
7963201	1
6925254	1
7358889	1
6491321	1
6969200	1
7963051	1
6925955	1
7962073	1
7963302	1
7743729	1
6487503	1
7744842	1
6931012	1
5760334	1
7984115	1
7983677	1
6930360	1
7963791	1
7356583	1
7961666	1
7359567	1
7231096	1
7356698	1
7744846	1
7983421	1
7744162	1
9299325	1
7743773	1
7941531	1
7231022	1
5762303	1
7284545	1
93286314	1
7744622	1
7963502	1
7962181	1
6930377	1
7358566	1
7357047	1
7356486	1
7744091	1
7941741	1
6965179	1
6930041	1
7983425	1
7285969	1
5761045	1
7748567	1
7741759	1
5759143	1
7963522	1
7283976	1
5755816	1
5758621	1
9223624	1
5755538	1
7744772	1
6923296	1
7358342	1
6929478	1
6928583	1
6924360	1
7961523	1
7742011	1
6925680	1
6933275	1
7942263	1
7749023	1
6930490	1
6923481	1
7963535	1
7963876	1
7983623	1
7983743	1
7744001	1
6967331	1
7356519	1
7356532	1
7358795	1
7288075	1
5760478	1
9222733	1
6492656	1
7941439	1
6493328	1
9249619	1
6923319	1
6923328	1
7962102	1
7744282	1
7284533	1
5763515	1
7356568	1
9298336	1
7941330	1
7646544	1
7970450	1
6610433	1
5339438	1
7644881	1
7988334	1
75194156	1
7237184	1
7236067	1
7239973	1
7988377	1
7826627	1
7989097	1
9122157	1
7971214	1
5573705	1
7970591	1
7354374	1
7174572	1
6225588	1
6232504	1
7116822	1
6233007	1
6225016	1
7646028	1
88108670	1
7176508	1
7356474	1
6229298	1
5574872	1
88168389	1
7646230	1
5114339	1
6434896	1
7355711	1
7116139	1
7115025	1
7646457	1
5573389	1
6612255	1
6612672	1
7354324	1
7646059	1
6613580	1
6090018	1
6231557	1
7355673	1
7175840	1
7988682	1
6611448	1
7235537	1
6614150	1
6230732	1
6088829	1
7354312	1
6092175	1
7354854	1
7646045	1
9122064	1
6088993	1
6089346	1
76659287	1
7176543	1
6435351	1
7174158	1
9122626	1
7238579	1
7115278	1
7988544	1
7117021	1
62227437	1
6090488	1
6225383	1
6232624	1
7115297	1
7970774	1
22612229	1
6227871	1
99291764	1
5251788	1
6613135	1
7354291	1
5340620	1
7828596	1
7988983	1
7237480	1
56839258	1
7237070	1
6091008	1
7173621	1
5341465	1
7645564	1
5339756	1
6093834	1
6091245	1
6614022	1
7175746	1
7116761	1
5573734	1
7355749	1
5340527	1
7644909	1
7354960	1
5573359	1
7356104	1
7237024	1
5574506	1
7354815	1
7827842	1
6095511	1
7355883	1
7234703	1
7645357	1
7239311	1
9122345	1
7646166	1
5571070	1
7492269	1
7867700	1
5670982	1
7564457	1
6163594	1
7491972	1
6603302	1
5342441	1
5668649	1
7788918	1
7493569	1
5668948	1
7596087	1
6034094	1
6161124	1
6036483	1
5571847	1
7870332	1
5341948	1
6161819	1
6035145	1
7722492	1
5341945	1
7544868	1
51654104	1
7867561	1
5569228	1
7722414	1
6033862	1
5336524	1
7489465	1
5342513	1
6036121	1
7723193	1
5342412	1
5342445	1
7723141	1
7595791	1
7567450	1
7722687	1
5571853	1
5341943	1
5341946	1
6163844	1
7542608	1
7567382	1
6604049	1
6159838	1
7567066	1
5334404	1
5342485	1
7602160	1
6603876	1
5342498	1
5332894	1
5342442	1
5569114	1
5341944	1
7542917	1
6162799	1
7598899	1
6034663	1
7601868	1
7597537	1
7494153	1
7596868	1
5842219	1
7788900	1
7558947	1
7790015	1
7722445	1
6037882	1
7546448	1
7870039	1
7722845	1
5342449	1
7597230	1
7723390	1
5336702	1
7559946	1
5341925	1
7489683	1
5344015	1
6037288	1
7601382	1
6161475	1
5342533	1
7602815	1
7867572	1
7490858	1
7546306	1
7869314	1
7789113	1
25084602	1
7542886	1
9139293	1
5342511	1
7789303	1
5570637	1
7566220	1
5342545	1
5343270	1
7601936	1
7602324	1
7546035	1
5341929	1
6036965	1
5342447	1
5572022	1
7601481	1
6603658	1
7723531	1
7601345	1
5570697	1
7537800	1
6033741	1
7870419	1
5342439	1
7868300	1
7599364	1
9340549	1
5342396	1
5341926	1
6033417	1
6034337	1
7868674	1
5737036	1
7381730	1
5245398	1
5552727	1
6644494	1
5552712	1
64984126	1
7383307	1
7891440	1
6642338	1
5664559	1
5105526	1
5662036	1
6645395	1
5108340	1
25343149	1
5246122	1
5648188	1
5649311	1
5734041	1
5662182	1
76889020	1
7384820	1
6643041	1
5649477	1
5109719	1
6642905	1
5108213	1
6642465	1
5648637	1
7890880	1
9009038	1
5661294	1
93854794	1
5661248	1
5649117	1
6645189	1
7383277	1
7892926	1
7891990	1
5737076	1
7384503	1
5244234	1
6646312	1
5661948	1
26954267	1
5554372	1
5664560	1
5553541	1
5552266	1
5648644	1
7382970	1
5663659	1
6642250	1
34305089	1
6643644	1
6644662	1
5554401	1
7893376	1
7891686	1
5649748	1
5244589	1
5244278	1
5735772	1
5648133	1
5662108	1
7381446	1
5109220	1
6645839	1
5649209	1
5217471	1
7367761	1
5218837	1
5217472	1
5620691	1
7553916	1
7803282	1
5217470	1
6339607	1
5217473	1
5225830	1
6336883	1
7552007	1
7405825	1
5215221	1
9111335	1
7369046	1
7406437	1
5218835	1
7369604	1
7554888	1
6337555	1
7945360	1
5854383	1
7406086	1
7803574	1
5217969	1
7804953	1
7369191	1
5217469	1
7369156	1
5218645	1
7550999	1
7405347	1
5215215	1
7804405	1
5225587	1
7804057	1
7945103	1
7803685	1
9112159	1
5855493	1
7405041	1
62158852	1
7368034	1
7548512	1
7405674	1
7368436	1
7803363	1
7804361	1
5855414	1
9112202	1
7406189	1
5225644	1
7805104	1
7944815	1
6238542	1
5950861	1
7932481	1
51178370	1
6203331	1
5950261	1
6207789	1
5948536	1
6236778	1
7946847	1
7961057	1
6237915	1
5751041	1
6202180	1
7932761	1
6203759	1
7961190	1
5665768	1
6235700	1
5948433	1
6203863	1
6207170	1
7845447	1
5949893	1
5947823	1
7932592	1
6238450	1
6203925	1
6202092	1
5949586	1
5947530	1
5948622	1
5950876	1
5948661	1
6206103	1
6237720	1
5948079	1
5950106	1
6414794	1
6205886	1
5666976	1
5944050	1
6202862	1
5949625	1
6207407	1
5950181	1
6237963	1
6406687	1
6237690	1
53336897	1
7932645	1
5950591	1
7932971	1
5753097	1
5664718	1
5948593	1
5948655	1
6207978	1
6207708	1
7932896	1
60200371	1
5666501	1
7845793	1
6203793	1
5950153	1
6237949	1
6234428	1
6237799	1
5666124	1
5949012	1
6202190	1
6238309	1
6234324	1
7847020	1
6416192	1
5750676	1
5947431	1
5950788	1
6238247	1
6237805	1
7933116	1
6238280	1
6238107	1
44093813	1
6402990	1
7960958	1
5948708	1
6204246	1
5948315	1
5755411	1
7846786	1
5949261	1
30531172	1
5949268	1
6204326	1
6205776	1
5880881	1
5986707	1
6739529	1
6593803	1
7949929	1
7125149	1
7127783	1
7953557	1
5882421	1
5986312	1
7996436	1
7127368	1
5986148	1
6734922	1
5880764	1
7950109	1
66398898	1
6596022	1
5987598	1
82832613	1
5986995	1
7953262	1
5884094	1
7129769	1
7950175	1
5986603	1
7125886	1
5986242	1
5985800	1
6392047	1
6593807	1
7798134	1
16291467	1
6637710	1
7130084	1
6637264	1
7996820	1
6387813	1
5987039	1
7797289	1
6449041	1
6451213	1
6448224	1
6737511	1
7924178	1
6594004	1
5989570	1
5987546	1
7797820	1
5987689	1
7129620	1
5884316	1
5884846	1
5986122	1
7798651	1
5883156	1
7953366	1
9339543	1
5881689	1
7949762	1
6738371	1
5989527	1
6739903	1
80581890	1
5985421	1
7129718	1
80583606	1
5988613	1
45320010	1
5989684	1
6740692	1
7130133	1
7953345	1
7797246	1
6389620	1
5882156	1
6739466	1
7129416	1
7129428	1
5985116	1
5988193	1
6738567	1
9339027	1
7936198	1
6541870	1
5982666	1
6539731	1
7756315	1
6693631	1
6539198	1
5105060	1
7755184	1
6692831	1
7834601	1
31261410	1
5104709	1
69723300	1
6539217	1
6546141	1
6694030	1
5979622	1
5135552	1
6691807	1
7534403	1
7530308	1
6788343	1
6787422	1
6691935	1
5285944	1
7936109	1
5981918	1
5977455	1
5981269	1
6692615	1
7935499	1
5977431	1
6054333	1
7935668	1
5975826	1
7834759	1
59786703	1
6695664	1
7977577	1
7943959	1
5979291	1
5981357	1
6693619	1
7755214	1
6545372	1
6549125	1
5105170	1
5103511	1
5105056	1
5980432	1
6695134	1
6691291	1
7935689	1
7977650	1
7978025	1
7936216	1
7943614	1
5135126	1
5984559	1
6788192	1
5980426	1
7977782	1
37091193	1
6784126	1
5976432	1
7944316	1
7528107	1
7935909	1
7754033	1
7533270	1
6783946	1
6694402	1
5977391	1
5105043	1
5135133	1
5982556	1
7935842	1
7753483	1
5301268	1
7944482	1
7529441	1
7835868	1
35091576	1
5979086	1
7834391	1
5104443	1
5103254	1
7935991	1
6543139	1
5976378	1
6542859	1
7978446	1
5103652	1
6548169	1
6786555	1
7756064	1
7978549	1
6692881	1
5983715	1
7977672	1
7535728	1
7754576	1
5975755	1
5103887	1
9144721	1
6665255	1
7752108	1
6717850	1
7191054	1
5654216	1
7723636	1
6716234	1
6168154	1
7679232	1
6667256	1
6168120	1
6668293	1
6166674	1
7723667	1
6167148	1
7679483	1
6167256	1
7188968	1
7724747	1
7724324	1
7983303	1
6167318	1
6716994	1
6718074	1
6666604	1
5225365	1
7679562	1
7724927	1
7680121	1
6166774	1
6166851	1
6166425	1
6715894	1
7724226	1
6713815	1
7723947	1
5219008	1
6666313	1
33713273	1
6716398	1
6167744	1
5224051	1
7702107	1
5224153	1
5219699	1
7679055	1
7194527	1
6167487	1
7723684	1
7723716	1
7679627	1
6714009	1
5656899	1
7982937	1
7679090	1
7982512	1
6167458	1
6667404	1
7751797	1
7723941	1
6718668	1
7680217	1
7191783	1
6668245	1
7751449	1
6669298	1
6010706	1
7982485	1
7704161	1
84132324	1
6165107	1
6166928	1
6667222	1
5846210	1
6666785	1
5221066	1
6714040	1
6166574	1
7724609	1
6716358	1
6715667	1
5278458	1
6167774	1
7982776	1
6666461	1
7751685	1
6664912	1
6166493	1
7982976	1
6668845	1
6666154	1
7723822	1
6667171	1
7194030	1
7574712	1
5321334	1
5925306	1
6631415	1
9302457	1
6674616	1
6497966	1
7624787	1
6342183	1
6382998	1
5866427	1
7225410	1
5863313	1
7971595	1
7226315	1
7224898	1
5863794	1
5862635	1
5866082	1
6674842	1
7911336	1
7625692	1
6675886	1
6675742	1
9315476	1
7913179	1
7622377	1
6675520	1
5930183	1
6347490	1
93488371	1
5321326	1
6675493	1
5863386	1
7911099	1
19894482	1
7913173	1
5932387	1
5866350	1
5324830	1
7620445	1
6677631	1
7913188	1
6678472	1
6632206	1
5864608	1
5930300	1
66123686	1
6632542	1
7912927	1
5930243	1
6679292	1
5270723	1
7625297	1
5863618	1
6677244	1
7911394	1
7913185	1
5866261	1
7971772	1
7912857	1
5864773	1
7913208	1
6679681	1
6383596	1
7226654	1
6679627	1
7913156	1
7910633	1
5324250	1
5320158	1
5271990	1
6679094	1
7625460	1
6675211	1
6630737	1
6343029	1
6344755	1
5273843	1
5275033	1
6631043	1
7228071	1
6677651	1
7912773	1
6346583	1
7913127	1
6632726	1
9315791	1
6677649	1
6495140	1
5863181	1
6679695	1
7913114	1
6679102	1
5924082	1
6678724	1
5930220	1
5924328	1
5319997	1
5924664	1
7913158	1
5923526	1
7972054	1
7971280	1
6599706	1
30734814	1
7649685	1
7652369	1
6601183	1
7244054	1
5632051	1
5262477	1
7651787	1
7607517	1
6591118	1
6851682	1
53271647	1
7608085	1
9330490	1
6002899	1
6854119	1
37448728	1
7651390	1
6855229	1
5998714	1
7651500	1
7649589	1
7241363	1
6032755	1
9325488	1
5630580	1
7651236	1
5631662	1
7608323	1
5264244	1
6854361	1
5630168	1
6854028	1
6032754	1
5630058	1
7607631	1
5839020	1
7244711	1
6591074	1
6032753	1
7243076	1
5630129	1
74672823	1
7650474	1
6027457	1
7652172	1
7650918	1
52443345	1
5632451	1
49207633	1
5793079	1
6904075	1
6799459	1
5795081	1
6902396	1
6898115	1
6902571	1
6900897	1
5797303	1
7656266	1
7733574	1
7906674	1
35254112	1
7656066	1
7656669	1
6896430	1
6896061	1
6894818	1
7734429	1
44365952	1
6899350	1
6902335	1
7656353	1
6898364	1
5561980	1
6898502	1
6901788	1
6902626	1
7733523	1
6895813	1
5793163	1
5797249	1
6895774	1
7732659	1
5794179	1
5797241	1
7655668	1
7734243	1
7955279	1
7732272	1
6355517	1
6903376	1
35205927	1
9236302	1
77177271	1
6898699	1
5796322	1
6900652	1
7657489	1
7734471	1
7656444	1
6897116	1
13141111	1
6899208	1
7733017	1
7955290	1
7733885	1
7734240	1
6796436	1
5793143	1
6349862	1
7734618	1
5795705	1
56952285	1
6899703	1
6903191	1
6901589	1
68596945	1
5795394	1
47829196	1
5793918	1
7656095	1
7733060	1
7734915	1
6903428	1
6353053	1
9293596	1
6800370	1
7906743	1
5561799	1
6902688	1
6897164	1
5560848	1
5794609	1
7733875	1
7732468	1
7864689	1
7904870	1
6754457	1
7987152	1
7885446	1
80429400	1
7958091	1
7986433	1
6920572	1
6754009	1
5269740	1
7884560	1
7884696	1
7958245	1
87077338	1
7957979	1
6917740	1
6971623	1
7885544	1
6749585	1
5905575	1
6617763	1
6919731	1
74189671	1
6756145	1
6919312	1
7986353	1
7866319	1
7886186	1
6751879	1
7863682	1
6917032	1
5871126	1
7958071	1
6919330	1
5908059	1
6755385	1
6751625	1
7958621	1
5910935	1
6614618	1
5909249	1
5487813	1
7986545	1
5912666	1
6753900	1
5269496	1
6918795	1
7958042	1
7866256	1
6618772	1
6914244	1
9003327	1
6914842	1
7883445	1
9003749	1
5905171	1
7958369	1
6753563	1
7725326	1
6917159	1
6920268	1
7865838	1
7886722	1
5874145	1
7958282	1
6748636	1
6920948	1
9003450	1
7887175	1
6916699	1
7864025	1
18135187	1
5490475	1
5910878	1
5909770	1
7958171	1
5874893	1
6755314	1
6917702	1
5492618	1
7864078	1
7958590	1
6618189	1
6914678	1
7886780	1
7986942	1
7885536	1
7725407	1
5489793	1
5493032	1
6752308	1
21925182	1
6914875	1
6916283	1
7958584	1
6921330	1
6920641	1
5909244	1
7986241	1
7887193	1
7631595	1
58645506	1
6917163	1
6915580	1
5486433	1
6749030	1
7958541	1
6617984	1
7078406	1
5874935	1
5912455	1
6755348	1
5902634	1
5906076	1
7213344	1
7659687	1
6463322	1
7373154	1
7212079	1
7657592	1
6174216	1
7643196	1
7987396	1
97987952	1
6688270	1
7474783	1
7472498	1
6176059	1
7853520	1
6015029	1
6463182	1
6826935	1
6686098	1
7214672	1
7659098	1
7642653	1
6686590	1
7659945	1
6953955	1
5936330	1
5174675	1
7987512	1
7987791	1
7853518	1
5172166	1
9300552	1
7854113	1
6528961	1
6690763	1
6176322	1
6954708	1
6462532	1
5259027	1
7659086	1
6686889	1
7987809	1
7463437	1
7642854	1
6172893	1
7712903	1
7642727	1
7470949	1
37297797	1
6018058	1
7714217	1
7853266	1
9072310	1
6023600	1
15137850	1
7642865	1
6686387	1
7853562	1
7852536	1
7643489	1
5174684	1
6461018	1
6824762	1
7852743	1
7212247	1
6687238	1
6686702	1
6176657	1
7467036	1
6023314	1
6956066	1
6957236	1
6688394	1
6526969	1
6686860	1
6954495	1
7213617	1
7987374	1
6820518	1
6463655	1
9004712	1
6527330	1
6174127	1
7644306	1
6957320	1
6954326	1
7709224	1
7642659	1
6175128	1
6173575	1
6689671	1
6525208	1
6687089	1
6177465	1
6461369	1
7643054	1
9003994	1
9150919	1
6022183	1
6957500	1
6177392	1
15134886	1
6685562	1
7987805	1
6954546	1
6687953	1
5257076	1
7469063	1
7658073	1
7642743	1
7642523	1
5174677	1
7643928	1
6825848	1
7659725	1
6172939	1
7852029	1
6173282	1
7210224	1
7376206	1
6685423	1
6685915	1
7374115	1
7643446	1
7642986	1
7644020	1
7713190	1
7712060	1
7659766	1
7593856	1
5701667	1
7589174	1
7589150	1
7965782	1
6889832	1
7612116	1
6894044	1
7016952	1
7318411	1
7317603	1
7966110	1
7613321	1
7319179	1
32843812	1
7316115	1
93652486	1
7318031	1
6892828	1
5317013	1
5100746	1
5700953	1
7318057	1
6887879	1
7612942	1
7686149	1
5700633	1
7017410	1
9243300	1
7683504	1
7591293	1
5701619	1
6892757	1
7318476	1
7319220	1
6892019	1
7020052	1
7965616	1
6889378	1
5704063	1
6371180	1
7610760	1
6890354	1
7319419	1
9121200	1
5318527	1
7590680	1
7588589	1
11314875	1
5313282	1
7319719	1
7610825	1
6893112	1
6373670	1
6894451	1
7589100	1
7965880	1
7019577	1
5702022	1
6892467	1
6887273	1
95206355	1
7685539	1
7965764	1
7965567	1
6374260	1
6421334	1
6887856	1
6887610	1
6892050	1
7595274	1
7594569	1
7319294	1
6889249	1
7612343	1
7318281	1
7686177	1
5100727	1
7612912	1
7317966	1
7611583	1
7965749	1
7318173	1
7611216	1
7612732	1
7017509	1
7318552	1
6893249	1
7593138	1
7318100	1
7592727	1
7590184	1
6894028	1
6372438	1
7611162	1
6890811	1
6889853	1
7965875	1
6893799	1
6888954	1
7613969	1
7965643	1
7859949	1
6369142	1
5187251	1
6772887	1
5546318	1
5954285	1
5544937	1
5954799	1
7995202	1
6767258	1
5939380	1
5955498	1
5958663	1
7909159	1
5187069	1
6774160	1
5545722	1
5958043	1
5953432	1
6774185	1
5953495	1
5956324	1
5937146	1
7860449	1
5831154	1
5957302	1
7693673	1
6772714	1
6369563	1
5954369	1
5954364	1
5952840	1
5942314	1
5955393	1
6572184	1
5956429	1
6765843	1
5957495	1
5952742	1
6771507	1
7695893	1
29441339	1
5547294	1
5954457	1
7642079	1
7909180	1
5956696	1
5545146	1
7860419	1
6769380	1
7642221	1
9319257	1
7908684	1
7909157	1
5187207	1
7641308	1
5952567	1
6368997	1
6769422	1
7695680	1
6370837	1
5955012	1
6370390	1
7642199	1
5942029	1
5953963	1
6367936	1
5829075	1
5940619	1
5835476	1
7908769	1
5544990	1
15043550	1
5955240	1
6368264	1
5180460	1
7862198	1
5547404	1
9319024	1
7860794	1
6765751	1
5544961	1
6770405	1
6770317	1
7909178	1
6769800	1
5953263	1
6369782	1
6367569	1
5186925	1
7639978	1
5957743	1
5952504	1
5835220	1
7642212	1
5940215	1
7642019	1
5952600	1
5548002	1
7860457	1
7642342	1
6571837	1
7908685	1
5953451	1
7694494	1
7693445	1
7641890	1
5955577	1
5186975	1
7908767	1
5953247	1
5187070	1
5955635	1
5180147	1
5954625	1
5955162	1
6367791	1
5955648	1
53420897	1
5956216	1
6574613	1
5952594	1
7859070	1
5545097	1
5547188	1
7859550	1
6699351	1
5194094	1
6699820	1
7779106	1
7970121	1
7779140	1
5402826	1
7990310	1
7168283	1
7990186	1
7990160	1
7573072	1
5401200	1
7729405	1
7728783	1
7778130	1
6376166	1
7571837	1
81908198	1
75708165	1
7990832	1
7990190	1
57442854	1
7170013	1
7729108	1
90436368	1
5193652	1
7778342	1
7727838	1
7778290	1
7970123	1
7779046	1
6696536	1
7637320	1
7572476	1
7572284	1
7777452	1
7171639	1
6697455	1
7970321	1
6701004	1
7970359	1
6697343	1
7970181	1
7990175	1
7635879	1
7169996	1
6700891	1
7970250	1
7728707	1
7778408	1
7990164	1
6698273	1
7990303	1
5401194	1
7728511	1
7970401	1
5401201	1
6700090	1
7990943	1
6696569	1
7635406	1
7728293	1
7990765	1
7573643	1
50391160	1
7969937	1
7571454	1
6698653	1
6700276	1
6375021	1
7729297	1
7635441	1
7573022	1
6375786	1
5402822	1
5312191	1
7780635	1
7814122	1
6479068	1
7839069	1
7957592	1
7957229	1
7784530	1
5311553	1
7957516	1
5311676	1
7779496	1
6646989	1
7784193	1
6477860	1
7814055	1
7396801	1
7972167	1
6480697	1
7972951	1
7840465	1
5311006	1
7781036	1
7839655	1
6647828	1
7779895	1
7840004	1
6649592	1
7838918	1
9037524	1
7972706	1
7972151	1
5311024	1
6650001	1
7575966	1
5309478	1
7398297	1
7780447	1
5959603	1
7575133	1
7401438	1
7838950	1
7815740	1
6648935	1
6486383	1
6648930	1
65610744	1
6648669	1
7783904	1
9114843	1
73699284	1
5959126	1
7957690	1
7488579	1
7840300	1
7957348	1
7839527	1
7575933	1
6650079	1
7576899	1
7396189	1
7815877	1
7972614	1
7575087	1
7972809	1
7838275	1
7840493	1
7957147	1
7838143	1
7814260	1
6487433	1
5312234	1
7486006	1
5311690	1
7838834	1
7780247	1
7779808	1
6480673	1
6482167	1
7840762	1
6483393	1
7957494	1
7484518	1
6484311	1
7957594	1
7957608	1
7815906	1
7488527	1
7780879	1
7486804	1
6647188	1
7814547	1
7578065	1
5959780	1
7840525	1
6647983	1
7815188	1
7779797	1
7839674	1
6476471	1
7394493	1
7577243	1
65596805	1
7838751	1
7815838	1
7401753	1
6485547	1
6648340	1
7488682	1
7240508	1
7009952	1
7111689	1
6118373	1
7008533	1
7008168	1
9005193	1
6519575	1
7984556	1
7004470	1
7925535	1
7100576	1
6115769	1
7008623	1
7100436	1
7100361	1
6118330	1
7004682	1
5524712	1
31186320	1
7005892	1
9005115	1
7100572	1
7984599	1
6522441	1
7005485	1
7313792	1
6872438	1
7097889	1
5524915	1
7108581	1
7107682	1
7112067	1
7984353	1
7100335	1
7312555	1
6872018	1
6519652	1
7106031	1
7004909	1
7008405	1
7312092	1
54747430	1
7984509	1
7100290	1
7106161	1
7099239	1
7105590	1
7140919	1
5526010	1
6519204	1
6872382	1
7139354	1
7308426	1
7314871	1
7107854	1
37725519	1
7984798	1
6119603	1
7004544	1
7100378	1
6117642	1
7306938	1
7984458	1
7140255	1
7100472	1
6523024	1
6872890	1
7308288	1
7100429	1
7105206	1
7137447	1
7009146	1
7105597	1
7110864	1
7112088	1
7100631	1
6115289	1
6869327	1
7105761	1
7984464	1
7100495	1
23260140	1
6680859	1
5733520	1
5733328	1
7221023	1
6240355	1
68228279	1
5133144	1
6044329	1
6240498	1
5128360	1
7220817	1
6684393	1
5122345	1
6472445	1
5128693	1
5538787	1
6680281	1
5730468	1
6239392	1
5618242	1
6239909	1
6239554	1
5539647	1
5543648	1
6239271	1
6684649	1
7223870	1
6044151	1
54655232	1
81484703	1
5614976	1
6682106	1
6238768	1
6238873	1
5122127	1
6239225	1
6471852	1
68283758	1
5330943	1
5541730	1
6240628	1
5127833	1
6239375	1
5733352	1
9158044	1
6239560	1
6684436	1
6470103	1
6240233	1
6473193	1
6681240	1
5539778	1
6239176	1
6679868	1
5731327	1
5133146	1
21966933	1
7221147	1
6240284	1
5731773	1
6239650	1
47952802	1
6240817	1
5616382	1
6470590	1
7221771	1
5132828	1
6240801	1
9124622	1
5543783	1
6239439	1
5124163	1
5538629	1
6680933	1
5541223	1
9014474	1
6238744	1
5541759	1
5616444	1
6684748	1
6683268	1
6681206	1
6470714	1
5133176	1
5618614	1
5331011	1
7222738	1
5705260	1
6745348	1
6747215	1
6306858	1
5812656	1
6747425	1
7630217	1
7822956	1
7819825	1
5704631	1
7756786	1
6742567	1
27076270	1
9317517	1
5705830	1
6120795	1
5914030	1
6314148	1
27071475	1
6745930	1
6300123	1
7819885	1
5704592	1
5705622	1
5914327	1
6745846	1
6123836	1
7756767	1
7820716	1
5812823	1
5705829	1
6746176	1
6744159	1
92322041	1
6742804	1
7759046	1
5813733	1
6121138	1
72609897	1
5705827	1
6743643	1
5914464	1
5813394	1
5913670	1
18827178	1
6121675	1
7821535	1
6122215	1
5814297	1
5705616	1
6120868	1
18879038	1
7628547	1
20172163	1
6122689	1
6121652	1
87430038	1
5705831	1
5705832	1
9146366	1
5705820	1
7630745	1
42869939	1
7821536	1
9317734	1
7759741	1
95113760	1
6122662	1
6502534	1
5787119	1
45173750	1
7774830	1
6962687	1
5785232	1
7775277	1
5473575	1
6959528	1
7588177	1
5474019	1
6101873	1
5861054	1
6728767	1
7585350	1
6102216	1
5785895	1
5785363	1
6505266	1
5785859	1
5785472	1
7776825	1
5472695	1
5786220	1
5784983	1
5786183	1
5785348	1
7588131	1
6102007	1
5861821	1
5785936	1
7585435	1
5786865	1
9102498	1
5474376	1
64736675	1
5473810	1
6502573	1
6962601	1
7774373	1
5473361	1
7587188	1
6504215	1
55856096	1
6727584	1
6961993	1
9200340	1
17527137	1
5785390	1
5786491	1
6102808	1
5474349	1
6104227	1
6730184	1
7777307	1
5475271	1
5859412	1
6729806	1
7775987	1
5860872	1
5859621	1
9000451	1
5785187	1
6732924	1
5785246	1
6960821	1
5861295	1
7774332	1
6104439	1
6734085	1
5786345	1
5861570	1
7775079	1
7923312	1
5787142	1
7922448	1
6502399	1
55863216	1
6501525	1
6733725	1
5474515	1
6104962	1
5786389	1
5862094	1
5861872	1
6863022	1
6063392	1
5740324	1
5739699	1
7948604	1
5737585	1
7786639	1
5741089	1
7184611	1
9138758	1
7649093	1
7948483	1
7201423	1
6066894	1
7649065	1
7786288	1
6065257	1
7831925	1
7647694	1
37367890	1
7184153	1
7647847	1
55251981	1
6065156	1
7649230	1
6066566	1
7831670	1
6065876	1
7185712	1
6063896	1
7786770	1
6867791	1
7948717	1
55675820	1
7948112	1
5737614	1
5738216	1
6066713	1
5740368	1
7187270	1
7831924	1
7186465	1
7786300	1
6066379	1
7185327	1
7198691	1
57099200	1
7786118	1
6863618	1
7185568	1
68018898	1
7832425	1
7646580	1
9343649	1
7184555	1
5739950	1
49660927	1
7832793	1
7186485	1
7974133	1
5403638	1
84775575	1
7912579	1
7951200	1
6607816	1
7951030	1
7917720	1
7917721	1
6039184	1
6881740	1
7917583	1
7917567	1
7912183	1
6039395	1
7911701	1
7912564	1
7917817	1
7951029	1
6043009	1
7917562	1
6041928	1
16200608	1
7951284	1
6883345	1
6041640	1
5673942	1
6886752	1
7974604	1
5346169	1
6626300	1
5673475	1
6882459	1
7254118	1
6610152	1
6885120	1
7973966	1
9005988	1
64805996	1
6042807	1
6885663	1
5509503	1
6882025	1
5509538	1
7917837	1
5509733	1
9006298	1
6885759	1
6039716	1
7917845	1
6624661	1
6883892	1
7257879	1
6625469	1
6882640	1
6881189	1
7955207	1
6886219	1
5672253	1
5672936	1
7974451	1
6624080	1
6882070	1
7954669	1
6038825	1
6040643	1
6265550	1
7955093	1
7974506	1
6884248	1
7951115	1
5673133	1
28200848	1
7917722	1
6040707	1
6881860	1
6043145	1
7951179	1
6042463	1
5509498	1
7951360	1
7256093	1
6884665	1
7917589	1
7951523	1
5674194	1
7954760	1
69322242	1
6040723	1
5672001	1
6885741	1
6609169	1
6882421	1
7974711	1
5404190	1
5403630	1
7974383	1
7974128	1
6606826	1
7954673	1
6885185	1
6039620	1
7917784	1
6039766	1
5405857	1
6040533	1
6039902	1
7974611	1
7912574	1
6881929	1
7917566	1
6882481	1
7254812	1
5345599	1
5345497	1
5522424	1
6942912	1
7856548	1
7854952	1
7857807	1
6068394	1
78601025	1
7666218	1
6944334	1
6943266	1
5784178	1
6944106	1
7341997	1
5609361	1
7855841	1
7663177	1
5784179	1
7343808	1
5607465	1
7665913	1
5511497	1
6942812	1
5606289	1
7854807	1
7973169	1
5605771	1
7340006	1
5522172	1
6943037	1
7973658	1
7973473	1
7973222	1
7291176	1
5605391	1
6070666	1
6943739	1
7858082	1
6708292	1
7297709	1
5522782	1
7297569	1
7666289	1
7973472	1
7665419	1
7345272	1
7292496	1
6944078	1
6070561	1
7665781	1
47225369	1
51858108	1
6069191	1
6943587	1
6942641	1
7666341	1
7855425	1
5608706	1
6069060	1
5784417	1
6068189	1
7664829	1
6944290	1
81743746	1
7973519	1
7665489	1
5606993	1
7294552	1
7973759	1
7973744	1
5608728	1
7856387	1
6070444	1
6942745	1
7343042	1
5521746	1
5784173	1
5607388	1
5606229	1
6943882	1
6069781	1
6071444	1
7973848	1
5606623	1
6068710	1
7294426	1
6069851	1
6942545	1
7341150	1
