7966193	1
9121195	1
73142422	1
73949033	1
6420716	1
9121396	1
7318510	1
9286715	1
52321048	1
7965764	1
9288112	1
7965824	1
9120629	1
45707222	1
9128096	1
7684615	1
7019609	1
32865717	1
9121323	1
59622819	1
95195388	1
9127860	1
9120930	1
9128148	1
9120841	1
95813606	1
7020115	1
7019463	1
51297354	1
5314300	1
9287000	1
95242626	1
9243177	1
9121412	1
7016887	1
9243065	1
7966320	1
9128176	1
9127594	1
57469170	1
9287239	1
9127436	1
30378842	1
51306684	1
6890040	1
9120910	1
7683649	1
95250571	1
6172424	1
6431751	1
7013253	1
7967422	1
6979784	1
7967452	1
5479492	1
9333673	1
9334416	1
61036674	1
6433248	1
7998465	1
7250312	1
9336688	1
78684290	1
6432828	1
6977693	1
9334140	1
9333858	1
49422282	1
6434235	1
9262151	1
16605250	1
78698176	1
67140867	1
42402418	1
7997921	1
28839559	1
9261531	1
9001356	1
7012413	1
9262555	1
5130079	1
5131703	1
5329369	1
9014180	1
94024668	1
5731157	1
6683493	1
32982515	1
9013926	1
9123938	1
5729977	1
9014434	1
9014454	1
6682521	1
33415318	1
6684645	1
9124039	1
9124776	1
83842595	1
9014641	1
9124740	1
9124274	1
58005380	1
69668301	1
68278531	1
9158185	1
9157365	1
6239216	1
6681206	1
9124792	1
68251092	1
5539734	1
9125005	1
21967718	1
5534643	1
7964160	1
62711982	1
7872882	1
7964336	1
9028856	1
7963985	1
59957056	1
7028671	1
7454612	1
5350480	1
9140237	1
7332285	1
95868855	1
7454185	1
35314588	1
7964490	1
59962133	1
7335119	1
9029144	1
9029435	1
7964206	1
5537496	1
7456183	1
7453070	1
7896193	1
7458021	1
9029365	1
7668465	1
9028541	1
98541732	1
9140980	1
70693526	1
7455892	1
7964253	1
7964263	1
59990868	1
7964140	1
9029344	1
70674200	1
7335666	1
9028412	1
9327936	1
7331223	1
7964141	1
7331822	1
7331222	1
7964245	1
7964014	1
7964271	1
7873330	1
9041078	1
5357463	1
9023433	1
7937698	1
9023625	1
5356411	1
7981128	1
9022900	1
5355288	1
7980608	1
9022973	1
9011585	1
9331556	1
7686758	1
7626866	1
14044940	1
5357412	1
9023437	1
9023726	1
9024002	1
96816222	1
6791240	1
6791247	1
9040865	1
9011647	1
9012048	1
7980883	1
7626061	1
7980601	1
9012096	1
7688212	1
9023542	1
90198232	1
7687888	1
56862338	1
40249775	1
7809438	1
9012019	1
5238463	1
9062815	1
7678772	1
72357809	1
7937928	1
40275435	1
7809285	1
9217809	1
9145526	1
7529928	1
11275721	1
7835806	1
9218063	1
37098729	1
7528394	1
76285696	1
17787652	1
7530844	1
37065538	1
25390527	1
7977691	1
93575172	1
82797869	1
7944459	1
5137518	1
93581413	1
9154238	1
65758889	1
69747410	1
5138787	1
6543624	1
6542642	1
9144420	1
6053761	1
7978444	1
9217658	1
9116269	1
6789295	1
9145322	1
7977765	1
7834219	1
7533077	1
5302874	1
5229753	1
74844917	1
7844957	1
9074415	1
98853268	1
7985641	1
7985593	1
7985532	1
6640964	1
7985567	1
71929530	1
9272111	1
7986105	1
9158402	1
5676600	1
6641198	1
98829596	1
39031508	1
7985898	1
5675247	1
6114806	1
45079596	1
6639579	1
9158484	1
68195976	1
6638805	1
34884314	1
7985559	1
26427617	1
7844635	1
7985501	1
91061839	1
26448335	1
6516940	1
6878167	1
9273385	1
45117546	1
23034618	1
7925895	1
5660341	1
5557344	1
7841244	1
57970706	1
9020467	1
5659720	1
7930214	1
9020714	1
9268856	1
7929666	1
7514081	1
5660567	1
30998148	1
9320214	1
7929453	1
9118879	1
91189833	1
7842441	1
9020289	1
9020535	1
5658850	1
6438361	1
9119290	1
9269189	1
9119119	1
9118345	1
9119283	1
5660148	1
7929488	1
7517110	1
82480270	1
99817420	1
7058851	1
7513833	1
9319603	1
41794712	1
9119026	1
7841687	1
9021146	1
7843589	1
9118516	1
7516982	1
7514879	1
9021261	1
58775826	1
9119364	1
7518218	1
5659002	1
5660084	1
7516902	1
40810690	1
7610243	1
7649591	1
7651465	1
11831023	1
63847090	1
36972139	1
6032748	1
95013415	1
18238368	1
5263168	1
53280581	1
40166038	1
5262496	1
9325638	1
7607603	1
95030491	1
41649573	1
6602210	1
7650118	1
5631017	1
82093462	1
7651748	1
63838146	1
9127205	1
7349579	1
66469663	1
9027828	1
9028180	1
7690734	1
19677634	1
7347407	1
5576730	1
83121864	1
32606418	1
55053657	1
73895322	1
55024844	1
9026991	1
51016678	1
5718595	1
59090360	1
9213454	1
5266351	1
7346584	1
9027515	1
51041519	1
9027577	1
5716963	1
9027552	1
9027644	1
7806577	1
73935172	1
92036774	1
9220656	1
9107697	1
7475802	1
7325436	1
6671541	1
7783176	1
9131692	1
7816949	1
6671491	1
7112296	1
7113610	1
5477591	1
7329095	1
19403201	1
7782072	1
7480680	1
7783132	1
7781727	1
7519297	1
50691210	1
7481957	1
12345560	1
7783270	1
7781548	1
7387326	1
73063086	1
7819296	1
6673301	1
27926114	1
27914339	1
61691016	1
7113565	1
72788551	1
7782476	1
43993018	1
7783218	1
7328149	1
9201528	1
7114234	1
7525348	1
7482512	1
7781889	1
7481875	1
73106120	1
7112180	1
61706027	1
7782361	1
7519526	1
9201572	1
7817537	1
9008926	1
5662794	1
69264767	1
5661134	1
7382593	1
7380234	1
88405794	1
9056421	1
9072764	1
34318580	1
39941093	1
9039490	1
5663415	1
5109412	1
25328343	1
9009543	1
7385144	1
9040088	1
7892301	1
5648859	1
5736005	1
65438425	1
6644713	1
49305604	1
9008931	1
5554589	1
88470821	1
5109719	1
5108091	1
9009498	1
7380808	1
5664492	1
7379444	1
5663683	1
14279384	1
7959763	1
7959947	1
27392450	1
9016710	1
18714604	1
47171388	1
5156706	1
9016174	1
9017304	1
9311449	1
63476846	1
9284769	1
85804224	1
9016897	1
9017399	1
5161613	1
18710865	1
7960325	1
9017380	1
9016500	1
7731896	1
86273274	1
9312500	1
9017049	1
7959703	1
86319554	1
9284099	1
7960335	1
9312151	1
9016892	1
7959825	1
9016378	1
9017109	1
6986580	1
6802433	1
20865312	1
9017123	1
31367135	1
7436721	1
6989703	1
6806347	1
97949663	1
7959811	1
45804154	1
9016262	1
9041614	1
7968135	1
7276788	1
6990184	1
5161060	1
26629242	1
6866428	1
7648469	1
9343284	1
5738093	1
7648778	1
7786511	1
9267924	1
9343361	1
7647979	1
9344105	1
56129736	1
6866010	1
56180567	1
28530399	1
9343739	1
9343685	1
19866086	1
93941975	1
7648169	1
43072025	1
7832425	1
69059681	1
9344251	1
6065841	1
6064465	1
13851198	1
6362723	1
9118153	1
5793044	1
7672591	1
5791106	1
27630663	1
9151275	1
5791656	1
5791907	1
6763545	1
9208603	1
72559530	1
5791091	1
9117579	1
72518113	1
9147001	1
5791177	1
5790368	1
7509175	1
7706127	1
9119953	1
9120494	1
74374176	1
7670681	1
66227241	1
7510583	1
45791640	1
9117825	1
7707009	1
5772109	1
9146944	1
7510264	1
13226142	1
9226025	1
7707311	1
45256295	1
5791583	1
66228812	1
9117571	1
28034552	1
6357995	1
7655581	1
6799197	1
7734923	1
5560119	1
5560583	1
68635309	1
31945296	1
9149028	1
79657182	1
35260406	1
54867445	1
5793191	1
7656207	1
5794903	1
7656972	1
7906783	1
28009588	1
9211833	1
77164387	1
7955290	1
44319396	1
48743838	1
6354565	1
31921962	1
9236370	1
6349074	1
24054305	1
7657157	1
5796372	1
9236386	1
6925011	1
93255808	1
7963819	1
9298027	1
7744778	1
7962080	1
9013263	1
6925711	1
9248904	1
7984282	1
9249307	1
9250393	1
7748854	1
9134207	1
9013555	1
25995891	1
9251077	1
7961379	1
7963542	1
7742187	1
7750200	1
7963335	1
7961610	1
7654393	1
9299166	1
33947485	1
9299237	1
7742090	1
7743969	1
26029593	1
58869218	1
9223078	1
6966883	1
7961523	1
7963081	1
7963894	1
7963559	1
7961469	1
7289254	1
9298081	1
7984091	1
7963535	1
9298656	1
9223428	1
6490008	1
7961738	1
7961412	1
7963564	1
7942189	1
7962186	1
7359013	1
7358652	1
7963328	1
9297923	1
7983445	1
7963892	1
7741593	1
9251225	1
7742532	1
7983528	1
58898509	1
7983401	1
7749576	1
7961380	1
9298452	1
94208975	1
7288547	1
7961625	1
7652540	1
9251725	1
6924622	1
9249937	1
7955541	1
7975306	1
6222924	1
7799387	1
5232809	1
5744618	1
7974799	1
9038191	1
9209472	1
9110096	1
6839363	1
87556069	1
9196045	1
9039247	1
7933490	1
9038596	1
9209542	1
95479611	1
9270518	1
95547467	1
65843722	1
9211064	1
72877486	1
6218742	1
6842852	1
7956066	1
7955524	1
7955693	1
9038570	1
7955683	1
5235025	1
5789951	1
9012297	1
7772210	1
6510218	1
7918654	1
9012985	1
5787714	1
5788983	1
9082870	1
7989900	1
5789052	1
7989896	1
9012899	1
7989853	1
5789121	1
9015051	1
7989407	1
9034566	1
9012379	1
9034244	1
9015529	1
9012504	1
75896481	1
9068331	1
9012278	1
7823921	1
9012738	1
6327020	1
7939278	1
5788362	1
7938996	1
6253380	1
7770357	1
50331254	1
9012651	1
9012447	1
85366499	1
9078380	1
6252070	1
9016004	1
50321370	1
5788899	1
7938466	1
7825852	1
9033983	1
6261202	1
5787726	1
9015021	1
9015942	1
5787877	1
9015420	1
5789456	1
5789448	1
6259731	1
9012881	1
6507285	1
88311212	1
7989153	1
5787767	1
7989399	1
5787410	1
9015685	1
9014909	1
83546079	1
7989506	1
7824143	1
7989423	1
5788240	1
5788093	1
5705166	1
43943333	1
9316402	1
9146346	1
9230942	1
86559221	1
6298368	1
9317738	1
9207543	1
7630994	1
5813895	1
9206419	1
7629983	1
7820716	1
9142453	1
5814649	1
9316562	1
9145561	1
9146520	1
27060522	1
9317084	1
6745513	1
5813455	1
9146267	1
7820152	1
21311257	1
7629345	1
9316650	1
21336082	1
21303346	1
86597275	1
27081459	1
49971388	1
13506977	1
18865574	1
86611406	1
10824331	1
9230735	1
88626887	1
9317772	1
5705173	1
88639700	1
9317121	1
7628764	1
7628656	1
10343594	1
5705174	1
9206641	1
9230051	1
84623005	1
9005184	1
7985147	1
6524208	1
23707876	1
12614132	1
86170111	1
9005761	1
74044607	1
7006534	1
9005079	1
9155916	1
54732383	1
84607535	1
28464234	1
7984740	1
6523784	1
74037343	1
5523950	1
6519203	1
25045087	1
7007411	1
7925599	1
9192894	1
16841494	1
7100378	1
7106283	1
7139333	1
6521858	1
78183190	1
5524595	1
6521688	1
25022810	1
85280263	1
6521530	1
40955827	1
7925122	1
7141215	1
74050294	1
25057767	1
5524154	1
5400866	1
7778955	1
7990954	1
7778392	1
9025839	1
7572578	1
18923938	1
34386400	1
9025773	1
5400856	1
6696178	1
7635879	1
9026354	1
7990065	1
85442552	1
9026240	1
9026537	1
7990313	1
9241589	1
5400848	1
7171313	1
78819555	1
9026392	1
49540188	1
9026400	1
18311181	1
9026635	1
9026639	1
7778536	1
7969915	1
7778973	1
49592753	1
9025726	1
7777546	1
7779016	1
18941693	1
9026819	1
7727398	1
5399295	1
7778639	1
7637434	1
9026560	1
78804465	1
7728847	1
57411323	1
7635009	1
5399574	1
7728653	1
7727333	1
7990449	1
7990190	1
7637665	1
9242516	1
78821276	1
9241053	1
9084335	1
7778272	1
9025950	1
27810486	1
9026842	1
7778497	1
49564752	1
7990967	1
7776592	1
5785642	1
5784777	1
5786529	1
5786947	1
7774657	1
5785753	1
45185993	1
69465740	1
48922355	1
9199199	1
96550729	1
9102601	1
7999902	1
7999887	1
22360061	1
5786394	1
37866513	1
9200365	1
5785296	1
45141726	1
6103277	1
5787154	1
9018925	1
70604189	1
7777120	1
48138421	1
9000575	1
6101992	1
7775384	1
5786589	1
5858207	1
5786629	1
5784778	1
5784634	1
5787003	1
5786717	1
9019060	1
5786095	1
7776930	1
9199200	1
7776497	1
9018896	1
6575038	1
6573491	1
56575821	1
7641942	1
7909260	1
9318256	1
6575186	1
6571222	1
7995196	1
7642307	1
6573301	1
7909275	1
9319499	1
5547507	1
5544640	1
53473402	1
7995556	1
9319023	1
25831578	1
7693457	1
5958515	1
5186434	1
7909278	1
6367764	1
6574331	1
5546982	1
7995464	1
9318720	1
6771390	1
48669830	1
9318031	1
77398525	1
6573467	1
7641884	1
7908887	1
9319394	1
83757464	1
7639420	1
7858590	1
6773984	1
7150385	1
7498892	1
9148728	1
5680558	1
5685859	1
44565009	1
7794078	1
5141766	1
7495206	1
5684752	1
7793298	1
5142440	1
7737138	1
5686820	1
7498453	1
7966840	1
5686098	1
5142439	1
5685462	1
5685671	1
5925715	1
65939963	1
5141763	1
6149307	1
7500104	1
5686265	1
7498693	1
5686741	1
7499552	1
5685315	1
5928448	1
5684902	1
5685795	1
6151082	1
7735094	1
7429387	1
65918603	1
5929232	1
15272329	1
6151361	1
7737778	1
14828386	1
5141368	1
44583087	1
7994399	1
5141765	1
7737517	1
5141807	1
6151268	1
9148371	1
7966803	1
81521796	1
59350647	1
9011294	1
9104538	1
67760757	1
7916473	1
49853688	1
5690659	1
5687906	1
5690149	1
26842905	1
5687553	1
5687310	1
5687878	1
80338060	1
5689977	1
9104676	1
5690016	1
9010619	1
9011043	1
7407604	1
52130664	1
12949597	1
59017953	1
58268476	1
81616324	1
5688318	1
9108929	1
52194258	1
9010801	1
5687380	1
9104238	1
5688356	1
5689846	1
9010999	1
9010983	1
5690298	1
5687123	1
74583408	1
5808302	1
5666232	1
9032344	1
5950491	1
5948903	1
9032993	1
7961190	1
5665669	1
7961075	1
5665062	1
6206177	1
6204524	1
6234502	1
36136411	1
7846992	1
9032860	1
7960958	1
7960640	1
7960477	1
5666551	1
7846554	1
62297744	1
9033363	1
9341857	1
9342878	1
60197371	1
6403279	1
7961160	1
9342214	1
7960808	1
9032637	1
7960781	1
5665028	1
9341977	1
6237162	1
6206482	1
7960512	1
22994457	1
46349769	1
96405855	1
9204385	1
9128583	1
22731871	1
7784838	1
7785495	1
7997827	1
9135715	1
9128508	1
7997689	1
6559641	1
7997478	1
9135010	1
7784719	1
5582736	1
43403938	1
9135005	1
7997026	1
9129246	1
5586730	1
5566758	1
9204796	1
88701981	1
81885592	1
9204592	1
71267196	1
7785141	1
22951197	1
6392329	1
7949323	1
7950175	1
7949722	1
7996315	1
39814504	1
7953262	1
9289356	1
5880982	1
6636764	1
6739992	1
45304455	1
9289510	1
9288971	1
7996904	1
9339138	1
6737402	1
47028971	1
7950178	1
5990620	1
9288600	1
7996490	1
7798860	1
80558689	1
9338000	1
45309047	1
7952935	1
7798793	1
6635920	1
39831118	1
6637665	1
9288840	1
7953483	1
7950133	1
9289034	1
9137646	1
7950176	1
7949740	1
7798020	1
7127939	1
35569530	1
6637019	1
7797337	1
7126652	1
62875645	1
6191913	1
9283081	1
53551327	1
9123749	1
6131074	1
9057671	1
9034829	1
9123411	1
6132959	1
68901004	1
9123531	1
9058302	1
9125202	1
9265860	1
9035178	1
5327314	1
7993792	1
7765382	1
9035072	1
9123363	1
17680234	1
38793586	1
6133980	1
9237677	1
9057706	1
46555610	1
9123497	1
53566475	1
70461211	1
46555330	1
6584485	1
9123463	1
9246172	1
9035611	1
7935221	1
20355223	1
9244696	1
6132016	1
30479596	1
9125900	1
77587664	1
9123142	1
58933203	1
9035389	1
9281712	1
5424181	1
9244702	1
9126071	1
55301587	1
9125162	1
77576053	1
9125089	1
9123547	1
9123708	1
9123493	1
6133621	1
77557911	1
9057196	1
6133425	1
9125722	1
7298794	1
7810900	1
7811485	1
6551096	1
9290007	1
6551781	1
9255867	1
9064817	1
7848346	1
7811102	1
61391505	1
7847843	1
7301961	1
7677553	1
5870608	1
82901929	1
91815776	1
7969445	1
6554337	1
9257319	1
7677456	1
62355590	1
7887917	1
24704002	1
7299506	1
99080985	1
7888527	1
7887765	1
9064868	1
6551588	1
7888296	1
7569229	1
30300715	1
6555021	1
6556298	1
7888892	1
9256218	1
62354518	1
51463630	1
93807962	1
73493243	1
30282938	1
5869264	1
9193959	1
9009876	1
9010290	1
46183205	1
9009791	1
9060226	1
7205675	1
7962988	1
7414608	1
5562994	1
18572803	1
45467357	1
6575556	1
6575691	1
7962398	1
9193988	1
11894050	1
7361763	1
7762096	1
7962927	1
7412274	1
7962289	1
7361554	1
11882476	1
6576010	1
33177654	1
7962334	1
9193978	1
19776517	1
7962915	1
7415982	1
45466167	1
9010207	1
7962378	1
48441315	1
9085104	1
7341174	1
7992457	1
5522300	1
16115375	1
7992915	1
5522156	1
93719740	1
9278047	1
7664233	1
7342285	1
81757576	1
93708670	1
7973806	1
93733262	1
7337267	1
52029624	1
7338932	1
7343530	1
7337677	1
7973204	1
9278679	1
70546264	1
7340635	1
7343163	1
7973140	1
9085055	1
7973774	1
6067789	1
7343150	1
59243121	1
7340833	1
7992770	1
7343044	1
7663358	1
27598374	1
7339721	1
7982101	1
9018596	1
80244827	1
79051701	1
50925402	1
27230567	1
9264569	1
7788577	1
7606535	1
9017473	1
9106152	1
9018796	1
9018641	1
7903370	1
9263457	1
7796078	1
9018770	1
7794769	1
9018421	1
6199073	1
7981856	1
9105345	1
7900171	1
9260470	1
9215633	1
7981799	1
9105718	1
71604795	1
46144267	1
50890791	1
7982223	1
9263144	1
7982211	1
79105027	1
7796610	1
7787516	1
75409325	1
7902594	1
9260384	1
6944873	1
9017793	1
7788666	1
6782197	1
9018108	1
7899425	1
6911647	1
21839710	1
7926565	1
7606240	1
79112576	1
9233143	1
9295167	1
9215701	1
7787833	1
9018048	1
9232645	1
9260395	1
7796647	1
9296228	1
32488768	1
9018370	1
41904207	1
6156571	1
7952356	1
7959025	1
6213166	1
9110949	1
88801850	1
7120536	1
6157785	1
59870334	1
6157243	1
7952301	1
7952339	1
88792478	1
7959475	1
7697358	1
7698438	1
6288205	1
9203527	1
7952107	1
73308564	1
7739895	1
7951940	1
7958898	1
9304961	1
7952291	1
7739648	1
33210495	1
7120300	1
5373897	1
7959094	1
7952059	1
7952448	1
7952338	1
6156401	1
7958779	1
6158737	1
7952517	1
7739290	1
7958931	1
7697878	1
6156083	1
6157950	1
6156284	1
7958819	1
6153857	1
9305402	1
7952521	1
76180345	1
7952641	1
9203368	1
6158656	1
7959229	1
31614967	1
33240961	1
7952100	1
9203289	1
26718561	1
9110707	1
6153942	1
6158739	1
9202872	1
98689262	1
7956775	1
57704888	1
64665961	1
7956732	1
7660887	1
7725612	1
7956740	1
32278462	1
9286267	1
7726291	1
7928142	1
9136143	1
7965339	1
7319913	1
7964817	1
9286209	1
7956513	1
9136890	1
6535930	1
6141950	1
91280784	1
37985417	1
7965136	1
7727125	1
21271893	1
32308457	1
98690334	1
98251033	1
7321876	1
7956405	1
7320766	1
6060170	1
7919500	1
9136253	1
7726729	1
6140961	1
7956425	1
7940955	1
5626444	1
98234514	1
5707810	1
7927665	1
9074499	1
7965327	1
7660378	1
7965054	1
25524444	1
6141272	1
9285909	1
6534328	1
7956396	1
45897061	1
15909744	1
5626402	1
6141804	1
25503394	1
7321783	1
7551097	1
90806455	1
7548921	1
9276750	1
9112289	1
44709455	1
50141218	1
7554180	1
7803282	1
7552800	1
7804057	1
50515174	1
16241701	1
65182978	1
5855038	1
9111120	1
6336975	1
41267367	1
7555678	1
5217128	1
9111823	1
9112198	1
7548126	1
96238179	1
64052620	1
84887135	1
7803574	1
7804953	1
7406227	1
7354310	1
39233961	1
7646555	1
6434303	1
7644610	1
7970869	1
7988863	1
84679396	1
38608946	1
7827438	1
6434366	1
7988338	1
7826941	1
5341462	1
84699074	1
7645117	1
5113895	1
6227125	1
6230970	1
9122421	1
6225236	1
7988712	1
7971147	1
7829048	1
62181151	1
22631285	1
7827254	1
5573434	1
7988842	1
9121843	1
7355971	1
7354906	1
5341461	1
9291962	1
30821068	1
7646485	1
5251314	1
9292533	1
7116373	1
7988203	1
6034326	1
7722628	1
6162420	1
9309885	1
7722281	1
6035584	1
9340899	1
7788900	1
6036097	1
7546514	1
7540671	1
6161252	1
6162786	1
48601748	1
9139861	1
6033459	1
51617725	1
6163826	1
6162808	1
7558328	1
6161196	1
7492310	1
7870809	1
9339698	1
10871302	1
6037720	1
7561958	1
9339648	1
7723107	1
5570574	1
9309775	1
9311260	1
6038375	1
7722146	1
7541785	1
7494502	1
21642233	1
7790242	1
7565323	1
22010991	1
6036582	1
7491860	1
7780247	1
7780509	1
7780956	1
7957625	1
7972951	1
7780060	1
7957435	1
7957229	1
7784530	1
7838143	1
9115035	1
7784193	1
25292390	1
7781196	1
7814551	1
5312572	1
7780622	1
7839091	1
6634653	1
5311690	1
9115347	1
7393020	1
9037980	1
7840762	1
7780351	1
7972619	1
7779627	1
7779895	1
7484841	1
9115591	1
71170563	1
50957895	1
7488461	1
7972873	1
7957594	1
7780288	1
7957794	1
7780570	1
7814055	1
9115213	1
7957254	1
9115536	1
7779296	1
65996779	1
9115104	1
7840525	1
9115020	1
7972423	1
7838950	1
6649919	1
7488541	1
7780873	1
7483069	1
9037311	1
7838834	1
9037352	1
9115255	1
7917696	1
7917714	1
7917720	1
7917798	1
7917834	1
7917768	1
7917766	1
7917759	1
7917721	1
6279193	1
6271753	1
7917739	1
6041350	1
5671209	1
6041931	1
7951742	1
7917780	1
7917718	1
7917792	1
7917756	1
7917762	1
9322659	1
7917777	1
9321579	1
7917877	1
9006617	1
7954882	1
7917855	1
6277553	1
84794802	1
7917767	1
7917746	1
7917850	1
7917731	1
6624890	1
7917827	1
7917887	1
5674831	1
7917796	1
7917715	1
5404114	1
7917755	1
7917869	1
7917697	1
64746299	1
7917835	1
7955044	1
5346635	1
6270635	1
5671873	1
7917818	1
7917892	1
7917807	1
7917895	1
7917801	1
9253978	1
7954805	1
7917848	1
7917749	1
7917702	1
9005872	1
77527833	1
7917856	1
9254441	1
7917716	1
69380266	1
6042190	1
6626499	1
7917751	1
7951828	1
66975333	1
7917849	1
7917871	1
7917719	1
9008741	1
7917845	1
7917833	1
7917717	1
7917811	1
7917778	1
9254390	1
7917790	1
7917722	1
7954673	1
7917886	1
7917763	1
7917838	1
6624545	1
7917864	1
7917881	1
6039510	1
9308581	1
7917858	1
7917862	1
7974052	1
7951200	1
7951652	1
7917772	1
7917710	1
6039340	1
7917760	1
7917709	1
7917880	1
7917888	1
6040915	1
7917744	1
7917732	1
7917738	1
7917765	1
7917706	1
7951284	1
7917736	1
64794962	1
9321866	1
7917852	1
7974604	1
5404113	1
7917695	1
7917873	1
7917821	1
9008628	1
7917872	1
7917748	1
7917711	1
7917699	1
7917747	1
69356458	1
7917712	1
7917782	1
7917875	1
7951405	1
7917707	1
7917837	1
7917743	1
6625174	1
7917891	1
7917727	1
7917843	1
5347279	1
6275662	1
9005974	1
7917817	1
7917734	1
7917701	1
7917700	1
7917730	1
7917839	1
7917879	1
7917726	1
5673098	1
9308215	1
7917870	1
7955200	1
7917708	1
7917865	1
7917761	1
7917890	1
7917764	1
7917693	1
7917724	1
7917876	1
6625658	1
7917729	1
7917878	1
7917705	1
7917882	1
7917745	1
7917784	1
6265190	1
7951850	1
7917754	1
7917847	1
7917868	1
7917694	1
7917771	1
7917750	1
7951232	1
5673581	1
7917728	1
7917799	1
7917863	1
9008772	1
7917894	1
6674848	1
70898718	1
5930831	1
9302292	1
7971687	1
6631892	1
9315407	1
9076850	1
6630635	1
9044093	1
9314946	1
83319138	1
5924359	1
9314832	1
6676085	1
57171245	1
5275057	1
44460091	1
17733100	1
66113890	1
6631114	1
7224898	1
70928461	1
15789834	1
9077303	1
9077346	1
7911601	1
83314782	1
9315034	1
6632017	1
5322270	1
9077082	1
6630582	1
7228863	1
5923938	1
9246554	1
70951896	1
9225908	1
45401144	1
7991815	1
79364001	1
97159748	1
7803149	1
55936042	1
55971542	1
9007646	1
39961746	1
95383088	1
7990987	1
79399831	1
7991370	1
9007736	1
7423928	1
55914635	1
24256657	1
9225293	1
60534900	1
7931966	1
7932016	1
6661247	1
9007161	1
9007640	1
7991223	1
7931435	1
9220076	1
9007294	1
6662195	1
9007259	1
9225201	1
5690882	1
5353795	1
9219727	1
5691532	1
9219049	1
6663993	1
7420927	1
97193046	1
9219904	1
6530403	1
94508004	1
6688154	1
6686614	1
57601932	1
7851845	1
6826396	1
7708879	1
6463917	1
7987396	1
75776907	1
94498175	1
89006608	1
96954886	1
7643854	1
76878084	1
9004452	1
5163673	1
5936816	1
5169031	1
9070273	1
7988099	1
9004356	1
96947412	1
9003932	1
7708819	1
7711038	1
6528961	1
7644006	1
15119077	1
89039870	1
7712998	1
9300435	1
7643374	1
6528697	1
6175815	1
6690124	1
9004683	1
9004012	1
82972926	1
7709495	1
7659259	1
82964035	1
5169033	1
5169131	1
6824827	1
6955710	1
7376574	1
7854418	1
6173778	1
9300388	1
67448926	1
7102687	1
13348595	1
44802990	1
62763880	1
9307911	1
7979577	1
75550019	1
7002772	1
7980098	1
7980113	1
7980174	1
69021787	1
7980099	1
7979797	1
7914454	1
7914439	1
7102159	1
9113611	1
7980512	1
9257526	1
58447147	1
9306703	1
7104163	1
7003116	1
13343340	1
7980469	1
41174887	1
5803564	1
7791149	1
7002945	1
7021433	1
7791989	1
5803216	1
48302395	1
9257734	1
7983076	1
41369531	1
14409114	1
9024974	1
5656010	1
7723823	1
6716493	1
7983170	1
7752494	1
7702934	1
7982518	1
9025543	1
7751545	1
7751852	1
9025016	1
26233177	1
7724051	1
9025316	1
26232544	1
75946181	1
9024993	1
6716742	1
7750427	1
6718523	1
5657643	1
9024844	1
7752353	1
84183645	1
7192610	1
7751031	1
5656637	1
7751375	1
41033984	1
9024370	1
9024789	1
7982923	1
9024695	1
7724062	1
33702834	1
6164838	1
7752090	1
7983185	1
7680044	1
9025520	1
7724451	1
9024621	1
7982920	1
7679806	1
74772499	1
9025401	1
7702107	1
71650682	1
20710071	1
6919731	1
6921322	1
6755802	1
7866208	1
7632192	1
73028830	1
58682399	1
7633690	1
6916630	1
7986433	1
7958015	1
6752596	1
5908530	1
5912062	1
5906153	1
7907793	1
7987002	1
5873484	1
7986765	1
7958191	1
5908401	1
5909455	1
9003336	1
7885879	1
6755190	1
7863476	1
7086075	1
6913483	1
7986942	1
58700632	1
10533779	1
7958369	1
7958091	1
6751706	1
7986788	1
7958539	1
87095287	1
7986793	1
7886821	1
6754777	1
7958514	1
7958042	1
7987021	1
7958541	1
7987135	1
7887054	1
5911325	1
6919783	1
7631555	1
5268370	1
9003465	1
7745322	1
9029694	1
9280279	1
9030112	1
87304376	1
9022169	1
5726687	1
7976910	1
5721341	1
95412430	1
95468473	1
9021704	1
5532691	1
7977322	1
9022031	1
9030418	1
5653675	1
9030033	1
5652236	1
5651162	1
9022244	1
9021838	1
9030006	1
5653847	1
9022027	1
7976754	1
9022550	1
55526873	1
9335440	1
12162223	1
9030722	1
9022499	1
94332947	1
9030024	1
5721937	1
9021868	1
9022162	1
9281173	1
84954437	1
9029908	1
84951649	1
9022531	1
7976777	1
84963943	1
5530941	1
32397262	1
7977188	1
76768748	1
9021926	1
32438653	1
7715008	1
9030748	1
84903635	1
9021699	1
9030750	1
51596900	1
6135031	1
35444205	1
9229572	1
6138204	1
6046644	1
6136523	1
92492275	1
7978666	1
6137394	1
89899054	1
6134551	1
28956770	1
6133997	1
7874833	1
91444290	1
77676029	1
74598611	1
32132054	1
77938741	1
7876371	1
6136067	1
9314241	1
32198749	1
6138099	1
63271998	1
73456022	1
9314071	1
7875935	1
6136508	1
6241185	1
5747154	1
7975855	1
6993649	1
49784891	1
7976621	1
6246791	1
70092576	1
6629877	1
9030985	1
7975739	1
6245049	1
54980145	1
9036046	1
61946390	1
30226433	1
6629997	1
9303635	1
9303448	1
9080226	1
9031419	1
9036794	1
6629222	1
7976551	1
7976648	1
94703857	1
7976136	1
6244182	1
6993161	1
6629089	1
9031686	1
70112628	1
28430301	1
6247347	1
9303866	1
75129596	1
7975760	1
6628340	1
9030983	1
6626963	1
9036049	1
9240212	1
9032023	1
9032094	1
9031103	1
68780906	1
5747448	1
7936572	1
61884177	1
6621081	1
75141670	1
27738323	1
9106612	1
7850576	1
9107491	1
9106689	1
9346080	1
6999395	1
90934752	1
9153926	1
9345085	1
76032579	1
88234752	1
7579640	1
9345027	1
9296610	1
26331281	1
7915915	1
9346076	1
6819140	1
6815855	1
9141309	1
62078139	1
6817968	1
9296952	1
90979305	1
9296715	1
9107369	1
9153552	1
7916180	1
9107017	1
7850478	1
9324244	1
5801512	1
5800620	1
5799818	1
97444155	1
9106386	1
26168599	1
5798262	1
14196337	1
5799257	1
7849517	1
9129826	1
37673822	1
7905105	1
6953423	1
6950468	1
5811539	1
7501779	1
54589036	1
7951012	1
7954034	1
7042496	1
79546169	1
5713867	1
6146111	1
70043671	1
7953615	1
79580603	1
9112824	1
7954123	1
6148312	1
9102921	1
5714144	1
9103807	1
6658845	1
54604381	1
9102706	1
6722289	1
53776446	1
5852067	1
9103704	1
7954170	1
9103198	1
65625817	1
6147079	1
7953911	1
14382808	1
6144110	1
7953698	1
9112529	1
7954066	1
6658753	1
7953955	1
9102829	1
36224744	1
5811176	1
6721101	1
7504931	1
5853869	1
7954284	1
6949613	1
