56682821	1
5698076	1
49010851	1
5697496	1
9221431	1
19060861	1
19035362	1
51022582	1
9213291	1
66477302	1
76978020	1
7692143	1
73872427	1
51016742	1
7690424	1
73360717	1
22193494	1
7347552	1
22072725	1
5698550	1
5580201	1
34770826	1
83107633	1
9221757	1
5698070	1
77025547	1
70165295	1
51020746	1
9213320	1
87675453	1
87699142	1
73911490	1
9214010	1
9214976	1
51059477	1
13751542	1
5580171	1
19053368	1
55018782	1
19093376	1
7691175	1
73341269	1
22074862	1
7693138	1
5716911	1
19712809	1
83115269	1
9026991	1
22146816	1
9214508	1
19101194	1
55036401	1
83103137	1
9213477	1
70164489	1
9220762	1
87728517	1
9127191	1
83162045	1
9213960	1
9213577	1
83129710	1
73883106	1
17372577	1
56636812	1
73353740	1
36010189	1
9213771	1
5578053	1
9213817	1
7347906	1
87665618	1
9214463	1
34810266	1
7806679	1
66470082	1
5579904	1
5267265	1
76997006	1
48980751	1
48953867	1
5577526	1
7692763	1
19259779	1
9213436	1
9213606	1
48817104	1
56643112	1
9221247	1
17334651	1
51028354	1
9214419	1
9214093	1
6430590	1
83105918	1
56703424	1
9028183	1
9126935	1
7346862	1
9213664	1
66488601	1
9221449	1
9220846	1
48825027	1
6430767	1
6430858	1
5698049	1
32604927	1
83130821	1
83161041	1
9221988	1
17357648	1
9213645	1
6318840	1
73907365	1
13801821	1
83126552	1
82248777	1
70209860	1
6430214	1
87729234	1
76970020	1
66465355	1
9214262	1
5578678	1
19262320	1
9220845	1
9220519	1
34789539	1
9127143	1
56660973	1
41983757	1
70168748	1
87665822	1
7950800	1
9102720	1
5850824	1
87775129	1
61138367	1
23378675	1
19204405	1
23416161	1
7954327	1
61206185	1
9103607	1
6722064	1
71763807	1
5713867	1
65693284	1
87773345	1
7505114	1
39000984	1
70046115	1
30592381	1
21538907	1
6658845	1
6950468	1
7950644	1
6951096	1
9103226	1
16910535	1
21151288	1
7953942	1
53146175	1
87748506	1
5812050	1
30609596	1
9103139	1
7950782	1
37661782	1
7953717	1
61159094	1
6655760	1
36191001	1
79573281	1
7050125	1
79578337	1
9102821	1
87769342	1
7950501	1
21549913	1
53766665	1
30628140	1
30589374	1
71715097	1
79844638	1
7049563	1
5812346	1
53083471	1
6655577	1
38998340	1
21532679	1
7053746	1
70059300	1
19186595	1
6655693	1
61146518	1
6188371	1
7950239	1
23425999	1
79546169	1
30563290	1
6148008	1
6725258	1
5812157	1
30607474	1
6655529	1
6658521	1
16947113	1
6185605	1
16923331	1
6186277	1
70017837	1
65654772	1
6724592	1
36165270	1
6950287	1
53097349	1
21571858	1
43725738	1
36198889	1
7043587	1
6659051	1
87804228	1
37683898	1
70060522	1
7501369	1
70031104	1
53761980	1
65669200	1
7041745	1
7504505	1
14368785	1
21143298	1
9113492	1
79576128	1
5812330	1
99655713	1
16932722	1
53747473	1
79822857	1
71721695	1
61207143	1
5808874	1
62182099	1
56842064	1
9292067	1
9234966	1
58518944	1
9233870	1
88182328	1
9234043	1
39181662	1
6230549	1
56849755	1
41283450	1
88159550	1
5256350	1
9122421	1
39781519	1
7970783	1
5256302	1
98141084	1
76725380	1
88163320	1
76701625	1
22849940	1
5255954	1
9235296	1
18801137	1
6434925	1
9233952	1
7235971	1
62197017	1
7116470	1
7645409	1
76681147	1
5575581	1
7645744	1
9234347	1
6230624	1
9235123	1
9233933	1
7354097	1
7971198	1
9122680	1
7239935	1
9234794	1
9291638	1
62191957	1
9235009	1
22636995	1
38622282	1
62235023	1
9233547	1
6434720	1
84681788	1
88125031	1
5340379	1
84732070	1
7235528	1
22796265	1
9234371	1
9234367	1
5340386	1
41319106	1
39189589	1
6613324	1
9122272	1
7174855	1
9292068	1
7828388	1
84692408	1
56298494	1
9234027	1
7988751	1
7354512	1
17855884	1
7176401	1
22583835	1
22832694	1
84711616	1
7645379	1
5251820	1
9235076	1
18813424	1
7988244	1
88105394	1
98145717	1
39222238	1
9234739	1
9234257	1
9121770	1
58537304	1
30824038	1
9122622	1
5340385	1
6613239	1
56284040	1
5339927	1
62236574	1
84734132	1
84685790	1
9122318	1
88124288	1
7237768	1
7988735	1
38607223	1
5256393	1
5256345	1
88182154	1
9291346	1
7970851	1
47733333	1
5340382	1
9234379	1
9234001	1
56808672	1
18769776	1
5341228	1
6613205	1
9122345	1
62205987	1
27907925	1
43971656	1
29675370	1
7386147	1
11156636	1
5476102	1
19449525	1
58142480	1
12349462	1
9201106	1
9131694	1
51825399	1
9131692	1
27927490	1
5478102	1
7113953	1
87168010	1
5478136	1
42781659	1
73102016	1
9200677	1
87144500	1
6108406	1
7389296	1
5478153	1
12095549	1
58158905	1
7388966	1
9201050	1
51819863	1
9066361	1
87153839	1
9200886	1
72795451	1
58142967	1
58365291	1
50713294	1
58357911	1
7386606	1
6674353	1
76532027	1
9132230	1
6107549	1
7527161	1
9201400	1
73091557	1
9202088	1
7112180	1
9202106	1
9132062	1
6673110	1
9201262	1
42809384	1
12103710	1
6107903	1
9107885	1
9201579	1
9066432	1
58372084	1
27948596	1
87201514	1
7817968	1
52699815	1
52685936	1
9200491	1
9201127	1
22207650	1
5477335	1
12404020	1
38557470	1
9200422	1
9201054	1
9201010	1
6669476	1
5476650	1
5478390	1
76543687	1
72800944	1
50704015	1
52675344	1
45531342	1
42801787	1
9108211	1
58405997	1
12372018	1
43994297	1
9200655	1
25649462	1
9108607	1
5476423	1
12080578	1
42778323	1
45557121	1
19418089	1
89592198	1
52672437	1
9108385	1
73076374	1
12386356	1
87190313	1
9131797	1
42844864	1
38543718	1
6672895	1
14948568	1
25608093	1
9202063	1
5476530	1
14987817	1
9200417	1
14977874	1
14998966	1
42797638	1
7783380	1
9201528	1
6109622	1
7522074	1
9066417	1
9200385	1
9200486	1
58158033	1
9067603	1
5975302	1
9067415	1
7386412	1
45517903	1
5476769	1
22038802	1
46780150	1
6163341	1
5840957	1
25150222	1
48603033	1
6603911	1
10783292	1
7596351	1
9310660	1
89967296	1
7866851	1
51675429	1
48626383	1
10891602	1
7546543	1
40753309	1
6034089	1
9139646	1
22048495	1
35190599	1
7489641	1
25095993	1
7489531	1
5670901	1
10873737	1
7602220	1
6162470	1
9309977	1
7867319	1
51665634	1
7538200	1
9310251	1
9139130	1
9139925	1
7558388	1
9309992	1
79009368	1
39123230	1
9139583	1
9340114	1
7491458	1
9311298	1
9043605	1
89955314	1
89952713	1
7540564	1
7868902	1
22016925	1
6036582	1
7600729	1
5343872	1
9339995	1
39152378	1
6035921	1
7870778	1
90006401	1
7536625	1
14482393	1
9311262	1
22056453	1
6602833	1
32765157	1
5572228	1
10871302	1
9340903	1
7539794	1
9339654	1
25125583	1
6038375	1
79047580	1
7600310	1
46772218	1
5569346	1
9310475	1
10741908	1
9139430	1
10194924	1
9311255	1
6602260	1
22060448	1
14523576	1
9310016	1
9310825	1
51629400	1
7722892	1
9339689	1
89983236	1
10182370	1
9139842	1
9309981	1
6037720	1
9310124	1
10145591	1
7870004	1
9340930	1
10741315	1
79003631	1
7492631	1
22000251	1
48607122	1
5787444	1
5787636	1
7771213	1
9012882	1
83573216	1
5788353	1
6330378	1
83919923	1
82516975	1
83270346	1
5789052	1
44958045	1
12639863	1
7682688	1
83957092	1
57312166	1
57309792	1
5790052	1
83648509	1
31500299	1
50349384	1
7938929	1
83961276	1
6251276	1
7772458	1
7824193	1
83920005	1
28619247	1
63024426	1
7938418	1
7989416	1
7747406	1
28658410	1
7918418	1
7770493	1
7773005	1
5787750	1
5787717	1
12656578	1
31495154	1
6264543	1
88324126	1
7989910	1
7682517	1
5789638	1
7909720	1
28633982	1
9082288	1
5789350	1
9033533	1
85397196	1
6263422	1
28640447	1
9033954	1
69162213	1
5789803	1
31474000	1
5789246	1
6330575	1
7681196	1
44917003	1
12654921	1
28641452	1
7773759	1
28625135	1
7989679	1
97712291	1
75839771	1
7989280	1
28596743	1
9012197	1
7939188	1
63047043	1
9033769	1
63036995	1
83252584	1
7747404	1
9077770	1
36700434	1
9033750	1
7682053	1
44935168	1
12655034	1
7747430	1
6259189	1
6253734	1
6256104	1
7682922	1
7681858	1
9082226	1
9033626	1
12658226	1
83600340	1
9082416	1
6263478	1
6325782	1
7746476	1
9082928	1
5789754	1
83666299	1
9034368	1
28655204	1
6259746	1
97685773	1
7938622	1
7772713	1
63042428	1
82560983	1
83621960	1
9015873	1
83626378	1
83556103	1
56004666	1
5691501	1
33820946	1
7991761	1
31549585	1
9224565	1
80922390	1
90020484	1
9225210	1
9220141	1
79372464	1
39993246	1
31557584	1
79363624	1
9218926	1
7991558	1
9224600	1
7991173	1
39989683	1
7991240	1
18017243	1
98302037	1
9002419	1
5691530	1
94137355	1
9007176	1
19568531	1
53833404	1
6664668	1
9002098	1
9002362	1
94126175	1
33758854	1
60488068	1
9002487	1
31523541	1
9225832	1
33763711	1
60479823	1
24246884	1
39996541	1
5691533	1
9219190	1
27881491	1
9219747	1
9060854	1
96089903	1
98321752	1
59532884	1
22284688	1
95374527	1
24238557	1
59518303	1
22334870	1
40020647	1
95390147	1
79405884	1
9224751	1
24237778	1
50638460	1
59577334	1
97166731	1
55961058	1
9218593	1
24284836	1
45400269	1
5692186	1
97143907	1
19575618	1
33783748	1
98285375	1
9225879	1
9002860	1
54298584	1
48045497	1
9225108	1
45394532	1
9218651	1
9002869	1
9225352	1
27873218	1
60480397	1
24274407	1
48042609	1
27830694	1
31583536	1
9002434	1
9225620	1
73577321	1
54327424	1
59527924	1
98306878	1
60473063	1
22282081	1
9225567	1
79405971	1
9218931	1
9219567	1
60528660	1
9002445	1
9220425	1
9224473	1
9225979	1
73564369	1
9224303	1
48006545	1
6073501	1
9219113	1
9225174	1
7991850	1
7932318	1
45377592	1
27823904	1
9225165	1
59568837	1
9061652	1
17992185	1
79377780	1
48068046	1
7423928	1
9002032	1
33791169	1
5691531	1
73620493	1
9219983	1
80948919	1
17991191	1
79397338	1
9218810	1
6661057	1
90034285	1
45371603	1
9224422	1
48018915	1
79368850	1
9226001	1
9224457	1
9224531	1
7422200	1
31522702	1
7991849	1
94073940	1
5691532	1
54267333	1
79385460	1
24277491	1
56024001	1
9307583	1
99454517	1
91897823	1
7004044	1
55768730	1
7980088	1
57351254	1
72039976	1
9258485	1
75567984	1
7946668	1
9307564	1
74458565	1
7946206	1
44793629	1
98936559	1
63202754	1
7002674	1
9258723	1
9258070	1
13371802	1
7946539	1
44795108	1
72051750	1
56088283	1
75590743	1
7946337	1
7915481	1
91850781	1
75581565	1
56086461	1
9306875	1
48328902	1
98977858	1
94745324	1
7979740	1
9257556	1
7979935	1
72020013	1
7980483	1
57316500	1
99453668	1
99420379	1
74504305	1
9306272	1
7004026	1
67402407	1
44796669	1
9114587	1
7946722	1
9307671	1
63718264	1
74490867	1
57314765	1
7915482	1
9258983	1
85178113	1
9258899	1
57333691	1
48355101	1
55775374	1
9257563	1
69002720	1
74447103	1
7945712	1
7945780	1
7946605	1
46835111	1
9114014	1
57383925	1
41139106	1
63141602	1
58418956	1
63708144	1
9307135	1
41171819	1
7946784	1
77865620	1
9114094	1
9257737	1
7102444	1
75572107	1
7946766	1
94789714	1
62831746	1
5668288	1
7101266	1
5802908	1
7980510	1
56438826	1
7021001	1
7979567	1
22541079	1
63188134	1
56066275	1
13378547	1
74496208	1
99443071	1
46889058	1
46868494	1
70442237	1
48362784	1
70386549	1
46878531	1
22519701	1
9258848	1
6709090	1
9259316	1
9258990	1
57323834	1
70420174	1
57344416	1
85160280	1
63176879	1
9114787	1
7980331	1
21709020	1
21696348	1
7946418	1
7945958	1
9259287	1
98989866	1
7980389	1
9259060	1
9258784	1
7021067	1
9259118	1
9258306	1
9307900	1
58447921	1
7790826	1
9307280	1
85174264	1
55749334	1
68401005	1
93131376	1
7403882	1
7554744	1
90823947	1
5620978	1
50141218	1
36000531	1
90779114	1
50160742	1
9100082	1
9100410	1
9099956	1
7945243	1
9100457	1
13979130	1
5858105	1
77309763	1
93125931	1
9100869	1
65140588	1
50185600	1
9276876	1
96227288	1
7945071	1
84837053	1
35942931	1
7945433	1
16262498	1
50148328	1
5622055	1
77315121	1
99952835	1
7944735	1
62124892	1
20394912	1
44745406	1
51136470	1
64029309	1
5621188	1
50201475	1
7549459	1
7945289	1
9277406	1
97400769	1
5621555	1
44703177	1
9276879	1
65133142	1
62136856	1
9101280	1
7945638	1
9277135	1
5624125	1
9100922	1
46018372	1
5858053	1
9083758	1
84877633	1
7944713	1
99972021	1
9276037	1
7945427	1
90542466	1
62146113	1
77321841	1
93131481	1
16226621	1
62101475	1
44690845	1
90841452	1
5622240	1
7406651	1
7945198	1
7945540	1
90847278	1
9083087	1
44697171	1
50152910	1
13992511	1
5621938	1
16206172	1
5623378	1
90486087	1
9100225	1
7945424	1
9101307	1
13976201	1
62151593	1
5621657	1
50157130	1
5854621	1
9099996	1
5623115	1
9276576	1
7944718	1
7944583	1
7944664	1
30122886	1
77281432	1
51119499	1
9101088	1
93126488	1
5855585	1
91359574	1
35981161	1
45951496	1
9099990	1
9111362	1
45976412	1
5624236	1
32912333	1
30085525	1
41255462	1
7944968	1
45996437	1
7405846	1
76641666	1
64040971	1
7368118	1
51141974	1
93132208	1
91341054	1
20402702	1
7945347	1
9111342	1
9100034	1
50518125	1
9276295	1
6334672	1
41216980	1
51122664	1
41247798	1
9276048	1
9101071	1
76587329	1
7945461	1
16242251	1
9276758	1
7370989	1
32900731	1
84816413	1
7944931	1
7406122	1
7944689	1
9100399	1
7945398	1
9101214	1
90847494	1
77318356	1
97372508	1
64065347	1
9277088	1
6332599	1
74170105	1
13030111	1
5487197	1
7863200	1
80447699	1
9002889	1
7958451	1
24749212	1
9094979	1
9076224	1
9002961	1
7986633	1
7904049	1
7866655	1
7862760	1
58634616	1
20662397	1
21864614	1
5489653	1
6922913	1
5873755	1
7865405	1
6969543	1
9094458	1
6617101	1
92143689	1
7886041	1
7088766	1
90372429	1
7903431	1
74114492	1
92142469	1
24781095	1
87072983	1
20697988	1
7903427	1
6970815	1
7862976	1
9094650	1
80152920	1
23785639	1
87129988	1
6749803	1
93467628	1
74165863	1
7886423	1
9094594	1
74126795	1
21891035	1
9095478	1
74113804	1
74277065	1
9076234	1
9095100	1
9095267	1
9075774	1
7903700	1
7885418	1
5872809	1
23729812	1
87079420	1
7958387	1
6618400	1
9095441	1
93444748	1
9076108	1
9076373	1
24739528	1
5871272	1
74097243	1
7904110	1
9076288	1
73002408	1
7904492	1
6920801	1
7957856	1
23721020	1
9094232	1
7904270	1
7863435	1
5875406	1
9095086	1
13008524	1
6971633	1
9094265	1
72986951	1
93003850	1
7904199	1
6749894	1
24747909	1
74290346	1
7903836	1
9075573	1
21874035	1
7958605	1
23759091	1
58700583	1
41678115	1
7958149	1
9095684	1
90326445	1
7904376	1
9003524	1
9095406	1
7986254	1
21909073	1
74136425	1
7908068	1
7903969	1
7904272	1
21895906	1
7863332	1
7904463	1
9095621	1
5874580	1
9095616	1
7862378	1
72992306	1
7903921	1
21926895	1
6969735	1
7087399	1
9076584	1
9094263	1
7884395	1
80179744	1
7725256	1
5909899	1
9095206	1
7865383	1
9095483	1
9003473	1
9094291	1
7958592	1
9076299	1
6973647	1
6969943	1
80468977	1
10532047	1
5486462	1
7904134	1
93473283	1
80411429	1
92156501	1
7903434	1
9075612	1
5490047	1
51947305	1
30687461	1
9269855	1
7015101	1
9269861	1
11635817	1
56409699	1
9253596	1
51945733	1
7930169	1
7843384	1
82480577	1
7057412	1
56417950	1
57966643	1
9319947	1
36290269	1
7135117	1
91225776	1
86133269	1
9268315	1
86133304	1
7513161	1
98894717	1
9096608	1
91212712	1
9118837	1
9253899	1
9252435	1
6949205	1
24801906	1
7014167	1
9269375	1
9319984	1
91200308	1
99769478	1
9320087	1
30701974	1
7016389	1
20123670	1
11669149	1
7841511	1
58751788	1
7016572	1
7517750	1
9268823	1
9329268	1
56417887	1
9253419	1
9096738	1
9328334	1
5657906	1
82452383	1
5659412	1
57946847	1
86162774	1
35650808	1
9328218	1
36230820	1
56383148	1
9328435	1
30650513	1
57902867	1
9096169	1
98879537	1
12002375	1
9252534	1
7013495	1
9096233	1
5658850	1
9269058	1
9268452	1
56364318	1
5660698	1
11691525	1
9268622	1
7514896	1
9252681	1
9253306	1
99779922	1
9269939	1
5555740	1
9321238	1
24793557	1
9097050	1
77406780	1
9020380	1
57956078	1
9252630	1
9269561	1
9118761	1
20116012	1
9253532	1
9119175	1
6947744	1
5659072	1
6587340	1
9269001	1
9270145	1
9096867	1
9320189	1
30706092	1
11680897	1
9328344	1
9096565	1
9269834	1
21384694	1
9320125	1
9252862	1
58764940	1
9269235	1
9096216	1
82481284	1
35705359	1
91170453	1
20112088	1
24795955	1
6706934	1
56376618	1
9118641	1
20106494	1
12030971	1
9328692	1
41757672	1
7518714	1
9097171	1
9269662	1
7516309	1
98869090	1
9321020	1
20139594	1
9268620	1
9328471	1
9096486	1
9096656	1
9119045	1
9321125	1
9328899	1
9320546	1
9253347	1
5660084	1
36257129	1
30646726	1
9096906	1
98874663	1
24826193	1
9096515	1
5658403	1
9328388	1
7930099	1
20110735	1
57959403	1
9268856	1
91160903	1
58777317	1
9269817	1
9328564	1
9268280	1
9021192	1
5660232	1
9253885	1
20111804	1
9268936	1
9252255	1
9328543	1
58724702	1
98920015	1
24813981	1
9270112	1
7015591	1
9269201	1
36293293	1
9096835	1
6948695	1
31067165	1
82473575	1
9329414	1
5660788	1
77445992	1
6949459	1
77428532	1
9096959	1
9269796	1
9269369	1
9252477	1
56389521	1
9253773	1
91155971	1
6946469	1
9268479	1
69191891	1
9104981	1
9109790	1
5587471	1
7408696	1
74542980	1
99129503	1
49872461	1
74557602	1
74576170	1
43362485	1
7917022	1
52132301	1
22681428	1
9104662	1
9109782	1
7917140	1
20652125	1
12952046	1
26896769	1
9010865	1
7916662	1
52148364	1
52182867	1
5807448	1
80372567	1
15425664	1
7917111	1
7917112	1
48285784	1
52152308	1
5587564	1
95727483	1
20642176	1
25789020	1
99097488	1
52163560	1
7917132	1
48236272	1
25550151	1
5807855	1
69219009	1
9010887	1
48240135	1
7917148	1
69230132	1
7917113	1
58291044	1
25754445	1
67721688	1
7158912	1
7917109	1
75015871	1
43321661	1
49885351	1
74958385	1
5806914	1
7917134	1
99140085	1
7917114	1
7159473	1
59059580	1
49859373	1
95726197	1
7917106	1
7917120	1
12952061	1
59023449	1
95728060	1
88949206	1
22680553	1
49889929	1
90675585	1
25548137	1
7917115	1
7916732	1
88944548	1
81647044	1
49849052	1
81647727	1
9104745	1
7917100	1
33347104	1
25537963	1
26842599	1
15373078	1
25785543	1
90636083	1
5689846	1
52248317	1
7917103	1
10494855	1
15373111	1
9104140	1
7165773	1
95735094	1
6098400	1
43294797	1
5603486	1
9104315	1
25773662	1
7164707	1
25569007	1
99096193	1
69211213	1
99084362	1
80381128	1
69244434	1
69249103	1
52241371	1
9011214	1
15381700	1
5603328	1
7159875	1
7410923	1
81629920	1
7917099	1
58281187	1
5689554	1
75022284	1
22663661	1
12900882	1
52246825	1
59004813	1
33336810	1
88942979	1
9342144	1
52084975	1
44083993	1
60223135	1
30502244	1
86944039	1
89677755	1
62274227	1
55068520	1
44241375	1
9032741	1
9342555	1
44029496	1
6403279	1
7947384	1
6237626	1
7947488	1
16472360	1
9342830	1
95672533	1
9033378	1
9342902	1
36107741	1
39243274	1
67578181	1
44176922	1
93042184	1
39251000	1
6234266	1
95642011	1
93020655	1
9342622	1
95056414	1
50216402	1
9342558	1
62297885	1
5666232	1
7960570	1
86934588	1
52104950	1
53367276	1
86989398	1
86940498	1
7946921	1
36088517	1
39242990	1
86931552	1
77189460	1
7960838	1
51219411	1
95637202	1
7947465	1
60228049	1
9342904	1
55083378	1
7932768	1
7846269	1
6238194	1
6204463	1
93049607	1
39286004	1
7961051	1
7845698	1
86962175	1
9341914	1
89647639	1
94896579	1
7932784	1
36130412	1
28320110	1
7947148	1
35878211	1
16454354	1
77201241	1
39488784	1
77203162	1
53351394	1
39283840	1
7947344	1
5665028	1
52096961	1
67568027	1
52070436	1
7960973	1
7947140	1
39282247	1
55117059	1
5946375	1
60236596	1
7947126	1
50208989	1
60243810	1
7947963	1
53339109	1
6237844	1
50216639	1
7932856	1
7947088	1
86942273	1
5948026	1
95687193	1
6404262	1
9341618	1
6207724	1
95673633	1
95675104	1
9342952	1
9033102	1
7846619	1
6406535	1
95695759	1
35932149	1
7996766	1
7126217	1
9288519	1
9338624	1
7125295	1
9339380	1
80577349	1
7949632	1
39882288	1
16289487	1
9137931	1
64404181	1
39852089	1
72934625	1
78500518	1
61576767	1
61533005	1
58081230	1
9137778	1
9138006	1
7949616	1
47017598	1
7949231	1
80591616	1
31090273	1
31113105	1
65524251	1
78504343	1
39820151	1
32069098	1
32066254	1
32070736	1
34096795	1
5995326	1
7949489	1
9137723	1
80552861	1
10674741	1
9137582	1
45327297	1
10712311	1
10654235	1
7127368	1
65499926	1
9137774	1
66380861	1
7949881	1
5883655	1
94285878	1
6738601	1
9288446	1
9289034	1
82804721	1
35627949	1
9338999	1
7128106	1
72953645	1
9137526	1
45294421	1
5882204	1
7953000	1
7130295	1
7953031	1
32055156	1
32088111	1
7949655	1
7949311	1
45303399	1
7129907	1
7949373	1
32089846	1
62887990	1
64443105	1
9339603	1
39831234	1
9339228	1
99500061	1
72928793	1
6596390	1
45354384	1
28305727	1
7949458	1
31119367	1
9137627	1
6452217	1
61521383	1
5883316	1
6636022	1
9137606	1
64383566	1
47021275	1
28245975	1
66376114	1
9339492	1
9289147	1
66392047	1
47028971	1
61544490	1
82847624	1
32084711	1
39833513	1
7950152	1
80622386	1
45299759	1
65523141	1
9338507	1
31088751	1
34124699	1
82805491	1
16317063	1
39850513	1
82835363	1
80569154	1
6390732	1
6740574	1
7996329	1
28285529	1
58086571	1
7996412	1
9288773	1
9338177	1
80565897	1
9288541	1
64401583	1
5880982	1
39880698	1
12793886	1
84388710	1
96606628	1
5801497	1
9141246	1
9142170	1
26355603	1
58212327	1
46089043	1
9345534	1
25699755	1
9142017	1
9296859	1
9297248	1
99173028	1
9296497	1
7921338	1
7851429	1
80033728	1
9153513	1
58233128	1
9130061	1
76046052	1
25704553	1
91912942	1
75988599	1
26332244	1
9141991	1
89129194	1
25743512	1
14198561	1
5799355	1
83235628	1
9324445	1
76012205	1
5797998	1
9324248	1
53934825	1
9345542	1
27728204	1
75988234	1
9141803	1
26380535	1
46055340	1
6819982	1
9297589	1
9107315	1
91919355	1
25749476	1
5798472	1
9345518	1
9129696	1
7849811	1
80012687	1
12791894	1
9296900	1
88233563	1
9297601	1
79976556	1
5800961	1
9153428	1
9153188	1
79969314	1
9153176	1
11567004	1
27728207	1
11133067	1
5801512	1
25692962	1
7921448	1
9324220	1
9296285	1
91966938	1
11076152	1
9129835	1
88208826	1
89092012	1
5798881	1
26128520	1
9296807	1
26162867	1
11109898	1
9296627	1
9297291	1
11629049	1
9344643	1
27691037	1
83204761	1
6819140	1
11591966	1
9153931	1
9345394	1
9142197	1
9142196	1
9323180	1
9344968	1
9345314	1
11100305	1
97480312	1
9141242	1
12804630	1
9324385	1
83200545	1
96677318	1
7849767	1
9142292	1
9323300	1
7921309	1
26363256	1
72312411	1
9107113	1
9345237	1
90935715	1
26341324	1
9141791	1
9297142	1
58227695	1
86815100	1
7000796	1
97510156	1
6997957	1
83202419	1
7851502	1
53935204	1
25729372	1
9142099	1
27713108	1
25740622	1
96617159	1
75997181	1
9106645	1
12773992	1
7851194	1
9153998	1
9153516	1
9153186	1
9345377	1
89125282	1
11592070	1
9130305	1
7582505	1
9297795	1
9323817	1
9344870	1
12765687	1
5801549	1
12764903	1
46027451	1
9345254	1
46087565	1
99169439	1
34386455	1
9241302	1
9242593	1
69555168	1
81929292	1
7990527	1
7571553	1
7778480	1
9241550	1
40429568	1
64255489	1
9241442	1
27774840	1
9053173	1
49058961	1
9026346	1
44860727	1
57409926	1
9025822	1
9241618	1
9242482	1
27795838	1
7969880	1
90436493	1
79192298	1
9242278	1
60650141	1
9241304	1
7639237	1
9084569	1
7172286	1
84540506	1
27761311	1
34339103	1
7727577	1
9241072	1
69962634	1
27785734	1
63390750	1
9241063	1
34395572	1
9242582	1
44857459	1
7778929	1
9241721	1
7990449	1
44885647	1
79203777	1
18261168	1
85423424	1
6698535	1
63404080	1
18945737	1
7728281	1
40452662	1
5381327	1
7571756	1
40434536	1
18929265	1
7990702	1
18950864	1
49592753	1
90385848	1
75741968	1
5401158	1
90395428	1
90425864	1
7990298	1
18915014	1
6377727	1
9242133	1
7571923	1
9242577	1
7970293	1
57451941	1
9084300	1
49572885	1
63405559	1
62603080	1
44845684	1
81958362	1
7574155	1
44867334	1
79138334	1
34344094	1
7729324	1
49559615	1
6374997	1
69928452	1
9241327	1
57425427	1
7728906	1
9241274	1
7990806	1
44852447	1
27754908	1
7636583	1
9053217	1
18303508	1
7970414	1
64229698	1
7572307	1
18897937	1
49081604	1
63385869	1
57442756	1
6102709	1
9000589	1
10622970	1
6103870	1
71047221	1
36346217	1
64684147	1
9102174	1
47567142	1
10606649	1
37911452	1
7776857	1
27502537	1
6727916	1
48876191	1
5785979	1
5787154	1
67349696	1
47631314	1
67201927	1
7776274	1
6731758	1
92725042	1
45150829	1
36327161	1
7777008	1
6503223	1
36370916	1
70625939	1
71026904	1
83990061	1
55890027	1
9200198	1
48941714	1
9101466	1
48901599	1
5785551	1
83989633	1
7776001	1
6727878	1
5786179	1
5860287	1
70642533	1
45157998	1
5472899	1
6963657	1
9102025	1
5784684	1
5785308	1
82125275	1
80279741	1
17518134	1
45150574	1
7583557	1
9199739	1
69522575	1
5475486	1
67198441	1
5785797	1
5785453	1
92785400	1
43487069	1
6104838	1
5861431	1
6730797	1
55884925	1
5786336	1
43496482	1
38081367	1
9198894	1
6962717	1
48123338	1
70607456	1
84034104	1
5862012	1
38117705	1
17522549	1
9019666	1
9019933	1
80271771	1
9101729	1
37918116	1
13943976	1
5785933	1
7585978	1
9101792	1
17511717	1
27517654	1
80297722	1
27535904	1
70629094	1
5784851	1
69489253	1
36370591	1
71078820	1
55835630	1
6102710	1
7999954	1
6105329	1
48935413	1
5786607	1
67191007	1
45167225	1
23121037	1
6728674	1
71035544	1
80261038	1
9101630	1
10583782	1
9019060	1
82122381	1
27501018	1
64702401	1
9101794	1
6959269	1
7775583	1
7774424	1
9101588	1
9101503	1
9101898	1
36314412	1
69534243	1
45165343	1
9200151	1
84045397	1
5862117	1
6732231	1
5786696	1
6959957	1
6101992	1
6103195	1
7776438	1
48902080	1
6102323	1
9200029	1
69488352	1
45153456	1
5784711	1
6732406	1
7777316	1
13942764	1
9075158	1
91293791	1
57697274	1
5625905	1
9285775	1
7726020	1
9285134	1
9075329	1
97344176	1
7921036	1
16069984	1
16692893	1
29716698	1
7725851	1
15907521	1
25491276	1
91258868	1
9286321	1
5878505	1
6060225	1
15870647	1
9136183	1
5706021	1
16352231	1
9286209	1
53002955	1
12221221	1
7930521	1
72444572	1
37927359	1
7965173	1
7920903	1
6140178	1
9074681	1
32242476	1
52932883	1
97338852	1
9136764	1
7928480	1
9285584	1
9286421	1
25468089	1
6534126	1
9285324	1
29709409	1
16058103	1
9136403	1
15869626	1
5626234	1
6531419	1
7956750	1
98648078	1
98220184	1
7965333	1
87861569	1
7920898	1
29732865	1
7940957	1
9136089	1
91286099	1
9285750	1
9136528	1
9136819	1
5707169	1
7920921	1
73207051	1
16656840	1
7931206	1
6140203	1
13694385	1
5282177	1
7928444	1
87865392	1
9075427	1
7965046	1
9074846	1
9074507	1
7940358	1
73199581	1
13720443	1
7727116	1
7921029	1
9285496	1
7919449	1
9285336	1
7964759	1
25474055	1
6060240	1
6061116	1
87860097	1
7919289	1
5281363	1
9135919	1
9136560	1
87873240	1
57687846	1
9075188	1
5626147	1
9286086	1
6140108	1
5879700	1
45874430	1
9285304	1
9136150	1
57720117	1
16049278	1
72465989	1
5877334	1
7928092	1
9285302	1
5284806	1
5875699	1
98647728	1
32272828	1
9136143	1
5626410	1
5628366	1
57756402	1
97290721	1
37950989	1
16026684	1
45913958	1
64638506	1
87853298	1
32259771	1
5281956	1
9136803	1
15925269	1
9285014	1
7941072	1
87825848	1
12261528	1
7662918	1
9074499	1
57737528	1
7660918	1
6533730	1
98201533	1
6056744	1
9285723	1
15916492	1
9285654	1
5627048	1
7956328	1
9074928	1
16027793	1
9286234	1
5706077	1
5626015	1
7997684	1
9205000	1
43367879	1
7997449	1
22749797	1
5565650	1
9204717	1
96406425	1
9205381	1
9055415	1
9204406	1
9128642	1
12464308	1
12512509	1
79942393	1
51705402	1
9204841	1
67816304	1
39632807	1
9205132	1
7785803	1
9092780	1
39605006	1
5891420	1
9204990	1
9204662	1
46944475	1
9091484	1
51749531	1
46925735	1
9091665	1
5566758	1
5585509	1
46687514	1
5249103	1
92358411	1
88749438	1
9135363	1
49761556	1
12465990	1
9092579	1
9091530	1
9204295	1
9091927	1
9055180	1
9055563	1
5584598	1
67811606	1
51712834	1
9092814	1
66205919	1
46366874	1
67786398	1
39591538	1
9055178	1
46902195	1
51685330	1
9134918	1
9204761	1
5586357	1
9135149	1
92401297	1
9205429	1
80045172	1
92409243	1
46348774	1
5567006	1
43409112	1
9128910	1
46974694	1
71270882	1
13042878	1
7784768	1
9135432	1
9128658	1
88735628	1
7265662	1
9205380	1
39598907	1
18038196	1
46943457	1
12547306	1
67813761	1
5568376	1
5587207	1
22950141	1
12483851	1
51701947	1
12505768	1
46972411	1
35546466	1
22941282	1
7997601	1
9092018	1
9091792	1
9205506	1
9092505	1
18042287	1
81837692	1
5583427	1
6560932	1
9204651	1
43425325	1
9205609	1
9092588	1
18104656	1
5586418	1
13053643	1
67802192	1
80088455	1
9091466	1
9129201	1
5259545	1
5885201	1
7785049	1
18076331	1
9204258	1
9129056	1
7785420	1
9091552	1
5889996	1
5584368	1
5584769	1
9128915	1
9205855	1
49749908	1
88710514	1
5585135	1
9135131	1
12510514	1
96399808	1
79957520	1
22979057	1
12524053	1
46704435	1
5586213	1
22942229	1
9091825	1
13065982	1
5566114	1
67800126	1
5632728	1
22768483	1
9204381	1
7264901	1
12503762	1
24976473	1
5259795	1
96440776	1
96444399	1
5247941	1
12456949	1
46326813	1
9204417	1
35515882	1
79916411	1
5586830	1
39605255	1
5633207	1
51722910	1
7784796	1
22731071	1
12450584	1
22951817	1
43365245	1
24949342	1
9062923	1
17180219	1
72364320	1
9099659	1
7809469	1
9099578	1
9099899	1
96825482	1
9099817	1
9041179	1
14076644	1
7810215	1
5471490	1
9130831	1
52727657	1
40254103	1
9131225	1
7181406	1
7678598	1
9331983	1
9331371	1
96772883	1
9063471	1
17122377	1
90172330	1
56905862	1
7678346	1
7688310	1
9099498	1
84093871	1
9099055	1
5357412	1
5470362	1
9011579	1
9131503	1
76231983	1
9099810	1
84082961	1
9332878	1
7687825	1
68699943	1
9130801	1
9099073	1
17119741	1
95325378	1
9332221	1
72416599	1
7688579	1
65264819	1
68662487	1
7180598	1
9041532	1
14905838	1
9130714	1
9040594	1
85618396	1
9131373	1
9332885	1
65304482	1
9332700	1
9099723	1
56872002	1
9099805	1
23570971	1
9099873	1
7688976	1
33638692	1
9332492	1
56917713	1
9040537	1
5238924	1
7687888	1
26988608	1
14063448	1
7677895	1
14897324	1
9063251	1
7687115	1
7686828	1
40281984	1
40277155	1
29241795	1
90207098	1
7937698	1
9099916	1
7688030	1
23345401	1
9099643	1
9040816	1
23551770	1
68715899	1
9099402	1
23328671	1
68712192	1
76257707	1
76262722	1
9130699	1
7937512	1
52740680	1
96755021	1
9130861	1
29185542	1
5469218	1
7678468	1
17171989	1
23313823	1
90206016	1
7937921	1
9099063	1
23524311	1
9024186	1
5472143	1
7678018	1
9332708	1
52712590	1
14879674	1
9131401	1
29233584	1
65277331	1
9098957	1
14065407	1
7678481	1
5469726	1
6049350	1
72359553	1
26980687	1
29208471	1
86328914	1
9012160	1
9041318	1
56886384	1
56903688	1
7689356	1
7178118	1
7937626	1
9332209	1
68691594	1
27032467	1
7938255	1
9041042	1
99019761	1
9291129	1
7848783	1
41433190	1
19114024	1
7969527	1
7675774	1
6984005	1
24677614	1
41490869	1
33558335	1
60704797	1
29598521	1
9291082	1
9289787	1
42326591	1
7813414	1
6982737	1
9256116	1
7914283	1
91798556	1
19966366	1
7847101	1
7913633	1
7914312	1
7569663	1
9255953	1
9290250	1
60157127	1
60585144	1
9256200	1
60571992	1
62368001	1
89505886	1
90548306	1
7914234	1
9256864	1
99067612	1
9256113	1
89550097	1
19960633	1
60598585	1
82882386	1
9290721	1
30305460	1
24680148	1
62387954	1
9289911	1
7849139	1
42304606	1
97543711	1
7677408	1
9256685	1
24673300	1
9257152	1
61398543	1
7677399	1
16822523	1
82879968	1
7913788	1
97560575	1
5866875	1
7675612	1
73506098	1
62367125	1
56527699	1
97531688	1
9256898	1
5866746	1
60576440	1
62358585	1
9290901	1
9290457	1
7299424	1
60593197	1
61374406	1
51513154	1
60760951	1
20778294	1
7677498	1
9257319	1
7299111	1
73546366	1
73528544	1
9290659	1
9256797	1
9256837	1
7674444	1
7914327	1
41471804	1
61428735	1
30279600	1
29599190	1
7847980	1
61377220	1
7969299	1
9290678	1
93799363	1
42284764	1
60596892	1
7300847	1
9290245	1
51488993	1
7889728	1
9256326	1
7849203	1
9257177	1
19989030	1
7848833	1
41433479	1
9256706	1
51487341	1
20014045	1
20772861	1
7298994	1
9256533	1
73485954	1
9066129	1
5870309	1
20789613	1
9257408	1
16812451	1
5868840	1
9256065	1
9290681	1
89554136	1
90578745	1
91769354	1
9257290	1
99034388	1
9256439	1
97513858	1
61413065	1
6982349	1
82927324	1
73540099	1
29565253	1
62326665	1
26592260	1
9193148	1
5528467	1
7761952	1
9060472	1
9193289	1
9059201	1
7413307	1
6876095	1
9193296	1
9193342	1
54209169	1
84445656	1
9193168	1
9195680	1
18556468	1
7939461	1
96752651	1
46510163	1
11855565	1
38910194	1
9193434	1
7361500	1
46169854	1
96692781	1
7362466	1
71873779	1
7208503	1
45591453	1
7906239	1
7157141	1
54196195	1
33185369	1
46186318	1
7418119	1
19785610	1
7764623	1
7928891	1
6876665	1
9195681	1
6876731	1
7962987	1
44503984	1
84496733	1
49479363	1
71857077	1
84426672	1
53687261	1
60347703	1
6575927	1
53733165	1
9195677	1
7362944	1
45477390	1
18587279	1
7202678	1
9059059	1
6876501	1
9193959	1
19797212	1
49464256	1
12844258	1
7906097	1
7360178	1
11890553	1
54179273	1
45587115	1
19784749	1
9193436	1
9193435	1
45611904	1
54330101	1
54331646	1
12836141	1
45614564	1
84442554	1
60379969	1
54341576	1
33171297	1
9193167	1
26552428	1
49464233	1
11901299	1
7962997	1
7763324	1
47477479	1
44479870	1
5528904	1
5564254	1
7939609	1
60366023	1
46180634	1
5564150	1
44492029	1
7939946	1
9193270	1
80542877	1
54235817	1
7764104	1
7940101	1
53704908	1
47420800	1
19785766	1
80511301	1
60339546	1
9193165	1
9058916	1
54339433	1
46183585	1
47424851	1
38893684	1
11879811	1
45635338	1
7360492	1
11872604	1
7962214	1
7207658	1
7158243	1
96707318	1
26563479	1
54397843	1
58610243	1
7221883	1
42397645	1
7222571	1
34156468	1
6045211	1
7221714	1
33412302	1
15158371	1
9124070	1
9157569	1
6238977	1
83899095	1
9014446	1
9157818	1
60049231	1
9158154	1
5617460	1
24464893	1
21982962	1
41645272	1
54662790	1
5543079	1
60064250	1
5541156	1
15166586	1
34141656	1
9157393	1
41641775	1
5538727	1
81408286	1
57991230	1
5617476	1
5539018	1
5540755	1
22492195	1
57996259	1
81408226	1
32737061	1
22483899	1
15179980	1
37235533	1
9124202	1
69670528	1
54670383	1
9157365	1
6239725	1
9124515	1
94061948	1
24470742	1
86427832	1
41622810	1
33041601	1
37217911	1
24481485	1
15189791	1
58627235	1
47944723	1
86399613	1
22451617	1
6239310	1
41642728	1
33446458	1
5618147	1
93240701	1
6239517	1
58588697	1
41580206	1
9124693	1
9158222	1
6470370	1
5539832	1
6239280	1
86415367	1
6044876	1
6238704	1
9157551	1
63292008	1
81513868	1
93208127	1
32699251	1
5540702	1
24481608	1
58594106	1
21994923	1
32709711	1
6240030	1
5617867	1
54650750	1
34128163	1
7221479	1
9014188	1
83840845	1
29366825	1
58034170	1
29341783	1
6239203	1
9158223	1
5617360	1
5730617	1
54632719	1
5128791	1
32711511	1
9014157	1
94012659	1
32735292	1
58900095	1
7283608	1
7984097	1
9249865	1
77773178	1
9250292	1
19014242	1
9251214	1
26010284	1
9223330	1
7288822	1
9250093	1
63959881	1
89427327	1
9248932	1
7744017	1
9298950	1
9223389	1
9223181	1
92797824	1
77768954	1
9248867	1
9250739	1
7983842	1
9134804	1
7748765	1
9223494	1
18970457	1
58847524	1
7748550	1
58905190	1
93280192	1
76431589	1
7984078	1
7748612	1
77779378	1
7741903	1
93257766	1
7283697	1
7942231	1
9134629	1
7654877	1
9249002	1
7356919	1
76394127	1
7359173	1
94166719	1
7287917	1
89468666	1
9222926	1
7742629	1
7963778	1
9013548	1
7984161	1
9134792	1
94144365	1
9224203	1
9251397	1
9223869	1
63964839	1
7230624	1
9248892	1
7942082	1
92805358	1
9223555	1
76403665	1
9249267	1
76398208	1
7232282	1
9222439	1
76402528	1
7284895	1
27173268	1
9223934	1
89429809	1
9298491	1
36541060	1
7983663	1
27175975	1
9249953	1
89471545	1
94156073	1
9299376	1
9013234	1
94167448	1
9249211	1
9298138	1
7654450	1
9248917	1
9248513	1
9298156	1
76423025	1
9298183	1
77840028	1
7962065	1
9134207	1
85933528	1
9251091	1
9248404	1
7288547	1
7961326	1
9224121	1
9299010	1
77831940	1
52560766	1
7942061	1
7963141	1
7983947	1
76405132	1
92847733	1
9223435	1
7285142	1
7942139	1
9248844	1
6491421	1
9248521	1
61738372	1
9249621	1
9134299	1
27174234	1
9013345	1
7288464	1
58856480	1
9249012	1
76431293	1
9251813	1
94193674	1
6969084	1
9251643	1
36555510	1
89485361	1
7749119	1
9134303	1
9224149	1
9223442	1
19016348	1
9134652	1
9223954	1
92863632	1
9298226	1
7357436	1
7742706	1
9248869	1
7984041	1
9222847	1
94194926	1
7963442	1
9223285	1
7358600	1
71186348	1
65216824	1
9203369	1
89173096	1
7952066	1
5376828	1
9202544	1
7696168	1
9202309	1
17551043	1
73309402	1
33190928	1
21491192	1
29499510	1
88784052	1
9204122	1
83731499	1
76129465	1
26696698	1
5377525	1
76133848	1
9202645	1
21497684	1
7952583	1
9203341	1
71184922	1
6216474	1
9305157	1
53194148	1
7698964	1
7959515	1
9110947	1
88844182	1
65829553	1
7698260	1
9110695	1
7740010	1
65224822	1
29521529	1
73310737	1
9305573	1
13311650	1
17563270	1
20970005	1
36395624	1
31644018	1
98109295	1
76177583	1
43248110	1
76191338	1
7122664	1
73322050	1
78882080	1
7120949	1
53196244	1
76193521	1
76193128	1
29472327	1
25921423	1
59874419	1
7275824	1
78889381	1
25897416	1
98088104	1
57072582	1
88774146	1
9305472	1
88789132	1
9202872	1
6287505	1
57047076	1
53174865	1
21436688	1
20967370	1
9110934	1
7738153	1
6208602	1
43238707	1
59902911	1
76149891	1
9110384	1
89162883	1
9203043	1
78899233	1
7952211	1
9304764	1
89203304	1
25944344	1
26706365	1
5376564	1
25894879	1
33237788	1
65783683	1
26747732	1
78865941	1
7959528	1
65818613	1
7698961	1
6209272	1
5371743	1
73316545	1
65223745	1
65258972	1
7959435	1
35778026	1
9305616	1
88786683	1
7697878	1
5368068	1
7959438	1
31875814	1
89155171	1
53194043	1
5373090	1
9203138	1
7738888	1
20949423	1
53168438	1
31837887	1
7270541	1
9202998	1
36405089	1
47098355	1
7698858	1
83738327	1
9110924	1
98118923	1
26730328	1
7270741	1
52637990	1
9203625	1
17559738	1
98115042	1
65833004	1
9304706	1
35780140	1
7958776	1
98102486	1
9202688	1
7696816	1
9305504	1
7269611	1
6155677	1
7269889	1
9305079	1
9203942	1
43226029	1
9306117	1
6602213	1
49227715	1
9324903	1
5838718	1
20462055	1
53270075	1
6025883	1
40831099	1
70778059	1
82116431	1
40798901	1
9324947	1
15622203	1
82055221	1
6032856	1
37019168	1
6031623	1
9330608	1
7650966	1
74703011	1
9325878	1
6000359	1
9330355	1
11831109	1
7244299	1
6000204	1
74725763	1
53281970	1
5839015	1
74679098	1
6028156	1
20494321	1
36995754	1
6025889	1
49194040	1
95953953	1
70793682	1
37460491	1
20512912	1
9325260	1
40107420	1
15968757	1
37459765	1
70956875	1
9331089	1
70767135	1
20487363	1
9324800	1
40786680	1
53259809	1
70778089	1
6028290	1
70757609	1
30712500	1
63836143	1
49190325	1
30727507	1
5839355	1
40768931	1
6000046	1
30727583	1
95986178	1
82078000	1
15992790	1
37462298	1
70804956	1
5838525	1
9330521	1
63851972	1
9325434	1
5838361	1
9329839	1
5631049	1
49190376	1
18226388	1
50132749	1
9331083	1
6855972	1
71016248	1
20486194	1
15621547	1
5838255	1
40824822	1
94990501	1
5262653	1
7610551	1
15584761	1
50083531	1
6599293	1
59198325	1
95974206	1
92916996	1
75475388	1
59194473	1
9326115	1
40129786	1
40803153	1
7244468	1
59144385	1
64535166	1
50099430	1
37005548	1
70792111	1
50097199	1
37423243	1
64549292	1
63834831	1
7242267	1
70739074	1
74714623	1
63797475	1
74702283	1
7649423	1
50108161	1
94981763	1
90153409	1
39586186	1
7814293	1
69846888	1
71163137	1
9037526	1
77098394	1
9087623	1
69876605	1
17244828	1
9088439	1
66058504	1
73695129	1
39579263	1
64330391	1
71161262	1
7972788	1
6647103	1
9115105	1
59420448	1
7779873	1
7956992	1
9088271	1
9088415	1
5311633	1
9115718	1
80803674	1
24151861	1
64328048	1
9088118	1
9087452	1
9038033	1
59372291	1
5959669	1
9088070	1
38047467	1
73679589	1
14711943	1
65605884	1
5310084	1
9087848	1
37561055	1
9088016	1
24176011	1
9115239	1
9087899	1
66026220	1
7784607	1
65996779	1
38046193	1
9036985	1
40482818	1
7957324	1
39555130	1
25277097	1
6647072	1
9114872	1
7972680	1
51005912	1
59394350	1
86696857	1
59354553	1
5311389	1
64331913	1
9087843	1
14702513	1
59669285	1
9037147	1
5309193	1
78096162	1
7397792	1
7957622	1
5310326	1
39522627	1
71154982	1
51009843	1
9037743	1
50992657	1
73660652	1
7972492	1
40474516	1
24209670	1
59422000	1
24184857	1
80814019	1
59697876	1
9115582	1
77053681	1
65593438	1
25250557	1
6648440	1
5310885	1
24200269	1
14727231	1
9087898	1
59723121	1
77077801	1
7957642	1
73637260	1
77063619	1
77056582	1
39578903	1
7814535	1
59356942	1
59680500	1
38026310	1
7972600	1
66844919	1
17240546	1
69862151	1
40523606	1
39573331	1
73640106	1
9115587	1
7972178	1
59712753	1
65990092	1
78072619	1
65588737	1
9088117	1
9037794	1
14701612	1
9087607	1
9037208	1
64316061	1
50966763	1
7972403	1
39525027	1
38002444	1
9088286	1
71137856	1
5312884	1
7972085	1
7395469	1
71175345	1
38000246	1
9051991	1
5661432	1
29963155	1
9143428	1
9039682	1
49258235	1
5105616	1
7379458	1
9072764	1
76947758	1
86881657	1
91628495	1
39330359	1
7383299	1
86900583	1
97647646	1
39351435	1
65453720	1
29931286	1
26927046	1
5648930	1
9073182	1
7383741	1
65012448	1
9143686	1
76936712	1
5662378	1
14307410	1
88888408	1
69297461	1
23154055	1
65456426	1
5648533	1
9009420	1
9143626	1
65035495	1
9073214	1
5245888	1
91646967	1
23192036	1
27466936	1
64963840	1
5663691	1
34306427	1
86909727	1
86871591	1
49289288	1
17002099	1
65029739	1
5553446	1
9056114	1
7384884	1
39920995	1
78236062	1
78287282	1
7379511	1
5554401	1
9008894	1
9040251	1
9072963	1
29010336	1
14281906	1
49311317	1
29956376	1
97600140	1
25350606	1
5661811	1
26923846	1
65027707	1
9144199	1
9144226	1
5245893	1
5554682	1
5553283	1
49264226	1
39340415	1
88882793	1
97608767	1
78291881	1
9056523	1
14258329	1
25340269	1
7385144	1
5650893	1
5662389	1
7381428	1
16978245	1
5246002	1
78258599	1
9009443	1
29935629	1
34335353	1
93906321	1
9073360	1
93906152	1
29919781	1
34310215	1
65444959	1
5245297	1
29915216	1
69314685	1
5662129	1
78275041	1
76946065	1
16976256	1
9056011	1
14248177	1
9072704	1
5105900	1
26962843	1
23157260	1
39312588	1
5650027	1
65465866	1
5649554	1
78269493	1
5109431	1
9008808	1
49263646	1
65459395	1
9072829	1
5555009	1
9009048	1
49305604	1
9052541	1
17035433	1
9072787	1
69305200	1
86868156	1
5648421	1
78250630	1
65471732	1
29025802	1
9072504	1
88480962	1
19897628	1
50039991	1
5864786	1
44443110	1
9246929	1
66096722	1
9315516	1
39668210	1
81277452	1
7227884	1
9246794	1
5864410	1
44455961	1
7910913	1
62477379	1
49997644	1
9097305	1
81255412	1
62525894	1
5324777	1
66115656	1
7912949	1
9314760	1
9098256	1
5862815	1
9315768	1
7911083	1
9077585	1
19921462	1
7913190	1
9246819	1
42104021	1
6676990	1
5865383	1
9247901	1
6678632	1
17705923	1
9246456	1
9097520	1
17713646	1
7913154	1
93489676	1
15792247	1
7225754	1
7913165	1
7228905	1
42167027	1
15777716	1
83372948	1
7912951	1
9247990	1
7913220	1
9315096	1
7228676	1
9098220	1
9098415	1
9097400	1
9315574	1
62475158	1
5324431	1
19892443	1
9247034	1
7913119	1
9098264	1
89420896	1
5866324	1
9246367	1
7913167	1
83315937	1
9247827	1
9246598	1
9247328	1
7913201	1
9097517	1
9247754	1
89361098	1
9316197	1
5865648	1
9097404	1
17714696	1
5322973	1
57230675	1
9044678	1
6631671	1
39675265	1
7912946	1
7913153	1
93526336	1
6631211	1
42136994	1
81226718	1
62501115	1
7971262	1
5274255	1
57177826	1
44465035	1
9246407	1
7971733	1
7913151	1
7913146	1
5324203	1
9044742	1
9077303	1
6630886	1
93482155	1
6631290	1
81250889	1
9077051	1
7910916	1
9247070	1
6631832	1
89289799	1
9247792	1
9301590	1
17716276	1
64944746	1
7971779	1
5931422	1
15762958	1
9315941	1
7912945	1
93536964	1
6631709	1
5863256	1
57208929	1
9098123	1
6346188	1
6348075	1
7225953	1
5932609	1
9247527	1
57223219	1
9247758	1
70886219	1
9247841	1
9247164	1
9044409	1
81236624	1
17707601	1
16539017	1
5322903	1
57234462	1
9302327	1
93537076	1
9315270	1
7625653	1
83347834	1
9315474	1
9315099	1
70911318	1
44413730	1
7913118	1
17717915	1
9247088	1
5321519	1
6633019	1
9097611	1
9043828	1
70932073	1
9076772	1
49990749	1
9247159	1
9246835	1
42106533	1
7912847	1
89330828	1
83314288	1
67495894	1
64912749	1
9044899	1
7624071	1
7912952	1
67493281	1
15729514	1
5863827	1
7971827	1
62615799	1
7968412	1
9284315	1
40233294	1
85802115	1
63482174	1
64148700	1
7435135	1
7960452	1
9284499	1
40607587	1
9311449	1
7959938	1
20862505	1
9041691	1
61440544	1
57864814	1
9283711	1
38400352	1
62642906	1
9016215	1
9284576	1
9284638	1
7260897	1
9283883	1
97954076	1
31373203	1
27349612	1
40556652	1
7276749	1
7262874	1
27337063	1
86245721	1
87052104	1
87060807	1
9284716	1
9042507	1
7730510	1
7262086	1
40560166	1
63486784	1
85844746	1
21014835	1
64123531	1
31427346	1
47149018	1
9312151	1
9312046	1
9311402	1
9283432	1
45797847	1
87009240	1
85723614	1
85816703	1
7262369	1
66312042	1
20875221	1
61461833	1
9283251	1
7968186	1
9283483	1
40544800	1
21036893	1
38389135	1
67629492	1
9311544	1
97962158	1
97908895	1
9017031	1
7435099	1
9284732	1
61448041	1
86299289	1
67679024	1
40239946	1
9016500	1
85720407	1
9284017	1
9283556	1
7436721	1
40209501	1
83047902	1
97936096	1
9312369	1
18730755	1
97947980	1
5765656	1
67683621	1
7959696	1
40587842	1
7731067	1
7968113	1
40550808	1
31435548	1
9312806	1
7259909	1
61502022	1
57883312	1
74888325	1
64111959	1
64101933	1
9283544	1
57865132	1
35023795	1
85761807	1
9283642	1
6985822	1
20875547	1
97928695	1
7729653	1
74920729	1
7263082	1
6987056	1
47188567	1
74939337	1
38385975	1
85920235	1
96835246	1
5484635	1
9262467	1
7012202	1
55649767	1
9262885	1
16605843	1
96890098	1
9333799	1
23947847	1
54772304	1
31677043	1
87996917	1
87986760	1
6077467	1
23936352	1
53669550	1
81058481	1
7878529	1
7251975	1
42744276	1
9079495	1
9337906	1
9336978	1
7967263	1
16585781	1
68458699	1
9336450	1
6975510	1
6466713	1
54825458	1
9334505	1
9079799	1
7998707	1
9261677	1
28823259	1
5481843	1
54833555	1
9334638	1
63108210	1
7998763	1
54802818	1
7879036	1
9261714	1
42447058	1
24002276	1
9336426	1
9337291	1
11937036	1
96859559	1
9333818	1
54833941	1
81046953	1
6170998	1
7253093	1
9262864	1
23952016	1
53651699	1
6433963	1
9336569	1
23989815	1
23934391	1
68445367	1
42438145	1
6431808	1
42439524	1
9261531	1
9078771	1
9078939	1
6465817	1
9261978	1
7998733	1
9000979	1
9334258	1
9334180	1
53665456	1
9337836	1
31708497	1
87970363	1
5480860	1
9001393	1
54805377	1
85884923	1
16609648	1
68494836	1
9333882	1
11926828	1
55627300	1
7967629	1
9262343	1
7882804	1
9336704	1
16594201	1
42717177	1
6433196	1
88002394	1
6975627	1
6432634	1
7879532	1
81056602	1
9001621	1
6431312	1
9261339	1
42766883	1
55621699	1
5482994	1
87989380	1
6078178	1
5481524	1
23957107	1
85910703	1
49437910	1
7250087	1
23952144	1
11944737	1
7880854	1
49454380	1
31673631	1
25187508	1
54774575	1
9079441	1
53648863	1
9261759	1
9333451	1
63079738	1
55597472	1
9333645	1
9333028	1
85856407	1
9262596	1
42755040	1
16586257	1
9337758	1
5951237	1
6433115	1
49402281	1
81039287	1
9261999	1
49457328	1
6169244	1
68500476	1
25172045	1
9261464	1
6980994	1
7967403	1
21133736	1
67103431	1
43922510	1
67953187	1
42499109	1
5812986	1
82012281	1
5705161	1
6123261	1
13484218	1
95130378	1
9142648	1
88686601	1
5812761	1
5813218	1
5705066	1
5705112	1
7759320	1
9231385	1
5705125	1
95111308	1
18853241	1
5813978	1
9146474	1
34229192	1
51365594	1
9206397	1
10336572	1
9317015	1
9230003	1
9206087	1
9206110	1
9142894	1
72619530	1
6747942	1
87429414	1
65076064	1
27086759	1
6121465	1
88693659	1
67918278	1
10828851	1
86565698	1
42906898	1
72670724	1
7820867	1
21337535	1
9146429	1
9230976	1
13502334	1
9146627	1
9206012	1
72712571	1
65068956	1
5814020	1
9230581	1
9206202	1
9230048	1
20167129	1
9231126	1
18835601	1
5705060	1
7757254	1
5705126	1
9047022	1
5705113	1
9146520	1
9230132	1
6742361	1
9229846	1
9316455	1
9230183	1
65086465	1
9145722	1
9142351	1
10834696	1
72609353	1
72685278	1
13531107	1
5813849	1
7759759	1
94634594	1
9142421	1
5917266	1
18848062	1
18836475	1
5813446	1
10354658	1
42545321	1
72676122	1
5814074	1
9317844	1
6123370	1
7759210	1
7759676	1
9230486	1
5705056	1
9146179	1
95129087	1
9206905	1
42493356	1
88649107	1
13487659	1
7820502	1
9146472	1
9231121	1
88651919	1
49928277	1
9316302	1
9317710	1
10316314	1
9142416	1
95154388	1
9230010	1
9230603	1
43897155	1
9047021	1
9317664	1
9316314	1
43940012	1
9230102	1
5704909	1
9046929	1
9145787	1
9230809	1
9207255	1
9231119	1
10324546	1
9207321	1
9146462	1
9205946	1
13477210	1
5705133	1
9142664	1
13524400	1
5813379	1
95144277	1
95178846	1
6122628	1
5705116	1
7820688	1
75381531	1
9146585	1
95120660	1
9207488	1
9143278	1
6120429	1
9231154	1
9316714	1
82029443	1
9206198	1
9145781	1
92327132	1
5705732	1
9317837	1
5705159	1
9142695	1
42493387	1
9230735	1
86571905	1
86599345	1
27082268	1
9230091	1
20167215	1
9206686	1
13519205	1
9231155	1
5816392	1
95125719	1
9047290	1
9206047	1
9206894	1
6744280	1
9145638	1
5816561	1
10842140	1
95137386	1
9206955	1
43944540	1
87387601	1
51378246	1
9206399	1
5705194	1
9317121	1
43912114	1
82039402	1
81996725	1
72713136	1
9146610	1
5892369	1
72882152	1
9271376	1
26762998	1
9209947	1
96005289	1
72824065	1
85188392	1
71432102	1
5898598	1
9039175	1
7955871	1
7999529	1
96070563	1
15695343	1
9210371	1
13561628	1
5236663	1
9196050	1
7975387	1
95555536	1
9270412	1
9210690	1
7801132	1
38174073	1
7999585	1
9271381	1
9270554	1
72814281	1
9196066	1
71444577	1
7999793	1
9210825	1
7801095	1
96049766	1
9211064	1
5892479	1
26809906	1
9209629	1
87543732	1
9045966	1
72870415	1
9038353	1
6220634	1
9270545	1
5232809	1
7975264	1
95512287	1
61617064	1
9271515	1
48172457	1
9209748	1
9270718	1
7934173	1
9210954	1
9038291	1
61823807	1
71406605	1
9270794	1
43597002	1
7933408	1
5728351	1
9270968	1
7999174	1
7975390	1
61641959	1
38182281	1
15688592	1
36889148	1
43659166	1
61840132	1
60866287	1
9270624	1
61800437	1
5728154	1
7955447	1
9270978	1
65887318	1
61616913	1
43633584	1
6224809	1
9039151	1
6182887	1
60895251	1
5236619	1
61584868	1
6829886	1
7933451	1
9210642	1
7999173	1
71420380	1
7955778	1
9038998	1
9210645	1
60869687	1
61638305	1
7975054	1
13555681	1
9209542	1
87558713	1
9039048	1
36882083	1
7999056	1
26764176	1
9270561	1
9210389	1
94372867	1
7955433	1
9211231	1
9271024	1
9270566	1
6222080	1
91686701	1
61611858	1
9271571	1
9209418	1
5236659	1
5900924	1
9046045	1
9211133	1
61806035	1
13595824	1
9272004	1
9210901	1
5728088	1
9270308	1
9211008	1
7998914	1
75917678	1
71667117	1
84155839	1
6667142	1
56727585	1
7679014	1
41022471	1
7680627	1
85678241	1
71646851	1
41378016	1
5279829	1
5219832	1
5654658	1
5225131	1
9049723	1
47642912	1
7751768	1
49143785	1
20267292	1
7982546	1
84151450	1
49109678	1
7982765	1
14391964	1
7703348	1
75967303	1
74760937	1
14429578	1
7752261	1
84131359	1
9024942	1
84170119	1
7983108	1
7194076	1
5657283	1
84166557	1
56761708	1
75926482	1
33708730	1
5845272	1
33751772	1
84154482	1
7700834	1
75652626	1
7702256	1
10404651	1
7704241	1
7701771	1
71648128	1
73244082	1
47664026	1
14444284	1
7699892	1
7194685	1
20557454	1
41061055	1
49113060	1
41401131	1
56710591	1
9025328	1
41031390	1
41351358	1
75944673	1
49168874	1
87892968	1
6717936	1
44286528	1
5225128	1
85667257	1
40086131	1
20587509	1
44292593	1
7724004	1
49105263	1
85690422	1
7701570	1
33744215	1
73225644	1
44289791	1
7750781	1
49106964	1
47707530	1
6166740	1
20586184	1
84160756	1
7751049	1
44296972	1
33753437	1
6719682	1
81740425	1
9025057	1
20257066	1
7680155	1
6164597	1
33732488	1
5656935	1
84203088	1
20561235	1
7750952	1
5844158	1
7190772	1
75947133	1
20566537	1
6714162	1
7750764	1
84191558	1
6666064	1
7680196	1
44308045	1
47643159	1
6668997	1
54427945	1
92685049	1
30134746	1
25856401	1
9090003	1
7695635	1
92711495	1
30172362	1
56569683	1
5831152	1
9089144	1
7861775	1
5836144	1
69809075	1
56605473	1
5938232	1
30135197	1
9089577	1
5936969	1
7858679	1
7695062	1
5956506	1
56586975	1
59504423	1
15073424	1
10977554	1
53470626	1
84306807	1
69777552	1
9318734	1
18493794	1
56622201	1
30195010	1
9089923	1
84309140	1
9089453	1
5185328	1
96190242	1
5954541	1
83811148	1
9319443	1
17313202	1
53472967	1
84284444	1
5830985	1
99556890	1
5941027	1
9089612	1
5545885	1
7908615	1
7858439	1
7861477	1
7861745	1
96163897	1
5548070	1
17314487	1
92645015	1
56595566	1
9089521	1
17327596	1
75273095	1
7694086	1
56626152	1
99540886	1
18475111	1
77360017	1
5185389	1
29396583	1
54414863	1
10997044	1
9089416	1
7908836	1
9089255	1
9318886	1
10972179	1
7859788	1
5952325	1
6571222	1
7860292	1
7695974	1
53492653	1
75296760	1
9318698	1
7908632	1
9318169	1
84331992	1
10115500	1
69799059	1
7861658	1
25856658	1
34021677	1
5546982	1
17276065	1
10967372	1
92704851	1
54453729	1
92687140	1
7642225	1
7860417	1
9089208	1
18520755	1
7695068	1
7908763	1
77395363	1
9089058	1
5956473	1
92673890	1
5548238	1
53475749	1
7695399	1
7860361	1
49365268	1
48670441	1
83789150	1
9089610	1
83816369	1
6370009	1
9089925	1
9089160	1
9089047	1
49394288	1
53413297	1
92712693	1
7860077	1
7695640	1
30157291	1
7908839	1
77335145	1
7908837	1
56565524	1
7860726	1
83776369	1
10946849	1
18515642	1
5836090	1
75273687	1
9089225	1
7642436	1
33981689	1
7978879	1
7876578	1
35444205	1
38480356	1
73420700	1
83392146	1
9228260	1
7876725	1
6047327	1
7979061	1
9229473	1
73790856	1
26490201	1
73465035	1
5213777	1
9314029	1
51602060	1
38428936	1
63214929	1
9228736	1
9229799	1
83454740	1
77952977	1
7875032	1
33105999	1
35447041	1
7978977	1
9081359	1
32156435	1
92448081	1
73484142	1
9081032	1
38474712	1
5213776	1
9229122	1
35432613	1
7119334	1
77989618	1
7876474	1
9081939	1
18418386	1
91437186	1
7878408	1
35439892	1
7875143	1
7979329	1
9313191	1
92488478	1
18403983	1
35492680	1
7876318	1
6046996	1
9228995	1
28895682	1
32150329	1
92474049	1
9313970	1
73455975	1
9229545	1
42580693	1
9081489	1
6046329	1
37824949	1
9228234	1
9229045	1
33092623	1
32161325	1
38446215	1
92461420	1
9229405	1
37837801	1
20843417	1
89898783	1
83438011	1
7978742	1
37815261	1
42584347	1
74634663	1
35474995	1
33105525	1
94821471	1
38431985	1
32177406	1
94830915	1
9313890	1
9313769	1
42611425	1
7942763	1
26507856	1
83410531	1
18406405	1
9228530	1
9081232	1
37788327	1
73849973	1
35480988	1
51536888	1
63252351	1
37776124	1
37845885	1
51535871	1
9081015	1
83404809	1
32148542	1
32177520	1
94843979	1
73450887	1
9314135	1
7979051	1
7118014	1
9228525	1
9229237	1
77673022	1
66562120	1
7366413	1
38491885	1
78319990	1
19659466	1
7979289	1
9227841	1
89933522	1
5212314	1
7874808	1
63244940	1
9228502	1
92488097	1
9313376	1
9229538	1
73788445	1
7364313	1
7365665	1
9314246	1
35457060	1
9229572	1
90747680	1
9227299	1
5790156	1
6873302	1
7507904	1
57645182	1
5965326	1
6873349	1
9226683	1
5962739	1
9146716	1
5790908	1
7672936	1
57632659	1
9117563	1
5792607	1
6366036	1
90743735	1
9227273	1
9226924	1
74387599	1
15543024	1
9151890	1
60425992	1
41067605	1
60421049	1
31303010	1
5966675	1
5790777	1
28049825	1
45244973	1
57636558	1
9118113	1
9227196	1
9226107	1
60440309	1
9227364	1
5790843	1
6873193	1
31321475	1
7508030	1
66237839	1
9226340	1
50749373	1
13207080	1
9209199	1
33841781	1
27652907	1
15509229	1
9151883	1
72564466	1
9209257	1
57655826	1
9118146	1
9117906	1
7671896	1
9227603	1
6362769	1
6940325	1
70266257	1
47366008	1
9151268	1
57677123	1
9227342	1
9207884	1
5790133	1
9208313	1
9226219	1
73774749	1
33852250	1
9227026	1
9117979	1
47410634	1
9226624	1
9227742	1
70218433	1
9207910	1
33864730	1
41097813	1
45256623	1
13191250	1
60416740	1
47358676	1
7671242	1
7707313	1
47370702	1
7672553	1
70250386	1
7674194	1
9151275	1
5790165	1
6874446	1
9226243	1
9226804	1
66243041	1
27653168	1
70237882	1
33834726	1
27617595	1
7673999	1
5773290	1
27666132	1
7511252	1
72564798	1
9147224	1
5792474	1
9117460	1
60410876	1
15538192	1
5825520	1
37144456	1
60462942	1
9151813	1
43761723	1
9120482	1
5791656	1
7705522	1
9117147	1
9207784	1
6763505	1
5792345	1
74393167	1
50759553	1
28089172	1
47396053	1
73722155	1
13248935	1
9120431	1
7506814	1
9117650	1
5826472	1
66242849	1
9227194	1
9226412	1
37132121	1
73739840	1
31300235	1
9147379	1
7671726	1
7683698	1
7613433	1
9288098	1
11297387	1
55422482	1
5703895	1
9120536	1
9244386	1
93689612	1
7611702	1
7965981	1
9244378	1
9243767	1
7016856	1
52317586	1
5702309	1
54080918	1
9243712	1
19509555	1
30378124	1
17400791	1
9244022	1
30392466	1
11345626	1
73954848	1
34480637	1
7018444	1
9243709	1
30409650	1
51302840	1
45704035	1
7611618	1
17420782	1
6417492	1
42927261	1
92111408	1
55413304	1
9128405	1
5316964	1
9128387	1
29156033	1
9244131	1
55416416	1
5701590	1
5317138	1
54080379	1
9242767	1
92087078	1
42936455	1
95818638	1
5701746	1
95810952	1
73113680	1
9286862	1
5360297	1
95186392	1
9243683	1
9127972	1
5360819	1
51252820	1
7684717	1
30388810	1
57515043	1
7613707	1
52321806	1
6890040	1
4100085	1
9120622	1
9244321	1
9244417	1
7317262	1
9121227	1
30399086	1
54058149	1
32850890	1
54059028	1
95214067	1
42948664	1
95190694	1
7685611	1
54041762	1
9242941	1
57529399	1
5358328	1
51302057	1
34542333	1
19507136	1
9243776	1
9242932	1
9244329	1
5701409	1
6417313	1
34760020	1
7017600	1
5703265	1
55391959	1
93650678	1
9121412	1
73965803	1
5315195	1
9287296	1
73965626	1
9243094	1
9242986	1
34534421	1
9120900	1
9121407	1
52317279	1
34499294	1
5359045	1
9243488	1
29160381	1
5703410	1
7683608	1
45712636	1
7686068	1
34522446	1
92125917	1
9244281	1
45661285	1
9243913	1
73124156	1
9243386	1
59651723	1
42952870	1
9287989	1
51297541	1
59627180	1
27998345	1
9293702	1
97029397	1
77149885	1
31896607	1
9236082	1
5796685	1
6795921	1
90262978	1
9091405	1
64883194	1
28777250	1
7656899	1
9235465	1
79624454	1
7955343	1
9090461	1
9090749	1
5560714	1
9236735	1
9212003	1
9212106	1
9213094	1
9212609	1
9211833	1
9292969	1
23488172	1
9293484	1
9236093	1
9212045	1
79624052	1
33514868	1
57003917	1
9237186	1
9148882	1
24079328	1
44389562	1
44330896	1
9091105	1
6899336	1
9293161	1
9211393	1
9212143	1
53031890	1
9212145	1
64855168	1
9236358	1
9090859	1
5848587	1
14572730	1
53072251	1
9212565	1
99708123	1
86023513	1
86038800	1
24022939	1
77154664	1
64836949	1
48770145	1
13175535	1
28768098	1
99731069	1
9235544	1
9235556	1
24044233	1
9090843	1
13121339	1
5794558	1
77149429	1
9212199	1
5848009	1
7656237	1
9235490	1
9091118	1
9149392	1
35262369	1
9090163	1
14554449	1
86017173	1
9237276	1
9090438	1
9212391	1
77129477	1
9211475	1
9090255	1
28804190	1
33510711	1
47837864	1
44355414	1
9237256	1
9236403	1
7734824	1
28764077	1
9294517	1
7955357	1
47877287	1
77117301	1
77128220	1
77172362	1
9191434	1
77111305	1
9294225	1
9211540	1
9090793	1
24057338	1
9211493	1
7907458	1
9211645	1
79638326	1
64857309	1
48790758	1
9212098	1
9212794	1
9294387	1
9149037	1
28772815	1
47836039	1
68608452	1
53025105	1
9235527	1
68564283	1
9090483	1
24045371	1
9236357	1
77119314	1
13139438	1
47807601	1
79602775	1
53046943	1
5848621	1
56956170	1
6795223	1
90305707	1
86046509	1
9237042	1
79622958	1
13176649	1
5850394	1
77169479	1
7732684	1
9294130	1
5793172	1
9293919	1
5561980	1
90300133	1
9236658	1
96993408	1
6355269	1
86033185	1
54882994	1
7733340	1
9090743	1
7731992	1
68600895	1
48743838	1
79633638	1
6357210	1
48758494	1
5560023	1
9235806	1
9212046	1
9212966	1
31898506	1
44333954	1
9212223	1
9236590	1
7734298	1
97020238	1
9090474	1
9240268	1
9304580	1
6399567	1
9275605	1
6626916	1
94716857	1
6990916	1
66733174	1
6627098	1
30251762	1
6629933	1
6241321	1
28418156	1
92273770	1
9274365	1
70090786	1
78570710	1
28402411	1
9275249	1
91561732	1
66773583	1
9275053	1
30230206	1
9274171	1
75141362	1
9036513	1
30257759	1
6629344	1
30223573	1
9274216	1
13433470	1
6994869	1
43100786	1
79346791	1
6399377	1
9303448	1
92251846	1
9239801	1
92238312	1
61883596	1
6246049	1
67239925	1
6240998	1
91557964	1
9080191	1
43119509	1
43111327	1
9079984	1
94720466	1
9275235	1
91576220	1
6241294	1
6621303	1
9274371	1
54974765	1
7975706	1
76098846	1
9240545	1
6628371	1
6994197	1
13611427	1
9032110	1
75176919	1
7246571	1
7936392	1
5749161	1
9275267	1
66758394	1
91596245	1
92224014	1
13436506	1
61929591	1
43127582	1
6241095	1
6995797	1
6990743	1
78567194	1
9303914	1
7975910	1
13410129	1
9239890	1
56255078	1
6622114	1
7936813	1
13410875	1
67265797	1
78065261	1
9275168	1
9273865	1
9079824	1
30202119	1
9304435	1
6626788	1
9239533	1
68763967	1
9274683	1
9303836	1
9274093	1
6629071	1
13632110	1
6627279	1
6244182	1
9240107	1
7937142	1
54949777	1
6623100	1
13663545	1
9274314	1
6993528	1
75163170	1
78067716	1
77992079	1
9080004	1
9239113	1
9240097	1
49814126	1
9273946	1
7976102	1
49766208	1
78575150	1
78003180	1
70106377	1
75141268	1
65397850	1
9240685	1
49837725	1
9240346	1
67275917	1
67255145	1
9274968	1
7246704	1
9240593	1
75103197	1
9239264	1
9240135	1
13635320	1
9080683	1
79310490	1
28392167	1
6620657	1
7246448	1
9239486	1
9304352	1
9304575	1
9275722	1
78565471	1
76118009	1
9080560	1
66789045	1
92259074	1
28403886	1
91547055	1
9303529	1
6620115	1
76101860	1
43119620	1
12722148	1
7948620	1
91113361	1
7949095	1
9138699	1
9138762	1
6066493	1
26084620	1
69062367	1
9344573	1
9138874	1
6866010	1
14786691	1
89825518	1
9266648	1
70826744	1
43566182	1
9343363	1
89842245	1
28105004	1
26058398	1
28525817	1
9267185	1
68021753	1
56188518	1
57104285	1
43589864	1
99901985	1
7948926	1
55727726	1
9343709	1
67987085	1
7947999	1
7948789	1
9138740	1
55230578	1
9266892	1
7948914	1
26081061	1
49621204	1
13830777	1
9138368	1
9138608	1
87582666	1
87603453	1
9138471	1
7831410	1
99991698	1
7948048	1
13823991	1
13850522	1
9266888	1
7647096	1
9344560	1
9267772	1
55264705	1
87641503	1
68028227	1
19833823	1
49655687	1
9344587	1
9267959	1
69057061	1
7948157	1
7196415	1
7830621	1
5740098	1
9344069	1
7198031	1
38291888	1
70864657	1
9343374	1
43038602	1
37341908	1
28130473	1
28110996	1
43543615	1
26088979	1
19822722	1
38334164	1
19830363	1
7196027	1
9267890	1
56147662	1
28582275	1
68009144	1
43180397	1
55735031	1
28550731	1
7183250	1
9267785	1
38347791	1
89853877	1
28117693	1
9138477	1
26653521	1
28156495	1
99895495	1
7948097	1
55263142	1
7948552	1
26079838	1
9267332	1
9138603	1
91144249	1
7646971	1
87654721	1
9266968	1
9267333	1
9267784	1
15358735	1
7646866	1
9343986	1
87658948	1
28525501	1
9138877	1
43571760	1
9138790	1
87634165	1
43588908	1
38323223	1
91119468	1
43056929	1
55732162	1
7199810	1
19835912	1
37345168	1
14762164	1
56129090	1
91087536	1
70810535	1
9343312	1
9343931	1
34620078	1
7240512	1
9192907	1
9156829	1
12590702	1
86182255	1
31147799	1
9157009	1
9156585	1
37711458	1
9156927	1
9050938	1
9155190	1
40987249	1
9093804	1
32590376	1
9155366	1
34673864	1
5524059	1
16864294	1
9155937	1
84605349	1
17906033	1
5523945	1
9156486	1
7985104	1
9192900	1
7311852	1
7314613	1
9192367	1
7004823	1
9192906	1
9192887	1
36926263	1
9156847	1
9192883	1
86166026	1
7984316	1
7009650	1
9192403	1
7005632	1
9156331	1
9156411	1
7306902	1
37741396	1
9094078	1
9192356	1
6115544	1
34662508	1
9192357	1
19378810	1
9157192	1
40965532	1
9192898	1
37736195	1
9093344	1
9005637	1
32545005	1
37750580	1
9093474	1
9157086	1
9155272	1
34652603	1
9093511	1
31161149	1
28494930	1
7984600	1
7007874	1
54719728	1
74060801	1
17899104	1
9050767	1
9093293	1
32591676	1
9157010	1
9192399	1
9155761	1
6871498	1
28489582	1
7006799	1
7008258	1
16839399	1
9005512	1
9004974	1
23233655	1
86170542	1
6872460	1
7109536	1
28466753	1
15503240	1
74073275	1
19351858	1
25070329	1
9155575	1
85311634	1
12581961	1
9093002	1
9192899	1
85270030	1
7094181	1
23714817	1
31976488	1
86199793	1
9050715	1
9192355	1
9156704	1
17951688	1
7315128	1
6117363	1
37710222	1
12570076	1
37704455	1
9092910	1
9192350	1
23236136	1
9093757	1
31956516	1
5523950	1
23238006	1
9005486	1
17921850	1
12577713	1
7311156	1
16846471	1
19342994	1
6118258	1
9093821	1
9005660	1
36919680	1
25069738	1
7314490	1
86184033	1
9093453	1
9192904	1
37742789	1
7008283	1
54751389	1
9192903	1
41539223	1
46440913	1
91003204	1
78414924	1
91064882	1
78384663	1
41539341	1
89248815	1
52411497	1
6877631	1
92509150	1
6518191	1
52368084	1
9272545	1
41511938	1
9158352	1
39040126	1
6877380	1
7985530	1
9273625	1
79266680	1
74853135	1
23072247	1
74860872	1
98815550	1
7845064	1
9074433	1
9073767	1
9272993	1
89214207	1
7985515	1
7986114	1
7845061	1
7845114	1
6638835	1
5676458	1
61339215	1
6111816	1
79222660	1
5676641	1
28739673	1
40326435	1
79235449	1
82345553	1
74815812	1
79226089	1
34908552	1
35374359	1
6877837	1
98848968	1
11722790	1
18346915	1
6114615	1
74851272	1
91063854	1
7986026	1
40332102	1
9048644	1
89215414	1
71926542	1
7844110	1
52349898	1
55164396	1
9273649	1
7844394	1
9272140	1
35373822	1
41551412	1
18340679	1
61333784	1
41506519	1
9272839	1
55192361	1
9273839	1
9273484	1
46457733	1
82401389	1
9272429	1
9074105	1
7844126	1
6877671	1
7985571	1
26451754	1
9048491	1
9273163	1
45133783	1
5228167	1
52363322	1
98816240	1
68195976	1
9272704	1
18355790	1
9073524	1
91056619	1
61316766	1
46437707	1
46424684	1
61290097	1
78369724	1
6876800	1
5231580	1
41536272	1
9073851	1
26465546	1
61338581	1
9272358	1
9272833	1
9073718	1
91038897	1
23075706	1
71920800	1
41515316	1
18345767	1
78418213	1
40361973	1
6112837	1
39012044	1
71923578	1
11748522	1
9047916	1
68152310	1
67050540	1
52383239	1
9272388	1
41512866	1
41565964	1
89223733	1
9029156	1
24646662	1
91531553	1
6125531	1
7872596	1
95857156	1
66671064	1
48528189	1
84990351	1
84976713	1
97880570	1
9327694	1
66666565	1
9028992	1
31733471	1
60316500	1
9327537	1
7964040	1
9140462	1
9140799	1
98453138	1
9141035	1
35304752	1
7453070	1
95898393	1
48572190	1
7964277	1
6565604	1
66655948	1
9141147	1
97827759	1
7667450	1
86665553	1
6569049	1
47561204	1
91496230	1
6569660	1
6128075	1
38225438	1
66653055	1
38261580	1
68136404	1
6130045	1
7871022	1
24645832	1
7870922	1
24603250	1
7964251	1
95881992	1
70693920	1
97873458	1
95874109	1
7874172	1
95909865	1
46673175	1
60258972	1
9141110	1
9141213	1
46611944	1
62725488	1
9327009	1
48550020	1
7872819	1
7870843	1
17061514	1
9140834	1
85014207	1
7871554	1
48509525	1
6130121	1
68069905	1
97835879	1
31759303	1
31789206	1
7964480	1
9141021	1
98444484	1
24584967	1
44629364	1
97820467	1
44624656	1
9327402	1
24622710	1
47534887	1
9141044	1
9326851	1
7668124	1
35280271	1
68133430	1
97884840	1
81366849	1
24630752	1
59993005	1
97857211	1
38251748	1
37049602	1
37041256	1
9217835	1
25401288	1
9218383	1
7944157	1
5135037	1
93324454	1
9218342	1
6691605	1
69710720	1
9218457	1
31250514	1
63784593	1
35088857	1
5102323	1
7755442	1
6050513	1
5102086	1
7944315	1
20065430	1
5102371	1
17821035	1
6789327	1
9116008	1
59773827	1
6550468	1
7944349	1
7756218	1
9218386	1
9218490	1
17817197	1
82735117	1
9145059	1
7944380	1
9218302	1
82757326	1
9116258	1
7754518	1
7753708	1
35085836	1
7530664	1
20058989	1
76325772	1
76302471	1
31257553	1
7753890	1
6053042	1
5102087	1
9218094	1
9217720	1
11390180	1
20088716	1
35061195	1
7943997	1
7978072	1
5102081	1
9154698	1
57824481	1
93388947	1
5302481	1
57804917	1
31275763	1
35131655	1
59780329	1
5304088	1
69694595	1
11370476	1
9116166	1
9217392	1
11238091	1
9217658	1
6786536	1
7935695	1
25417476	1
57816575	1
5301748	1
83528199	1
9217320	1
69747650	1
5303602	1
9154145	1
9116520	1
9217752	1
9217287	1
76314151	1
93588039	1
5102872	1
6051011	1
25395395	1
69449544	1
88373652	1
6693844	1
5975798	1
7943754	1
82732518	1
7754033	1
7977868	1
17803920	1
9216939	1
65704828	1
76328356	1
88398948	1
65751598	1
9145532	1
5303268	1
11370693	1
5286198	1
6548346	1
7943484	1
69750013	1
9218196	1
5303616	1
65750404	1
7756403	1
5103313	1
9218209	1
11220718	1
7834759	1
9144941	1
7756350	1
69724013	1
5301209	1
17794469	1
9116646	1
7837142	1
5137787	1
9218007	1
7943634	1
7978090	1
93380814	1
93392016	1
37065538	1
93614917	1
20067825	1
25386865	1
6053728	1
7533146	1
7755421	1
9280916	1
9085971	1
5306443	1
9280279	1
5724868	1
9086873	1
9280086	1
55536745	1
39706968	1
9279425	1
40891596	1
43844126	1
63606447	1
36755645	1
9280231	1
76498797	1
63630838	1
7977529	1
5652132	1
39711538	1
9335154	1
70344801	1
5307554	1
87300748	1
9086543	1
9237512	1
50844832	1
75077677	1
5304116	1
5533645	1
9086851	1
9279630	1
9279786	1
40882013	1
54531195	1
9086379	1
63619526	1
7745050	1
55575427	1
9086726	1
95459248	1
9280789	1
7451741	1
9279576	1
9280574	1
5305691	1
63605806	1
9280025	1
32453541	1
79469318	1
9280244	1
9021663	1
5305725	1
63602031	1
9086381	1
6455992	1
5531948	1
9335189	1
9335218	1
14649243	1
54484694	1
74317118	1
7976733	1
9335172	1
36791114	1
5533476	1
5726670	1
9086670	1
55568713	1
9279740	1
9336052	1
7721304	1
55554785	1
74318850	1
9280722	1
9086505	1
9237521	1
5653752	1
9086997	1
9087157	1
43852628	1
9086394	1
36759813	1
40906070	1
5532691	1
76771265	1
7745015	1
9087201	1
36806263	1
9086384	1
9280447	1
39716641	1
9281158	1
7976932	1
9280807	1
76505915	1
5653847	1
43872628	1
32411130	1
94344354	1
50839642	1
79481944	1
39730934	1
5532325	1
5378580	1
43859755	1
24362051	1
95421846	1
5722009	1
5467423	1
5466930	1
5653617	1
9237462	1
9336213	1
9022652	1
50830948	1
9280102	1
43842560	1
9335598	1
79443432	1
9335012	1
5530941	1
5306504	1
14609780	1
76787877	1
7745903	1
5652219	1
55526657	1
9087002	1
9087192	1
7976751	1
70358705	1
9237349	1
75032444	1
95423596	1
9086114	1
55583890	1
75044346	1
88077431	1
62968105	1
15245891	1
5679369	1
59307550	1
62970879	1
94570610	1
7143058	1
7966740	1
7792610	1
63558898	1
5695494	1
90916187	1
7737907	1
44569410	1
63548770	1
7428197	1
60961162	1
14807510	1
94517168	1
63907737	1
7148745	1
59313751	1
9148639	1
87499527	1
5680429	1
94523536	1
5694547	1
5683524	1
5682534	1
94570746	1
5694085	1
5647914	1
9147990	1
44588740	1
82333945	1
9152571	1
7494572	1
5928353	1
94563260	1
63932189	1
5695044	1
24534024	1
65988458	1
88078981	1
7425282	1
5684098	1
9152913	1
6847608	1
5918761	1
5683575	1
7994078	1
60945440	1
5683633	1
63875344	1
94552860	1
9152316	1
78948113	1
5927698	1
7737554	1
5682258	1
78953179	1
44578914	1
7498868	1
90902782	1
7794270	1
62967255	1
60957833	1
5681217	1
5682183	1
15274624	1
9152795	1
71791968	1
5683970	1
9152097	1
7994902	1
5920471	1
87453324	1
15236371	1
5925778	1
5695514	1
62981968	1
9147930	1
5682172	1
60777214	1
5697099	1
5694470	1
63907137	1
59298993	1
5678865	1
15245088	1
7994233	1
7737639	1
7497612	1
60949312	1
6845222	1
63915712	1
7143298	1
87459235	1
62932570	1
5683325	1
88046299	1
81588245	1
39393959	1
59288595	1
60962116	1
9152525	1
81551433	1
62929649	1
9148235	1
6152971	1
14811347	1
39410337	1
81565837	1
94532557	1
9147953	1
7144364	1
9148168	1
5682520	1
63550077	1
7497887	1
5928280	1
5927953	1
63510735	1
9148402	1
87488558	1
9148138	1
9260400	1
5116895	1
9263040	1
21792683	1
9264535	1
9261093	1
7926941	1
80220776	1
82602173	1
59813059	1
32460933	1
6910415	1
75449358	1
9260231	1
27194988	1
80210769	1
61969268	1
21805854	1
42663546	1
59848792	1
42644948	1
9295215	1
9233368	1
27251340	1
7926663	1
59814468	1
61965952	1
9215716	1
34950123	1
7796317	1
6780657	1
38657327	1
9233138	1
79706662	1
9263955	1
9215979	1
5119796	1
9260476	1
7981532	1
82586168	1
6782024	1
27202949	1
9105901	1
9259512	1
38647226	1
9215452	1
79712859	1
9216799	1
9263262	1
27190791	1
9294941	1
71574797	1
38692463	1
9232432	1
41931568	1
27209008	1
84231432	1
9260854	1
6944482	1
9260480	1
7982226	1
32497364	1
66886096	1
38702156	1
27198376	1
79731521	1
9231970	1
9232603	1
84248235	1
75466066	1
7787771	1
9296204	1
9231952	1
80245159	1
9295356	1
9215902	1
9260804	1
9233198	1
7788193	1
9260145	1
5117009	1
9233329	1
82597256	1
9260792	1
9294973	1
9259676	1
7982238	1
41907766	1
41892641	1
9233446	1
9263053	1
9264345	1
6944822	1
9263763	1
9215403	1
6655273	1
6655226	1
9261070	1
7605716	1
9215634	1
9264516	1
9233063	1
9260951	1
82619370	1
75437264	1
7981740	1
9264220	1
61964910	1
9259610	1
34958180	1
34957307	1
6945584	1
27252593	1
9215633	1
82603441	1
38671892	1
32465404	1
7982145	1
71550538	1
5117541	1
9259563	1
9259402	1
9231907	1
84262106	1
7927243	1
9216390	1
79695175	1
7982069	1
6944561	1
71598900	1
62392577	1
35846186	1
27201263	1
6197568	1
7926808	1
6945136	1
34920649	1
6944624	1
6944700	1
61981710	1
71542502	1
9263380	1
9295283	1
6779935	1
75430354	1
9264728	1
9232239	1
9261148	1
62008583	1
59850924	1
9259629	1
42629878	1
9294843	1
9259935	1
9232735	1
9264067	1
9296091	1
9216312	1
9260395	1
6945988	1
9231962	1
6198184	1
35842582	1
50896351	1
9233019	1
6945099	1
42691226	1
27187219	1
9279339	1
9085840	1
80664331	1
38724303	1
7663742	1
9084977	1
68306317	1
7856219	1
68348888	1
6943435	1
7856948	1
9278921	1
27599257	1
59243121	1
7663820	1
7290504	1
48500436	1
78669665	1
6943861	1
7856323	1
80886373	1
59246790	1
27559544	1
9053893	1
7665128	1
7291504	1
5608592	1
7666359	1
9278816	1
68347932	1
70531580	1
5784585	1
9085829	1
80902021	1
78600664	1
93697400	1
9054431	1
32337802	1
6068897	1
9049961	1
9278594	1
47233844	1
7664059	1
95589126	1
38756644	1
9278826	1
9278458	1
82710307	1
9278743	1
68343911	1
9085139	1
7857771	1
7856706	1
9278774	1
9278548	1
9278632	1
52008881	1
9279322	1
7666167	1
85081224	1
23872760	1
7992244	1
9277743	1
70554046	1
7665588	1
7991956	1
9278679	1
44104480	1
70528550	1
44124113	1
23933039	1
29881683	1
85054612	1
38745227	1
16077490	1
47273160	1
81807235	1
7857436	1
9279185	1
70541027	1
9054374	1
9278598	1
9085076	1
27583568	1
27600116	1
52042712	1
78629603	1
51998283	1
51853498	1
5606348	1
9085261	1
98404934	1
9278853	1
9054051	1
6942924	1
81775451	1
7973116	1
7293383	1
52046656	1
9277601	1
9085596	1
85103536	1
68360072	1
29861503	1
95601782	1
93734263	1
7663324	1
29905122	1
7856556	1
98391367	1
7338314	1
9278881	1
95571229	1
82655875	1
98411889	1
7342673	1
27579659	1
9279351	1
9053658	1
9279260	1
9085509	1
6944281	1
6942805	1
7663638	1
80647991	1
80874922	1
7973354	1
6071200	1
9085118	1
81120897	1
9277638	1
5521479	1
95575506	1
23931514	1
9054380	1
81816326	1
7856404	1
16135235	1
5510043	1
9085695	1
7665245	1
16106751	1
81754884	1
7973507	1
29861988	1
70582125	1
85099968	1
44136278	1
70580423	1
9085133	1
95596582	1
81754332	1
7663488	1
9278754	1
6942842	1
98392044	1
30414017	1
6130753	1
9123366	1
46593093	1
9245763	1
6131295	1
52861605	1
9245340	1
9238182	1
20329261	1
58959132	1
9266571	1
9266002	1
5151224	1
9246148	1
7935351	1
66597040	1
17639714	1
38847603	1
80730683	1
51426828	1
9282818	1
9133009	1
51450805	1
9265297	1
30457674	1
9282747	1
9264909	1
68866889	1
9125183	1
9132928	1
53577185	1
46586801	1
51401431	1
53544175	1
5150529	1
68887671	1
30475431	1
23628538	1
9238144	1
9238361	1
7993039	1
9283076	1
68935531	1
55342295	1
9265706	1
7768626	1
9265601	1
9238154	1
20314537	1
9265647	1
9283057	1
9035456	1
9238378	1
9244897	1
9245860	1
9282057	1
7993500	1
36514005	1
9238087	1
9245008	1
9281699	1
9245784	1
36475677	1
58945813	1
17622097	1
9282197	1
9238554	1
9034737	1
9244803	1
9282309	1
58959330	1
6583645	1
9057130	1
68918166	1
5325426	1
77593246	1
9281491	1
36446737	1
53583781	1
9264804	1
53541622	1
9132911	1
9126048	1
53541942	1
9281586	1
9265468	1
9265796	1
9237868	1
9238341	1
30859534	1
9282863	1
9282759	1
9237792	1
80725930	1
7767211	1
23576068	1
38841002	1
30884960	1
5325933	1
20375876	1
68827285	1
68915218	1
38849380	1
9133771	1
9034869	1
17647019	1
52873756	1
53568432	1
85539480	1
9281440	1
9122896	1
9245210	1
9238092	1
9281996	1
77551673	1
55343660	1
5325420	1
66633624	1
68940185	1
9264858	1
46539838	1
7993533	1
9035740	1
7993122	1
9244743	1
46549041	1
9282877	1
53524579	1
9238297	1
9244729	1
9265740	1
46572419	1
9238222	1
9265394	1
9238455	1
9266317	1
68896467	1
9246088	1
7765754	1
9265475	1
9238737	1
52913592	1
9266401	1
9125961	1
53980530	1
9237978	1
80752416	1
9266388	1
7934356	1
46537677	1
9265555	1
9125315	1
9035188	1
9125211	1
53571107	1
68849051	1
36482292	1
66600663	1
17634581	1
57539313	1
76868463	1
7658455	1
45057147	1
6958509	1
7987385	1
6686835	1
9004748	1
96930260	1
9150790	1
37314230	1
6176992	1
61125841	1
45005989	1
89039082	1
5256675	1
15135227	1
75776907	1
83018275	1
9004397	1
61100184	1
6015090	1
7212365	1
75819074	1
94492413	1
7988137	1
98001020	1
75761060	1
7658142	1
5169130	1
15125075	1
97985865	1
7987325	1
9300185	1
7372553	1
9072317	1
9150224	1
96944300	1
7987320	1
15104987	1
9004562	1
7659597	1
29803210	1
5175175	1
7373581	1
82955523	1
9072275	1
57598830	1
29827830	1
5256674	1
6174465	1
7710922	1
7987611	1
7854567	1
9301068	1
7852212	1
6690132	1
71247745	1
9150561	1
82994608	1
71222535	1
5934552	1
9150176	1
9299619	1
75803383	1
82947821	1
9149962	1
61068089	1
5169134	1
7659766	1
5169033	1
7659946	1
7643439	1
45010053	1
15150440	1
29836980	1
45055977	1
6957521	1
96976997	1
6529037	1
6954940	1
5935313	1
9004000	1
98032161	1
9072287	1
9003938	1
9070291	1
52856789	1
6957649	1
89033793	1
6022131	1
75760087	1
7373795	1
61271507	1
6955640	1
15127775	1
71398180	1
42247339	1
57541841	1
9004287	1
5162526	1
96951495	1
9150857	1
9150395	1
6016806	1
96942541	1
29771212	1
52838775	1
7854011	1
7659626	1
9300098	1
6956224	1
7376081	1
52797472	1
76868712	1
76817318	1
89024066	1
44985001	1
75818508	1
97988229	1
9150112	1
7714401	1
5935672	1
9004656	1
9300307	1
45012498	1
15091574	1
97988279	1
45057012	1
9300630	1
9300993	1
94455315	1
82974283	1
71217368	1
9004564	1
16197463	1
96517749	1
89766136	1
27302937	1
28237727	1
98742946	1
6275903	1
6275249	1
7951823	1
6624063	1
99366055	1
9308088	1
55472060	1
77485160	1
9255743	1
9308433	1
16202680	1
9254441	1
9005916	1
9254834	1
18644681	1
7954778	1
69336538	1
18608393	1
42076571	1
7911928	1
89734670	1
72228663	1
7911927	1
9322659	1
98582033	1
9308722	1
9254277	1
99374179	1
77488215	1
9322030	1
99374206	1
9308142	1
96509303	1
42092998	1
69386326	1
9309568	1
24096120	1
9307961	1
9321694	1
72246046	1
9006372	1
27275820	1
6623908	1
7917821	1
77488701	1
9255730	1
64755166	1
7911931	1
7911930	1
48381845	1
69383800	1
9005869	1
24089450	1
6040674	1
7954835	1
7255185	1
66973959	1
48416821	1
7954419	1
9255466	1
98726261	1
7911929	1
28196557	1
7974235	1
5347020	1
16191295	1
27271538	1
5674438	1
9254548	1
55463111	1
6624581	1
9006771	1
7951404	1
27260104	1
7254310	1
9254074	1
86473013	1
9321561	1
9308086	1
64783400	1
9321592	1
7917471	1
6608004	1
24084793	1
9254034	1
7973949	1
9255309	1
6275662	1
7917512	1
9308570	1
24148600	1
5674280	1
67008304	1
89752812	1
86515522	1
6884547	1
9255697	1
7254305	1
55467425	1
7256969	1
64218754	1
9309186	1
9006491	1
7256143	1
27316671	1
7912108	1
86536324	1
55476679	1
9254094	1
27316948	1
77545788	1
16147218	1
69337431	1
7974423	1
72208519	1
9254966	1
6626786	1
67018576	1
9005974	1
9255126	1
72213615	1
66947811	1
9255695	1
9254681	1
9254251	1
84795626	1
96523664	1
64202855	1
64179388	1
67002919	1
9322839	1
6041104	1
6626421	1
24138302	1
69391658	1
77524433	1
24115949	1
7911899	1
7951626	1
84796640	1
6273152	1
27305105	1
9008160	1
99359103	1
64762693	1
6275904	1
96522096	1
9253956	1
9254045	1
9254905	1
