15062743	[1, [0.03338872073616028, 0.9666112792638397]]
7905632	[1, [0.037105536456269905, 0.9628944635437301]]
5611138	[1, [0.04172224195099827, 0.9582777580490017]]
88187920	[1, [0.041626219140697196, 0.9583737808593028]]
9130342	[1, [0.005071918686184729, 0.9949280813138153]]
7001080	[1, [0.018420986287054242, 0.9815790137129458]]
9153162	[1, [0.005500708532678256, 0.9944992914673217]]
9129907	[1, [0.0009721765990040598, 0.9990278234009959]]
9142262	[1, [0.01235777963962359, 0.9876422203603764]]
11549309	[1, [0.02083670090654388, 0.9791632990934561]]
7118625	[1, [0.04484864069735184, 0.9551513593026482]]
7251154	[1, [0.00956831979390893, 0.9904316802060911]]
7786911	[1, [0.016480669703362594, 0.9835193302966374]]
7829880	[1, [0.0433933075188111, 0.9566066924811889]]
7958205	[1, [0.028707005233063798, 0.9712929947669362]]
7885964	[1, [0.03688696196443386, 0.9631130380355661]]
5491950	[1, [0.017643199006397214, 0.9823568009936028]]
7673754	[1, [0.04708510624950213, 0.9529148937504979]]
9150995	[1, [0.020231799050093202, 0.9797682009499068]]
95844985	[1, [0.03588084108364753, 0.9641191589163525]]
6892126	[1, [0.035326069433828655, 0.9646739305661713]]
6890894	[1, [0.02374651786145565, 0.9762534821385443]]
5875806	[1, [0.008494329657508626, 0.9915056703424914]]
7921013	[1, [0.002002729567252004, 0.997997270432748]]
9136794	[1, [0.007111607329561953, 0.992888392670438]]
7956210	[1, [0.030931960196692865, 0.9690680398033071]]
5539606	[1, [0.003560950933609197, 0.9964390490663908]]
5525481	[1, [0.001508522850199867, 0.9984914771498001]]
9149594	[1, [0.014212964851932464, 0.9857870351480675]]
68619116	[1, [0.03296610136586198, 0.967033898634138]]
9149290	[1, [0.032970344192458034, 0.967029655807542]]
9149699	[1, [0.0030279672089209564, 0.996972032791079]]
5279123	[1, [0.023986459727603937, 0.9760135402723961]]
6401418	[1, [0.03818049995629835, 0.9618195000437016]]
6240988	[1, [0.049942880140830814, 0.9500571198591692]]
7838877	[1, [0.0011933131194606927, 0.9988066868805393]]
6475480	[1, [0.0014988550478021168, 0.9985011449521979]]
7816033	[1, [0.037769550692585696, 0.9622304493074143]]
7839307	[1, [0.024059991392188618, 0.9759400086078114]]
7839692	[1, [0.04057257471572828, 0.9594274252842717]]
7814964	[1, [0.02152172340286629, 0.9784782765971337]]
7783646	[1, [0.00037752084789566265, 0.9996224791521043]]
7784196	[1, [0.03990392418512001, 0.96009607581488]]
7813945	[1, [0.0009392781512711501, 0.9990607218487288]]
7783979	[1, [0.021185105971646356, 0.9788148940283536]]
7840634	[1, [0.003990606658320295, 0.9960093933416797]]
7990513	[1, [0.010573153516402978, 0.989426846483597]]
9198614	[1, [0.031345874074592106, 0.9686541259254079]]
5705543	[1, [0.016844922154715336, 0.9831550778452847]]
7821436	[1, [0.02141282173470116, 0.9785871782652988]]
7729792	[1, [0.04149165585242642, 0.9585083441475736]]
7844301	[1, [0.002677143562448414, 0.9973228564375516]]
7985657	[1, [0.015865814237573828, 0.9841341857624262]]
27183019	[1, [0.038244013991857506, 0.9617559860081425]]
7357919	[1, [0.026213029348479355, 0.9737869706515206]]
7742383	[1, [0.02098914993480705, 0.979010850065193]]
7963735	[1, [0.011680552656881615, 0.9883194473431184]]
7116411	[1, [0.04672144594080785, 0.9532785540591922]]
5575577	[1, [0.04924376860735957, 0.9507562313926404]]
6411980	[1, [0.015903054497276137, 0.9840969455027239]]
9154981	[1, [0.005076792758570425, 0.9949232072414296]]
7804745	[1, [0.029064801298879783, 0.9709351987011202]]
7805229	[1, [0.04458139449007992, 0.9554186055099201]]
7805637	[1, [0.01591502818019852, 0.9840849718198015]]
5718973	[1, [0.006546570537977359, 0.9934534294620226]]
7807850	[1, [0.026672211888412845, 0.9733277881115872]]
7807411	[1, [0.022411781176058687, 0.9775882188239413]]
7949994	[1, [0.01817509254236105, 0.981824907457639]]
7932162	[1, [0.00719140172733701, 0.992808598272663]]
7913931	[1, [0.0294628338872841, 0.9705371661127159]]
20781923	[1, [0.047238848491271024, 0.952761151508729]]
7848697	[1, [0.026310269831195332, 0.9736897301688047]]
97543711	[1, [0.03550067226754394, 0.9644993277324561]]
7674931	[1, [0.030805064622384526, 0.9691949353776155]]
7812172	[1, [0.011133940720911562, 0.9888660592790884]]
7812934	[1, [0.020091078541704555, 0.9799089214582954]]
7906008	[1, [0.016586819212413673, 0.9834131807875863]]
7787587	[1, [0.01495887442158772, 0.9850411255784123]]
7795840	[1, [0.025174963409251183, 0.9748250365907488]]
7795599	[1, [0.00763472997211212, 0.9923652700278879]]
7788273	[1, [0.012415771419915123, 0.9875842285800849]]
5237671	[1, [0.015255234101408721, 0.9847447658985913]]
7938282	[1, [0.04092982172775739, 0.9590701782722426]]
7808503	[1, [0.04363343780659579, 0.9563665621934042]]
7809494	[1, [0.0018938519099487294, 0.9981061480900513]]
7981140	[1, [0.026741357096378815, 0.9732586429036212]]
76255572	[1, [0.03924677673554833, 0.9607532232644517]]
5243672	[1, [0.0342664030041504, 0.9657335969958496]]
7810602	[1, [0.0005137296623064502, 0.9994862703376935]]
7809436	[1, [0.0007661559721388045, 0.9992338440278612]]
7794600	[1, [0.04784864079743567, 0.9521513592025643]]
7793173	[1, [0.004691782351671003, 0.995308217648329]]
9152597	[1, [0.003616472702901996, 0.996383527297098]]
12372018	[1, [0.026254621995266292, 0.9737453780047337]]
5593005	[1, [0.024595576472582037, 0.975404423527418]]
5602070	[1, [0.008520538817241019, 0.991479461182759]]
79922397	[1, [0.018355829847997884, 0.9816441701520021]]
7785076	[1, [0.03768144204753954, 0.9623185579524605]]
5247547	[1, [0.024844654658616294, 0.9751553453413837]]
9135503	[1, [0.022127961706113197, 0.9778720382938868]]
7971723	[1, [0.030400768814469625, 0.9695992311855304]]
5320571	[1, [0.01465355191224671, 0.9853464480877533]]
5342742	[1, [0.016844922154715336, 0.9831550778452847]]
7789898	[1, [0.0016182214160354036, 0.9983817785839646]]
7789034	[1, [0.014729110677420998, 0.985270889322579]]
5670039	[1, [0.044192752129384894, 0.9558072478706151]]
43275606	[1, [0.0384997933945207, 0.9615002066054793]]
7976919	[1, [0.04378692409785323, 0.9562130759021468]]
5467512	[1, [0.00852805689802727, 0.9914719431019727]]
7800584	[1, [0.010973950927129272, 0.9890260490728707]]
7800770	[1, [0.022238549025868748, 0.9777614509741313]]
7799556	[1, [0.015190818877789392, 0.9848091811222106]]
6177587	[1, [0.040946002561391026, 0.959053997438609]]
7800331	[1, [0.0006380444659856987, 0.9993619555340143]]
7791054	[1, [0.000673251784162221, 0.9993267482158378]]
7001868	[1, [0.03591427924991253, 0.9640857207500875]]
7792350	[1, [0.02720520033990359, 0.9727947996600964]]
52022207	[1, [0.034439497832497556, 0.9655605021675024]]
9278982	[1, [0.01870181253795633, 0.9812981874620437]]
7664405	[1, [0.027986383449847274, 0.9720136165501527]]
6256994	[1, [0.04560951162406357, 0.9543904883759364]]
7843540	[1, [0.0166526541751415, 0.9833473458248585]]
7841587	[1, [0.04507744069503017, 0.9549225593049698]]
48380025	[1, [0.012172103556317926, 0.9878278964436821]]
6882044	[1, [0.039988194385266906, 0.9600118056147331]]
