6578810	[1, [0.021989752045842414, 0.9780102479541576]]
6578811	[1, [0.047891685857171296, 0.9521083141428287]]
18529391	[1, [0.009570848039936797, 0.9904291519600632]]
6578819	[1, [0.025434489912868785, 0.9745655100871312]]
19811940	[1, [0.03196937764047203, 0.968030622359528]]
6578830	[1, [0.025887379177840675, 0.9741126208221593]]
53679387	[1, [0.03437183629159757, 0.9656281637084024]]
54183835	[1, [0.027731019787608058, 0.9722689802123919]]
18556333	[1, [0.04161345785369419, 0.9583865421463058]]
38928963	[1, [0.018534105480310203, 0.9814658945196898]]
53739393	[1, [0.022926007903789847, 0.9770739920962102]]
46525119	[1, [0.0023706365460161027, 0.9976293634539839]]
47469476	[1, [0.012107279732910592, 0.9878927202670894]]
46216018	[1, [0.026933415640496006, 0.973066584359504]]
6579087	[1, [0.045103327391423864, 0.9548966726085761]]
26554779	[1, [0.03754972710763593, 0.9624502728923641]]
92568313	[1, [0.02457219451404402, 0.975427805485956]]
11858968	[1, [0.03565496862371742, 0.9643450313762826]]
92600000	[1, [0.03075135930525763, 0.9692486406947424]]
18587351	[1, [0.03437634826580893, 0.9656236517341911]]
6578828	[1, [0.045600320587161125, 0.9543996794128389]]
6578823	[1, [0.01789593586638627, 0.9821040641336137]]
6578821	[1, [0.03364192027698709, 0.9663580797230129]]
6578827	[1, [0.04171315739196968, 0.9582868426080303]]
6578826	[1, [0.016152266353715916, 0.9838477336462841]]
6875238	[1, [0.04571569830666378, 0.9542843016933362]]
54342254	[1, [0.03791096728215049, 0.9620890327178495]]
45604838	[1, [0.02191622655421488, 0.9780837734457851]]
38902538	[1, [0.036460909816348974, 0.963539090183651]]
18583605	[1, [0.03267285595239311, 0.9673271440476069]]
54247079	[1, [0.040993708050919064, 0.9590062919490809]]
46170023	[1, [0.013610873754764219, 0.9863891262452358]]
14887091	[1, [0.03541251921072719, 0.9645874807892728]]
23553166	[1, [0.014522588693849259, 0.9854774113061507]]
29224973	[1, [0.04610651906158569, 0.9538934809384143]]
40288889	[1, [0.02909727372107962, 0.9709027262789204]]
68698519	[1, [0.014642105989951304, 0.9853578940100487]]
56895182	[1, [0.038496417542276395, 0.9615035824577236]]
6790119	[1, [0.0326188341507645, 0.9673811658492355]]
33642283	[1, [0.023616054806961273, 0.9763839451930387]]
65315557	[1, [0.034015904970451594, 0.9659840950295484]]
33655695	[1, [0.026033979056357626, 0.9739660209436424]]
27026233	[1, [0.01914502287215003, 0.98085497712785]]
23345633	[1, [0.0434211488935371, 0.9565788511064629]]
14045585	[1, [0.03694280721591314, 0.9630571927840869]]
33663356	[1, [0.041706830930980154, 0.9582931690690198]]
56888041	[1, [0.021768656420688925, 0.9782313435793111]]
7627761	[1, [0.01939240469367698, 0.980607595306323]]
72408245	[1, [0.023830568607655978, 0.976169431392344]]
33626050	[1, [0.046996125106605446, 0.9530038748933946]]
90166925	[1, [0.018403553124122007, 0.981596446875878]]
72418739	[1, [0.007768163667728145, 0.9922318363322719]]
95267110	[1, [0.01085116695984345, 0.9891488330401565]]
65296628	[1, [0.026035620347078514, 0.9739643796529215]]
65261875	[1, [0.04958002866099054, 0.9504199713390095]]
68703810	[1, [0.014221522464781033, 0.985778477535219]]
23350077	[1, [0.022303932777381963, 0.977696067222618]]
5762862	[1, [0.033619231593601806, 0.9663807684063982]]
93278777	[1, [0.0025764559572925005, 0.9974235440427075]]
9013797	[1, [0.04902712244341412, 0.9509728775565859]]
52528177	[1, [0.027041483435470637, 0.9729585165645294]]
6928130	[1, [0.03255232947784048, 0.9674476705221595]]
7941371	[1, [0.040793881292872536, 0.9592061187071275]]
61788846	[1, [0.028356659872804446, 0.9716433401271956]]
18983273	[1, [0.032073680992113385, 0.9679263190078866]]
9249667	[1, [0.04869987921236163, 0.9513001207876384]]
85981307	[1, [0.0323333513423838, 0.9676666486576162]]
18971330	[1, [0.04846101408564529, 0.9515389859143547]]
58880959	[1, [0.011272929415345745, 0.9887270705846543]]
71522907	[1, [0.03767989474065114, 0.9623201052593489]]
19003655	[1, [0.03841046606579779, 0.9615895339342022]]
16306958	[1, [0.02220731342504123, 0.9777926865749588]]
94287527	[1, [0.0323509553951834, 0.9676490446048166]]
82811322	[1, [0.046330265487199096, 0.9536697345128009]]
28303697	[1, [0.016412015835477578, 0.9835879841645224]]
66370329	[1, [0.03823074902286161, 0.9617692509771384]]
80547792	[1, [0.03356085923430807, 0.9664391407656919]]
35634120	[1, [0.034058858308771756, 0.9659411416912282]]
78447744	[1, [0.021622194004479622, 0.9783778059955204]]
28296560	[1, [0.002923388150233852, 0.9970766118497661]]
62885651	[1, [0.025383561425473045, 0.974616438574527]]
16300288	[1, [0.047179976258370004, 0.95282002374163]]
66382783	[1, [0.04436813010361562, 0.9556318698963844]]
39824137	[1, [0.025244807036377437, 0.9747551929636226]]
64404869	[1, [0.0290326722244737, 0.9709673277755263]]
99949652	[1, [0.04607124321858491, 0.9539287567814151]]
62163457	[1, [0.0422724518866151, 0.9577275481133849]]
76644867	[1, [0.034706236671379065, 0.9652937633286209]]
65154839	[1, [0.04123978707554743, 0.9587602129244526]]
7367580	[1, [0.018871765880271174, 0.9811282341197288]]
41216370	[1, [0.03859264532519002, 0.96140735467481]]
99961333	[1, [0.0037848908686699545, 0.99621510913133]]
97396760	[1, [0.046834976193777855, 0.9531650238062221]]
32911950	[1, [0.03457529268136461, 0.9654247073186354]]
16256384	[1, [0.044242935923266224, 0.9557570640767338]]
84875922	[1, [0.02033622961600312, 0.9796637703839969]]
20413737	[1, [0.04899448847167853, 0.9510055115283215]]
91305878	[1, [0.025670537078626543, 0.9743294629213735]]
77313975	[1, [0.021621877753274843, 0.9783781222467252]]
44752636	[1, [0.04310877755841236, 0.9568912224415876]]
77307002	[1, [0.02988002600859696, 0.970119973991403]]
62150113	[1, [0.0065169003403870995, 0.9934830996596129]]
16209840	[1, [0.0008743700149504985, 0.9991256299850495]]
50509481	[1, [0.008049502195959235, 0.9919504978040408]]
16273944	[1, [0.0314969472055473, 0.9685030527944527]]
68374299	[1, [0.013788923817747434, 0.9862110761822526]]
50182389	[1, [0.04709657275898893, 0.9529034272410111]]
90799796	[1, [0.0030242373385217514, 0.9969757626614782]]
97388949	[1, [0.027044578882351678, 0.9729554211176483]]
16228106	[1, [0.04840660491490745, 0.9515933950850926]]
45968040	[1, [0.04453486414772023, 0.9554651358522798]]
84853489	[1, [0.009278139944935648, 0.9907218600550644]]
13769303	[1, [0.02098904999374418, 0.9790109500062558]]
48973731	[1, [0.00399481685066605, 0.996005183149334]]
82236280	[1, [0.00947882249848686, 0.9905211775015131]]
73936409	[1, [0.027447518667234938, 0.9725524813327651]]
48859818	[1, [0.0310546430613734, 0.9689453569386266]]
55004776	[1, [0.00808598136922245, 0.9919140186307775]]
70170356	[1, [0.04176888969060433, 0.9582311103093957]]
21752984	[1, [0.024214853355229216, 0.9757851466447708]]
13770602	[1, [0.026889304498333266, 0.9731106955016667]]
6317364	[1, [0.04181560695956177, 0.9581843930404382]]
73883661	[1, [0.04130018535685809, 0.9586998146431419]]
22186949	[1, [0.022074227939790192, 0.9779257720602098]]
19052047	[1, [0.027589501282326068, 0.9724104987176739]]
82241665	[1, [0.009065335214510917, 0.9909346647854891]]
34769840	[1, [0.02528014213962826, 0.9747198578603717]]
41964785	[1, [0.01688093620086195, 0.983119063799138]]
83127224	[1, [0.04481645249132182, 0.9551835475086782]]
17344902	[1, [0.018989558584581845, 0.9810104414154182]]
82198284	[1, [0.03507270633709236, 0.9649272936629076]]
42011011	[1, [0.011501594236058676, 0.9884984057639413]]
17397453	[1, [0.014523990544032528, 0.9854760094559675]]
51713349	[1, [0.036770895282528304, 0.9632291047174717]]
80080451	[1, [0.00979845891143638, 0.9902015410885636]]
14142889	[1, [0.03952117075557582, 0.9604788292444242]]
81882783	[1, [0.04037905813333598, 0.959620941866664]]
46353213	[1, [0.028904832784643508, 0.9710951672153565]]
51723136	[1, [0.030781485758553884, 0.9692185142414461]]
67798626	[1, [0.022269876077914752, 0.9777301239220852]]
66138116	[1, [0.003852533451843887, 0.9961474665481561]]
22969264	[1, [0.047694200932903, 0.952305799067097]]
46347056	[1, [0.037735922319878545, 0.9622640776801215]]
12532727	[1, [0.01110388754158198, 0.988896112458418]]
96411853	[1, [0.003741803595311066, 0.9962581964046889]]
88742248	[1, [0.026771005752515453, 0.9732289942474845]]
88761311	[1, [0.048692455035665105, 0.9513075449643349]]
35543406	[1, [0.037867071880039016, 0.962132928119961]]
46936816	[1, [0.022040318025954186, 0.9779596819740458]]
39606359	[1, [0.015926322940726156, 0.9840736770592738]]
96419804	[1, [0.02895488418653802, 0.971045115813462]]
6559697	[1, [0.03839278709580829, 0.9616072129041917]]
18076331	[1, [0.037281331392156725, 0.9627186686078433]]
7112823	[1, [0.008643001860194066, 0.9913569981398059]]
61706255	[1, [0.010834531684999149, 0.9891654683150009]]
14945926	[1, [0.02860311908472246, 0.9713968809152775]]
58187373	[1, [0.026572410857468753, 0.9734275891425312]]
45558364	[1, [0.03973681442797772, 0.9602631855720223]]
11173344	[1, [0.003443463320431328, 0.9965565366795687]]
22259468	[1, [0.010286857342100442, 0.9897131426578996]]
7390331	[1, [0.0013136662719295256, 0.9986863337280705]]
89584475	[1, [0.04429950447792341, 0.9557004955220766]]
42809040	[1, [0.020328721562774654, 0.9796712784372253]]
76524794	[1, [0.005745594565341738, 0.9942544054346583]]
73088249	[1, [0.003515347911919986, 0.99648465208808]]
5970441	[1, [0.004802541162006513, 0.9951974588379935]]
61701040	[1, [0.02474780432999024, 0.9752521956700098]]
12083116	[1, [0.024682740034093764, 0.9753172599659062]]
34579804	[1, [0.04641310445182545, 0.9535868955481746]]
61683825	[1, [0.03973054340185145, 0.9602694565981486]]
42777914	[1, [0.04833574247045824, 0.9516642575295418]]
29666034	[1, [0.014384001131437896, 0.9856159988685621]]
9202179	[1, [0.04451449265352336, 0.9554855073464766]]
7324917	[1, [0.04824638048783614, 0.9517536195121639]]
15016174	[1, [0.02971949521852857, 0.9702805047814714]]
45529653	[1, [0.046856346277261096, 0.9531436537227389]]
7114297	[1, [0.014019421016168931, 0.9859805789838311]]
7379110	[1, [0.027200862926322178, 0.9727991370736778]]
97588486	[1, [0.0075455118661711396, 0.9924544881338289]]
14252646	[1, [0.040075365884355896, 0.9599246341156441]]
69307147	[1, [0.003930538935921324, 0.9960694610640787]]
91681415	[1, [0.02606973960333525, 0.9739302603966647]]
97592439	[1, [0.04060671848000719, 0.9593932815199928]]
39904813	[1, [0.02623263579102597, 0.973767364208974]]
86902229	[1, [0.02018911428927206, 0.9798108857107279]]
29290860	[1, [0.03315448467725768, 0.9668455153227423]]
39368920	[1, [0.024320976193304422, 0.9756790238066956]]
86889425	[1, [0.012124501575494162, 0.9878754984245058]]
88865944	[1, [0.027779666035927963, 0.972220333964072]]
88914861	[1, [0.03487846891344837, 0.9651215310865516]]
49253190	[1, [0.036570133088713264, 0.9634298669112867]]
65410309	[1, [0.023081389987970047, 0.97691861001203]]
91665384	[1, [0.012680870915732334, 0.9873191290842677]]
88917098	[1, [0.03740641477138551, 0.9625935852286145]]
49315110	[1, [0.03457529268136461, 0.9654247073186354]]
9009369	[1, [0.04741879834536866, 0.9525812016546313]]
29954479	[1, [0.02640164717203808, 0.9735983528279619]]
94947829	[1, [0.0026513723471245365, 0.9973486276528755]]
36136184	[1, [0.04156817251592304, 0.958431827484077]]
95699365	[1, [0.03280907975414149, 0.9671909202458585]]
39477374	[1, [0.03657905483996149, 0.9634209451600385]]
93069027	[1, [0.04895641736229828, 0.9510435826377017]]
5947833	[1, [0.03702280053114282, 0.9629771994688572]]
28333645	[1, [0.040436717770173214, 0.9595632822298268]]
6237923	[1, [0.017977116660130577, 0.9820228833398694]]
5755294	[1, [0.02244454248121075, 0.9775554575187893]]
50231090	[1, [0.030768444488581626, 0.9692315555114184]]
5949571	[1, [0.004444420247556313, 0.9955555797524437]]
95680694	[1, [0.020912198168225204, 0.9790878018317748]]
7947837	[1, [0.04866390845579327, 0.9513360915442067]]
55132320	[1, [0.004904971273436143, 0.9950950287265639]]
93036228	[1, [0.023085811134959888, 0.9769141888650401]]
77248815	[1, [0.048615598568582885, 0.9513844014314171]]
39498137	[1, [0.014256868518893073, 0.9857431314811069]]
95104557	[1, [0.01951179472770881, 0.9804882052722912]]
77229040	[1, [0.03766402459001228, 0.9623359754099877]]
39478150	[1, [0.01390216496754726, 0.9860978350324527]]
55130748	[1, [0.037878981046610694, 0.9621210189533893]]
35928887	[1, [0.04220592190887895, 0.957794078091121]]
53319599	[1, [0.029332592229228238, 0.9706674077707718]]
51175922	[1, [0.04166758002737947, 0.9583324199726205]]
60217730	[1, [0.04854423363984406, 0.9514557663601559]]
55104772	[1, [0.04851453530337024, 0.9514854646966298]]
87506936	[1, [0.026244041824205477, 0.9737559581757945]]
96330907	[1, [0.023202643392172817, 0.9767973566078272]]
82291502	[1, [0.03960274537889441, 0.9603972546211056]]
88041099	[1, [0.030383689870606467, 0.9696163101293935]]
90889807	[1, [0.013299368910353881, 0.9867006310896461]]
60927640	[1, [0.01633441034291061, 0.9836655896570894]]
5680278	[1, [0.02964081884697045, 0.9703591811530295]]
39439260	[1, [0.02045833296433841, 0.9795416670356616]]
44563791	[1, [0.04336005835518619, 0.9566399416448138]]
78921478	[1, [0.012574582250983846, 0.9874254177490162]]
7736625	[1, [0.03696963604880232, 0.9630303639511977]]
62975434	[1, [0.01301469093201979, 0.9869853090679802]]
44582767	[1, [0.009690115270103328, 0.9903098847298967]]
44586781	[1, [0.021391106007434102, 0.9786088939925659]]
82324051	[1, [0.0027084539046362544, 0.9972915460953637]]
14871348	[1, [0.025239012849472164, 0.9747609871505278]]
36667963	[1, [0.010245677192633695, 0.9897543228073663]]
14833847	[1, [0.023258173244047442, 0.9767418267559526]]
60816578	[1, [0.037904698775668266, 0.9620953012243317]]
38709709	[1, [0.015714464629773328, 0.9842855353702267]]
27249173	[1, [0.012301037082682709, 0.9876989629173173]]
38662741	[1, [0.020991849758582815, 0.9790081502414172]]
6780105	[1, [0.03845656852546986, 0.9615434314745301]]
46113618	[1, [0.0211862719694077, 0.9788137280305923]]
38686442	[1, [0.03721291919723013, 0.9627870808027699]]
6654185	[1, [0.015815300622202155, 0.9841846993777978]]
59830647	[1, [0.03711592573210398, 0.962884074267896]]
46147207	[1, [0.04169701442736662, 0.9583029855726334]]
35843977	[1, [0.021333201380025257, 0.9786667986199747]]
46143662	[1, [0.042688199960924655, 0.9573118000390753]]
47730993	[1, [0.03792982520084809, 0.9620701747991519]]
7173900	[1, [0.032924343970663905, 0.9670756560293361]]
47759697	[1, [0.0357571521974438, 0.9642428478025562]]
76713751	[1, [0.0474827992042085, 0.9525172007957915]]
56851535	[1, [0.04203642715230871, 0.9579635728476913]]
46293634	[1, [0.028048756031863853, 0.9719512439681361]]
56809503	[1, [0.021040820120580617, 0.9789591798794194]]
22844023	[1, [0.027732630080427367, 0.9722673699195726]]
22624046	[1, [0.0006145127284938878, 0.9993854872715061]]
38615693	[1, [0.0043561420701069276, 0.9956438579298931]]
38623967	[1, [0.0283596125736566, 0.9716403874263434]]
22605411	[1, [0.01289786414974714, 0.9871021358502529]]
56293757	[1, [0.03813732271493331, 0.9618626772850667]]
41307853	[1, [0.022497116587842703, 0.9775028834121573]]
30839087	[1, [0.017511381454911934, 0.9824886185450881]]
22621171	[1, [0.044495560472421314, 0.9555044395275787]]
96121943	[1, [0.03767032280908156, 0.9623296771909184]]
94131947	[1, [0.038566762438986824, 0.9614332375610132]]
96119783	[1, [0.04101877809769017, 0.9589812219023098]]
27884154	[1, [0.0063755495599069345, 0.9936244504400931]]
94093773	[1, [0.039267684780644796, 0.9607323152193552]]
98268950	[1, [0.04522393276709813, 0.9547760672329019]]
18021904	[1, [0.0368131423937923, 0.9631868576062077]]
17993255	[1, [0.016596049815587932, 0.9834039501844121]]
56033562	[1, [0.04299796943122469, 0.9570020305687753]]
19559833	[1, [0.0411894997290726, 0.9588105002709274]]
96098375	[1, [0.00941206011340967, 0.9905879398865903]]
45380933	[1, [0.04872345757232077, 0.9512765424276792]]
96084037	[1, [0.030383689870606467, 0.9696163101293935]]
60468294	[1, [0.01691372997808449, 0.9830862700219155]]
19589711	[1, [0.03128641669866816, 0.9687135833013318]]
79404185	[1, [0.007282151347132504, 0.9927178486528675]]
73586183	[1, [0.007379061347337124, 0.9926209386526629]]
55934805	[1, [0.04199894976174268, 0.9580010502382573]]
56034649	[1, [0.045926512370352945, 0.954073487629647]]
59557468	[1, [0.03218763347518094, 0.9678123665248191]]
33794869	[1, [0.023687258777241205, 0.9763127412227588]]
50631267	[1, [0.0042130079779194585, 0.9957869920220805]]
48048691	[1, [0.0026036684140977595, 0.9973963315859022]]
33782715	[1, [0.04636626579039016, 0.9536337342096098]]
83666985	[1, [0.03614025549132982, 0.9638597445086702]]
97682004	[1, [0.028599715402950032, 0.97140028459705]]
28639625	[1, [0.02110214595829374, 0.9788978540417063]]
28613630	[1, [0.01984232852734724, 0.9801576714726528]]
6508756	[1, [0.008088366803563285, 0.9919116331964367]]
88270184	[1, [0.01181701780205624, 0.9881829821979438]]
83597300	[1, [0.04367713526336592, 0.9563228647366341]]
83974061	[1, [0.04553729519507743, 0.9544627048049226]]
83304265	[1, [0.03319748282383639, 0.9668025171761636]]
88272951	[1, [0.00479375050725761, 0.9952062494927424]]
88275439	[1, [0.005814614534038309, 0.9941853854659617]]
57293403	[1, [0.014913335384554083, 0.9850866646154459]]
31444381	[1, [0.015746314336441358, 0.9842536856635586]]
5457262	[1, [0.04271220409443499, 0.957287795905565]]
12653564	[1, [0.012607497459916184, 0.9873925025400838]]
5463329	[1, [0.03327880142653172, 0.9667211985734683]]
20144984	[1, [0.033715746948271286, 0.9662842530517287]]
57968473	[1, [0.011477288255066331, 0.9885227117449337]]
24834890	[1, [0.0253492585201347, 0.9746507414798653]]
56399997	[1, [0.047417547431789164, 0.9525824525682108]]
24809875	[1, [0.0404186319741443, 0.9595813680258557]]
99784522	[1, [0.025800057059884196, 0.9741999429401158]]
57934214	[1, [0.02633953195204386, 0.9736604680479561]]
6704928	[1, [0.023693789193355408, 0.9763062108066446]]
51907942	[1, [0.03981563744264072, 0.9601843625573593]]
57901251	[1, [0.014242896717118647, 0.9857571032828814]]
82484457	[1, [0.03133228949413447, 0.9686677105058655]]
58703398	[1, [0.011292858452680465, 0.9887071415473195]]
99770938	[1, [0.018434686343309026, 0.981565313656691]]
31035576	[1, [0.04348502183055181, 0.9565149781694482]]
6040782	[1, [0.02743680010403915, 0.9725631998959609]]
64761334	[1, [0.007246788984589414, 0.9927532110154106]]
77498865	[1, [0.035447505187681805, 0.9645524948123182]]
28237251	[1, [0.04084969420974027, 0.9591503057902597]]
77489728	[1, [0.01801255717820993, 0.9819874428217901]]
42073401	[1, [0.0021459136730166417, 0.9978540863269834]]
24089930	[1, [0.022198500504802654, 0.9778014994951973]]
98726362	[1, [0.03890831740496714, 0.9610916825950329]]
72269516	[1, [0.027206271930333092, 0.9727937280696669]]
18626985	[1, [0.013719624635513905, 0.9862803753644861]]
64809710	[1, [0.037468051609853115, 0.9625319483901469]]
72238845	[1, [0.00867872866231556, 0.9913212713376844]]
6277306	[1, [0.03894902829897151, 0.9610509717010285]]
18666831	[1, [0.03418019843078002, 0.96581980156922]]
67008413	[1, [0.01100357831267551, 0.9889964216873245]]
32322727	[1, [0.04416285571575573, 0.9558371442842443]]
81128266	[1, [0.047976311729627685, 0.9520236882703723]]
44133200	[1, [0.02622251741508519, 0.9737774825849148]]
70593609	[1, [0.024550660348927056, 0.9754493396510729]]
68310726	[1, [0.03375494622024944, 0.9662450537797506]]
6070482	[1, [0.0019429505729742225, 0.9980570494270258]]
23891993	[1, [0.00791041996579589, 0.9920895800342041]]
68338909	[1, [0.03507270633709236, 0.9649272936629076]]
27562306	[1, [0.03768894617126817, 0.9623110538287318]]
52000813	[1, [0.008261160801596668, 0.9917388391984033]]
81779083	[1, [0.012569442069054748, 0.9874305579309453]]
80669267	[1, [0.048921613717560763, 0.9510783862824392]]
98420350	[1, [0.02495964980991905, 0.975040350190081]]
7973088	[1, [0.034552835666455395, 0.9654471643335446]]
38755978	[1, [0.00947430798487181, 0.9905256920151282]]
82697888	[1, [0.032142565645620236, 0.9678574343543798]]
70553004	[1, [0.010780548576420523, 0.9892194514235795]]
68878545	[1, [0.0317534281170635, 0.9682465718829365]]
66595865	[1, [0.04194711129568618, 0.9580528887043138]]
51458156	[1, [0.032876857322219566, 0.9671231426777804]]
46589563	[1, [0.011340008327044737, 0.9886599916729553]]
53978226	[1, [0.0474827992042085, 0.9525172007957915]]
36501427	[1, [0.038566762438986824, 0.9614332375610132]]
6579800	[1, [0.008360605293766477, 0.9916393947062335]]
77603317	[1, [0.04050657870186791, 0.9594934212981321]]
5424782	[1, [0.018695720182267617, 0.9813042798177324]]
9245223	[1, [0.04505045178440381, 0.9549495482155962]]
17683903	[1, [0.03852419816541586, 0.9614758018345841]]
54031812	[1, [0.004931854362405508, 0.9950681456375945]]
85542938	[1, [0.026227888992131354, 0.9737721110078686]]
53999670	[1, [0.02587590362847081, 0.9741240963715292]]
6581764	[1, [0.017687636017988617, 0.9823123639820114]]
53965216	[1, [0.017575874898005273, 0.9824241251019947]]
9282530	[1, [0.004303469796923531, 0.9956965302030765]]
51414549	[1, [0.04567096054101849, 0.9543290394589815]]
55299035	[1, [0.03289953149143965, 0.9671004685085604]]
17652466	[1, [0.027727239721528907, 0.9722727602784711]]
25106894	[1, [0.01861305870544394, 0.9813869412945561]]
10901737	[1, [0.029786807886509004, 0.970213192113491]]
6033857	[1, [0.026371520576138452, 0.9736284794238615]]
51627511	[1, [0.022759573443663528, 0.9772404265563365]]
10786654	[1, [0.032090587328865605, 0.9679094126711344]]
6035964	[1, [0.01535043020133986, 0.9846495697986601]]
14489704	[1, [0.004982924600247185, 0.9950170753997528]]
51627069	[1, [0.03242998512003792, 0.9675700148799621]]
22002881	[1, [0.04577178540948745, 0.9542282145905125]]
51620423	[1, [0.012070467211186764, 0.9879295327888132]]
39131867	[1, [0.0489725624460714, 0.9510274375539286]]
35154668	[1, [0.011947790810613146, 0.9880522091893869]]
75039570	[1, [0.04378655820139099, 0.956213441798609]]
43841997	[1, [0.033878671362149726, 0.9661213286378503]]
7445630	[1, [0.016091523997431745, 0.9839084760025683]]
95441600	[1, [0.017358561652797255, 0.9826414383472027]]
54535081	[1, [0.009037381121142718, 0.9909626188788573]]
24299495	[1, [0.033232276735955746, 0.9667677232640443]]
14608783	[1, [0.047375252530463485, 0.9526247474695365]]
39731384	[1, [0.03486144380332301, 0.965138556196677]]
14602741	[1, [0.017926194348830804, 0.9820738056511692]]
54499595	[1, [0.04021269103825864, 0.9597873089617414]]
7450581	[1, [0.008166106169638754, 0.9918338938303612]]
76780003	[1, [0.04383226566488352, 0.9561677343351165]]
79440102	[1, [0.035340908807767635, 0.9646590911922324]]
5308447	[1, [0.039364362586553625, 0.9606356374134464]]
55552112	[1, [0.0243397413538452, 0.9756602586461548]]
12165811	[1, [0.04944236823827397, 0.950557631761726]]
7102496	[1, [0.016077473904317685, 0.9839225260956823]]
56420851	[1, [0.04857286438680841, 0.9514271356131916]]
46836576	[1, [0.036834708638486924, 0.9631652913615131]]
6713357	[1, [0.01833736263421426, 0.9816626373657857]]
85170127	[1, [0.026812504742521837, 0.9731874952574782]]
7002395	[1, [0.04219391740992451, 0.9578060825900755]]
7980242	[1, [0.03447321059916397, 0.965526789400836]]
41179475	[1, [0.021115836024474532, 0.9788841639755255]]
67418753	[1, [0.01272213524997945, 0.9872778647500206]]
70396968	[1, [0.023442328336769402, 0.9765576716632306]]
77868952	[1, [0.03966330326952683, 0.9603366967304732]]
91896325	[1, [0.04882813860456903, 0.951171861395431]]
70377765	[1, [0.045190193628501074, 0.9548098063714989]]
6709943	[1, [0.049037264073836684, 0.9509627359261633]]
20612762	[1, [0.04589181007977572, 0.9541081899202243]]
52160362	[1, [0.018925628118395377, 0.9810743718816046]]
33357869	[1, [0.04838440604998551, 0.9516155939500145]]
74975357	[1, [0.011947790810613146, 0.9880522091893869]]
10442541	[1, [0.04863208128018415, 0.9513679187198159]]
48275216	[1, [0.0317534281170635, 0.9682465718829365]]
25795241	[1, [0.02585511118677175, 0.9741448888132282]]
20640219	[1, [0.03135554252089301, 0.968644457479107]]
29110790	[1, [0.019323875767335852, 0.9806761242326641]]
12927855	[1, [0.019109765541770907, 0.9808902344582291]]
52232338	[1, [0.0291067786746525, 0.9708932213253475]]
29089438	[1, [0.012435777026628236, 0.9875642229733718]]
80378031	[1, [0.02845422826200006, 0.9715457717379999]]
52256049	[1, [0.02636796114060369, 0.9736320388593963]]
41866619	[1, [0.01478830248108165, 0.9852116975189184]]
26890378	[1, [0.025232303871320916, 0.9747676961286791]]
67696637	[1, [0.031027795652929235, 0.9689722043470708]]
29094022	[1, [0.03304812296255011, 0.9669518770374499]]
90670214	[1, [0.04694999930603905, 0.953050000693961]]
7117733	[1, [0.014735687480179838, 0.9852643125198202]]
83455262	[1, [0.048513474314662686, 0.9514865256853373]]
11522380	[1, [0.0328899684252254, 0.9671100315747746]]
18390224	[1, [0.020071844976876863, 0.9799281550231231]]
28916253	[1, [0.026116570101224257, 0.9738834298987757]]
73468243	[1, [0.04806299045738427, 0.9519370095426157]]
92435008	[1, [0.04864498362866665, 0.9513550163713334]]
26270145	[1, [0.03558218913321454, 0.9644178108667855]]
20858675	[1, [0.04889779126058125, 0.9511022087394188]]
18392232	[1, [0.014659254351626516, 0.9853407456483735]]
28900651	[1, [0.03126516179006633, 0.9687348382099337]]
73808944	[1, [0.02636099582888951, 0.9736390041711105]]
77968476	[1, [0.024440428753484067, 0.9755595712465159]]
89905256	[1, [0.03316958512110113, 0.9668304148788989]]
32106122	[1, [0.04796812734159672, 0.9520318726584033]]
32100850	[1, [0.006806155843169681, 0.9931938441568303]]
19665819	[1, [0.030192041816077708, 0.9698079581839223]]
32141430	[1, [0.03741383492477557, 0.9625861650752244]]
33061991	[1, [0.028879243924372244, 0.9711207560756278]]
92446606	[1, [0.02089563634940783, 0.9791043636505922]]
77646169	[1, [0.029396547405162732, 0.9706034525948373]]
77636754	[1, [0.01260511691408761, 0.9873948830859124]]
32170241	[1, [0.049866863760468894, 0.9501331362395311]]
26501261	[1, [0.005101820723713457, 0.9948981792762865]]
73476383	[1, [0.03272697184543327, 0.9672730281545667]]
50964019	[1, [0.012439433429103475, 0.9875605665708965]]
65574871	[1, [0.011846896098979376, 0.9881531039010206]]
59425247	[1, [0.03725873930104373, 0.9627412606989563]]
59699751	[1, [0.015627049721356423, 0.9843729502786436]]
86753324	[1, [0.04944607704423709, 0.9505539229557629]]
38038019	[1, [0.028688715770303186, 0.9713112842296968]]
17217162	[1, [0.005276202883266801, 0.9947237971167332]]
64308658	[1, [0.03691415006140153, 0.9630858499385985]]
7484395	[1, [0.03270436115741859, 0.9672956388425814]]
66011816	[1, [0.043842769643557045, 0.956157230356443]]
5959076	[1, [0.01639206463208287, 0.9836079353679171]]
80829944	[1, [0.04705659743884727, 0.9529434025611527]]
69855351	[1, [0.02470326096710851, 0.9752967390328915]]
64300806	[1, [0.010897907425224673, 0.9891020925747753]]
66842868	[1, [0.005775957244745, 0.994224042755255]]
5431244	[1, [0.04974223463285221, 0.9502577653671478]]
77064722	[1, [0.00026820215922318535, 0.9997317978407768]]
25306359	[1, [0.04068403533580589, 0.9593159646641941]]
50962600	[1, [0.032890982581747163, 0.9671090174182528]]
25240939	[1, [0.010300632542759258, 0.9896993674572407]]
14719121	[1, [0.005040782122446519, 0.9949592178775535]]
24183738	[1, [0.029556280410790725, 0.9704437195892093]]
80792359	[1, [0.015530030502758474, 0.9844699694972415]]
52820832	[1, [0.02766995142986084, 0.9723300485701392]]
6956730	[1, [0.04849029196568455, 0.9515097080343154]]
61094427	[1, [0.002180293939205047, 0.997819706060795]]
52860131	[1, [0.04730537702421489, 0.9526946229757851]]
61264629	[1, [0.028857626114016433, 0.9711423738859836]]
6825388	[1, [0.004403160275396334, 0.9955968397246037]]
71345953	[1, [0.0055536541279704865, 0.9944463458720295]]
75777075	[1, [0.02743057060159282, 0.9725694293984072]]
89031383	[1, [0.031466346238865905, 0.9685336537611341]]
6524855	[1, [0.032257915484738886, 0.9677420845152611]]
71350104	[1, [0.03995395711382965, 0.9600460428861703]]
37279887	[1, [0.023830568607655978, 0.976169431392344]]
98009363	[1, [0.04626523743792954, 0.9537347625620705]]
52790429	[1, [0.029785051379348393, 0.9702149486206516]]
75823628	[1, [0.04009274441654487, 0.9599072555834551]]
98045486	[1, [0.04511919514317275, 0.9548808048568272]]
76817372	[1, [0.01381133871912743, 0.9861886612808726]]
71350849	[1, [0.004557082071636853, 0.9954429179283631]]
45024963	[1, [0.006297627743482637, 0.9937023722565174]]
44395892	[1, [0.036141364689898925, 0.9638586353101011]]
70891173	[1, [0.011398654558633758, 0.9886013454413662]]
7621253	[1, [0.0037168454756671965, 0.9962831545243328]]
44460387	[1, [0.02485473713686992, 0.9751452628631301]]
16557207	[1, [0.04284800539223532, 0.9571519946077647]]
44420111	[1, [0.02098276915405284, 0.9790172308459472]]
93483832	[1, [0.03530720415129174, 0.9646927958487083]]
66128149	[1, [0.033752400143970074, 0.9662475998560299]]
15781026	[1, [0.04416994111927486, 0.9558300588807251]]
64880556	[1, [0.03705532164406378, 0.9629446783559362]]
68602478	[1, [0.03645879076153735, 0.9635412092384626]]
48753023	[1, [0.039180137951034255, 0.9608198620489657]]
23465867	[1, [0.03800181649778722, 0.9619981835022128]]
13179197	[1, [0.03449195249932291, 0.9655080475006771]]
68549851	[1, [0.035688097067788305, 0.9643119029322117]]
48775483	[1, [0.03692835197160782, 0.9630716480283922]]
31898018	[1, [0.038023794848318526, 0.9619762051516815]]
97032192	[1, [0.03599068119621862, 0.9640093188037814]]
24015903	[1, [0.0037405030488152358, 0.9962594969511848]]
64842558	[1, [0.025226178067704885, 0.9747738219322951]]
6903869	[1, [0.024954908891140826, 0.9750450911088592]]
23444967	[1, [0.03965530940719364, 0.9603446905928064]]
28766812	[1, [0.03864754132479398, 0.961352458675206]]
54866839	[1, [0.043303319725571776, 0.9566966802744282]]
14583686	[1, [0.04641134946081393, 0.9535886505391861]]
97018002	[1, [0.034721989453239566, 0.9652780105467604]]
99733813	[1, [0.033616754782718195, 0.9663832452172818]]
99726139	[1, [0.03685944205387681, 0.9631405579461232]]
24040803	[1, [0.02661960546209885, 0.9733803945379012]]
30009131	[1, [0.022538625198781026, 0.977461374801219]]
50407701	[1, [0.023435961295083407, 0.9765640387049166]]
30032997	[1, [0.011489408763801556, 0.9885105912361984]]
63376009	[1, [0.03497113855096057, 0.9650288614490394]]
40429548	[1, [0.017040213779292768, 0.9829597862207072]]
69569172	[1, [0.04893451757792622, 0.9510654824220738]]
7990271	[1, [0.02565401445418236, 0.9743459855458176]]
18893454	[1, [0.02259100473964648, 0.9774089952603535]]
50357438	[1, [0.04952743880042576, 0.9504725611995742]]
18291278	[1, [0.04969154619166638, 0.9503084538083336]]
50496352	[1, [0.01737852204158785, 0.9826214779584121]]
49596525	[1, [0.014601088596730594, 0.9853989114032694]]
7636984	[1, [0.03520514139751951, 0.9647948586024805]]
84520994	[1, [0.04799901026830944, 0.9520009897316906]]
49606728	[1, [0.04974859601655768, 0.9502514039834423]]
50505598	[1, [0.049904388111373876, 0.9500956118886261]]
7635553	[1, [0.00930142927887101, 0.990698570721129]]
7573570	[1, [0.0077208380799562715, 0.9922791619200437]]
5193017	[1, [0.003951239482779756, 0.9960487605172202]]
79159879	[1, [0.03319748282383639, 0.9668025171761636]]
27764117	[1, [0.040822614333214324, 0.9591773856667857]]
84578025	[1, [0.01275237351729519, 0.9872476264827048]]
27770959	[1, [0.01773453333114061, 0.9822654666688594]]
7637139	[1, [0.011650403847426882, 0.9883495961525731]]
7635913	[1, [0.049701109696829615, 0.9502988903031704]]
83088199	[1, [0.015577919827426956, 0.984422080172573]]
62666964	[1, [0.024155087828023336, 0.9758449121719767]]
18746758	[1, [0.026427001698665853, 0.9735729983013341]]
57867414	[1, [0.018385636131054595, 0.9816143638689454]]
66354122	[1, [0.04584167036129194, 0.9541583296387081]]
85842952	[1, [0.04849178034516255, 0.9515082196548375]]
74895638	[1, [0.0466644628041919, 0.9533355371958081]]
87041641	[1, [0.005734317242986897, 0.9942656827570131]]
6803177	[1, [0.033570277231887324, 0.9664297227681127]]
63441873	[1, [0.014847241588140103, 0.9851527584118599]]
97896722	[1, [0.03423737068679933, 0.9657626293132007]]
21021664	[1, [0.00190531724792542, 0.9980946827520746]]
62635630	[1, [0.04565991651520129, 0.9543400834847987]]
85700807	[1, [0.049568546266461344, 0.9504314537335387]]
62654449	[1, [0.017430644399211603, 0.9825693556007884]]
61493588	[1, [0.03812785553405518, 0.9618721444659448]]
57876253	[1, [0.04779301445127593, 0.9522069855487241]]
21060148	[1, [0.0481809980543495, 0.9518190019456505]]
62649682	[1, [0.03892946149011567, 0.9610705385098843]]
18721179	[1, [0.0207183259632282, 0.9792816740367718]]
12271360	[1, [0.012011570088458323, 0.9879884299115417]]
40170069	[1, [0.010792138006478047, 0.989207861993522]]
18743947	[1, [0.00517495166848736, 0.9948250483315126]]
12289452	[1, [0.0444031119826922, 0.9555968880173078]]
12319164	[1, [0.04133786039018894, 0.9586621396098111]]
86645500	[1, [0.022259587368276712, 0.9777404126317233]]
7874008	[1, [0.04708338276971347, 0.9529166172302865]]
85015361	[1, [0.03746577098998183, 0.9625342290100182]]
98431326	[1, [0.027439560137694996, 0.972560439862305]]
35313839	[1, [0.039544121758818496, 0.9604558782411815]]
98430280	[1, [0.0021587603195757366, 0.9978412396804243]]
98506567	[1, [0.0498456719439192, 0.9501543280560808]]
70694141	[1, [0.019940175989931253, 0.9800598240100687]]
46627306	[1, [0.03362486700503886, 0.9663751329949611]]
37519345	[1, [0.04298493794792324, 0.9570150620520768]]
59964243	[1, [0.03782029705707479, 0.9621797029429252]]
60248459	[1, [0.015685052471331673, 0.9843149475286683]]
44615813	[1, [0.01806169144639269, 0.9819383085536073]]
44678446	[1, [0.03134407736972533, 0.9686559226302747]]
6566402	[1, [0.019464358898355294, 0.9805356411016447]]
7331022	[1, [0.03695581027491568, 0.9630441897250843]]
66678645	[1, [0.013461608437258188, 0.9865383915627418]]
17050764	[1, [0.009222907017191306, 0.9907770929828087]]
66653309	[1, [0.017271261748562305, 0.9827287382514377]]
70674186	[1, [0.026244041824205477, 0.9737559581757945]]
95906856	[1, [0.032209675647225544, 0.9677903243527745]]
48567727	[1, [0.046967495973851525, 0.9530325040261485]]
7628298	[1, [0.03966051304078566, 0.9603394869592143]]
51372906	[1, [0.042227671480765894, 0.9577723285192341]]
86556190	[1, [0.036232368982565766, 0.9637676310174342]]
42916337	[1, [0.0022497874386026018, 0.9977502125613974]]
87373276	[1, [0.0052567355635884105, 0.9947432644364116]]
67965403	[1, [0.04721827297400294, 0.9527817270259971]]
13491565	[1, [0.026784659003834643, 0.9732153409961654]]
72674016	[1, [0.04533232323721248, 0.9546676767627875]]
67978658	[1, [0.027960837571264108, 0.9720391624287359]]
82015625	[1, [0.019354967104959542, 0.9806450328950405]]
10327454	[1, [0.01365388502701781, 0.9863461149729822]]
34256655	[1, [0.031568867703131165, 0.9684311322968688]]
6302083	[1, [0.010395340185156865, 0.9896046598148431]]
42885103	[1, [0.008097813339642546, 0.9919021866603575]]
49970958	[1, [0.03483459721190063, 0.9651654027880994]]
10319305	[1, [0.04636626579039016, 0.9536337342096098]]
34259827	[1, [0.03656592514164825, 0.9634340748583518]]
21356944	[1, [0.025859750891183864, 0.9741402491088161]]
34220210	[1, [0.032222873440338584, 0.9677771265596614]]
27074650	[1, [0.029108741192455767, 0.9708912588075442]]
92305486	[1, [0.02127259580110774, 0.9787274041988923]]
6743193	[1, [0.02742875079178031, 0.9725712492082197]]
49920495	[1, [0.021459327382164828, 0.9785406726178352]]
88630730	[1, [0.04783898818998222, 0.9521610118100178]]
19191889	[1, [0.049728055970317264, 0.9502719440296827]]
36171624	[1, [0.037847159850626366, 0.9621528401493736]]
21184276	[1, [0.01933017271861892, 0.9806698272813811]]
6725982	[1, [0.02327824128835776, 0.9767217587116422]]
19207047	[1, [0.023408404315830467, 0.9765915956841695]]
70031947	[1, [0.02585492691840363, 0.9741450730815964]]
53084219	[1, [0.03302639847270117, 0.9669736015272988]]
6723330	[1, [0.012831179234527923, 0.9871688207654721]]
36181171	[1, [0.02422921685983881, 0.9757707831401612]]
99671270	[1, [0.048832659320421246, 0.9511673406795788]]
6950357	[1, [0.04196970334315642, 0.9580302966568436]]
54572199	[1, [0.039122498597732536, 0.9608775014022675]]
30626619	[1, [0.014418823164884076, 0.9855811768351159]]
6722904	[1, [0.007550918014034402, 0.9924490819859656]]
79583233	[1, [0.03502616308878381, 0.9649738369112162]]
53085930	[1, [0.042503839649995934, 0.9574961603500041]]
79848224	[1, [0.005963490842793573, 0.9940365091572064]]
38959065	[1, [0.024135179184275213, 0.9758648208157248]]
61188763	[1, [0.010907566822056625, 0.9890924331779434]]
61200591	[1, [0.03153087059638293, 0.9684691294036171]]
23430489	[1, [0.01591420970222379, 0.9840857902977762]]
78052628	[1, [0.012220400762716577, 0.9877795992372834]]
72173733	[1, [0.03204144060307901, 0.967958559396921]]
78581099	[1, [0.015335372754431753, 0.9846646272455682]]
67261608	[1, [0.03857044572386226, 0.9614295542761377]]
61901190	[1, [0.04716633461754205, 0.952833665382458]]
76083382	[1, [0.028794233397463675, 0.9712057666025363]]
91580123	[1, [0.03789385878499829, 0.9621061412150017]]
7976143	[1, [0.04299698696074328, 0.9570030130392567]]
79340010	[1, [0.017909573958739378, 0.9820904260412606]]
12707732	[1, [0.004906712294076798, 0.9950932877059232]]
70072523	[1, [0.018032748666300114, 0.9819672513336999]]
6991984	[1, [0.04402120661615827, 0.9559787933838417]]
75118605	[1, [0.010704378407812465, 0.9892956215921875]]
68795124	[1, [0.023509615897451264, 0.9764903841025487]]
76080718	[1, [0.029193826993245575, 0.9708061730067544]]
78550433	[1, [0.015819211124212584, 0.9841807888757874]]
12733468	[1, [0.0416638806883991, 0.9583361193116009]]
76068808	[1, [0.03678258566267334, 0.9632174143373267]]
30204219	[1, [0.021149993989656446, 0.9788500060103436]]
49810569	[1, [0.02393576356249949, 0.9760642364375005]]
43101555	[1, [0.013620568818864975, 0.986379431181135]]
13620190	[1, [0.02263011419545191, 0.9773698858045481]]
68744545	[1, [0.005341389173988298, 0.9946586108260117]]
68782478	[1, [0.020763297221468302, 0.9792367027785317]]
94681358	[1, [0.003976569083170789, 0.9960234309168292]]
87541546	[1, [0.026848859318042373, 0.9731511406819576]]
5413703	[1, [0.018304077626929205, 0.9816959223730708]]
5744710	[1, [0.012728385428372069, 0.9872716145716279]]
85188247	[1, [0.013776721653773083, 0.9862232783462269]]
61836192	[1, [0.022791797042662654, 0.9772082029573373]]
94375092	[1, [0.009818583467958941, 0.9901814165320411]]
15654871	[1, [0.043173712510854556, 0.9568262874891454]]
5419735	[1, [0.03301246701425509, 0.9669875329857449]]
61817302	[1, [0.027501106527854646, 0.9724988934721454]]
95500240	[1, [0.03880419094487375, 0.9611958090551262]]
15654269	[1, [0.04417534551585278, 0.9558246544841472]]
36838943	[1, [0.03358127279557799, 0.966418727204422]]
85205135	[1, [0.02577779323390539, 0.9742222067660946]]
43620731	[1, [0.004541267410935745, 0.9954587325890643]]
5413348	[1, [0.04449379553101607, 0.9555062044689839]]
91688634	[1, [0.033049500889519634, 0.9669504991104804]]
5413239	[1, [0.03775099274912119, 0.9622490072508788]]
71447066	[1, [0.045538880334792475, 0.9544611196652075]]
5420802	[1, [0.035963225592782644, 0.9640367744072174]]
97084320	[1, [0.044989227522731046, 0.955010772477269]]
5233579	[1, [0.04364430181957257, 0.9563556981804274]]
43650983	[1, [0.033329207470697675, 0.9666707925293023]]
43598186	[1, [0.04324389015407448, 0.9567561098459255]]
87546709	[1, [0.013132558782713466, 0.9868674412172865]]
26808016	[1, [0.017446919519902848, 0.9825530804800972]]
61623617	[1, [0.0422240944034038, 0.9577759055965962]]
95522496	[1, [0.024977581504348145, 0.9750224184956519]]
60894530	[1, [0.005915761997085989, 0.994084238002914]]
60847898	[1, [0.017091538057674383, 0.9829084619423256]]
26768799	[1, [0.028338577257124076, 0.9716614227428759]]
56620759	[1, [0.03732800819239879, 0.9626719918076012]]
69830690	[1, [0.02366548490983289, 0.9763345150901671]]
15069176	[1, [0.041359060636542266, 0.9586409393634577]]
7639343	[1, [0.0390642477851838, 0.9609357522148162]]
17300812	[1, [0.016699962396395263, 0.9833000376036047]]
18519083	[1, [0.03548748962981674, 0.9645125103701833]]
34028449	[1, [0.024474823419915803, 0.9755251765800842]]
53417285	[1, [0.014580476086263339, 0.9854195239137367]]
69824541	[1, [0.049901340036806796, 0.9500986599631932]]
6767002	[1, [0.031014019156893724, 0.9689859808431063]]
6571368	[1, [0.0395940062989768, 0.9604059937010232]]
9319023	[1, [0.03670400047029554, 0.9632959995297045]]
10966676	[1, [0.02528014213962826, 0.9747198578603717]]
90256176	[1, [0.03423737068679933, 0.9657626293132007]]
5955347	[1, [0.02256330866040135, 0.9774366913395987]]
18523720	[1, [0.032609935063104944, 0.967390064936895]]
49373106	[1, [0.03558402101708691, 0.9644159789829131]]
69796908	[1, [0.03469026465478087, 0.9653097353452191]]
6770342	[1, [0.022054573555455814, 0.9779454264445442]]
6571057	[1, [0.025092444092403743, 0.9749075559075963]]
5180181	[1, [0.03154535748102649, 0.9684546425189735]]
18370452	[1, [0.0347084929424315, 0.9652915070575685]]
6513315	[1, [0.03839278709580829, 0.9616072129041917]]
34854783	[1, [0.04518386147326403, 0.954816138526736]]
68217467	[1, [0.017301121705741607, 0.9826988782942584]]
89261863	[1, [0.0032922136663516843, 0.9967077863336483]]
91047422	[1, [0.04329104292411179, 0.9567089570758882]]
39034542	[1, [0.034079565727637484, 0.9659204342723625]]
89224413	[1, [0.02314286759636308, 0.9768571324036369]]
55210357	[1, [0.021213735527047195, 0.9787862644729528]]
98794602	[1, [0.032176369879696076, 0.9678236301203039]]
39061714	[1, [0.0041186984052427045, 0.9958813015947573]]
6640548	[1, [0.005216720073018322, 0.9947832799269817]]
41532280	[1, [0.031216733795646934, 0.9687832662043531]]
74832268	[1, [0.0481944941402318, 0.9518055058597682]]
67079034	[1, [0.011497122429917073, 0.9885028775700829]]
91026511	[1, [0.018846748854834616, 0.9811532511451654]]
55208545	[1, [0.026822521645849084, 0.9731774783541509]]
78400030	[1, [0.024508595738993, 0.975491404261007]]
68149799	[1, [0.037037360120229734, 0.9629626398797703]]
71950640	[1, [0.0299945882273297, 0.9700054117726703]]
52396144	[1, [0.03131867262634058, 0.9686813273736594]]
7985478	[1, [0.03133924294328316, 0.9686607570567168]]
45083739	[1, [0.04348502183055181, 0.9565149781694482]]
55139629	[1, [0.030227382297900784, 0.9697726177020992]]
6110150	[1, [0.035963518792991755, 0.9640364812070082]]
7755861	[1, [0.012549592115056796, 0.9874504078849432]]
25387563	[1, [0.012101288834516666, 0.9878987111654833]]
6537004	[1, [0.04005525853138403, 0.959944741468616]]
83523579	[1, [0.008698153046859725, 0.9913018469531403]]
93351893	[1, [0.03457529268136461, 0.9654247073186354]]
5302434	[1, [0.0030688907926201825, 0.9969311092073798]]
11372049	[1, [0.01212325976706563, 0.9878767402329344]]
6544834	[1, [0.030025832795742446, 0.9699741672042576]]
6550135	[1, [0.02186606122547663, 0.9781339387745234]]
76314198	[1, [0.0038256137947455526, 0.9961743862052544]]
63722103	[1, [0.028851985905965605, 0.9711480140940344]]
5983384	[1, [0.015267740333364754, 0.9847322596666352]]
76315738	[1, [0.009338320962265056, 0.9906616790377349]]
5980475	[1, [0.0275624898378809, 0.9724375101621191]]
13718071	[1, [0.02597289086659782, 0.9740271091334022]]
12256960	[1, [0.010203439246891155, 0.9897965607531088]]
12256039	[1, [0.024763879142133627, 0.9752361208578664]]
57729034	[1, [0.0461978154749515, 0.9538021845250485]]
16049395	[1, [0.03091984462311581, 0.9690801553768842]]
64608493	[1, [0.02158509441109069, 0.9784149055889093]]
64657806	[1, [0.032085453042955736, 0.9679145469570443]]
16053930	[1, [0.04348502183055181, 0.9565149781694482]]
72447722	[1, [0.019233300236183748, 0.9807666997638163]]
16062289	[1, [0.03184986567213122, 0.9681501343278688]]
13727005	[1, [0.021860118807637385, 0.9781398811923626]]
32272297	[1, [0.02999006296133422, 0.9700099370386658]]
13716070	[1, [0.01065479395327018, 0.9893452060467298]]
53002610	[1, [0.046137549758561214, 0.9538624502414388]]
15597867	[1, [0.016954363200419875, 0.9830456367995801]]
97260457	[1, [0.02626007463163227, 0.9737399253683677]]
40806782	[1, [0.03692835197160782, 0.9630716480283922]]
5999209	[1, [0.001710201319640836, 0.9982897986803592]]
18203580	[1, [0.02505695154354992, 0.9749430484564501]]
37000876	[1, [0.032315386263720214, 0.9676846137362798]]
97259616	[1, [0.044476753657035406, 0.9555232463429646]]
20510143	[1, [0.03607504966052255, 0.9639249503394774]]
82065729	[1, [0.0393122427770326, 0.9606877572229674]]
82085509	[1, [0.02883848538914202, 0.971161514610858]]
20473066	[1, [0.022491944967408806, 0.9775080550325912]]
95954373	[1, [0.012155104757257784, 0.9878448952427422]]
15620008	[1, [0.004082835143561336, 0.9959171648564387]]
11785736	[1, [0.01890186575632391, 0.9810981342436761]]
18229879	[1, [0.007369828198817485, 0.9926301718011825]]
95018538	[1, [0.01976407022324611, 0.9802359297767539]]
40799461	[1, [0.04618580950224027, 0.9538141904977597]]
30726555	[1, [0.048804575616201884, 0.9511954243837981]]
20500403	[1, [0.03078606775635495, 0.969213932243645]]
95958698	[1, [0.04762517170384373, 0.9523748282961563]]
18209736	[1, [0.022854721596680783, 0.9771452784033192]]
54040739	[1, [0.007268939994355739, 0.9927310600056443]]
42980839	[1, [0.04412437744054365, 0.9558756225594564]]
73143396	[1, [0.00827306094576985, 0.9917269390542301]]
45704245	[1, [0.013290503755558847, 0.9867094962444412]]
29180666	[1, [0.03657064928280718, 0.9634293507171928]]
42982046	[1, [0.013820289083463222, 0.9861797109165368]]
95846884	[1, [0.03272232460703006, 0.9672776753929699]]
17461495	[1, [0.020186845824210597, 0.9798131541757894]]
7318321	[1, [0.0415690348868587, 0.9584309651131413]]
34734272	[1, [0.025040550797690853, 0.9749594492023091]]
54076050	[1, [0.04196906033755332, 0.9580309396624467]]
9287872	[1, [0.017484561674283805, 0.9825154383257162]]
73145275	[1, [0.04729696963126573, 0.9527030303687343]]
52319710	[1, [0.0006882005147207382, 0.9993117994852793]]
73146453	[1, [0.036684429131817575, 0.9633155708681824]]
51244430	[1, [0.03204697702874926, 0.9679530229712507]]
71615881	[1, [0.046258244962849915, 0.9537417550371501]]
44248080	[1, [0.003810935649688485, 0.9961890643503115]]
22918214	[1, [0.037326129249908746, 0.9626738707500913]]
49114829	[1, [0.015937683951466552, 0.9840623160485334]]
74798976	[1, [0.02323749909719275, 0.9767625009028073]]
56716511	[1, [0.03705317574271738, 0.9629468242572826]]
41022079	[1, [0.02249739171533882, 0.9775026082846612]]
47664358	[1, [0.01585431764534251, 0.9841456823546575]]
20528169	[1, [0.002893730658215521, 0.9971062693417845]]
7680843	[1, [0.04826263765877359, 0.9517373623412264]]
87885267	[1, [0.04975143210799915, 0.9502485678920009]]
71648802	[1, [0.00700160395788707, 0.9929983960421129]]
20587441	[1, [0.01670656023574779, 0.9832934397642522]]
40078867	[1, [0.023442328336769402, 0.9765576716632306]]
33689680	[1, [0.04966970927603487, 0.9503302907239651]]
6008650	[1, [0.017657265637801234, 0.9823427343621988]]
41039716	[1, [0.025014624296723853, 0.9749853757032761]]
33725499	[1, [0.012848521005177305, 0.9871514789948227]]
75950371	[1, [0.0201069088483129, 0.9798930911516871]]
84198066	[1, [0.023433201162563533, 0.9765667988374365]]
6734241	[1, [0.03806950846319901, 0.961930491536801]]
92785065	[1, [0.022681696900866632, 0.9773183030991334]]
70615883	[1, [0.024172443852071734, 0.9758275561479283]]
7583768	[1, [0.009520318852580978, 0.990479681147419]]
6503904	[1, [0.02637899914765518, 0.9736210008523448]]
80298370	[1, [0.015755848644994908, 0.9842441513550051]]
92769073	[1, [0.012474767378937046, 0.987525232621063]]
10647161	[1, [0.027267109245560306, 0.9727328907544397]]
17482173	[1, [0.0454947239252117, 0.9545052760747883]]
55864909	[1, [0.0040715545789881125, 0.9959284454210119]]
6502020	[1, [0.022842946966001643, 0.9771570530339984]]
6730576	[1, [0.029467940986908858, 0.9705320590130911]]
48884953	[1, [0.003784372385057133, 0.9962156276149429]]
92771923	[1, [0.011823900453617364, 0.9881760995463826]]
6505860	[1, [0.03473810898644314, 0.9652618910135569]]
71065014	[1, [0.03272232460703006, 0.9672776753929699]]
48919356	[1, [0.028974508644032615, 0.9710254913559674]]
71028102	[1, [0.007268939994355739, 0.9927310600056443]]
83982392	[1, [0.02823075179318657, 0.9717692482068134]]
72969117	[1, [0.024908223301568833, 0.9750917766984312]]
10508425	[1, [0.012761879711791546, 0.9872381202882085]]
6969687	[1, [0.004609891932836674, 0.9953901080671633]]
58670474	[1, [0.02946995173183109, 0.9705300482681689]]
80424200	[1, [0.04379735584219946, 0.9562026441578005]]
92159673	[1, [0.02516524340991977, 0.9748347565900802]]
6615869	[1, [0.03746262086711338, 0.9625373791328866]]
80414364	[1, [0.021306681121959437, 0.9786933188780406]]
58675585	[1, [0.021068621843879698, 0.9789313781561203]]
5270081	[1, [0.02992016585939039, 0.9700798341406096]]
6755663	[1, [0.0023507217414738824, 0.9976492782585261]]
92989678	[1, [0.036023510719353724, 0.9639764892806463]]
74105753	[1, [0.016892668076378237, 0.9831073319236218]]
58654359	[1, [0.04589432998622234, 0.9541056700137777]]
7903887	[1, [0.03989171719071205, 0.960108282809288]]
24761844	[1, [0.033953046359202044, 0.966046953640798]]
41712531	[1, [0.03960274537889441, 0.9603972546211056]]
23724104	[1, [0.03193087894422175, 0.9680691210557782]]
80450380	[1, [0.04786903968578926, 0.9521309603142107]]
90340430	[1, [0.005329567902447985, 0.994670432097552]]
6749123	[1, [0.043567707189066995, 0.956432292810933]]
22427685	[1, [0.005037658942048884, 0.9949623410579511]]
32677079	[1, [0.040276855270782175, 0.9597231447292178]]
22494038	[1, [0.031438413827493794, 0.9685615861725062]]
86467471	[1, [0.028503918434355957, 0.971496081565644]]
47973429	[1, [0.00947882249848686, 0.9905211775015131]]
86438379	[1, [0.0043737835677916115, 0.9956262164322084]]
42340798	[1, [0.012887185629161801, 0.9871128143708382]]
41646092	[1, [0.0326470849009628, 0.9673529150990372]]
47988789	[1, [0.0283596125736566, 0.9716403874263434]]
37202061	[1, [0.037031451565459284, 0.9629685484345407]]
37195379	[1, [0.021563219455815075, 0.9784367805441849]]
42362571	[1, [0.03685228775545413, 0.9631477122445459]]
21979371	[1, [0.0027636460231726945, 0.9972363539768273]]
81449440	[1, [0.03869487330556942, 0.9613051266944306]]
93204066	[1, [0.034666567713034335, 0.9653334322869657]]
15217098	[1, [0.046148885924366945, 0.953851114075633]]
29362726	[1, [0.020751276048403544, 0.9792487239515965]]
33412248	[1, [0.03396203988517321, 0.9660379601148268]]
34151095	[1, [0.01400921603862737, 0.9859907839613726]]
63349094	[1, [0.0054524532100839185, 0.9945475467899161]]
33892218	[1, [0.04740563455739322, 0.9525943654426068]]
5773952	[1, [0.0003686663802677792, 0.9996313336197322]]
60423819	[1, [0.007121472733853107, 0.9928785272661469]]
6759227	[1, [0.02194791459213663, 0.9780520854078634]]
33865298	[1, [0.04692804204327461, 0.9530719579567254]]
31337864	[1, [0.035730349785344506, 0.9642696502146555]]
43806013	[1, [0.013459967775810044, 0.98654003222419]]
37133988	[1, [0.029214727039800215, 0.9707852729601998]]
10238900	[1, [0.02492221526358218, 0.9750777847364178]]
70239382	[1, [0.044430267624715025, 0.955569732375285]]
70236912	[1, [0.0349452204087779, 0.9650547795912221]]
47371184	[1, [0.020114241636523977, 0.979885758363476]]
27665503	[1, [0.03398517150228764, 0.9660148284977124]]
13189789	[1, [0.02171511999198672, 0.9782848800080133]]
11010748	[1, [0.019964861249670562, 0.9800351387503294]]
55708120	[1, [0.027096372519223588, 0.9729036274807764]]
57116409	[1, [0.04881773824508029, 0.9511822617549197]]
87623802	[1, [0.027523567253079584, 0.9724764327469204]]
28570552	[1, [0.009584789431267282, 0.9904152105687327]]
28117161	[1, [0.0319058708567328, 0.9680941291432672]]
43168789	[1, [0.011752789265941699, 0.9882472107340583]]
38307219	[1, [0.03094461491127587, 0.9690553850887241]]
69071670	[1, [0.039729216977200776, 0.9602707830227992]]
15360932	[1, [0.01177353021358174, 0.9882264697864183]]
26061815	[1, [0.04782347978378054, 0.9521765202162195]]
91099073	[1, [0.01931860628820392, 0.9806813937117961]]
37336885	[1, [0.020500034997410155, 0.9794999650025898]]
99901446	[1, [0.04634062880131573, 0.9536593711986843]]
56144402	[1, [0.03134407736972533, 0.9686559226302747]]
87656949	[1, [0.017707446723571496, 0.9822925532764285]]
93964694	[1, [0.016013137425406998, 0.983986862574593]]
13862364	[1, [0.033530178602650174, 0.9664698213973498]]
26040186	[1, [0.01159423243650981, 0.9884057675634902]]
19833749	[1, [0.0375984442665237, 0.9624015557334763]]
91126906	[1, [0.02961752380815552, 0.9703824761918445]]
93966137	[1, [0.024640207002320835, 0.9753597929976792]]
37361047	[1, [0.0407391819907853, 0.9592608180092147]]
14758569	[1, [0.019517509475779904, 0.9804824905242201]]
99874802	[1, [0.015339683025855089, 0.9846603169741449]]
70847468	[1, [0.029337048854961023, 0.970662951145039]]
43203549	[1, [0.029353739526853606, 0.9706462604731464]]
28466521	[1, [0.03901413624755379, 0.9609858637524462]]
37749261	[1, [0.02859809990940143, 0.9714019000905986]]
7925519	[1, [0.023453667475419326, 0.9765463325245807]]
40936194	[1, [0.026895031872758213, 0.9731049681272418]]
25016499	[1, [0.0428664258490149, 0.9571335741509851]]
25024792	[1, [0.049354796000905976, 0.950645203999094]]
37772307	[1, [0.00510548113987086, 0.9948945188601291]]
34672650	[1, [0.033726671813516074, 0.9662733281864839]]
31173443	[1, [0.047199295949086006, 0.952800704050914]]
86235220	[1, [0.016482497059030266, 0.9835175029409697]]
32568466	[1, [0.0073790152455075475, 0.9926209847544925]]
40970704	[1, [0.011608102783643548, 0.9883918972163565]]
23679617	[1, [0.0488011167332143, 0.9511988832667857]]
40956118	[1, [0.016967874594543852, 0.9830321254054561]]
37736310	[1, [0.005313689038212166, 0.9946863109617878]]
84651979	[1, [0.02001538305877637, 0.9799846169412236]]
16863811	[1, [0.012587877311806661, 0.9874121226881933]]
84623388	[1, [0.012433422524624982, 0.987566577475375]]
84598953	[1, [0.01971249863847968, 0.9802875013615203]]
31201651	[1, [0.0043627843461574445, 0.9956372156538426]]
74050082	[1, [0.025348070886332508, 0.9746519291136675]]
34630135	[1, [0.03747253890822655, 0.9625274610917735]]
15468091	[1, [0.025510715981200027, 0.9744892840188]]
16899655	[1, [0.040347808394366136, 0.9596521916056339]]
6522629	[1, [0.023582837599863238, 0.9764171624001368]]
17551967	[1, [0.037732287260445085, 0.9622677127395549]]
33242258	[1, [0.002725629218327197, 0.9972743707816728]]
89211143	[1, [0.03327621891482746, 0.9667237810851725]]
33213932	[1, [0.02992676148800788, 0.9700732385119921]]
26747818	[1, [0.029382038064278748, 0.9706179619357213]]
21470786	[1, [0.008217484932982022, 0.991782515067018]]
43286049	[1, [0.004353316947996233, 0.9956466830520038]]
83705375	[1, [0.029146306139387623, 0.9708536938606124]]
83734714	[1, [0.010754651526846626, 0.9892453484731534]]
47083273	[1, [0.04071240580043678, 0.9592875941995632]]
17577169	[1, [0.0174366295208902, 0.9825633704791098]]
31613999	[1, [0.0030208826540960576, 0.9969791173459039]]
20967241	[1, [0.033379664717774093, 0.9666203352822259]]
6286483	[1, [0.027995108788284817, 0.9720048912117152]]
73276125	[1, [0.01625895827830759, 0.9837410417216924]]
78836441	[1, [0.041858247084810896, 0.9581417529151891]]
78861806	[1, [0.04065033596379686, 0.9593496640362031]]
89199941	[1, [0.02275181026599571, 0.9772481897340043]]
65769011	[1, [0.026320830372432935, 0.9736791696275671]]
31627930	[1, [0.047226440044145446, 0.9527735599558546]]
78865990	[1, [0.03291822354323082, 0.9670817764567692]]
17593237	[1, [0.014505263872003904, 0.9854947361279961]]
31821616	[1, [0.03678112426296143, 0.9632188757370386]]
98049640	[1, [0.021661098205209006, 0.978338901794791]]
13285653	[1, [0.04081273915968198, 0.959187260840318]]
52578625	[1, [0.025471371101539075, 0.9745286288984609]]
36417297	[1, [0.022623794136451103, 0.9773762058635489]]
65258340	[1, [0.025483428415825515, 0.9745165715841745]]
17572886	[1, [0.046258244962849915, 0.9537417550371501]]
21445396	[1, [0.04429254969150198, 0.955707450308498]]
11489434	[1, [0.028103783678987027, 0.971896216321013]]
55660583	[1, [0.03017754682861884, 0.9698224531713812]]
5485877	[1, [0.01767056025622582, 0.9823294397437742]]
67128394	[1, [0.015189657881634844, 0.9848103421183652]]
42701137	[1, [0.04931297678788937, 0.9506870232121106]]
42426529	[1, [0.01051074939981167, 0.9894892506001883]]
78709497	[1, [0.03840725739405393, 0.9615927426059461]]
21099518	[1, [0.03503430770334859, 0.9649656922966514]]
96843236	[1, [0.006418823455637046, 0.993581176544363]]
96857944	[1, [0.027640521726975287, 0.9723594782730247]]
78721265	[1, [0.03235866730247472, 0.9676413326975253]]
11949542	[1, [0.042309557288704225, 0.9576904427112958]]
28865725	[1, [0.04518954518038887, 0.9548104548196111]]
67141239	[1, [0.016393665930739543, 0.9836063340692605]]
54800558	[1, [0.04169803626733948, 0.9583019637326605]]
11925110	[1, [0.02260667487812451, 0.9773933251218755]]
16592416	[1, [0.023350808365798947, 0.976649191634201]]
87994529	[1, [0.04544991034449064, 0.9545500896555094]]
42713004	[1, [0.025545994252962, 0.974454005747038]]
42410359	[1, [0.01667145663133862, 0.9833285433686614]]
42400924	[1, [0.01666384130315579, 0.9833361586968442]]
85897413	[1, [0.03900353409217905, 0.960996465907821]]
11936661	[1, [0.04348502183055181, 0.9565149781694482]]
33583109	[1, [0.04300808981491944, 0.9569919101850806]]
51501549	[1, [0.007468763751780849, 0.9925312362482192]]
89535565	[1, [0.04658202993723948, 0.9534179700627605]]
88564369	[1, [0.04290215666773811, 0.9570978433322619]]
60604562	[1, [0.007550380534217083, 0.9924496194657829]]
29605822	[1, [0.03612989495719621, 0.9638701050428038]]
60558078	[1, [0.020965660274052667, 0.9790343397259473]]
97516234	[1, [0.010565011180678097, 0.9894349888193219]]
33600163	[1, [0.04650975202029717, 0.9534902479797028]]
7969563	[1, [0.03859060893613053, 0.9614093910638695]]
93835815	[1, [0.021068621843879698, 0.9789313781561203]]
51508158	[1, [0.024650200882562978, 0.975349799117437]]
29605393	[1, [0.036225059013455296, 0.9637749409865447]]
29593977	[1, [0.03212317184561242, 0.9678768281543876]]
41483240	[1, [0.01765147723520266, 0.9823485227647973]]
41486655	[1, [0.020010957005138552, 0.9799890429948614]]
60558411	[1, [0.02091797734977119, 0.9790820226502288]]
30322641	[1, [0.019136732079954033, 0.980863267920046]]
89552404	[1, [0.012015385504341669, 0.9879846144956583]]
51480491	[1, [0.047200610917971675, 0.9527993890820283]]
42286201	[1, [0.01831352003475606, 0.9816864799652439]]
89531663	[1, [0.02755975726913973, 0.9724402427308603]]
51479233	[1, [0.041643069859790494, 0.9583569301402095]]
42308942	[1, [0.035833138793622266, 0.9641668612063777]]
61390275	[1, [0.021894982758658643, 0.9781050172413414]]
30311811	[1, [0.040207184670448815, 0.9597928153295512]]
20005108	[1, [0.04470904771748563, 0.9552909522825144]]
42290459	[1, [0.015782072472943942, 0.9842179275270561]]
16781176	[1, [0.01601844836001287, 0.9839815516399871]]
26380687	[1, [0.02578844933832214, 0.9742115506616779]]
96669678	[1, [0.026102413204469266, 0.9738975867955307]]
75986522	[1, [0.02189640046384589, 0.9781035995361541]]
11115621	[1, [0.04909957811590171, 0.9509004218840983]]
83212412	[1, [0.04139658755625775, 0.9586034124437423]]
99208178	[1, [0.007060421396355987, 0.992939578603644]]
25736859	[1, [0.002502089469549551, 0.9974979105304504]]
58218925	[1, [0.015624749543252103, 0.9843752504567479]]
89120379	[1, [0.018057132645613372, 0.9819428673543866]]
11123465	[1, [0.046258244962849915, 0.9537417550371501]]
86798950	[1, [0.025227647817850585, 0.9747723521821494]]
6999422	[1, [0.0421162120297881, 0.9578837879702119]]
26384588	[1, [0.04148420583593471, 0.9585157941640653]]
14230230	[1, [0.04600202391483188, 0.9539979760851681]]
7921776	[1, [0.04936846273465634, 0.9506315372653437]]
7581902	[1, [0.009234236954227426, 0.9907657630457726]]
11072155	[1, [0.03229832478891892, 0.9677016752110811]]
26142598	[1, [0.034379358500346346, 0.9656206414996537]]
99214790	[1, [0.022072419828388368, 0.9779275801716116]]
26368559	[1, [0.04229324592921391, 0.9577067540707861]]
96640690	[1, [0.014884778412444066, 0.9851152215875559]]
