5967232	[1, [0.008870711740917359, 0.9911292882590826]]
51791812	[1, [0.025496302259801595, 0.9745036977401984]]
5479362	[1, [0.04691629648890172, 0.9530837035110983]]
7782081	[1, [0.007230532398949552, 0.9927694676010504]]
5968393	[1, [0.009674148376838443, 0.9903258516231616]]
6109679	[1, [0.001861197510689916, 0.9981388024893101]]
52704303	[1, [0.006083905658113231, 0.9939160943418868]]
58126555	[1, [0.017935890974695612, 0.9820641090253044]]
6106915	[1, [0.0024599852569080483, 0.997540014743092]]
58175237	[1, [0.03975730059391047, 0.9602426994060895]]
7389016	[1, [0.03067035850758637, 0.9693296414924136]]
7390196	[1, [2.1106277836580034e-08, 0.9999999788937222]]
7329521	[1, [0.013388158776007075, 0.9866118412239929]]
15012493	[1, [0.00029104249947420335, 0.9997089575005258]]
7981989	[1, [0.03909643329488799, 0.960903566705112]]
61976026	[1, [0.0018075791889797799, 0.9981924208110202]]
34951649	[1, [0.03248206431289358, 0.9675179356871064]]
35837859	[1, [0.02256353519984089, 0.9774364648001591]]
9259781	[1, [0.00039816394182523585, 0.9996018360581748]]
6776607	[1, [9.35698987868383e-05, 0.9999064301012132]]
6435386	[1, [0.00037267329851053965, 0.9996273267014895]]
7646220	[1, [0.011871129929196478, 0.9881288700708035]]
99267529	[1, [0.029700737192653204, 0.9702992628073468]]
17844375	[1, [0.008383728324706685, 0.9916162716752933]]
88119125	[1, [0.009913614279331018, 0.990086385720669]]
98156458	[1, [0.012665573811444175, 0.9873344261885558]]
7646254	[1, [0.045317092373756473, 0.9546829076262435]]
7172981	[1, [1.653259985201494e-05, 0.999983467400148]]
5217228	[1, [0.002495657356788583, 0.9975043426432114]]
77270882	[1, [0.014777705299924837, 0.9852222947000752]]
91306328	[1, [0.004385692517703266, 0.9956143074822967]]
7406429	[1, [0.04599745898754093, 0.9540025410124591]]
7405148	[1, [0.012239315906081516, 0.9877606840939185]]
7805241	[1, [0.025661869221640266, 0.9743381307783597]]
90778779	[1, [0.044713908658875146, 0.9552860913411249]]
5216700	[1, [3.256205291957137e-05, 0.9999674379470804]]
20380625	[1, [0.03452702854706258, 0.9654729714529374]]
35961153	[1, [0.04064635139732131, 0.9593536486026787]]
50153970	[1, [0.010228527845096314, 0.9897714721549037]]
64025895	[1, [0.0467844642473183, 0.9532155357526817]]
5684453	[1, [0.0034965546012156734, 0.9965034453987843]]
5642315	[1, [0.005775329649902017, 0.994224670350098]]
60957800	[1, [0.004529177073903545, 0.9954708229260965]]
14813967	[1, [0.04011929939387748, 0.9598807006061225]]
5646275	[1, [0.022038010330333035, 0.977961989669667]]
5919040	[1, [0.0032290080492587414, 0.9967709919507413]]
6149323	[1, [7.652101174926429e-12, 0.9999999999923479]]
5638730	[1, [0.005865943847890853, 0.9941340561521091]]
5643367	[1, [7.617444139540464e-05, 0.9999238255586046]]
5919700	[1, [0.018243998509960724, 0.9817560014900393]]
5638390	[1, [0.04393153912565706, 0.9560684608743429]]
39244714	[1, [0.02710967138774889, 0.9728903286122511]]
52116477	[1, [0.025056541920181252, 0.9749434580798187]]
94955628	[1, [0.004216255264638424, 0.9957837447353616]]
56908745	[1, [0.021891307161557516, 0.9781086928384425]]
5237647	[1, [0.012816751597096498, 0.9871832484029035]]
86362705	[1, [0.04478986353110759, 0.9552101364688924]]
27035959	[1, [0.004849639571127939, 0.9951503604288721]]
84064836	[1, [0.01967591291793236, 0.9803240870820676]]
5237507	[1, [0.00472420830346254, 0.9952757916965375]]
6792285	[1, [0.04376947272633647, 0.9562305272736635]]
23554288	[1, [0.02764100423469429, 0.9723589957653057]]
5243923	[1, [0.00033113324448541537, 0.9996688667555146]]
27425650	[1, [0.0032195022153060915, 0.9967804977846939]]
29946442	[1, [0.04011929939387748, 0.9598807006061225]]
5649507	[1, [0.0061051889877723475, 0.9938948110122277]]
7892307	[1, [0.0002658543088016607, 0.9997341456911983]]
5243899	[1, [6.429243162198173e-05, 0.999935707568378]]
6074218	[1, [0.00035530773936642834, 0.9996446922606336]]
24291124	[1, [0.010499942839036436, 0.9895000571609636]]
5352679	[1, [0.0016070449553330368, 0.998392955044667]]
90062501	[1, [0.008214645580073454, 0.9917853544199265]]
6075019	[1, [0.0007300902380038554, 0.9992699097619961]]
90052509	[1, [0.04320225780314746, 0.9567977421968525]]
7420152	[1, [0.04553730558997626, 0.9544626944100237]]
6076182	[1, [0.022236564800888203, 0.9777634351991118]]
7422938	[1, [0.03599138115059153, 0.9640086188494085]]
6075209	[1, [0.024766513723303074, 0.9752334862766969]]
92853971	[1, [0.040177944917502706, 0.9598220550824973]]
9248486	[1, [0.0026267979117686746, 0.9973732020882313]]
25982736	[1, [0.0460043380968671, 0.9539956619031329]]
6489935	[1, [0.0021632004410512273, 0.9978367995589488]]
6451365	[1, [5.173084183240917e-11, 0.9999999999482692]]
65526173	[1, [0.032698229023594205, 0.9673017709764058]]
5986563	[1, [0.02316098923119636, 0.9768390107688036]]
10700265	[1, [0.04128687688976973, 0.9587131231102303]]
5989519	[1, [0.002806998838865704, 0.9971930011611343]]
6734824	[1, [0.048143419835516954, 0.951856580164483]]
7923711	[1, [0.02318776288366653, 0.9768122371163335]]
5986785	[1, [0.002806998838865704, 0.9971930011611343]]
7950084	[1, [0.0484974274241734, 0.9515025725758266]]
82262710	[1, [0.034147040102793236, 0.9658529598972068]]
7346510	[1, [0.010483836107282762, 0.9895161638927172]]
7348037	[1, [1.5341139740332466e-05, 0.9999846588602597]]
66469070	[1, [0.0252311009013797, 0.9747688990986203]]
76969610	[1, [0.025272965562429972, 0.97472703443757]]
5423339	[1, [0.016614575253015906, 0.9833854247469841]]
5421554	[1, [0.03584379010562855, 0.9641562098943715]]
5150017	[1, [2.8412434993629887e-07, 0.9999997158756501]]
52903308	[1, [0.014878099708054537, 0.9851219002919455]]
68864198	[1, [0.015407492246082954, 0.984592507753917]]
30886718	[1, [0.03636396534869124, 0.9636360346513088]]
7765166	[1, [0.0006228892486966897, 0.9993771107513033]]
5721308	[1, [0.015570012037358083, 0.9844299879626419]]
5380479	[1, [0.04087309725416122, 0.9591269027458388]]
87292386	[1, [0.04690894150942038, 0.9530910584905796]]
9029820	[1, [0.002260058567886025, 0.997739941432114]]
54476035	[1, [0.04525310791613002, 0.95474689208387]]
14631053	[1, [0.015452135630728447, 0.9845478643692716]]
24313864	[1, [0.04201860579108274, 0.9579813942089173]]
76789623	[1, [0.024755413939461568, 0.9752445860605384]]
54534996	[1, [0.03258449096371063, 0.9674155090362894]]
5653512	[1, [5.882148219615857e-07, 0.999999411785178]]
5550128	[1, [0.021770725655299916, 0.9782292743447001]]
74342672	[1, [0.02389375543510508, 0.9761062445648949]]
5380179	[1, [3.759630714528228e-07, 0.9999996240369285]]
6160749	[1, [0.0037182374484161507, 0.9962817625515838]]
32802355	[1, [0.03965121392622506, 0.9603487860737749]]
22029509	[1, [0.0007888663322068723, 0.9992111336677931]]
5344045	[1, [0.04979832386683436, 0.9502016761331656]]
30639128	[1, [0.030278571419050326, 0.9697214285809497]]
24831494	[1, [0.028404857171981823, 0.9715951428280182]]
35656382	[1, [0.020223206618722234, 0.9797767933812778]]
30639203	[1, [0.03764839969899059, 0.9623516003010094]]
5658359	[1, [2.1761794144481428e-08, 0.9999999782382059]]
30673555	[1, [0.016065416013330003, 0.98393458398667]]
6948667	[1, [0.03254780128652046, 0.9674521987134795]]
91206923	[1, [0.011078197047467264, 0.9889218029525327]]
5932703	[1, [0.028452747141250567, 0.9715472528587494]]
83317599	[1, [0.017404990862889158, 0.9825950091371108]]
81255830	[1, [0.013394000327201394, 0.9866059996727986]]
7225091	[1, [0.008385110900723247, 0.9916148890992768]]
5864513	[1, [0.015561660469990746, 0.9844383395300093]]
7939196	[1, [0.027721316104524996, 0.972278683895475]]
82510491	[1, [0.0003807545192393569, 0.9996192454807606]]
85345495	[1, [0.009636566631595844, 0.9903634333684042]]
5462636	[1, [0.0031541443175628903, 0.9968458556824371]]
6511969	[1, [0.04468950339514188, 0.9553104966048581]]
5463329	[1, [0.01627608525086688, 0.9837239147491331]]
57251792	[1, [0.0007174537437262263, 0.9992825462562738]]
21666555	[1, [0.04906308141411453, 0.9509369185858855]]
91870003	[1, [0.003300245106480748, 0.9966997548935193]]
56423821	[1, [0.0033333445978782628, 0.9966666554021217]]
68994222	[1, [0.0222005612302677, 0.9777994387697323]]
58422217	[1, [0.003839303257826332, 0.9961606967421737]]
94777514	[1, [0.0222005612302677, 0.9777994387697323]]
6710334	[1, [0.049472286805831045, 0.950527713194169]]
98380693	[1, [0.013654185070075542, 0.9863458149299245]]
51856556	[1, [0.027560224247796028, 0.972439775752204]]
7343416	[1, [0.010843004281498647, 0.9891569957185014]]
6707688	[1, [0.002028635847736493, 0.9979713641522635]]
5936417	[1, [0.02593634964654945, 0.9740636503534505]]
6686024	[1, [0.00023253019177338352, 0.9997674698082266]]
97999311	[1, [0.00369354275133027, 0.9963064572486697]]
6957258	[1, [0.033018815806677315, 0.9669811841933227]]
37297271	[1, [0.010936125866418456, 0.9890638741335815]]
5936419	[1, [0.008642434140252342, 0.9913575658597477]]
5936325	[1, [0.04098344306398516, 0.9590165569360148]]
6824790	[1, [0.027947252153115998, 0.972052747846884]]
5936320	[1, [0.01994874381103995, 0.98005125618896]]
5162999	[1, [0.011823493339417679, 0.9881765066605823]]
5162972	[1, [0.009523380282316696, 0.9904766197176833]]
5935927	[1, [0.0295574639199786, 0.9704425360800214]]
5162296	[1, [0.04421484878726545, 0.9557851512127346]]
6958471	[1, [0.00791392661165935, 0.9920860733883407]]
6524655	[1, [0.02256586680502537, 0.9774341331949746]]
61260463	[1, [0.02984457665846474, 0.9701554233415353]]
6626120	[1, [0.04798500634508274, 0.9520149936549173]]
96512860	[1, [0.03681093786009704, 0.963189062139903]]
96515151	[1, [0.029389859262185736, 0.9706101407378143]]
5671299	[1, [0.02037597912282718, 0.9796240208771728]]
55509540	[1, [0.03408305954583679, 0.9659169404541632]]
86526864	[1, [0.008095466455128486, 0.9919045335448715]]
84802054	[1, [0.023261182401793534, 0.9767388175982065]]
9308166	[1, [0.00628500671397092, 0.9937149932860291]]
9308307	[1, [0.00046786182990510294, 0.9995321381700949]]
55465377	[1, [0.029982734972485603, 0.9700172650275144]]
68124505	[1, [0.01522763605638966, 0.9847723639436103]]
87225264	[1, [0.014777705299924837, 0.9852222947000752]]
7666573	[1, [0.009799383973861708, 0.9902006160261383]]
17096700	[1, [0.020007484319731095, 0.9799925156802689]]
86628213	[1, [0.034147040102793236, 0.9658529598972068]]
5349458	[1, [0.04979832386683436, 0.9502016761331656]]
37522980	[1, [0.04532621333530318, 0.9546737866646968]]
7666466	[1, [0.016005758202908615, 0.9839942417970914]]
87276460	[1, [0.0038502442045913465, 0.9961497557954087]]
6835123	[1, [0.03077683857479896, 0.969223161425201]]
5232554	[1, [0.015412814671196928, 0.9845871853288031]]
71424373	[1, [0.04474258784291252, 0.9552574121570875]]
72088690	[1, [0.03227871088638179, 0.9677212891136182]]
61835215	[1, [0.0007226315032771158, 0.9992773684967229]]
5377661	[1, [0.0061051889877723475, 0.9938948110122277]]
21453963	[1, [0.03248206431289358, 0.9675179356871064]]
20972664	[1, [0.00254891348280617, 0.9974510865171938]]
57058622	[1, [0.016657181643260577, 0.9833428183567394]]
88837072	[1, [0.004704157025772537, 0.9952958429742275]]
83709551	[1, [0.04136818251681218, 0.9586318174831878]]
5374465	[1, [9.51823892865189e-05, 0.9999048176107135]]
75359199	[1, [0.012323811904572324, 0.9876761880954277]]
88640694	[1, [0.04371918808147457, 0.9562808119185254]]
45935730	[1, [0.033886750961314216, 0.9661132490386858]]
7661640	[1, [0.02614425929342179, 0.9738557407065782]]
12260991	[1, [0.027306701467692318, 0.9726932985323077]]
7321227	[1, [0.007565354921062917, 0.9924346450789371]]
6534320	[1, [0.00021177664932392481, 0.9997882233506761]]
52994787	[1, [0.03106158330374431, 0.9689384166962557]]
6058459	[1, [0.03924352970578726, 0.9607564702942127]]
64599707	[1, [0.02028425665257838, 0.9797157433474216]]
21126261	[1, [0.005914846824048969, 0.994085153175951]]
6433074	[1, [0.00016336977535114094, 0.9998366302246489]]
7882344	[1, [0.0037530880602353323, 0.9962469119397647]]
42410479	[1, [0.029479394889276644, 0.9705206051107234]]
68444180	[1, [0.008542811857438215, 0.9914571881425618]]
42728435	[1, [0.048289294422920404, 0.9517107055770796]]
79883466	[1, [0.03518949686187056, 0.9648105031381294]]
30598878	[1, [0.004512518775248497, 0.9954874812247515]]
6143937	[1, [0.03786273684033814, 0.9621372631596619]]
5808702	[1, [0.0020348387947457525, 0.9979651612052542]]
6950129	[1, [0.026058604893955062, 0.9739413951060449]]
5851639	[1, [1.4500691569718782e-07, 0.9999998549930843]]
19187825	[1, [0.011336189533091456, 0.9886638104669085]]
70058651	[1, [0.04516389451436309, 0.9548361054856369]]
37636991	[1, [0.01614936121786925, 0.9838506387821307]]
70046189	[1, [0.03340555292765146, 0.9665944470723485]]
7503971	[1, [0.04457791431707481, 0.9554220856829252]]
53140911	[1, [0.012374402217016245, 0.9876255977829838]]
5809670	[1, [0.007034881151712691, 0.9929651188482873]]
61146340	[1, [0.011569373204271427, 0.9884306267957286]]
5808792	[1, [0.0007416738285496161, 0.9992583261714504]]
6658580	[1, [0.00010831390612753289, 0.9998916860938725]]
6953302	[1, [0.013393544932272627, 0.9866064550677274]]
5809025	[1, [0.021805349501750282, 0.9781946504982497]]
5807941	[1, [0.006009608818410395, 0.9939903911815896]]
5805777	[1, [0.00014477618844199736, 0.999855223811558]]
81636740	[1, [0.012141525440143686, 0.9878584745598563]]
5591023	[1, [0.033259447856548996, 0.966740552143451]]
81653350	[1, [0.04067024020402943, 0.9593297597959706]]
5808150	[1, [0.005157671738630909, 0.9948423282613691]]
5808142	[1, [0.01871324416420861, 0.9812867558357914]]
10438970	[1, [0.04919630028862343, 0.9508036997113766]]
5807575	[1, [0.008870711740917359, 0.9911292882590826]]
59054890	[1, [0.03180263494573854, 0.9681973650542615]]
41818302	[1, [0.012374402217016245, 0.9876255977829838]]
7163993	[1, [0.0012563969231890182, 0.998743603076811]]
66162888	[1, [0.024659509300911986, 0.975340490699088]]
5581960	[1, [0.0014281096462813725, 0.9985718903537186]]
92366940	[1, [0.015650949872302422, 0.9843490501276976]]
51680828	[1, [0.01667861310368912, 0.9833213868963109]]
96420758	[1, [0.003668227252948131, 0.9963317727470519]]
66209750	[1, [0.014190052200350634, 0.9858099477996494]]
14136261	[1, [0.030682735867869737, 0.9693172641321303]]
46923774	[1, [0.045763280629905534, 0.9542367193700945]]
12413098	[1, [0.024659509300911986, 0.975340490699088]]
5248857	[1, [0.00644698253464826, 0.9935530174653517]]
5581516	[1, [0.011932683887111772, 0.9880673161128882]]
92751128	[1, [0.003839303257826332, 0.9961606967421737]]
10610297	[1, [0.04474258784291252, 0.9552574121570875]]
17516627	[1, [0.008037248954765097, 0.9919627510452349]]
64716952	[1, [0.019442145613496442, 0.9805578543865036]]
5859360	[1, [0.0024574132795518455, 0.9975425867204482]]
7774516	[1, [8.4788214153253e-05, 0.9999152117858467]]
71040258	[1, [0.017126736669466402, 0.9828732633305336]]
47631750	[1, [0.048036352698502705, 0.9519636473014973]]
5547148	[1, [0.009345669731332551, 0.9906543302686674]]
75297764	[1, [0.017883418733817158, 0.9821165812661828]]
6369227	[1, [0.0005707234640311976, 0.9994292765359688]]
99562590	[1, [0.0026075386419178725, 0.9973924613580821]]
59452643	[1, [0.037516800444527654, 0.9624831995554723]]
18510532	[1, [0.04228825386383761, 0.9577117461361624]]
6367562	[1, [0.00018973837913693892, 0.9998102616208631]]
69790871	[1, [0.026073335576423773, 0.9739266644235762]]
6369678	[1, [0.029895675263371557, 0.9701043247366284]]
49072603	[1, [0.03638615899228126, 0.9636138410077187]]
60656250	[1, [0.04828051173602377, 0.9517194882639762]]
90404282	[1, [0.045763280629905534, 0.9542367193700945]]
6699045	[1, [0.011215887785477219, 0.9887841122145228]]
5191167	[1, [2.5674667245234595e-05, 0.9999743253327548]]
57444052	[1, [0.00326061548130141, 0.9967393845186986]]
5399688	[1, [0.002712861928498289, 0.9972871380715017]]
6701199	[1, [0.04806796593790552, 0.9519320340620945]]
6873142	[1, [0.03258163282820603, 0.967418367171794]]
74403532	[1, [0.044302460974843916, 0.9556975390251561]]
74377597	[1, [0.02612178123871911, 0.9738782187612809]]
60413717	[1, [0.04768479912709245, 0.9523152008729076]]
7673882	[1, [0.0197329481918731, 0.9802670518081269]]
6873964	[1, [0.004116297744748865, 0.9958837022552511]]
13229880	[1, [0.03382287773842341, 0.9661771222615766]]
93696199	[1, [0.002915466538318534, 0.9970845334616815]]
7018908	[1, [0.00022792174952657174, 0.9997720782504734]]
5100744	[1, [5.3397653268283385e-05, 0.9999466023467317]]
5317537	[1, [0.018972188952760427, 0.9810278110472396]]
93660733	[1, [0.044329625204009626, 0.9556703747959904]]
19509811	[1, [0.04953749586217848, 0.9504625041378215]]
73193677	[1, [0.04370838757013251, 0.9562916124298675]]
95234799	[1, [0.010368358470324468, 0.9896316415296755]]
29118999	[1, [0.04532621333530318, 0.9546737866646968]]
95220480	[1, [0.02262995229840037, 0.9773700477015996]]
6576595	[1, [0.026917205852510118, 0.9730827941474899]]
7151530	[1, [0.0010173290856719808, 0.998982670914328]]
7360473	[1, [0.04420102546431537, 0.9557989745356846]]
7206875	[1, [0.04675480487528161, 0.9532451951247184]]
33178590	[1, [0.040862413526908115, 0.9591375864730919]]
7962397	[1, [0.046778269737047795, 0.9532217302629522]]
38885837	[1, [0.021755223895990383, 0.9782447761040096]]
60358181	[1, [0.004529177073903545, 0.9954708229260965]]
19780943	[1, [0.014657640693102159, 0.9853423593068978]]
6875543	[1, [0.02269405492191967, 0.9773059450780803]]
37406643	[1, [0.030972255152958095, 0.9690277448470419]]
7650015	[1, [0.012106636421458039, 0.987893363578542]]
5632418	[1, [0.04996232587276406, 0.9500376741272359]]
6853848	[1, [0.007490139253748196, 0.9925098607462518]]
6000601	[1, [0.005915487026080468, 0.9940845129739195]]
49229332	[1, [0.004547577986415363, 0.9954524220135846]]
6025463	[1, [0.01871324416420861, 0.9812867558357914]]
59202998	[1, [0.027466878636665415, 0.9725331213633346]]
6025301	[1, [0.04671399737739068, 0.9532860026226093]]
18224743	[1, [0.023451687693262335, 0.9765483123067377]]
56501504	[1, [0.04446650553057707, 0.9555334944694229]]
73531253	[1, [0.04245433156662515, 0.9575456684333749]]
56556791	[1, [0.005072172504015149, 0.9949278274959849]]
62361370	[1, [0.04308560347405099, 0.956914396525949]]
82874693	[1, [0.02699429764099881, 0.9730057023590012]]
16781438	[1, [0.009548257114699421, 0.9904517428853006]]
7810926	[1, [0.000529439841618351, 0.9994705601583816]]
57893109	[1, [0.030718200550650665, 0.9692817994493493]]
45822969	[1, [0.027749230363816713, 0.9722507696361833]]
7280116	[1, [0.03106013203119462, 0.9689398679688054]]
74941245	[1, [0.014657640693102159, 0.9853423593068978]]
86279363	[1, [0.0058933789743937925, 0.9941066210256062]]
35049345	[1, [0.0023685524094037014, 0.9976314475905963]]
38368428	[1, [0.04856563311104101, 0.951434366888959]]
45824272	[1, [0.048708221056736, 0.951291778943264]]
97955583	[1, [0.01838924725901736, 0.9816107527409826]]
9314514	[1, [0.0004476757886967553, 0.9995523242113032]]
6138171	[1, [8.265388373729365e-11, 0.9999999999173461]]
7943257	[1, [0.024240635873710947, 0.975759364126289]]
28952846	[1, [0.014371116176286503, 0.9856288838237135]]
20835117	[1, [0.031965629015813124, 0.9680343709841869]]
6046779	[1, [0.02772273496965605, 0.972277265030344]]
92452775	[1, [0.03416376203148608, 0.9658362379685139]]
7090251	[1, [0.045996426703504456, 0.9540035732964955]]
6756122	[1, [0.037501312328915515, 0.9624986876710845]]
7987150	[1, [0.027661613300606902, 0.9723383866993931]]
21910434	[1, [0.044204521892738824, 0.9557954781072612]]
74291317	[1, [0.025496302259801595, 0.9745036977401984]]
7904533	[1, [0.01270832681297851, 0.9872916731870215]]
5486501	[1, [7.638467045389952e-05, 0.9999236153295461]]
7090306	[1, [0.010590369215058848, 0.9894096307849412]]
6750825	[1, [0.04179948861731286, 0.9582005113826871]]
7109716	[1, [0.01467540854252325, 0.9853245914574768]]
15495824	[1, [0.0462264870803033, 0.9537735129196967]]
7310255	[1, [0.0001275599653687287, 0.9998724400346313]]
6868842	[1, [0.034192623812009715, 0.9658073761879903]]
74050513	[1, [0.004055728866318442, 0.9959442711336816]]
34676932	[1, [0.044329625204009626, 0.9556703747959904]]
5523428	[1, [0.04458844739210832, 0.9554115526078917]]
7007327	[1, [0.033713217701114795, 0.9662867822988852]]
7915894	[1, [0.01645089358440699, 0.983549106415593]]
90989524	[1, [0.022345028368288444, 0.9776549716317116]]
76034176	[1, [0.03224653481473727, 0.9677534651852627]]
11084809	[1, [0.03579084866055515, 0.9642091513394448]]
89140156	[1, [0.028217043743162584, 0.9717829562568374]]
76003331	[1, [0.03536689569074092, 0.9646331043092591]]
7915898	[1, [0.0324894094675543, 0.9675105905324457]]
7915899	[1, [0.021280096072044508, 0.9787199039279555]]
5797613	[1, [0.007651156431258133, 0.9923488435687419]]
7921512	[1, [0.03230479604934755, 0.9676952039506524]]
89066124	[1, [0.030682735867869737, 0.9693172641321303]]
20563998	[1, [0.016637951722641264, 0.9833620482773587]]
73247414	[1, [0.030697684326486785, 0.9693023156735132]]
6009560	[1, [0.016169294343283847, 0.9838307056567162]]
6007075	[1, [0.01290249818988698, 0.987097501810113]]
5219155	[1, [0.04650012817883176, 0.9534998718211682]]
40100877	[1, [0.024630095726712264, 0.9753699042732877]]
16736747	[1, [0.04820459356985618, 0.9517954064301438]]
5225211	[1, [0.002501147299230788, 0.9974988527007692]]
5224262	[1, [0.0011435953741825156, 0.9988564046258175]]
33708179	[1, [0.016536189256880274, 0.9834638107431197]]
6719942	[1, [0.04100291769827058, 0.9589970823017294]]
5133515	[1, [2.060193793340659e-09, 0.9999999979398062]]
81503343	[1, [0.015452135630728447, 0.9845478643692716]]
7220708	[1, [0.017571770497306183, 0.9824282295026938]]
81375980	[1, [0.04574659868741349, 0.9542534013125865]]
5542238	[1, [0.025918485456713047, 0.974081514543287]]
6045031	[1, [0.0029772491640314147, 0.9970227508359686]]
60033889	[1, [0.027696887623582578, 0.9723031123764174]]
5133520	[1, [9.56979972266403e-05, 0.9999043020027734]]
83845451	[1, [0.0020427218835035177, 0.9979572781164965]]
37196090	[1, [0.04513694243922084, 0.9548630575607792]]
6514456	[1, [0.021657952847710993, 0.978342047152289]]
89254811	[1, [0.0432016246645307, 0.9567983753354693]]
28682765	[1, [0.018593193010176257, 0.9814068069898237]]
71924520	[1, [0.04278363984949296, 0.957216360150507]]
98832068	[1, [0.028550864647919005, 0.971449135352081]]
79212013	[1, [0.044883982787112586, 0.9551160172128874]]
6112091	[1, [0.0038780850986993576, 0.9961219149013006]]
26460331	[1, [0.016709529691486313, 0.9832904703085137]]
23022113	[1, [0.04704516524601654, 0.9529548347539835]]
6991048	[1, [0.012703166298010604, 0.9872968337019894]]
7975864	[1, [0.007225597138381001, 0.992774402861619]]
7937033	[1, [0.002309844886316914, 0.9976901551136831]]
91558828	[1, [0.0390961656037615, 0.9609038343962385]]
6991055	[1, [0.009403900199191684, 0.9905960998008083]]
7975799	[1, [0.036847194897903224, 0.9631528051020968]]
5849647	[1, [0.03247716185553473, 0.9675228381444653]]
77165632	[1, [0.03521283799499819, 0.9647871620050018]]
97008058	[1, [0.036849041831060414, 0.9631509581689396]]
5849375	[1, [0.0006886427131761463, 0.9993113572868239]]
5849351	[1, [0.012896807688351886, 0.9871031923116481]]
5849376	[1, [0.0007416738285496161, 0.9992583261714504]]
24055194	[1, [0.04854457447614535, 0.9514554255238546]]
5849352	[1, [0.012136296533032165, 0.9878637034669678]]
13155718	[1, [0.026073335576423773, 0.9739266644235762]]
5848998	[1, [0.021805349501750282, 0.9781946504982497]]
5849379	[1, [0.0013806741362694108, 0.9986193258637306]]
71163440	[1, [0.004225737308440114, 0.9957742626915599]]
50980821	[1, [0.041708543813883225, 0.9582914561861168]]
5430936	[1, [0.023842198656297664, 0.9761578013437023]]
5454352	[1, [0.029795679411856124, 0.9702043205881439]]
86750896	[1, [0.0025136396376287395, 0.9974863603623713]]
5959093	[1, [0.02316098923119636, 0.9768390107688036]]
5102511	[1, [6.078937481857061e-05, 0.9999392106251814]]
5981756	[1, [0.025679007805373466, 0.9743209921946265]]
5978097	[1, [0.009674148376838443, 0.9903258516231616]]
5102512	[1, [0.04690464882892875, 0.9530953511710712]]
5102395	[1, [0.03444148737067998, 0.96555851262932]]
6545875	[1, [0.013791530429906773, 0.9862084695700932]]
7834631	[1, [0.009578388665472115, 0.9904216113345279]]
6052410	[1, [0.042423135570440085, 0.9575768644295599]]
93387992	[1, [0.007423684674306208, 0.9925763153256938]]
6548027	[1, [0.03513205462078939, 0.9648679453792106]]
5982326	[1, [0.04827230276599559, 0.9517276972340044]]
5303769	[1, [0.03636853940287599, 0.963631460597124]]
6543493	[1, [0.046825158939243994, 0.953174841060756]]
7646702	[1, [0.02715949840348353, 0.9728405015965165]]
91104685	[1, [0.02764100423469429, 0.9723589957653057]]
69081315	[1, [0.0014092947092914088, 0.9985907052907086]]
37380853	[1, [0.04953458675785394, 0.9504654132421461]]
56159693	[1, [0.014695547407746257, 0.9853044525922537]]
6866344	[1, [0.03161383772537485, 0.9683861622746252]]
43040184	[1, [0.005791938541334751, 0.9942080614586652]]
