22814022	[1, [0.016648800715174272, 0.9833511992848257]]
41297809	[1, [0.0038270948929385318, 0.9961729051070615]]
7829030	[1, [0.037495175972552475, 0.9625048240274475]]
7645614	[1, [0.01889452343655984, 0.9811054765634402]]
9122085	[1, [0.03313283943289558, 0.9668671605671044]]
7828035	[1, [0.04792060322217384, 0.9520793967778262]]
5573285	[1, [0.01698472666058115, 0.9830152733394188]]
84727935	[1, [0.04777626173670524, 0.9522237382632948]]
5114783	[1, [0.02290994858077111, 0.9770900514192289]]
7971184	[1, [0.02108428828314779, 0.9789157117168522]]
17890073	[1, [0.014207223196789465, 0.9857927768032105]]
9291701	[1, [0.018288011444446473, 0.9817119885555535]]
6092007	[1, [0.044765203735956716, 0.9552347962640433]]
62240105	[1, [0.02250676384001904, 0.977493236159981]]
7988592	[1, [0.04519370875731665, 0.9548062912426833]]
6225176	[1, [0.004715751953290881, 0.9952842480467091]]
9233975	[1, [0.02622447826386387, 0.9737755217361361]]
5573703	[1, [0.018331073144199905, 0.9816689268558001]]
7173590	[1, [0.014777648219903905, 0.9852223517800961]]
5114773	[1, [0.03961461936454336, 0.9603853806354566]]
5575015	[1, [0.02294223193502609, 0.9770577680649739]]
5112429	[1, [0.01545306893610876, 0.9845469310638912]]
38591287	[1, [0.010246242016937135, 0.9897537579830629]]
29270542	[1, [0.004234435316700869, 0.9957655646832991]]
23218115	[1, [0.02632535775724487, 0.9736746422427551]]
28961441	[1, [0.027936175281684905, 0.9720638247183151]]
76944089	[1, [0.0020312849041943526, 0.9979687150958056]]
49272520	[1, [0.01707321158440056, 0.9829267884155994]]
5553334	[1, [0.015764570532758704, 0.9842354294672413]]
97645152	[1, [0.0010389223919240465, 0.998961077608076]]
29310815	[1, [0.018240883283120457, 0.9817591167168795]]
9008861	[1, [0.016378580248222696, 0.9836214197517773]]
91664123	[1, [0.02081711498880412, 0.9791828850111959]]
5108446	[1, [0.02624478785415485, 0.9737552121458452]]
5734852	[1, [0.00858487899421867, 0.9914151210057813]]
9073401	[1, [0.02660876045954197, 0.973391239540458]]
5552728	[1, [0.01116086297705876, 0.9888391370229412]]
5554751	[1, [0.004534450007637414, 0.9954655499923626]]
39890192	[1, [0.013881989793629756, 0.9861180102063702]]
5555002	[1, [0.022816584555745756, 0.9771834154442542]]
7891357	[1, [0.005483015053936335, 0.9945169849460637]]
6447117	[1, [0.028385197784339566, 0.9716148022156604]]
98302392	[1, [0.030812309766167556, 0.9691876902338324]]
55925898	[1, [0.0281468083002836, 0.9718531916997164]]
9060488	[1, [0.04812917876137068, 0.9518708212386293]]
53863295	[1, [0.029676842193989583, 0.9703231578060104]]
98340375	[1, [0.030773356469334878, 0.9692266435306651]]
50648933	[1, [0.0341347070228083, 0.9658652929771917]]
6073509	[1, [0.019476168766542235, 0.9805238312334578]]
5353261	[1, [0.036647728245432276, 0.9633522717545677]]
50577646	[1, [0.04494199280783695, 0.955058007192163]]
27818982	[1, [0.042993905238271735, 0.9570060947617283]]
33825743	[1, [0.0010587974049788285, 0.9989412025950212]]
7963587	[1, [0.035865638126670096, 0.9641343618733299]]
7286454	[1, [0.022021333568010393, 0.9779786664319896]]
36563199	[1, [0.04787987050823961, 0.9521201294917604]]
63972226	[1, [0.040333701123601795, 0.9596662988763982]]
7229580	[1, [0.014733374067357308, 0.9852666259326427]]
9013108	[1, [0.011940019120632916, 0.9880599808793671]]
9222348	[1, [0.01544250748864362, 0.9845574925113564]]
94166668	[1, [0.019392827852573347, 0.9806071721474267]]
6930779	[1, [0.048955863453281734, 0.9510441365467183]]
5759824	[1, [0.044317097807826555, 0.9556829021921734]]
7285597	[1, [0.006887797412187147, 0.9931122025878129]]
7941919	[1, [0.04110542033330433, 0.9588945796666957]]
6491050	[1, [0.017668906541749352, 0.9823310934582506]]
7232938	[1, [0.03509748325670836, 0.9649025167432916]]
6602513	[1, [0.029431992881428615, 0.9705680071185714]]
22066980	[1, [0.0009440133073439494, 0.999055986692656]]
5335149	[1, [0.029284511110174938, 0.9707154888898251]]
7559342	[1, [0.02622416041837694, 0.9737758395816231]]
5571294	[1, [0.01609366198815454, 0.9839063380118455]]
7789274	[1, [0.004237095793984569, 0.9957629042060154]]
7540570	[1, [0.044872023329905586, 0.9551279766700944]]
7789037	[1, [0.028385197784339566, 0.9716148022156604]]
7492332	[1, [0.00839383086934975, 0.9916061691306503]]
10914888	[1, [0.014194741812500355, 0.9858052581874996]]
7489449	[1, [0.009114590861632355, 0.9908854091383676]]
7560701	[1, [0.010537870026272156, 0.9894621299737278]]
9042632	[1, [0.0358503694697373, 0.9641496305302627]]
35176038	[1, [0.019857355918023734, 0.9801426440819763]]
9309601	[1, [0.046630477387466174, 0.9533695226125338]]
7543812	[1, [0.0312505166652185, 0.9687494833347815]]
5333336	[1, [0.026523846193840295, 0.9734761538061597]]
7562803	[1, [0.03370874221746567, 0.9662912577825343]]
7493397	[1, [0.010079190101341506, 0.9899208098986585]]
7494011	[1, [0.03459312601237008, 0.9654068739876299]]
7563109	[1, [0.027455159968983955, 0.972544840031016]]
7564592	[1, [0.018701772439985165, 0.9812982275600148]]
5333905	[1, [0.020591229287189927, 0.9794087707128101]]
6170973	[1, [0.04004075987289846, 0.9599592401271015]]
7012812	[1, [0.034429854632200496, 0.9655701453677995]]
7253826	[1, [0.014733374067357308, 0.9852666259326427]]
6172392	[1, [0.04133677243870826, 0.9586632275612917]]
68465801	[1, [0.0224986300558363, 0.9775013699441637]]
9337301	[1, [0.02622447826386387, 0.9737755217361361]]
25225040	[1, [0.01579721230759812, 0.9842027876924019]]
42445898	[1, [0.016658048501050904, 0.9833419514989491]]
7253467	[1, [0.02824886938643445, 0.9717511306135656]]
9333715	[1, [0.00699610786994842, 0.9930038921300516]]
28822039	[1, [0.0033253443718095355, 0.9966746556281905]]
81029607	[1, [0.04628297353224364, 0.9537170264677564]]
9079519	[1, [0.01291072128849613, 0.9870892787115039]]
9261818	[1, [0.030803066053021633, 0.9691969339469784]]
16623859	[1, [0.03816498592120743, 0.9618350140787926]]
33855758	[1, [0.004969514407614506, 0.9950304855923855]]
5826414	[1, [0.03007374016378428, 0.9699262598362157]]
57628220	[1, [0.01954371652610698, 0.980456283473893]]
9147070	[1, [0.03062343150985003, 0.96937656849015]]
66267339	[1, [0.039826544985285595, 0.9601734550147144]]
6360803	[1, [0.011940019120632916, 0.9880599808793671]]
72568085	[1, [0.02260213571564229, 0.9773978642843577]]
5426872	[1, [0.025006787510092, 0.974993212489908]]
50799407	[1, [0.0007271859512180123, 0.999272814048782]]
5425843	[1, [0.023225454708863502, 0.9767745452911365]]
31313926	[1, [0.03878098264880425, 0.9612190173511957]]
5427831	[1, [0.03154991803251006, 0.9684500819674899]]
9119643	[1, [0.031191868423525282, 0.9688081315764747]]
5428029	[1, [0.032048194008430064, 0.9679518059915699]]
6364499	[1, [0.03862055891091998, 0.96137944108908]]
9120006	[1, [0.031690107869530415, 0.9683098921304696]]
74410009	[1, [0.03849927785507323, 0.9615007221449268]]
24860721	[1, [0.007451294900078564, 0.9925487050999214]]
51901611	[1, [0.008965970893712094, 0.9910340291062879]]
6442228	[1, [0.03849368328612257, 0.9615063167138774]]
5658923	[1, [0.031130423280593233, 0.9688695767194068]]
91161731	[1, [0.0075325777003575345, 0.9924674222996425]]
86105384	[1, [0.015578938818612054, 0.984421061181388]]
9119164	[1, [0.03186730733903387, 0.9681326926609661]]
56381573	[1, [0.023136284940896146, 0.9768637150591039]]
9118827	[1, [0.015237692954298887, 0.9847623070457011]]
98881121	[1, [0.019179642978193745, 0.9808203570218063]]
9252215	[1, [0.049092687468295204, 0.9509073125317048]]
6384319	[1, [0.03291622615426215, 0.9670837738457378]]
7228802	[1, [0.017336616090849133, 0.9826633839091509]]
5273335	[1, [0.013704278391067248, 0.9862957216089328]]
66117153	[1, [0.01001274082189263, 0.9899872591781074]]
93511284	[1, [0.04888220635505991, 0.9511177936449401]]
5320642	[1, [0.042898548698167116, 0.9571014513018329]]
42137322	[1, [0.010492288249828174, 0.9895077117501718]]
9302578	[1, [0.02167484998311331, 0.9783251500168867]]
81248871	[1, [0.026168257837855258, 0.9738317421621447]]
9044932	[1, [0.04539414784636653, 0.9546058521536335]]
9315439	[1, [0.01929925812687605, 0.980700741873124]]
9316128	[1, [0.02118649021014596, 0.978813509789854]]
7913238	[1, [0.0364636785063186, 0.9635363214936814]]
89346542	[1, [0.03872612838813472, 0.9612738716118653]]
9307605	[1, [0.024193988362323338, 0.9758060116376767]]
9113780	[1, [0.01632802731102867, 0.9836719726889713]]
6708511	[1, [0.046053874887096224, 0.9539461251129038]]
44810429	[1, [0.0007930659984380917, 0.9992069340015619]]
9113756	[1, [0.015458436372418505, 0.9845415636275815]]
7859939	[1, [0.028768930781517543, 0.9712310692184825]]
77364814	[1, [0.007758533528489209, 0.9922414664715108]]
15034677	[1, [0.010717829858174488, 0.9892821701418255]]
30172745	[1, [0.005607408109189249, 0.9943925918908108]]
5545120	[1, [0.0020328030815764953, 0.9979671969184235]]
5185206	[1, [0.002166074768329307, 0.9978339252316707]]
9089133	[1, [0.035378325623368734, 0.9646216743766313]]
69809274	[1, [0.028833756717146053, 0.971166243282854]]
5186040	[1, [0.048817023848467755, 0.9511829761515322]]
6509311	[1, [0.013118335914113155, 0.9868816640858868]]
44918381	[1, [0.01444848525780873, 0.9855515147421913]]
5464176	[1, [0.02813040095556063, 0.9718695990444394]]
9078068	[1, [0.04775560729785966, 0.9522443927021403]]
57245948	[1, [0.046305024288988306, 0.9536949757110117]]
5464160	[1, [0.004642162375925962, 0.995357837624074]]
9012491	[1, [0.026897436250058693, 0.9731025637499413]]
5457844	[1, [0.01811816570727176, 0.9818818342927282]]
5461048	[1, [0.006529626556659673, 0.9934703734433403]]
9069414	[1, [0.011240159783386217, 0.9887598402166138]]
9015477	[1, [0.023372328779277418, 0.9766276712207226]]
7989915	[1, [0.03648917378587491, 0.9635108262141251]]
9015547	[1, [0.026096943103493975, 0.973903056896506]]
6262121	[1, [0.029431992881428615, 0.9705680071185714]]
69167962	[1, [0.0035038790625460114, 0.996496120937454]]
5456028	[1, [0.0056323247747041005, 0.9943676752252959]]
7747516	[1, [0.035739695501472046, 0.964260304498528]]
5461432	[1, [0.042286129233011005, 0.957713870766989]]
63048348	[1, [0.0016812866007581695, 0.9983187133992418]]
9012796	[1, [0.014532041092348957, 0.985467958907651]]
9082809	[1, [0.017076609992047298, 0.9829233900079527]]
6477036	[1, [0.04414335478080034, 0.9558566452191997]]
6484685	[1, [0.024106126312568144, 0.9758938736874319]]
7783737	[1, [0.03866884651172464, 0.9613311534882754]]
5311658	[1, [0.03099714196129011, 0.9690028580387099]]
7577250	[1, [0.04004075987289846, 0.9599592401271015]]
7398312	[1, [0.008852106285854089, 0.9911478937141459]]
37994790	[1, [0.0006619979437197943, 0.9993380020562802]]
5454168	[1, [0.00927968567081372, 0.9907203143291863]]
5431368	[1, [0.025703125554228046, 0.974296874445772]]
39528191	[1, [0.042316653013339645, 0.9576833469866604]]
86745959	[1, [0.02949811480823472, 0.9705018851917653]]
5312736	[1, [0.0075270621030412155, 0.9924729378969588]]
5431809	[1, [0.02519792979979052, 0.9748020702002095]]
38053517	[1, [0.0222966694293667, 0.9777033305706333]]
6634869	[1, [0.046003051507500836, 0.9539969484924992]]
7212701	[1, [0.03684053239375762, 0.9631594676062424]]
7643305	[1, [0.0184441687923248, 0.9815558312076752]]
9150253	[1, [0.03944208717393416, 0.9605579128260658]]
6174990	[1, [0.008086510006999559, 0.9919134899930004]]
6019867	[1, [0.002397103722352134, 0.9976028962776479]]
15129687	[1, [0.022822570658849295, 0.9771774293411507]]
9072088	[1, [0.017076609992047298, 0.9829233900079527]]
9150566	[1, [0.04281617780159841, 0.9571838221984016]]
9150513	[1, [0.030803066053021633, 0.9691969339469784]]
44989628	[1, [0.04563716609977342, 0.9543628339002266]]
75774117	[1, [0.005249624536728392, 0.9947503754632716]]
98002294	[1, [0.047454429263752096, 0.9525455707362479]]
9300279	[1, [0.033034063177518114, 0.9669659368224819]]
6020474	[1, [0.041297513230350136, 0.9587024867696499]]
7642879	[1, [0.021262981669309178, 0.9787370183306908]]
6458667	[1, [0.032877310600303855, 0.9671226893996961]]
9301044	[1, [0.03966740836594285, 0.9603325916340572]]
6018943	[1, [0.02750904881651539, 0.9724909511834846]]
42200483	[1, [0.035874787699589405, 0.9641252123004106]]
44341587	[1, [0.03323460228231878, 0.9667653977176812]]
68560550	[1, [0.04397085260110578, 0.9560291473988942]]
24063741	[1, [0.03101924069617823, 0.9689807593038218]]
27969806	[1, [0.0030131410716046636, 0.9969868589283953]]
31884144	[1, [0.02274424598161806, 0.9772557540183819]]
7734042	[1, [0.03897259814726972, 0.9610274018527303]]
9149766	[1, [0.015570040819996134, 0.9844299591800039]]
9191654	[1, [0.018767880865871223, 0.9812321191341288]]
48735448	[1, [0.02153646788773622, 0.9784635321122638]]
7657346	[1, [0.03369050350732783, 0.9663094964926722]]
6797544	[1, [0.011398646007896085, 0.9886013539921039]]
7733695	[1, [0.007192420727210602, 0.9928075792727894]]
28791042	[1, [0.00775456799598806, 0.9922454320040119]]
7293653	[1, [0.04835937808585944, 0.9516406219141406]]
52010715	[1, [0.020838066717037806, 0.9791619332829622]]
7973229	[1, [0.048626617412671824, 0.9513733825873282]]
40688720	[1, [0.024407181461188143, 0.9755928185388119]]
5780739	[1, [0.04066723692257579, 0.9593327630774242]]
51856616	[1, [0.038247038460888616, 0.9617529615391114]]
52022573	[1, [0.03986460205520581, 0.9601353979447942]]
16130590	[1, [0.002882636957287632, 0.9971173630427124]]
7664811	[1, [0.01019623985930651, 0.9898037601406935]]
6067902	[1, [0.014640130563713827, 0.9853598694362862]]
51972286	[1, [0.015893947707336875, 0.9841060522926631]]
51834862	[1, [0.03200139069199137, 0.9679986093080086]]
68321307	[1, [0.02764022619257811, 0.9723597738074219]]
9279243	[1, [0.028831534973766115, 0.9711684650262339]]
18661989	[1, [0.0011528151062961678, 0.9988471848937038]]
99350694	[1, [0.02800820219000255, 0.9719917978099974]]
9321894	[1, [0.04333128371355954, 0.9566687162864405]]
7257720	[1, [0.03032441172743705, 0.969675588272563]]
5410159	[1, [0.01730659922078681, 0.9826934007792132]]
64208526	[1, [0.02524372365089045, 0.9747562763491096]]
42035840	[1, [0.0028031189136872303, 0.9971968810863128]]
72261216	[1, [0.008178860619387551, 0.9918211393806124]]
6270340	[1, [0.033215221030003406, 0.9667847789699966]]
86496769	[1, [0.01571965114133056, 0.9842803488586694]]
27325077	[1, [0.006439227470014797, 0.9935607725299852]]
20336749	[1, [0.015458451612690993, 0.984541548387309]]
9125930	[1, [0.018826418685984114, 0.9811735813140159]]
6194829	[1, [0.009745072835571023, 0.990254927164429]]
5423729	[1, [0.03781403179740683, 0.9621859682025932]]
9281801	[1, [0.01076405090953303, 0.989235949090467]]
30927045	[1, [0.036517908769090224, 0.9634820912309098]]
6194704	[1, [0.0014683937671272629, 0.9985316062328727]]
5423887	[1, [0.0021380643716847336, 0.9978619356283153]]
5326511	[1, [0.02675634551536321, 0.9732436544846368]]
30422285	[1, [0.006484956934917019, 0.993515043065083]]
9058468	[1, [0.023372328779277418, 0.9766276712207226]]
38836564	[1, [0.028283552681238278, 0.9717164473187617]]
7766304	[1, [0.03941818869995317, 0.9605818113000468]]
58962942	[1, [0.000935800593808267, 0.9990641994061917]]
7767004	[1, [0.03952955838354233, 0.9604704416164577]]
9057858	[1, [0.018826418685984114, 0.9811735813140159]]
9087227	[1, [0.04966107511201334, 0.9503389248879867]]
5724200	[1, [0.032144517738979195, 0.9678554822610208]]
76734980	[1, [0.010140081339178653, 0.9898599186608213]]
5723409	[1, [0.028735641491757002, 0.971264358508243]]
7745606	[1, [0.02647649318137668, 0.9735235068186233]]
5725045	[1, [0.01395296083491615, 0.9860470391650838]]
5530718	[1, [0.037061039636188564, 0.9629389603638114]]
7745122	[1, [0.0399194902678387, 0.9600805097321613]]
14628582	[1, [0.011853840242651792, 0.9881461597573482]]
75093427	[1, [0.028421999427187705, 0.9715780005728123]]
5725413	[1, [0.026523846193840295, 0.9734761538061597]]
5725514	[1, [0.044309587982342746, 0.9556904120176573]]
5551855	[1, [0.003338434723315631, 0.9966615652766844]]
5724986	[1, [0.03694998554919282, 0.9630500144508072]]
14613677	[1, [0.0006663807151168211, 0.9993336192848832]]
5550905	[1, [0.003613978558896336, 0.9963860214411037]]
9085963	[1, [0.022816584555745756, 0.9771834154442542]]
5653022	[1, [0.009709566042787943, 0.9902904339572121]]
5533937	[1, [0.034995898388575086, 0.9650041016114249]]
5533602	[1, [0.011560290131376605, 0.9884397098686234]]
31624455	[1, [0.0045871063631277575, 0.9954128936368722]]
7741324	[1, [0.0010632181615360947, 0.9989367818384639]]
31853188	[1, [0.015578938818612054, 0.984421061181388]]
43244487	[1, [0.018406921818334032, 0.981593078181666]]
9110762	[1, [0.04364476850291654, 0.9563552314970835]]
7738666	[1, [0.04515799488368388, 0.9548420051163161]]
6290309	[1, [0.013097241669796977, 0.986902758330203]]
26723573	[1, [0.01854965070038339, 0.9814503492996166]]
7696134	[1, [0.020131830365439085, 0.9798681696345609]]
6281139	[1, [0.04783642007234634, 0.9521635799276537]]
33233211	[1, [0.0314372983370419, 0.9685627016629581]]
65239240	[1, [0.020412581173356426, 0.9795874188266436]]
47114082	[1, [0.04839982894968731, 0.9516001710503127]]
7271502	[1, [0.0004450430400559924, 0.999554956959944]]
75923902	[1, [0.04664762051966054, 0.9533523794803395]]
14445415	[1, [0.029146557132363804, 0.9708534428676362]]
7194509	[1, [0.0288601624349637, 0.9711398375650363]]
7192753	[1, [0.019626267032835543, 0.9803737329671645]]
16741670	[1, [0.009798004705784069, 0.9902019952942159]]
40031515	[1, [0.001632545242379435, 0.9983674547576206]]
26240231	[1, [0.04324560207425143, 0.9567543979257486]]
6012318	[1, [0.014727455958405744, 0.9852725440415943]]
7574709	[1, [0.024210768206669897, 0.9757892317933301]]
6009400	[1, [0.010270148722975936, 0.9897298512770241]]
6221980	[1, [0.0472094897223696, 0.9527905102776304]]
5727794	[1, [0.022296612510290248, 0.9777033874897098]]
7933902	[1, [0.04932306562609701, 0.950676934373903]]
6222360	[1, [0.03684053239375762, 0.9631594676062424]]
6837318	[1, [0.003064279741424536, 0.9969357202585755]]
5742050	[1, [0.031130423280593233, 0.9688695767194068]]
6177525	[1, [0.032238788243801775, 0.9677612117561982]]
38178745	[1, [0.0459210136209115, 0.9540789863790885]]
7955536	[1, [0.041120562672010585, 0.9588794373279894]]
6217037	[1, [0.007168601332274149, 0.9928313986677259]]
7801195	[1, [0.04415521898635244, 0.9558447810136476]]
6835281	[1, [0.01111556845656203, 0.988884431543438]]
7974869	[1, [0.007612479100527869, 0.9923875208994721]]
85235051	[1, [0.014712331472597873, 0.9852876685274021]]
9046147	[1, [0.046113844371156176, 0.9538861556288438]]
5269067	[1, [0.02472744382914671, 0.9752725561708533]]
9076594	[1, [0.028377487607310736, 0.9716225123926893]]
7908002	[1, [0.008253331673909514, 0.9917466683260905]]
73020594	[1, [0.012693484851403647, 0.9873065151485964]]
6973656	[1, [0.049348294890615985, 0.950651705109384]]
9076188	[1, [0.02156722538279776, 0.9784327746172022]]
9076170	[1, [0.021723706895324546, 0.9782762931046755]]
93457359	[1, [0.010240822499296476, 0.9897591775007035]]
7907988	[1, [0.02315772712974451, 0.9768422728702555]]
12972162	[1, [0.0007763076077468289, 0.9992236923922532]]
5266870	[1, [0.01933545404672643, 0.9806645459532736]]
48852163	[1, [0.00631863887581019, 0.9936813611241898]]
5714738	[1, [0.028385197784339566, 0.9716148022156604]]
19715199	[1, [0.04326628104680441, 0.9567337189531956]]
5720458	[1, [0.026818800903991913, 0.9731811990960081]]
19288713	[1, [0.0006700882582302281, 0.9993299117417698]]
5700438	[1, [0.02094523421401817, 0.9790547657859818]]
7351093	[1, [0.024400195365088417, 0.9755998046349116]]
59117883	[1, [0.014134327933541746, 0.9858656720664583]]
45850342	[1, [0.003992431377561112, 0.9960075686224389]]
67669157	[1, [0.041286362211913064, 0.9587136377880869]]
83025142	[1, [0.026294220857012496, 0.9737057791429875]]
7434756	[1, [0.013963114323420345, 0.9860368856765797]]
7259732	[1, [0.023982791553619598, 0.9760172084463804]]
7441051	[1, [0.009040107912100526, 0.9909598920878995]]
12300576	[1, [0.017161388154655843, 0.9828386118453442]]
5191447	[1, [0.04435312538630298, 0.955646874613697]]
34402486	[1, [0.0013664820122079036, 0.9986335179877921]]
9084677	[1, [0.04732883883025529, 0.9526711611697447]]
79189450	[1, [0.04238525161330442, 0.9576147483866956]]
9241164	[1, [0.01620173678219239, 0.9837982632178076]]
5192689	[1, [0.004536428634338341, 0.9954635713656617]]
34340932	[1, [0.0008293068315500252, 0.99917069316845]]
7172558	[1, [0.03919385258397956, 0.9608061474160204]]
5397302	[1, [0.0018630063627177451, 0.9981369936372823]]
7970102	[1, [0.04295687191511055, 0.9570431280848894]]
5397294	[1, [0.0006755292633942034, 0.9993244707366058]]
40458540	[1, [0.004297182378436681, 0.9957028176215633]]
9053465	[1, [0.019741585309743126, 0.9802584146902569]]
81908573	[1, [0.0231078070928995, 0.9768921929071005]]
79200934	[1, [0.04257981764413499, 0.957420182355865]]
5397233	[1, [0.01292722027629889, 0.9870727797237011]]
85469138	[1, [0.006944271089459053, 0.993055728910541]]
5397280	[1, [0.04665049749065142, 0.9533495025093486]]
7969952	[1, [0.014054075089854234, 0.9859459249101458]]
35446547	[1, [0.010400610809023991, 0.989599389190976]]
9313507	[1, [0.04822591983817892, 0.9517740801618211]]
89914734	[1, [0.035992246408450224, 0.9640077535915498]]
7117361	[1, [0.014876331305591184, 0.9851236686944088]]
74661684	[1, [0.018175685065083158, 0.9818243149349168]]
11549309	[1, [0.04970767539032328, 0.9502923246096767]]
9313446	[1, [0.03596241190634142, 0.9640375880936586]]
28943955	[1, [0.02080866023657668, 0.9791913397634233]]
35462539	[1, [0.0004949233930637842, 0.9995050766069362]]
5195004	[1, [0.04435312538630298, 0.955646874613697]]
6046663	[1, [0.019229624927342925, 0.9807703750726571]]
9081036	[1, [0.01902890534212187, 0.9809710946578781]]
74606339	[1, [0.020190581868528956, 0.979809418131471]]
7453823	[1, [0.04779877689591938, 0.9522012231040806]]
46633494	[1, [0.04518642635366055, 0.9548135736463395]]
17058379	[1, [0.005785634285595864, 0.9942143657144041]]
7895373	[1, [0.02295124461413034, 0.9770487553858697]]
9029256	[1, [0.021475760025448487, 0.9785242399745515]]
9141223	[1, [0.03066567344307436, 0.9693343265569256]]
7893618	[1, [0.002734901852520788, 0.9972650981474792]]
6396808	[1, [0.03725092742923275, 0.9627490725707673]]
9141015	[1, [0.015834099155475734, 0.9841659008445243]]
38207385	[1, [0.03483682546833089, 0.9651631745316691]]
5351081	[1, [0.013022887386074822, 0.9869771126139252]]
9326597	[1, [0.02279732055428141, 0.9772026794457186]]
70676510	[1, [0.027601239977813163, 0.9723987600221868]]
7460331	[1, [0.020663591668363512, 0.9793364083316365]]
45890614	[1, [0.0013015233133729653, 0.998698476686627]]
9136495	[1, [0.021907001176614482, 0.9780929988233855]]
91293868	[1, [0.048076328017776726, 0.9519236719822233]]
5706265	[1, [0.02173616185262528, 0.9782638381473747]]
5706264	[1, [0.045437648384965335, 0.9545623516150347]]
5707330	[1, [0.026818800903991913, 0.9731811990960081]]
29723167	[1, [0.03940766496975978, 0.9605923350302402]]
7663026	[1, [0.02229865000696485, 0.9777013499930352]]
7956504	[1, [0.035858036137072946, 0.964141963862927]]
5626884	[1, [0.013522376631373567, 0.9864776233686264]]
16017603	[1, [0.03526578375971401, 0.964734216240286]]
6100172	[1, [0.029233616442708166, 0.9707663835572918]]
41841095	[1, [0.01480061103059005, 0.98519938896941]]
9103984	[1, [0.015243027711049129, 0.9847569722889509]]
7407151	[1, [0.038137306683206806, 0.9618626933167932]]
9010505	[1, [0.039301307953549136, 0.9606986920464509]]
9109545	[1, [0.04439845982274604, 0.955601540177254]]
99085826	[1, [0.048428799776158216, 0.9515712002238418]]
6098811	[1, [0.0027383753004719402, 0.9972616246995281]]
5602650	[1, [0.049656286426912, 0.950343713573088]]
6629544	[1, [0.03155919321834599, 0.968440806781654]]
30233949	[1, [0.031127802879558963, 0.968872197120441]]
75147772	[1, [0.034538134774989016, 0.965461865225011]]
6399539	[1, [0.004715751953290881, 0.9952842480467091]]
68805852	[1, [0.014903523982664257, 0.9850964760173357]]
6398941	[1, [0.04123143656681094, 0.9587685634331891]]
78058898	[1, [0.04414370386997257, 0.9558562961300274]]
13438252	[1, [0.016615029139846138, 0.9833849708601539]]
28425809	[1, [0.03221703114608354, 0.9677829688539165]]
56260482	[1, [0.026027364577554057, 0.9739726354224459]]
6402401	[1, [0.009966356457306258, 0.9900336435426937]]
6406623	[1, [0.03407400790068282, 0.9659259920993172]]
7960659	[1, [0.035798899080682234, 0.9642011009193178]]
6237110	[1, [0.028385197784339566, 0.9716148022156604]]
89711190	[1, [0.007956088340841494, 0.9920439116591585]]
6206295	[1, [0.04004075987289846, 0.9599592401271015]]
62266530	[1, [0.010172577260945004, 0.989827422739055]]
6413158	[1, [0.0102485230463909, 0.9897514769536091]]
44028905	[1, [0.015445105297957062, 0.9845548947020429]]
6207198	[1, [0.013229142855833431, 0.9867708571441666]]
6411220	[1, [0.026818800903991913, 0.9731811990960081]]
28367920	[1, [0.005091374122876635, 0.9949086258771234]]
35876254	[1, [0.0018706603276711364, 0.9981293396723289]]
6411405	[1, [0.0065608466315724145, 0.9934391533684276]]
7947104	[1, [0.024041012693562402, 0.9759589873064376]]
6403093	[1, [0.049752523372279756, 0.9502474766277202]]
5751361	[1, [0.03345982916500512, 0.9665401708349949]]
6409220	[1, [0.023649234479423353, 0.9763507655205766]]
9341789	[1, [0.018442159600231434, 0.9815578403997686]]
6235701	[1, [0.004556933867846391, 0.9954430661321536]]
9341791	[1, [0.032049332264582064, 0.9679506677354179]]
7925235	[1, [0.033495715091554135, 0.9665042849084459]]
84616793	[1, [0.02410978359674021, 0.9758902164032598]]
7241037	[1, [0.04156322027536985, 0.9584367797246302]]
7310878	[1, [0.03509748325670836, 0.9649025167432916]]
7307873	[1, [0.012538433635778223, 0.9874615663642218]]
7307588	[1, [0.022987710356007662, 0.9770122896439923]]
5524804	[1, [0.007877754140098059, 0.9921222458599019]]
9156194	[1, [0.039423254512301886, 0.9605767454876981]]
7240277	[1, [0.006313364756863615, 0.9936866352431364]]
6519290	[1, [0.009136013951068, 0.990863986048932]]
6522033	[1, [0.023213518168127556, 0.9767864818318724]]
6117911	[1, [0.02513137977498847, 0.9748686202250115]]
7109137	[1, [0.04310623383732515, 0.9568937661626749]]
19323761	[1, [0.0010540615634910822, 0.9989459384365089]]
7313550	[1, [0.005859031224363709, 0.9941409687756363]]
86220522	[1, [0.024484804819048245, 0.9755151951809518]]
32531465	[1, [0.019468147996282603, 0.9805318520037174]]
9156067	[1, [0.03699270595867188, 0.9630072940413281]]
6119333	[1, [0.016668500717523793, 0.9833314992824762]]
31198520	[1, [0.00803513281830126, 0.9919648671816987]]
34846920	[1, [0.018845090927134267, 0.9811549090728657]]
35383863	[1, [0.01737190435191993, 0.9826280956480801]]
26469931	[1, [0.017151057431748162, 0.9828489425682518]]
46437809	[1, [0.04246846215170774, 0.9575315378482923]]
46418067	[1, [0.031584422506965804, 0.9684155774930342]]
71929792	[1, [0.0038221881707238836, 0.9961778118292761]]
45115845	[1, [0.0024509083833781364, 0.9975490916166219]]
7926065	[1, [0.012457861927766212, 0.9875421380722338]]
23028914	[1, [0.025813043860515306, 0.9741869561394847]]
9048343	[1, [0.04873269226129495, 0.951267307738705]]
6112439	[1, [0.0021335766251129318, 0.9978664233748871]]
28730603	[1, [0.04941690805946308, 0.9505830919405369]]
89261863	[1, [0.03434033080520715, 0.9656596691947928]]
9074359	[1, [0.018288011444446473, 0.9817119885555535]]
34874696	[1, [0.03340292383200272, 0.9665970761679973]]
6515584	[1, [0.012941631344603688, 0.9870583686553963]]
9092014	[1, [0.024382733457544492, 0.9756172665424555]]
9128584	[1, [0.04384944813989056, 0.9561505518601094]]
9091474	[1, [0.008672882950676919, 0.9913271170493231]]
5259381	[1, [0.016473769630248603, 0.9835262303697514]]
9204593	[1, [0.04148963757071522, 0.9585103624292848]]
7785534	[1, [0.04004075987289846, 0.9599592401271015]]
5261423	[1, [0.02618257616142161, 0.9738174238385784]]
81821077	[1, [0.016596014909511125, 0.9834039850904889]]
9091522	[1, [0.046658325859291305, 0.9533416741407087]]
9091507	[1, [0.037542134681013195, 0.9624578653189868]]
6201237	[1, [0.013852932718932509, 0.9861470672810675]]
9216638	[1, [0.013517018311290818, 0.9864829816887092]]
75419558	[1, [0.03940766496975978, 0.9605923350302402]]
7788642	[1, [0.0020072114011042697, 0.9979927885988957]]
34952900	[1, [0.03591644549121065, 0.9640835545087894]]
9105322	[1, [0.010153051318013695, 0.9898469486819863]]
42644399	[1, [0.02021351929584303, 0.979786480704157]]
9106313	[1, [0.010835481758900811, 0.9891645182410992]]
9233160	[1, [0.03374406524787654, 0.9662559347521235]]
7796547	[1, [0.04894336795493326, 0.9510566320450667]]
46147207	[1, [0.012652177685071986, 0.987347822314928]]
7981859	[1, [0.03268085314450908, 0.9673191468554909]]
97395195	[1, [0.032778420880889114, 0.9672215791191109]]
35999435	[1, [0.0009220530283430284, 0.999077946971657]]
41227498	[1, [0.043721782292054034, 0.956278217707946]]
93131079	[1, [0.015732910422343482, 0.9842670895776565]]
7406376	[1, [0.0052861737133717, 0.9947138262866283]]
50517034	[1, [0.015610903797219078, 0.9843890962027809]]
9100397	[1, [0.019889902325714637, 0.9801100976742854]]
6331476	[1, [0.012457861927766212, 0.9875421380722338]]
7945237	[1, [0.018867637746579957, 0.98113236225342]]
90802453	[1, [0.011490975110715396, 0.9885090248892846]]
30113729	[1, [0.03907387974340426, 0.9609261202565957]]
9083796	[1, [0.018582494121512694, 0.9814175058784873]]
6339718	[1, [0.01736511259392215, 0.9826348874060779]]
9112089	[1, [0.03089840817729117, 0.9691015918227088]]
9277489	[1, [0.03062343150985003, 0.96937656849015]]
9083082	[1, [0.04327749279600934, 0.9567225072039907]]
7551559	[1, [0.04331185317436759, 0.9566881468256324]]
7803837	[1, [0.03414168751427238, 0.9658583124857276]]
7556595	[1, [0.013974008855565878, 0.9860259911444341]]
6339541	[1, [0.024417656805189814, 0.9755823431948102]]
30109204	[1, [0.015497768044718918, 0.9845022319552811]]
7500263	[1, [0.04579121055323876, 0.9542087894467612]]
7495490	[1, [0.023395054315332064, 0.9766049456846679]]
6844313	[1, [0.04417350856186564, 0.9558264914381344]]
5684155	[1, [0.01813109248837297, 0.981868907511627]]
96324634	[1, [0.005964048090143503, 0.9940359519098565]]
9147915	[1, [0.028831534973766115, 0.9711684650262339]]
5685936	[1, [0.0062640691350356326, 0.9937359308649644]]
36649783	[1, [0.00865243040232011, 0.9913475695976799]]
5694000	[1, [0.026596385617854268, 0.9734036143821457]]
90889978	[1, [0.017156450767385256, 0.9828435492326147]]
9152616	[1, [0.03817179280276661, 0.9618282071972334]]
6843644	[1, [0.0016833271772518366, 0.9983166728227482]]
7497492	[1, [0.00823047646792019, 0.9917695235320798]]
5927649	[1, [0.03762413554140975, 0.9623758644585902]]
7735718	[1, [0.04704779387086233, 0.9529522061291377]]
7149533	[1, [0.02191158497915402, 0.978088415020846]]
7737320	[1, [0.018959109367049143, 0.9810408906329509]]
7792869	[1, [0.0021246707055563308, 0.9978753292944437]]
7685544	[1, [0.03732988911111201, 0.962670110888888]]
6417714	[1, [0.046933298755318376, 0.9530667012446816]]
73116398	[1, [0.04135716148322932, 0.9586428385167707]]
9121658	[1, [0.03237494355236736, 0.9676250564476326]]
34701049	[1, [0.014588011860950711, 0.9854119881390493]]
7020147	[1, [0.035589102511370374, 0.9644108974886296]]
9127655	[1, [0.017336616090849133, 0.9826633839091509]]
19486545	[1, [0.015127911444496656, 0.9848720885555033]]
51294742	[1, [0.001335981129597763, 0.9986640188704022]]
7317874	[1, [0.02116833901601667, 0.9788316609839833]]
9128403	[1, [0.0297346253621924, 0.9702653746378076]]
5315766	[1, [0.0338245761345215, 0.9661754238654785]]
95212768	[1, [0.011491950267444762, 0.9885080497325552]]
95792394	[1, [0.03053641226009507, 0.9694635877399049]]
7316760	[1, [0.0019285204730884464, 0.9980714795269116]]
21578719	[1, [0.0010309784915514264, 0.9989690215084486]]
7506468	[1, [0.0030096005766105938, 0.9969903994233894]]
6185998	[1, [0.017031238466333143, 0.9829687615336669]]
5713967	[1, [0.023712303032344506, 0.9762876969676555]]
9103863	[1, [0.017019908965401287, 0.9829800910345987]]
79529242	[1, [0.03660094091372312, 0.9633990590862769]]
9112438	[1, [0.02394503542930515, 0.9760549645706948]]
38981834	[1, [0.01887727040143028, 0.9811227295985697]]
7950388	[1, [0.03798467666549521, 0.9620153233345048]]
7905477	[1, [0.0399194902678387, 0.9600805097321613]]
7505623	[1, [0.006633855855261994, 0.993366144144738]]
6953530	[1, [0.0486715562849368, 0.9513284437150632]]
5611070	[1, [0.04098294529535906, 0.9590170547046409]]
6185306	[1, [0.029307979037196508, 0.9706920209628035]]
5714234	[1, [0.034223888340237485, 0.9657761116597625]]
5714175	[1, [0.011885250819171134, 0.9881147491808289]]
79547504	[1, [0.04497616571315122, 0.9550238342868488]]
7502076	[1, [0.01221942185161129, 0.9877805781483887]]
84098533	[1, [0.04444748796865283, 0.9555525120313472]]
68695027	[1, [0.005640354528231306, 0.9943596454717687]]
23334572	[1, [0.04789077248440021, 0.9521092275155998]]
9011705	[1, [0.023372328779277418, 0.9766276712207226]]
9332975	[1, [0.02422350826767994, 0.9757764917323201]]
9098865	[1, [0.0452353473811119, 0.9547646526188881]]
9062518	[1, [0.010270148722975936, 0.9897298512770241]]
5356862	[1, [0.035982481165737545, 0.9640175188342625]]
14071905	[1, [0.006120326569295398, 0.9938796734307046]]
9012157	[1, [0.02732196881991711, 0.9726780311800829]]
27031680	[1, [0.0030131410716046636, 0.9969868589283953]]
40277269	[1, [0.031140641243229017, 0.968859358756771]]
5472398	[1, [0.03293248136336269, 0.9670675186366373]]
6471816	[1, [0.04663145672269875, 0.9533685432773013]]
24444207	[1, [0.0005364539872532159, 0.9994635460127468]]
22488460	[1, [0.017338079864989364, 0.9826619201350106]]
83886575	[1, [0.037833888560082074, 0.9621661114399179]]
7221135	[1, [0.04926368641404999, 0.95073631358595]]
5332133	[1, [0.037542134681013195, 0.9624578653189868]]
58025939	[1, [0.04132062920967494, 0.9586793707903251]]
7221498	[1, [0.014571758619483788, 0.9854282413805162]]
5538599	[1, [0.04075300719696262, 0.9592469928030374]]
29334350	[1, [0.04533899716029399, 0.954661002839706]]
37085364	[1, [0.011669150959931707, 0.9883308490400683]]
7935781	[1, [0.031752630561060036, 0.96824736943894]]
7528564	[1, [0.024471774399611457, 0.9755282256003885]]
9144633	[1, [0.005306923873393377, 0.9946930761266066]]
9154811	[1, [0.048311647021310855, 0.9516883529786891]]
37078385	[1, [0.021950127842085165, 0.9780498721579148]]
6540689	[1, [0.010835481758900811, 0.9891645182410992]]
7530792	[1, [0.046957751510282475, 0.9530422484897175]]
9217512	[1, [0.01511185589728925, 0.9848881441027107]]
59791644	[1, [0.003801201399024623, 0.9961987986009754]]
27728853	[1, [0.03488548908178801, 0.965114510918212]]
11090665	[1, [0.00425065368298394, 0.9957493463170161]]
75994730	[1, [0.041389588320865145, 0.9586104116791349]]
5709894	[1, [0.008993844629615277, 0.9910061553703847]]
99195210	[1, [0.027816965742651245, 0.9721830342573488]]
9153498	[1, [0.04212228718151623, 0.9578777128184838]]
12776727	[1, [0.015578938818612054, 0.984421061181388]]
9141556	[1, [0.027432869737168408, 0.9725671302628316]]
6813593	[1, [0.029414897318524202, 0.9705851026814758]]
9323415	[1, [0.0035924287285638012, 0.9964075712714362]]
7921469	[1, [0.036361558383818826, 0.9636384416161812]]
79962053	[1, [0.049688965088369286, 0.9503110349116307]]
7777090	[1, [0.04314193279909839, 0.9568580672009016]]
6727270	[1, [0.015861907155460764, 0.9841380928445392]]
67187015	[1, [0.0063574978968502505, 0.9936425021031497]]
22403250	[1, [0.017960007786308907, 0.9820399922136911]]
48928672	[1, [0.045479590684851856, 0.9545204093151481]]
71088962	[1, [0.003442233825224794, 0.9965577661747752]]
9102297	[1, [0.018867637746579957, 0.98113236225342]]
11169337	[1, [0.027841375651359468, 0.9721586243486405]]
43968097	[1, [0.01686951020966454, 0.9831304897903355]]
12382056	[1, [0.013199102360892279, 0.9868008976391077]]
9132428	[1, [0.04625501558445799, 0.953744984415542]]
9066318	[1, [0.027711669724586607, 0.9722883302754134]]
7817858	[1, [0.03932330353811153, 0.9606766964618885]]
43986043	[1, [0.0059313517328799525, 0.99406864826712]]
34593168	[1, [0.021493807260810183, 0.9785061927391898]]
9067601	[1, [0.010712606495153265, 0.9892873935048467]]
7328404	[1, [0.04792060322217384, 0.9520793967778262]]
34563972	[1, [0.030044444739259935, 0.9699555552607401]]
97545174	[1, [0.00030965227697732356, 0.9996903477230227]]
7848080	[1, [0.03944508661203705, 0.960554913387963]]
9290227	[1, [0.024400492562963838, 0.9755995074370362]]
99068415	[1, [0.025277031706889108, 0.9747229682931109]]
7674848	[1, [0.032801446499189146, 0.9671985535008109]]
7849232	[1, [0.014817684872798553, 0.9851823151272014]]
7847688	[1, [0.006329993680402768, 0.9936700063195972]]
61372887	[1, [0.04364052488228953, 0.9563594751177105]]
24655057	[1, [0.0405362338285693, 0.9594637661714307]]
7304779	[1, [0.004886444435609927, 0.9951135555643901]]
9256664	[1, [0.016422901508324594, 0.9835770984916754]]
88582913	[1, [0.033866824918978966, 0.966133175081021]]
7888773	[1, [0.003153674793417216, 0.9968463252065828]]
33595053	[1, [0.04023357314242382, 0.9597664268575762]]
9066110	[1, [0.024541152240581954, 0.975458847759418]]
70868733	[1, [0.03806258115864847, 0.9619374188413515]]
13836894	[1, [0.0337281420012826, 0.9662718579987174]]
7196665	[1, [0.008409793113826614, 0.9915902068861734]]
87643463	[1, [0.0024602120396777227, 0.9975397879603223]]
6867707	[1, [0.045076232799568405, 0.9549237672004316]]
7200941	[1, [0.03564146136413715, 0.9643585386358628]]
13877414	[1, [0.036773824219297535, 0.9632261757807025]]
70841941	[1, [0.04346464862218746, 0.9565353513778125]]
28578602	[1, [0.012382487852116597, 0.9876175121478834]]
49671708	[1, [0.03602750706660918, 0.9639724929333908]]
9138347	[1, [0.03876936916801055, 0.9612306308319895]]
11045414	[1, [0.0024285884439815275, 0.9975714115560185]]
7786481	[1, [0.008638981911948007, 0.991361018088052]]
7948705	[1, [0.046658325859291305, 0.9533416741407087]]
6002991	[1, [0.013097241669796977, 0.986902758330203]]
7649953	[1, [0.02246263759962941, 0.9775373624003706]]
59153107	[1, [0.021782316055075635, 0.9782176839449244]]
7242287	[1, [0.0406514925059448, 0.9593485074940552]]
7244312	[1, [0.017535697688702334, 0.9824643023112977]]
11810813	[1, [0.015600758453910402, 0.9843992415460896]]
7649970	[1, [0.007152634513088119, 0.9928473654869119]]
9326063	[1, [0.042074987576822154, 0.9579250124231778]]
9329876	[1, [0.03224807013951414, 0.9677519298604859]]
9330420	[1, [0.02275123411947466, 0.9772487658805253]]
70997174	[1, [0.04518642635366055, 0.9548135736463395]]
5262277	[1, [0.04777488405585517, 0.9522251159441448]]
9142753	[1, [0.014374316578214974, 0.985625683421785]]
9047483	[1, [0.03219142054016333, 0.9678085794598367]]
9046885	[1, [0.043498440555721496, 0.9565015594442785]]
10856638	[1, [0.025318510246540527, 0.9746814897534595]]
49920776	[1, [0.004838227051550126, 0.9951617729484499]]
6314491	[1, [0.02168301576306575, 0.9783169842369343]]
42519543	[1, [0.02526297893016538, 0.9747370210698346]]
9047088	[1, [0.02811695672308978, 0.9718830432769102]]
9142371	[1, [0.01970895487894242, 0.9802910451210576]]
13533475	[1, [0.01219921141390079, 0.9878007885860992]]
6122260	[1, [0.046185460601763095, 0.9538145393982369]]
10857839	[1, [0.03728721346942676, 0.9627127865305732]]
5815970	[1, [0.022980547232263837, 0.9770194527677362]]
9230880	[1, [0.030316883709466058, 0.9696831162905339]]
9338516	[1, [0.033565106112199206, 0.9664348938878008]]
6393761	[1, [0.0238143197591818, 0.9761856802408182]]
9288864	[1, [0.018288011444446473, 0.9817119885555535]]
28268518	[1, [0.026586591824282135, 0.9734134081757179]]
9338423	[1, [0.036499635928204044, 0.963500364071796]]
6391478	[1, [0.016193296291839854, 0.9838067037081601]]
6387134	[1, [0.044541607052079435, 0.9554583929479206]]
6388338	[1, [0.030371771213873133, 0.9696282287861269]]
6393199	[1, [0.004968255221702966, 0.995031744778297]]
6593882	[1, [0.015174368740263788, 0.9848256312597362]]
7996696	[1, [0.04425027705573403, 0.955749722944266]]
7128469	[1, [0.04259695956045295, 0.957403040439547]]
9338552	[1, [0.02225085101966462, 0.9777491489803354]]
58076025	[1, [0.04628297353224364, 0.9537170264677564]]
9338520	[1, [0.02724753218734921, 0.9727524678126508]]
7797092	[1, [0.023223741034261502, 0.9767762589657385]]
6450739	[1, [0.04034588111225523, 0.9596541188877448]]
10664844	[1, [0.009437164667202458, 0.9905628353327975]]
7157380	[1, [0.026725947253311122, 0.9732740527466889]]
9009957	[1, [0.010712606495153265, 0.9892873935048467]]
7906454	[1, [0.028909801064917584, 0.9710901989350824]]
54214700	[1, [0.0021833746564424716, 0.9978166253435575]]
19809624	[1, [0.030275679871500483, 0.9697243201284995]]
7156690	[1, [0.04173327418599371, 0.9582667258140063]]
7760729	[1, [0.015668991816448763, 0.9843310081835512]]
5563550	[1, [0.014717952614906937, 0.9852820473850931]]
5528900	[1, [0.011120078437062197, 0.9888799215629378]]
7152936	[1, [0.018522835708026264, 0.9814771642919737]]
5564314	[1, [0.04145574226508009, 0.9585442577349199]]
9010154	[1, [0.018060323647242305, 0.9819396763527577]]
7928894	[1, [0.03934567611716844, 0.9606543238828316]]
26585804	[1, [0.02242082077496632, 0.9775791792250337]]
7928995	[1, [0.04332766480295425, 0.9566723351970458]]
5528061	[1, [0.01476384842798284, 0.9852361515720172]]
9010096	[1, [0.030207401697391112, 0.9697925983026089]]
12826903	[1, [0.01838169083892771, 0.9816183091610723]]
9060192	[1, [0.014759270577897388, 0.9852407294221026]]
38863857	[1, [0.0007125501116908017, 0.9992874498883092]]
77753501	[1, [0.025438522335746505, 0.9745614776642535]]
