6375479	[1, [0.032996417730006944, 0.9670035822699931]]
7969902	[1, [0.014014106096860046, 0.98598589390314]]
64254833	[1, [0.008040468814669022, 0.991959531185331]]
6700949	[1, [0.03281256890086082, 0.9671874310991392]]
6376599	[1, [0.04582903909908176, 0.9541709609009182]]
40408097	[1, [0.020850520105746617, 0.9791494798942534]]
7574012	[1, [0.04308871871590492, 0.9569112812840951]]
6697074	[1, [0.04478011541404647, 0.9552198845859535]]
7573921	[1, [0.017439811451180898, 0.9825601885488191]]
7167501	[1, [0.018913043616818892, 0.9810869563831811]]
69610348	[1, [0.005578394325584934, 0.9944216056744151]]
7970417	[1, [0.03636651844571459, 0.9636334815542854]]
90455623	[1, [0.03970325423113996, 0.96029674576886]]
90426852	[1, [0.011851847696845441, 0.9881481523031546]]
63422199	[1, [0.025567595234878948, 0.974432404765121]]
79155548	[1, [0.0434006025710193, 0.9565993974289807]]
50474673	[1, [0.008597097069564796, 0.9914029029304352]]
5401302	[1, [0.003281234818901191, 0.9967187651810988]]
7572315	[1, [0.006347815435880033, 0.99365218456412]]
34374649	[1, [0.035868541164010614, 0.9641314588359894]]
57407599	[1, [0.03335231329581467, 0.9666476867041853]]
7221696	[1, [0.015017731726648553, 0.9849822682733514]]
68264464	[1, [3.98963041400302e-05, 0.99996010369586]]
6473266	[1, [0.013111463900978726, 0.9868885360990213]]
5543110	[1, [0.03741231041770088, 0.9625876895822991]]
33028941	[1, [0.04786281363928513, 0.9521371863607149]]
9124272	[1, [0.02761500082031665, 0.9723849991796834]]
6471521	[1, [0.048492069218166955, 0.951507930781833]]
21935464	[1, [0.03113124337825257, 0.9688687566217474]]
6471645	[1, [0.03626572949659623, 0.9637342705034038]]
63328138	[1, [0.0029573780110576653, 0.9970426219889423]]
6240325	[1, [0.044133675517998516, 0.9558663244820015]]
6473199	[1, [0.02197972659908609, 0.9780202734009139]]
34196950	[1, [0.01623016838922564, 0.9837698316107744]]
5732851	[1, [0.027500466125038203, 0.9724995338749618]]
5731460	[1, [0.03257093424353763, 0.9674290657564624]]
6472753	[1, [0.02022304724530377, 0.9797769527546962]]
6472534	[1, [0.007556810234872535, 0.9924431897651275]]
6470776	[1, [0.04917050421565683, 0.9508294957843432]]
34196533	[1, [0.03150500840397319, 0.9684949915960268]]
22438877	[1, [0.008204499410383148, 0.9917955005896169]]
5133154	[1, [0.018079015049396352, 0.9819209849506036]]
6470384	[1, [0.041694229638916, 0.958305770361084]]
6474400	[1, [0.03359914625915039, 0.9664008537408496]]
9014611	[1, [0.040956427742987245, 0.9590435722570128]]
5743204	[1, [0.00947426119030903, 0.990525738809691]]
94427900	[1, [0.01957583478973579, 0.9804241652102642]]
6217037	[1, [0.04731837044694287, 0.9526816295530571]]
5894272	[1, [0.017704077470345192, 0.9822959225296548]]
6830793	[1, [0.007281747416174378, 0.9927182525838256]]
5412793	[1, [0.04404573118707533, 0.9559542688129247]]
6837950	[1, [0.001368842697868855, 0.9986311573021311]]
6829721	[1, [0.016663481876308173, 0.9833365181236918]]
6829959	[1, [0.025551916466342584, 0.9744480835336574]]
5412960	[1, [0.012856667816111833, 0.9871433321838882]]
48190308	[1, [0.001529937305846385, 0.9984700626941536]]
9109975	[1, [0.036438082242334136, 0.9635619177576659]]
9210478	[1, [0.040840415785304396, 0.9591595842146956]]
72875006	[1, [0.005133541008612519, 0.9948664589913875]]
5411585	[1, [0.03737560552356056, 0.9626243944764394]]
6838646	[1, [0.02931451069524349, 0.9706854893047565]]
6839046	[1, [0.010839361960671812, 0.9891606380393282]]
7999512	[1, [0.04669298926667842, 0.9533070107333216]]
6831671	[1, [0.005069169412297958, 0.994930830587702]]
6837789	[1, [0.008398919003539174, 0.9916010809964608]]
6834378	[1, [0.015728670782812704, 0.9842713292171873]]
5898343	[1, [0.031478529309007075, 0.9685214706909929]]
6836977	[1, [0.010394320279497271, 0.9896056797205027]]
7607482	[1, [0.010533346478089456, 0.9894666535219105]]
6593466	[1, [1.5915024875745587e-07, 0.9999998408497512]]
40814446	[1, [0.024052561991863564, 0.9759474380081364]]
6598743	[1, [0.02782905469668817, 0.9721709453033118]]
5264055	[1, [0.04727801115810926, 0.9527219888418907]]
6601863	[1, [0.039867231289923755, 0.9601327687100762]]
52483995	[1, [0.045730489535493635, 0.9542695104645064]]
75539672	[1, [0.03639604639805982, 0.9636039536019402]]
6853078	[1, [0.010080974666613396, 0.9899190253333866]]
6854924	[1, [0.0046817379127206404, 0.9953182620872794]]
36994321	[1, [0.007680145526982374, 0.9923198544730176]]
95976268	[1, [0.04808779852015799, 0.951912201479842]]
30764671	[1, [0.008033998527507635, 0.9919660014724924]]
7652057	[1, [0.04685431105614213, 0.9531456889438579]]
7608290	[1, [0.006331382736972091, 0.9936686172630279]]
5265212	[1, [0.045661775789589076, 0.9543382242104109]]
5630645	[1, [0.03372008255149739, 0.9662799174485026]]
5262746	[1, [0.04810731837942783, 0.9518926816205722]]
6593335	[1, [0.02264706877902445, 0.9773529312209756]]
7649815	[1, [0.04425553190205622, 0.9557444680979438]]
70972998	[1, [0.03897995107100516, 0.9610200489289948]]
6853048	[1, [0.04536463294926807, 0.9546353670507319]]
23505588	[1, [0.03593025017312568, 0.9640697498268743]]
7657557	[1, [0.026986622409214345, 0.9730133775907857]]
9212955	[1, [0.03910389412242721, 0.9608961058775728]]
6795035	[1, [0.024177998670320666, 0.9758220013296793]]
6795760	[1, [0.03705805253954264, 0.9629419474604574]]
7733436	[1, [0.03772204288292769, 0.9622779571170723]]
6353748	[1, [0.013935195538903211, 0.9860648044610968]]
6799213	[1, [0.00938609005935398, 0.990613909940646]]
68538988	[1, [0.028978214056453067, 0.9710217859435469]]
79656426	[1, [0.03458209004782309, 0.9654179099521769]]
7955322	[1, [0.013863574368062626, 0.9861364256319374]]
6794985	[1, [0.026976308937462945, 0.973023691062537]]
9294301	[1, [0.03952747729312278, 0.9604725227068772]]
97032192	[1, [0.0036535844578010623, 0.9963464155421989]]
6998581	[1, [0.03820029924163615, 0.9617997007583639]]
96598503	[1, [0.039536252610111844, 0.9604637473898882]]
7579360	[1, [0.04397257902905183, 0.9560274209709482]]
26387237	[1, [0.04728296218081207, 0.9527170378191879]]
6817022	[1, [0.006277672692127201, 0.9937223273078728]]
6814532	[1, [0.016758452983939853, 0.9832415470160601]]
12819111	[1, [0.002657333673579565, 0.9973426663264204]]
75999635	[1, [0.0405487901425341, 0.9594512098574659]]
11080942	[1, [0.028254506310036898, 0.9717454936899631]]
7616542	[1, [0.009205314319939206, 0.9907946856800608]]
7581725	[1, [0.02782768326345675, 0.9721723167365433]]
11581015	[1, [0.04486365674658965, 0.9551363432534103]]
58223416	[1, [0.0035915399862910258, 0.996408460013709]]
91968392	[1, [0.00010676946369281293, 0.9998932305363072]]
84412571	[1, [0.03969831280052838, 0.9603016871994716]]
6817133	[1, [0.04935234777486952, 0.9506476522251305]]
53943525	[1, [0.042208114231024774, 0.9577918857689752]]
90954348	[1, [0.012740870853312547, 0.9872591291466875]]
6813893	[1, [0.033253872486186165, 0.9667461275138138]]
97485052	[1, [0.019679405442151632, 0.9803205945578484]]
7849303	[1, [0.022200355314965226, 0.9777996446850348]]
6817729	[1, [0.026976308937462945, 0.973023691062537]]
7581949	[1, [0.03644403212659375, 0.9635559678734062]]
7615442	[1, [0.011464304939490466, 0.9885356950605095]]
6816360	[1, [0.036988374201416874, 0.9630116257985831]]
99204344	[1, [0.04423494260434735, 0.9557650573956527]]
87885398	[1, [0.021871001321867145, 0.9781289986781329]]
41389442	[1, [0.013926837404940717, 0.9860731625950593]]
6168199	[1, [0.037220125209660004, 0.96277987479034]]
7191831	[1, [0.0021963127053071796, 0.9978036872946928]]
6717628	[1, [0.007779851395643522, 0.9922201486043565]]
6715391	[1, [0.04987182798142653, 0.9501281720185735]]
7192259	[1, [0.0029972529172364037, 0.9970027470827636]]
84157700	[1, [0.0022563867505926982, 0.9977436132494073]]
7679703	[1, [0.015871030085840787, 0.9841289699141592]]
5952918	[1, [0.03951673389366672, 0.9604832661063333]]
69793994	[1, [0.034031433582761395, 0.9659685664172386]]
6771842	[1, [0.0034061098365057996, 0.9965938901634942]]
84333869	[1, [0.00773938908910532, 0.9922606109108947]]
7694925	[1, [0.019249285375751768, 0.9807507146242482]]
33984818	[1, [0.03167585888383606, 0.9683241411161639]]
5831295	[1, [0.03434437288741243, 0.9656556271125876]]
7995453	[1, [0.02497608952664021, 0.9750239104733598]]
5952885	[1, [0.03951673389366672, 0.9604832661063333]]
7908775	[1, [0.015154400477492391, 0.9848455995225076]]
6370704	[1, [0.04077887180128936, 0.9592211281987106]]
96187375	[1, [0.037900272694871284, 0.9620997273051287]]
7908772	[1, [0.008428823840418653, 0.9915711761595813]]
7908599	[1, [0.009634107862680708, 0.9903658921373193]]
64463602	[1, [0.04340806056532931, 0.9565919394346707]]
53393322	[1, [0.04423908331800175, 0.9557609166819983]]
7908540	[1, [0.03009541582715647, 0.9699045841728435]]
7908733	[1, [0.026487453081983747, 0.9735125469180163]]
7908491	[1, [0.020801512801665756, 0.9791984871983342]]
9000783	[1, [0.007490824494826409, 0.9925091755051736]]
71068020	[1, [0.045872060504529966, 0.95412793949547]]
6504765	[1, [0.031545352775037894, 0.9684546472249621]]
67337870	[1, [0.025047888118804096, 0.9749521118811959]]
83994034	[1, [0.027144071135305037, 0.972855928864695]]
5861465	[1, [0.009261005478173656, 0.9907389945218263]]
5785071	[1, [0.017762941439519064, 0.9822370585604809]]
5861013	[1, [0.011655739255910902, 0.9883442607440891]]
6962871	[1, [0.03979662101519654, 0.9602033789848035]]
48879205	[1, [0.010854879077892399, 0.9891451209221076]]
48100779	[1, [0.010552915143087316, 0.9894470848569127]]
5786411	[1, [0.018758746199796894, 0.9812412538002031]]
43493270	[1, [0.01575270935293105, 0.984247290647069]]
7777090	[1, [0.03655606843731596, 0.963443931562684]]
6103118	[1, [0.02153730503315454, 0.9784626949668455]]
23112767	[1, [0.01842315607328604, 0.981576843926714]]
5861146	[1, [0.017843994270158592, 0.9821560057298414]]
5475373	[1, [0.04109263688063414, 0.9589073631193659]]
43473351	[1, [0.0045622633464016404, 0.9954377366535984]]
92764476	[1, [0.016355171547307257, 0.9836448284526927]]
7586566	[1, [0.009824342867063351, 0.9901756571329366]]
92757375	[1, [0.03637431645438227, 0.9636256835456177]]
5786728	[1, [0.015479495797586895, 0.9845205042024131]]
37876166	[1, [0.022883767107331754, 0.9771162328926682]]
5786653	[1, [0.036237818316257164, 0.9637621816837428]]
80317892	[1, [0.04347076622102819, 0.9565292337789718]]
5785819	[1, [0.014848882865674318, 0.9851511171343257]]
6730034	[1, [0.012613050992031027, 0.987386949007969]]
17528708	[1, [0.021745701847160626, 0.9782542981528394]]
6480872	[1, [0.018109007081263617, 0.9818909929187364]]
6478966	[1, [0.022145956312942805, 0.9778540436870572]]
64326583	[1, [0.032122116721816085, 0.9678778832781839]]
6481278	[1, [0.048362979734042244, 0.9516370202659578]]
6481670	[1, [0.025395274443090088, 0.9746047255569099]]
50961280	[1, [0.039576055714775404, 0.9604239442852246]]
6484109	[1, [0.013849137835410752, 0.9861508621645892]]
6480379	[1, [0.008957154030659442, 0.9910428459693406]]
25300222	[1, [0.029653189055423024, 0.970346810944577]]
6478568	[1, [0.031130541945044388, 0.9688694580549556]]
59422297	[1, [0.010549877330024993, 0.989450122669975]]
5430070	[1, [0.04092545334676345, 0.9590745466532365]]
6481394	[1, [0.02745878755353781, 0.9725412124464622]]
6485827	[1, [0.035860678982880145, 0.9641393210171199]]
65597356	[1, [0.005892035093724934, 0.9941079649062751]]
5311661	[1, [0.006188122524897199, 0.9938118774751028]]
7957444	[1, [0.014898125501616843, 0.9851018744983832]]
7972488	[1, [0.037494685299514385, 0.9625053147004856]]
5431902	[1, [0.025270526941982396, 0.9747294730580176]]
6481856	[1, [0.035070657019362295, 0.9649293429806377]]
5308775	[1, [0.019120014934808083, 0.9808799850651919]]
65604018	[1, [0.04453790072334296, 0.955462099276657]]
6482422	[1, [0.01804786092539956, 0.9819521390746004]]
6480492	[1, [0.0329036712729629, 0.9670963287270371]]
5431675	[1, [0.026003617289233283, 0.9739963827107667]]
9114902	[1, [0.04470774756996787, 0.9552922524300321]]
6484917	[1, [0.020958341822380655, 0.9790416581776193]]
7575288	[1, [0.003746188586496668, 0.9962538114135033]]
6480367	[1, [0.03247328290044471, 0.9675267170995553]]
7838977	[1, [0.02545660813604067, 0.9745433918639593]]
6487347	[1, [0.03439268836761378, 0.9656073116323862]]
6483099	[1, [0.02606227468671496, 0.973937725313285]]
6478494	[1, [0.022433370318221235, 0.9775666296817788]]
6481242	[1, [0.01703723894442022, 0.9829627610555798]]
6479558	[1, [0.02855768959853533, 0.9714423104014647]]
6483035	[1, [0.03025057663167452, 0.9697494233683255]]
7957265	[1, [0.03679775774533145, 0.9632022422546686]]
7578095	[1, [0.006347815435880033, 0.99365218456412]]
6478550	[1, [0.02946044182885399, 0.970539558171146]]
6478551	[1, [0.04117848724551221, 0.9588215127544878]]
6476978	[1, [0.005315306631958894, 0.9946846933680411]]
7780441	[1, [0.04892211722146511, 0.9510778827785349]]
5309297	[1, [0.04102141488068822, 0.9589785851193118]]
6484216	[1, [0.013667440457032498, 0.9863325595429675]]
59679773	[1, [0.03468521772699784, 0.9653147822730022]]
7950519	[1, [0.03989036056179873, 0.9601096394382013]]
7954219	[1, [0.02359468776960283, 0.9764053122303972]]
19234395	[1, [0.00878494715988798, 0.991215052840112]]
21191905	[1, [0.0353892846054672, 0.9646107153945328]]
19204615	[1, [0.04960449710444548, 0.9503955028955545]]
87790791	[1, [0.0008489540882324897, 0.9991510459117675]]
54582529	[1, [0.0012253217641386982, 0.9987746782358613]]
79766313	[1, [0.04697756386356722, 0.9530224361364328]]
6724185	[1, [0.04002423172764358, 0.9599757682723564]]
87746897	[1, [0.037392173174199295, 0.9626078268258007]]
38980710	[1, [0.015232662195964752, 0.9847673378040352]]
16935660	[1, [0.04290810824003777, 0.9570918917599622]]
6144285	[1, [0.02476784112829078, 0.9752321588717092]]
5808950	[1, [0.041579430219300106, 0.9584205697806999]]
79875972	[1, [0.020016258105016616, 0.9799837418949834]]
36445732	[1, [0.00020672921341824413, 0.9997932707865818]]
7959113	[1, [0.008043079640857043, 0.991956920359143]]
7952172	[1, [0.03981158968819398, 0.960188410311806]]
36420742	[1, [0.023378380913093744, 0.9766216190869063]]
7952272	[1, [0.008773366644117986, 0.991226633355882]]
6211984	[1, [0.036998227386877525, 0.9630017726131225]]
7952587	[1, [0.037166470146871355, 0.9628335298531286]]
65205961	[1, [0.016139387678603012, 0.983860612321397]]
6294851	[1, [0.019767966664407277, 0.9802320333355927]]
7952491	[1, [0.017744785339630087, 0.9822552146603699]]
59901856	[1, [0.0222881691044039, 0.9777118308955961]]
47109955	[1, [0.005275134094548495, 0.9947248659054515]]
7959195	[1, [0.027735551113562074, 0.9722644488864379]]
31821616	[1, [0.038956676376397215, 0.9610433236236028]]
36392899	[1, [0.024152182778582332, 0.9758478172214177]]
65194044	[1, [0.0423557879711165, 0.9576442120288835]]
43286673	[1, [0.009013174727680484, 0.9909868252723195]]
7697959	[1, [0.009794137916530832, 0.9902058620834692]]
26747403	[1, [0.027038976882705734, 0.9729610231172943]]
7141840	[1, [0.018404102742395345, 0.9815958972576047]]
6119863	[1, [0.016316250975164204, 0.9836837490248358]]
74051517	[1, [0.028108321494730304, 0.9718916785052697]]
16877761	[1, [0.025437624030866246, 0.9745623759691338]]
7112021	[1, [0.0019957322619713613, 0.9980042677380286]]
7004302	[1, [0.010863224128613513, 0.9891367758713865]]
7924947	[1, [0.04083950114627943, 0.9591604988537206]]
17961020	[1, [0.03628023787213264, 0.9637197621278674]]
17957504	[1, [0.03590663199577515, 0.9640933680042248]]
7098684	[1, [0.03175372779040486, 0.9682462722095951]]
7984881	[1, [0.02187316398117045, 0.9781268360188295]]
6519153	[1, [0.039132490785439566, 0.9608675092145604]]
7924948	[1, [0.04825738637830068, 0.9517426136216993]]
92992417	[1, [0.04666747336496058, 0.9533325266350394]]
92191011	[1, [0.04814678705380193, 0.9518532129461981]]
74291641	[1, [0.04321994550140895, 0.956780054498591]]
5270448	[1, [0.012872519251302728, 0.9871274807486973]]
7908481	[1, [0.04723737485021973, 0.9527626251497803]]
5872122	[1, [0.011395693707800247, 0.9886043062921998]]
6969754	[1, [0.02889677200452534, 0.9711032279954747]]
6921392	[1, [0.039392829126375095, 0.9606071708736249]]
7725374	[1, [0.007032782184533959, 0.992967217815466]]
7631363	[1, [0.04253869455639192, 0.9574613054436081]]
6754148	[1, [0.03317681110150683, 0.9668231888984932]]
18161123	[1, [0.025795870523696585, 0.9742041294763034]]
7958219	[1, [0.04630064778614784, 0.9536993522138522]]
6749909	[1, [0.006921752113945301, 0.9930782478860547]]
5871187	[1, [0.026883719352945534, 0.9731162806470545]]
6913480	[1, [0.04731565707584673, 0.9526843429241533]]
18163286	[1, [0.04247964294739848, 0.9575203570526015]]
5280644	[1, [0.04810731837942783, 0.9518926816205722]]
98255589	[1, [0.03784282577230247, 0.9621571742276975]]
16655718	[1, [0.026166696926282706, 0.9738333030737173]]
7930481	[1, [0.012106793461210796, 0.9878932065387892]]
7931271	[1, [0.031163042908683103, 0.9688369570913169]]
7323599	[1, [0.01938905592029827, 0.9806109440797017]]
97331781	[1, [0.03248852844784922, 0.9675114715521508]]
5879862	[1, [0.012121888862856145, 0.9878781111371439]]
21271954	[1, [0.01895811816048809, 0.9810418818395119]]
6367172	[1, [0.029458731106502656, 0.9705412688934973]]
5429462	[1, [0.026264541548917664, 0.9737354584510823]]
5826851	[1, [0.005139539715850572, 0.9948604602841494]]
50771669	[1, [0.007388988669310148, 0.9926110113306899]]
50779569	[1, [0.0024480888406942514, 0.9975519111593057]]
5426792	[1, [0.008301273793203556, 0.9916987262067964]]
6942501	[1, [0.0034283791255987905, 0.9965716208744012]]
6362087	[1, [0.019767966664407277, 0.9802320333355927]]
9120243	[1, [0.04073218490224173, 0.9592678150977583]]
61921781	[1, [0.011110596005518003, 0.988889403994482]]
28394505	[1, [0.013016440195590784, 0.9869835598044092]]
6627952	[1, [0.047205661144370636, 0.9527943388556294]]
6400870	[1, [0.005035473194240914, 0.9949645268057591]]
5749469	[1, [0.009598293362054422, 0.9904017066379456]]
30236451	[1, [0.009186521263381264, 0.9908134787366187]]
78552529	[1, [0.038049854813170136, 0.9619501451868299]]
9303550	[1, [0.034471803676195845, 0.9655281963238042]]
6629674	[1, [0.005389463404868899, 0.9946105365951311]]
7630675	[1, [0.040429571221342386, 0.9595704287786576]]
34220210	[1, [0.047886854226654174, 0.9521131457733458]]
7628355	[1, [0.02112428269004274, 0.9788757173099573]]
5916341	[1, [0.020272975445699393, 0.9797270245543006]]
6124901	[1, [0.046494476866131396, 0.9535055231338686]]
20229415	[1, [0.011604481380105613, 0.9883955186198944]]
5915471	[1, [0.027952966313703587, 0.9720470336862964]]
6122977	[1, [0.008357196796175415, 0.9916428032038246]]
34230599	[1, [0.04443182849272198, 0.955568171507278]]
49984535	[1, [0.049326984870003865, 0.9506730151299961]]
72610104	[1, [0.02439522689099849, 0.9756047731090015]]
7630119	[1, [0.015361237469145528, 0.9846387625308545]]
10832742	[1, [0.017871954820860347, 0.9821280451791397]]
6468022	[1, [0.024042467852419258, 0.9759575321475807]]
6469230	[1, [0.029179191997011467, 0.9708208080029885]]
6468291	[1, [0.03025057663167452, 0.9697494233683255]]
7967577	[1, [0.013985830779602804, 0.9860141692203972]]
25161461	[1, [0.03265547608870456, 0.9673445239112954]]
28877641	[1, [0.020833286348498237, 0.9791667136515018]]
28878818	[1, [0.046253590084294416, 0.9537464099157056]]
6079063	[1, [0.01335568654497199, 0.986644313455028]]
6464164	[1, [0.026553677810094878, 0.9734463221899051]]
9334579	[1, [0.048122910902250626, 0.9518770890977494]]
53639926	[1, [0.020992598230966664, 0.9790074017690333]]
6469008	[1, [0.04904098831703141, 0.9509590116829686]]
6465503	[1, [0.03306436156983106, 0.9669356384301689]]
6466037	[1, [0.018032952230624844, 0.9819670477693752]]
6464576	[1, [0.016862793687323574, 0.9831372063126764]]
6468798	[1, [0.03138613607329288, 0.9686138639267071]]
6079027	[1, [0.020628707443991923, 0.9793712925560081]]
6467713	[1, [0.040588827244663284, 0.9594111727553367]]
7012978	[1, [0.03731498664553501, 0.962685013354465]]
6468011	[1, [0.015421693734902098, 0.9845783062650979]]
6468015	[1, [0.031282538726652764, 0.9687174612733472]]
6468646	[1, [0.049606035255779, 0.950393964744221]]
6465885	[1, [0.04377420918585084, 0.9562257908141492]]
24413682	[1, [0.014259230678137391, 0.9857407693218626]]
9261616	[1, [0.02225693795278416, 0.9777430620472158]]
60986174	[1, [0.03686904015510284, 0.9631309598448972]]
85899918	[1, [0.04201709305799639, 0.9579829069420036]]
78720359	[1, [0.043321834813539795, 0.9566781651864602]]
5480679	[1, [0.010306592769454226, 0.9896934072305458]]
7882693	[1, [0.02834303962800311, 0.9716569603719969]]
6076681	[1, [0.034723636572192906, 0.9652763634278071]]
11539885	[1, [0.04383157005582661, 0.9561684299441734]]
94881807	[1, [0.03771260869005333, 0.9622873913099467]]
73801217	[1, [0.003166245115337585, 0.9968337548846624]]
9314514	[1, [0.00618389166670652, 0.9938161083332935]]
7117366	[1, [0.0019957322619713613, 0.9980042677380286]]
51567552	[1, [0.012180242428902255, 0.9878197575710977]]
94881304	[1, [0.029637054662355777, 0.9703629453376442]]
7875372	[1, [0.04359483485267013, 0.9564051651473299]]
91448354	[1, [0.03636854532073164, 0.9636314546792684]]
7366971	[1, [0.04674306069725043, 0.9532569393027496]]
7978957	[1, [0.01894725915587847, 0.9810527408441215]]
7978690	[1, [0.018070208758552808, 0.9819297912414472]]
9081864	[1, [0.027760597828110023, 0.97223940217189]]
7878144	[1, [0.04935611864799583, 0.9506438813520042]]
74610636	[1, [0.04047685999596262, 0.9595231400040374]]
93661437	[1, [0.02331048870487995, 0.97668951129512]]
7611171	[1, [0.005381560189125056, 0.9946184398108749]]
6420874	[1, [0.017021917529988273, 0.9829780824700117]]
7592395	[1, [0.002693830234334005, 0.997306169765666]]
19513954	[1, [0.005097827082282458, 0.9949021729177175]]
51244430	[1, [0.04108143849724488, 0.9589185615027551]]
93692997	[1, [0.03117195040342602, 0.968828049596574]]
5357995	[1, [0.0369566805731073, 0.9630433194268927]]
7018814	[1, [0.027162186710036784, 0.9728378132899632]]
7966132	[1, [0.03573911601783464, 0.9642608839821654]]
55383200	[1, [0.005892035093724934, 0.9941079649062751]]
7590255	[1, [0.00873518266319473, 0.9912648173368053]]
92107160	[1, [0.03984201003890342, 0.9601579899610966]]
6373421	[1, [0.03673500323606882, 0.9632649967639312]]
6371691	[1, [0.012993754264205903, 0.9870062457357941]]
7966305	[1, [0.01299586460322244, 0.9870041353967776]]
7613593	[1, [0.014889625165631193, 0.9851103748343688]]
5703793	[1, [0.010130184654135177, 0.9898698153458648]]
92075882	[1, [0.023576888674856855, 0.9764231113251431]]
34711590	[1, [0.01758609845295589, 0.9824139015470441]]
5357860	[1, [0.049066010087261636, 0.9509339899127384]]
54065669	[1, [0.007829687214260028, 0.99217031278574]]
54057550	[1, [0.0414482428724986, 0.9585517571275014]]
73981315	[1, [0.017140946240815413, 0.9828590537591846]]
91109648	[1, [0.04792163628125157, 0.9520783637187484]]
19813578	[1, [0.018393498844279543, 0.9816065011557205]]
6864672	[1, [0.045926850272395625, 0.9540731497276044]]
7186451	[1, [0.009785799992025668, 0.9902142000079743]]
43209128	[1, [0.015188602158836106, 0.9848113978411639]]
57107976	[1, [0.027293392063611033, 0.972706607936389]]
99901799	[1, [0.031734023144254886, 0.9682659768557451]]
7182548	[1, [0.02114285030531271, 0.9788571496946873]]
87640523	[1, [0.037749653931492655, 0.9622503460685073]]
6867199	[1, [0.011789749118610082, 0.9882102508813899]]
6866768	[1, [0.016482513399548537, 0.9835174866004515]]
6865872	[1, [0.02271580766118364, 0.9772841923388164]]
6862390	[1, [0.020050649489764427, 0.9799493505102356]]
39477374	[1, [0.004389279806757407, 0.9956107201932426]]
7933195	[1, [0.01729065435695165, 0.9827093456430483]]
6410652	[1, [0.025957538195555463, 0.9740424618044445]]
16473554	[1, [0.04508245302418423, 0.9549175469758158]]
36102994	[1, [0.033803443285196244, 0.9661965567148038]]
7961202	[1, [0.021991189595365168, 0.9780088104046348]]
7846625	[1, [0.023009790332564006, 0.976990209667436]]
6404759	[1, [0.048679993119879805, 0.9513200068801202]]
39299174	[1, [0.028161232533228553, 0.9718387674667714]]
6415635	[1, [0.018320054906626027, 0.981679945093374]]
6409370	[1, [0.04140762705620227, 0.9585923729437977]]
6405920	[1, [0.011207439186335488, 0.9887925608136645]]
7961237	[1, [0.03761819075956707, 0.9623818092404329]]
53308227	[1, [0.023961254941702648, 0.9760387450582974]]
94924830	[1, [0.03424688436741696, 0.965753115632583]]
95092625	[1, [0.035931455064156625, 0.9640685449358434]]
93083109	[1, [0.04192416332233051, 0.9580758366776695]]
35910580	[1, [0.03897995107100516, 0.9610200489289948]]
6409457	[1, [0.032156836452095994, 0.967843163547904]]
62247320	[1, [0.022311834775798234, 0.9776881652242018]]
63963739	[1, [0.03517907595712699, 0.964820924042873]]
33907883	[1, [0.036069601066685775, 0.9639303989333142]]
6491775	[1, [0.0009761289522737249, 0.9990238710477263]]
34449216	[1, [0.005145284324006072, 0.9948547156759939]]
9013831	[1, [0.029140653089304358, 0.9708593469106956]]
6490102	[1, [0.02565457531017623, 0.9743454246898238]]
6490395	[1, [0.038607831753758814, 0.9613921682462412]]
6488599	[1, [0.048492069218166955, 0.951507930781833]]
94166668	[1, [0.025806298365563585, 0.9741937016344364]]
7963692	[1, [0.02337606134659087, 0.9766239386534091]]
6487549	[1, [0.041694229638916, 0.958305770361084]]
6487671	[1, [0.03439268836761378, 0.9656073116323862]]
6488226	[1, [0.02292161824641903, 0.977078381753581]]
7942294	[1, [0.01705772698314345, 0.9829422730168565]]
6490989	[1, [0.01490614391931433, 0.9850938560806857]]
6490756	[1, [0.006419008157946604, 0.9935809918420534]]
6489862	[1, [0.016713064857269422, 0.9832869351427306]]
6491031	[1, [0.011814226249786675, 0.9881857737502133]]
7676915	[1, [0.019120014934808083, 0.9808799850651919]]
7913544	[1, [0.03435065266103121, 0.9656493473389688]]
7887798	[1, [0.0408275763921947, 0.9591724236078053]]
89518642	[1, [0.006766297642433083, 0.9932337023575669]]
7913502	[1, [0.032314435896328986, 0.967685564103671]]
7888030	[1, [0.020090780742557213, 0.9799092192574428]]
7569766	[1, [0.04331249972763129, 0.9566875002723687]]
97585369	[1, [0.03838765704755265, 0.9616123429524474]]
73540017	[1, [0.030435560925004768, 0.9695644390749952]]
7568869	[1, [0.041088591142243946, 0.958911408857756]]
9256878	[1, [0.015421693734902098, 0.9845783062650979]]
82894895	[1, [0.0239068389432866, 0.9760931610567134]]
97543073	[1, [0.044315342688783455, 0.9556846573112165]]
7913486	[1, [0.03570608347690907, 0.9642939165230909]]
5867576	[1, [0.03023770407827664, 0.9697622959217234]]
42303873	[1, [0.03358212841557251, 0.9664178715844275]]
5868661	[1, [0.021636967387561268, 0.9783630326124387]]
33555470	[1, [0.021157565428900682, 0.9788424345710993]]
61419165	[1, [0.02728070119370496, 0.972719298806295]]
6437209	[1, [0.04353337649648237, 0.9564666235035176]]
18796752	[1, [0.043913438458091925, 0.9560865615419081]]
7988356	[1, [0.02773979578634067, 0.9722602042136593]]
6231616	[1, [0.03764743365774237, 0.9623525663422576]]
38639877	[1, [0.0029032257276019324, 0.9970967742723981]]
84672962	[1, [0.014170440118708716, 0.9858295598812913]]
38635448	[1, [0.027896661490508845, 0.9721033385094912]]
5254044	[1, [0.003482084849268152, 0.9965179151507318]]
7173839	[1, [0.01993242351846969, 0.9800675764815303]]
7970646	[1, [0.04576230398388448, 0.9542376960161155]]
6437420	[1, [0.022941467371209723, 0.9770585326287903]]
6436091	[1, [0.029179191997011467, 0.9708208080029885]]
6437250	[1, [0.007250635459821186, 0.9927493645401788]]
76730043	[1, [0.02936330301388701, 0.970636696986113]]
7356052	[1, [0.035891060393901, 0.964108939606099]]
46128995	[1, [0.0021603525792041056, 0.9978396474207959]]
7606611	[1, [0.01646444084164045, 0.9835355591583596]]
71549547	[1, [0.026667479079953926, 0.9733325209200461]]
9215864	[1, [0.029829431466543377, 0.9701705685334566]]
7981901	[1, [0.011581057881261625, 0.9884189421187384]]
75445458	[1, [0.0029063561174303976, 0.9970936438825696]]
9260870	[1, [0.0017759137894793886, 0.9982240862105206]]
35860015	[1, [0.02137010803548256, 0.9786298919645174]]
5116133	[1, [0.011419119772111741, 0.9885808802278883]]
5116134	[1, [0.02471104780980604, 0.975288952190194]]
46106365	[1, [0.005969447002141082, 0.9940305529978589]]
82614702	[1, [0.04785804156902973, 0.9521419584309703]]
80199084	[1, [0.04347388343983971, 0.9565261165601603]]
50940109	[1, [0.003518895008134071, 0.9964811049918659]]
7926875	[1, [0.0061711467860868785, 0.9938288532139131]]
9259503	[1, [0.03440821958025697, 0.965591780419743]]
7605285	[1, [0.00213853803006403, 0.997861461969936]]
7981992	[1, [0.029500125575537384, 0.9704998744244626]]
7981730	[1, [0.0212605122958911, 0.9787394877041089]]
38668206	[1, [0.010642409206489623, 0.9893575907935104]]
9017983	[1, [0.01912032321852053, 0.9808796767814795]]
9233409	[1, [0.001963522814022012, 0.998036477185978]]
7901984	[1, [0.029152565090254767, 0.9708474349097452]]
62013590	[1, [0.015728210963273814, 0.9842717890367262]]
71563945	[1, [0.010861573975545658, 0.9891384260244543]]
9259781	[1, [0.009643304398171182, 0.9903566956018288]]
6777933	[1, [0.0007288400406435525, 0.9992711599593564]]
7927370	[1, [0.018579928886417352, 0.9814200711135826]]
5689238	[1, [0.03882552175624632, 0.9611744782437537]]
7916897	[1, [0.04782773415853658, 0.9521722658414634]]
25780658	[1, [0.01944840851361951, 0.9805515914863805]]
5807065	[1, [0.04184054013339633, 0.9581594598666037]]
59049727	[1, [0.005430768145522902, 0.9945692318544771]]
58279211	[1, [0.0230393349444189, 0.9769606650555811]]
7159252	[1, [0.020646502013915047, 0.979353497986085]]
6809811	[1, [0.013935195538903211, 0.9860648044610968]]
5603181	[1, [0.032075392448018714, 0.9679246075519813]]
67751484	[1, [0.039670126541992645, 0.9603298734580074]]
7411548	[1, [0.04257559950378165, 0.9574244004962184]]
9010838	[1, [0.04456416157903942, 0.9554358384209606]]
25577184	[1, [0.01026898735087367, 0.9897310126491263]]
33334174	[1, [0.001678685308368122, 0.9983213146916319]]
5806177	[1, [0.018398668834313958, 0.981601331165686]]
74536818	[1, [0.026736277023112542, 0.9732637229768875]]
74556905	[1, [0.015022832194085955, 0.984977167805914]]
6806849	[1, [0.004852867941704253, 0.9951471320582957]]
80376429	[1, [0.028411839788317073, 0.9715881602116829]]
73913434	[1, [0.02320095151769752, 0.9767990484823025]]
6319183	[1, [0.010922060867571748, 0.9890779391324283]]
13789554	[1, [0.035048351397802935, 0.9649516486021971]]
19740837	[1, [0.0032922111145688993, 0.9967077888854311]]
70193766	[1, [0.016842025282285844, 0.9831579747177142]]
5698313	[1, [0.006812446557224905, 0.9931875534427751]]
5265706	[1, [0.019738121121560703, 0.9802618788784393]]
7350033	[1, [0.0302684753083744, 0.9697315246916256]]
5716706	[1, [0.03222484760136601, 0.967775152398634]]
73895717	[1, [0.02738176027182959, 0.9726182397281704]]
19044022	[1, [0.028790018435919218, 0.9712099815640808]]
5700100	[1, [0.014127614770691799, 0.9858723852293082]]
7353868	[1, [0.028955997177671278, 0.9710440028223287]]
59108034	[1, [0.015814370137816613, 0.9841856298621834]]
5266020	[1, [0.009411665544224679, 0.9905883344557753]]
56666255	[1, [0.04877125933635651, 0.9512287406636435]]
66467045	[1, [0.03893970468582508, 0.9610602953141749]]
59121805	[1, [0.004493041269106324, 0.9955069587308937]]
60948743	[1, [0.027948324231303334, 0.9720516757686967]]
14860991	[1, [0.0066645988949272095, 0.9933354011050728]]
6849137	[1, [0.020630868082843756, 0.9793691319171562]]
7147442	[1, [0.03455723930361243, 0.9654427606963876]]
60804599	[1, [0.04647565151926003, 0.95352434848074]]
82289140	[1, [0.04653683411121645, 0.9534631658887835]]
7495764	[1, [0.043897994192900636, 0.9561020058070994]]
82293659	[1, [0.010475025251351577, 0.9895249747486484]]
6846453	[1, [0.0013916122171849787, 0.998608387782815]]
63888351	[1, [0.004459965569685753, 0.9955400344303142]]
15234572	[1, [0.03397730230239204, 0.966022697697608]]
88075741	[1, [0.010372907623156014, 0.989627092376844]]
5637107	[1, [0.011896421274741331, 0.9881035787252587]]
24536500	[1, [0.025219729510636557, 0.9747802704893634]]
6850345	[1, [0.011450063719887549, 0.9885499362801125]]
6851435	[1, [0.010298633158192128, 0.9897013668418079]]
9277091	[1, [0.03695930788666202, 0.963040692113338]]
96253582	[1, [0.045925827311392386, 0.9540741726886076]]
5216174	[1, [0.03666249504536012, 0.9633375049546399]]
35983668	[1, [0.040693797632583295, 0.9593062023674167]]
93111040	[1, [0.03987857814167972, 0.9601214218583203]]
96267071	[1, [0.04421732067628925, 0.9557826793237107]]
99968796	[1, [0.034132284607496066, 0.9658677153925039]]
5216181	[1, [0.03386138252585413, 0.9661386174741459]]
5216124	[1, [0.04412518327250847, 0.9558748167274915]]
5216190	[1, [0.04058315474129681, 0.9594168452587032]]
5214982	[1, [0.0231446934272016, 0.9768553065727984]]
9276943	[1, [0.03576249292361122, 0.9642375070763888]]
5215046	[1, [0.03094965748679901, 0.969050342513201]]
68374299	[1, [0.034387512293789, 0.965612487706211]]
5216189	[1, [0.013251337788096285, 0.9867486622119037]]
35986685	[1, [0.00560410719043114, 0.9943958928095689]]
30066186	[1, [0.044321140746626186, 0.9556788592533738]]
5857292	[1, [0.04305463932717413, 0.9569453606728259]]
61346271	[1, [0.004805376953655793, 0.9951946230463442]]
45088420	[1, [0.01159041643758063, 0.9884095835624194]]
98846498	[1, [0.03921959737059688, 0.9607804026294031]]
68149938	[1, [0.045730489535493635, 0.9542695104645064]]
41509823	[1, [0.018751152931079762, 0.9812488470689202]]
28710890	[1, [0.012420888159121124, 0.9875791118408789]]
6638648	[1, [0.003310247891969431, 0.9966897521080306]]
78427994	[1, [0.032720682258846834, 0.9672793177411532]]
92519737	[1, [0.044678030446218764, 0.9553219695537812]]
82399999	[1, [0.028258579894905433, 0.9717414201050946]]
5230009	[1, [0.02360294745271274, 0.9763970525472873]]
34857527	[1, [0.022623222217065697, 0.9773767777829343]]
28714591	[1, [0.0025726879798835256, 0.9974273120201165]]
45088143	[1, [0.025606773945119565, 0.9743932260548804]]
7936327	[1, [0.009519819981039457, 0.9904801800189605]]
6537175	[1, [0.04334105442507796, 0.956658945574922]]
6786350	[1, [0.02028078568808611, 0.9797192143119139]]
6053424	[1, [0.04896727222668951, 0.9510327277733105]]
6539143	[1, [0.007900174450258701, 0.9920998255497413]]
5302586	[1, [0.0014665804151681172, 0.9985334195848319]]
6549550	[1, [0.02438815152522822, 0.9756118484747718]]
7943425	[1, [0.027963883058996664, 0.9720361169410033]]
65745546	[1, [0.02646240316243309, 0.9735375968375669]]
7978480	[1, [0.02696772595973007, 0.9730322740402699]]
93616539	[1, [0.009095638238283743, 0.9909043617617163]]
9145497	[1, [0.02467333971209218, 0.9753266602879078]]
5302274	[1, [0.026226353287876147, 0.9737736467121239]]
7753739	[1, [0.0010419374297357953, 0.9989580625702642]]
6550471	[1, [0.013473921692166546, 0.9865260783078335]]
5303741	[1, [0.018272774154349136, 0.9817272258456509]]
59746332	[1, [0.009672092510358277, 0.9903279074896417]]
37056393	[1, [0.033898385530723774, 0.9661016144692762]]
6788938	[1, [0.0442874177741831, 0.9557125822258169]]
5103404	[1, [0.03396006662676487, 0.9660399333732351]]
7935930	[1, [0.028133547430389094, 0.9718664525696109]]
5664248	[1, [0.009608931296010703, 0.9903910687039893]]
16997070	[1, [0.011984384054586905, 0.9880156159454131]]
5244509	[1, [0.00550317504888298, 0.994496824951117]]
93884903	[1, [0.029592354860528247, 0.9704076451394718]]
7892681	[1, [0.049061605554631904, 0.9509383944453681]]
34309400	[1, [0.045661775789589076, 0.9543382242104109]]
9039947	[1, [0.008474966728376221, 0.9915250332716238]]
69292906	[1, [0.00786296071288295, 0.992137039287117]]
64995552	[1, [0.04111363362934295, 0.958886366370657]]
6643276	[1, [0.010315370426076997, 0.989684629573923]]
6447832	[1, [0.041978087063087366, 0.9580219129369126]]
6450721	[1, [0.04530612377276433, 0.9546938762272357]]
6450900	[1, [0.02726958393338219, 0.9727304160666178]]
6450868	[1, [0.046241134215138424, 0.9537588657848616]]
6594851	[1, [0.04547735829719446, 0.9545226417028055]]
31102027	[1, [0.018751372518773124, 0.9812486274812269]]
6389045	[1, [0.026090163471177097, 0.9739098365288229]]
6448219	[1, [0.028901471839154813, 0.9710985281608452]]
6393199	[1, [0.03877877659722184, 0.9612212234027782]]
6735719	[1, [0.029486915849938566, 0.9705130841500614]]
6449097	[1, [0.005312256577901908, 0.9946877434220981]]
9138014	[1, [0.036137544698894075, 0.9638624553011059]]
6450407	[1, [0.031130541945044388, 0.9688694580549556]]
7949917	[1, [0.04934346604095485, 0.9506565339590451]]
6393092	[1, [0.04178852913087305, 0.958211470869127]]
6452212	[1, [0.017674278804550636, 0.9823257211954494]]
31082057	[1, [0.010982570198786346, 0.9890174298012137]]
6392412	[1, [0.012510002991849234, 0.9874899970081508]]
32052023	[1, [0.0420832967739706, 0.9579167032260294]]
6449938	[1, [0.013667440457032498, 0.9863325595429675]]
6451581	[1, [0.015421693734902098, 0.9845783062650979]]
28272669	[1, [0.044078642902915854, 0.9559213570970841]]
6736444	[1, [0.03913998367150384, 0.9608600163284962]]
6388613	[1, [0.004350608510238607, 0.9956493914897614]]
7129743	[1, [0.005677858187547402, 0.9943221418124526]]
6450660	[1, [0.015108482912059351, 0.9848915170879406]]
6447997	[1, [0.020909761050572295, 0.9790902389494277]]
6447755	[1, [0.04190793305068441, 0.9580920669493156]]
6448724	[1, [0.04688392552642906, 0.9531160744735709]]
6451210	[1, [0.032848307428873236, 0.9671516925711268]]
5884160	[1, [0.011279906158303654, 0.9887200938416963]]
6447559	[1, [0.0400443907053617, 0.9599556092946383]]
71271028	[1, [0.02251175373938874, 0.9774882462606113]]
43368989	[1, [0.004979816615580002, 0.99502018338442]]
6558690	[1, [0.0029972529172364037, 0.9970027470827636]]
5262051	[1, [0.013187022618197153, 0.9868129773818028]]
35504929	[1, [0.004727120672472052, 0.995272879327528]]
12424409	[1, [0.03757918716895481, 0.9624208128310452]]
5889891	[1, [0.020342428988977646, 0.9796575710110224]]
6560686	[1, [0.039610169724198396, 0.9603898302758016]]
81826300	[1, [0.0046901222812995025, 0.9953098777187005]]
46720408	[1, [0.03651589118484022, 0.9634841088151598]]
66142857	[1, [0.02564876815077155, 0.9743512318492284]]
46944069	[1, [0.0446037408511194, 0.9553962591488806]]
5259957	[1, [0.045640118340637525, 0.9543598816593625]]
81861714	[1, [0.04465524318675873, 0.9553447568132413]]
43366505	[1, [0.01857736682687494, 0.9814226331731251]]
5249293	[1, [0.043486592615588626, 0.9565134073844114]]
43391553	[1, [0.03982104059634095, 0.960178959403659]]
71279277	[1, [0.041594563069699664, 0.9584054369303003]]
5887013	[1, [0.03183064791300738, 0.9681693520869926]]
5888421	[1, [0.03506960557749905, 0.964930394422501]]
5261107	[1, [0.034798355185378216, 0.9652016448146218]]
81838466	[1, [0.04983557528399307, 0.9501644247160069]]
6789928	[1, [0.013397902291846897, 0.9866020977081531]]
6792773	[1, [0.049863220672808906, 0.9501367793271911]]
7938047	[1, [0.046233478873221934, 0.9537665211267781]]
6792622	[1, [0.034784054675096376, 0.9652159453249036]]
23511553	[1, [0.04797907061069984, 0.9520209293893002]]
7179466	[1, [0.039132490785439566, 0.9608675092145604]]
7178398	[1, [0.0482732354678399, 0.9517267645321601]]
29230624	[1, [0.009787240884487902, 0.9902127591155121]]
7179152	[1, [0.0021963127053071796, 0.9978036872946928]]
7626947	[1, [0.03753789010097841, 0.9624621098990216]]
9131403	[1, [0.043802329423466735, 0.9561976705765333]]
84094077	[1, [0.012172719225867046, 0.987827280774133]]
6792182	[1, [0.005116813663978981, 0.994883186336021]]
6791901	[1, [0.005862474479001012, 0.994137525520999]]
26999222	[1, [0.0399030624601332, 0.9600969375398668]]
29203034	[1, [0.015147761362075407, 0.9848522386379246]]
6793977	[1, [0.013992020831767649, 0.9860079791682324]]
7180432	[1, [0.015524457238911271, 0.9844755427610887]]
5528854	[1, [0.019555172384629338, 0.9804448276153707]]
54228374	[1, [0.02498955495765598, 0.975010445042344]]
7204642	[1, [0.01129265217309694, 0.9887073478269031]]
80478146	[1, [0.049714201954964454, 0.9502857980450355]]
7962381	[1, [0.014334865197017654, 0.9856651348029823]]
71867070	[1, [0.030775382477305047, 0.969224617522695]]
7360348	[1, [0.03330168069391937, 0.9666983193060806]]
18599013	[1, [0.049612646978649866, 0.9503873530213501]]
45634968	[1, [0.0024569192925716354, 0.9975430807074284]]
60322296	[1, [0.015049820379002044, 0.984950179620998]]
18556333	[1, [0.03204707427147291, 0.9679529257285271]]
5563139	[1, [0.01223000089877646, 0.9877699991012235]]
7906320	[1, [0.030645372364526136, 0.9693546276354739]]
54209881	[1, [0.020498575516587958, 0.979501424483412]]
7929289	[1, [0.04018331751888227, 0.9598166824811177]]
6875543	[1, [0.02990585878307117, 0.9700941412169288]]
73055992	[1, [0.0031167432941725526, 0.9968832567058274]]
76512658	[1, [0.022996858240054485, 0.9770031417599455]]
7325534	[1, [0.024039922847892692, 0.9759600771521073]]
61673200	[1, [0.01830334604941064, 0.9816966539505894]]
7328525	[1, [0.019927062751148417, 0.9800729372488516]]
72765328	[1, [0.03426486744081225, 0.9657351325591877]]
58164161	[1, [0.03865378729361668, 0.9613462127063833]]
58351688	[1, [0.018465296747038895, 0.9815347032529611]]
61722376	[1, [0.008643249346405923, 0.9913567506535941]]
58136921	[1, [0.008713856637029616, 0.9912861433629704]]
7819428	[1, [0.042698647003933554, 0.9573013529960664]]
12060100	[1, [0.0006225815110643129, 0.9993774184889357]]
7968132	[1, [0.04066393354529818, 0.9593360664547018]]
7959804	[1, [0.02013538543866189, 0.9798646145613381]]
6802556	[1, [0.0035397561133766464, 0.9964602438866234]]
6804426	[1, [0.014846713350243457, 0.9851532866497565]]
61460929	[1, [0.017784242483032564, 0.9822157575169674]]
6802956	[1, [0.016482513399548537, 0.9835174866004515]]
7959884	[1, [0.04678700889798404, 0.953212991102016]]
7258817	[1, [0.00958629321189386, 0.9904137067881061]]
7960060	[1, [0.02221021502039544, 0.9777897849796046]]
6806622	[1, [0.008011956182241597, 0.9919880438177584]]
40553081	[1, [0.03573698697228733, 0.9642630130277127]]
5160404	[1, [0.0369566805731073, 0.9630433194268927]]
61461579	[1, [0.002545186042283043, 0.997454813957717]]
20880607	[1, [0.0023697181048545346, 0.9976302818951455]]
66686857	[1, [0.03623067873673713, 0.9637693212632629]]
6396424	[1, [0.009419413780900165, 0.9905805862190998]]
6125900	[1, [0.0020575094656716253, 0.9979424905343284]]
24624604	[1, [0.04209494611387976, 0.9579050538861202]]
5535738	[1, [0.009965968322958818, 0.9900340316770412]]
5536480	[1, [0.01946347659454517, 0.9805365234054548]]
6128719	[1, [0.020272975445699393, 0.9797270245543006]]
6397335	[1, [0.017208846122700017, 0.9827911538773]]
98512672	[1, [0.0005059512589050685, 0.9994940487410949]]
7896061	[1, [0.03855504204625837, 0.9614449579537416]]
7459301	[1, [0.04054472205025961, 0.9594552779497404]]
7894266	[1, [0.006298208477304668, 0.9937017915226953]]
6444354	[1, [0.02625756740392815, 0.9737424325960718]]
60533536	[1, [0.04141543359732858, 0.9585845664026714]]
9007017	[1, [0.027764246014731264, 0.9722357539852687]]
56026848	[1, [0.042713355027852895, 0.9572866449721471]]
9219895	[1, [0.016127375073205052, 0.983872624926795]]
6447114	[1, [0.03441122003722852, 0.9655887799627715]]
73587898	[1, [0.014841069834535259, 0.9851589301654647]]
19553887	[1, [0.044149635232516915, 0.9558503647674831]]
6443634	[1, [0.037876271994022215, 0.9621237280059778]]
6444286	[1, [0.031417448051045294, 0.9685825519489547]]
6446225	[1, [0.027258592982731478, 0.9727414070172685]]
7991255	[1, [0.0050382065737951676, 0.9949617934262048]]
6446046	[1, [0.025830427802810307, 0.9741695721971897]]
6446922	[1, [0.02481006235121086, 0.9751899376487891]]
6443427	[1, [0.030862448900725314, 0.9691375510992747]]
6446163	[1, [0.048362979734042244, 0.9516370202659578]]
6446121	[1, [0.018549773557797633, 0.9814502264422024]]
50630596	[1, [0.00705555323256879, 0.9929444467674312]]
19589711	[1, [0.021751448772101556, 0.9782485512278984]]
6444889	[1, [0.03626572949659623, 0.9637342705034038]]
18029316	[1, [0.016328695767132584, 0.9836713042328674]]
79391762	[1, [0.008770316091802455, 0.9912296839081975]]
7802599	[1, [0.021990618865796896, 0.9780093811342031]]
6446358	[1, [0.010805680095148151, 0.9891943199048518]]
94116331	[1, [0.025706490842601792, 0.9742935091573982]]
5691551	[1, [0.03438941821291086, 0.9656105817870891]]
6072259	[1, [0.02080842246344905, 0.979191577536551]]
6445826	[1, [0.026332743196303188, 0.9736672568036968]]
55335486	[1, [0.03520412795887706, 0.9647958720411229]]
51411486	[1, [0.04592780620553272, 0.9540721937944673]]
20339986	[1, [0.021281730525987252, 0.9787182694740127]]
5422559	[1, [0.010371168912845397, 0.9896288310871546]]
6585678	[1, [0.043851676237419035, 0.956148323762581]]
9035475	[1, [0.009715117436914555, 0.9902848825630854]]
7935092	[1, [0.021316302809893717, 0.9786836971901063]]
5421940	[1, [0.008439204575642067, 0.9915607954243579]]
30466300	[1, [0.03925589252654116, 0.9607441074734588]]
30877880	[1, [0.013415285785461695, 0.9865847142145383]]
5325028	[1, [0.04225949161261067, 0.9577405083873893]]
77555762	[1, [0.04568084682857598, 0.954319153171424]]
5422324	[1, [0.012374727785029238, 0.9876252722149708]]
46562436	[1, [0.02358465705483004, 0.97641534294517]]
68918355	[1, [0.02955213953269975, 0.9704478604673002]]
6426070	[1, [0.01993242351846969, 0.9800675764815303]]
50318269	[1, [0.040536630188691025, 0.959463369811309]]
69170034	[1, [0.0188470070998773, 0.9811529929001227]]
6425127	[1, [0.02606227468671496, 0.973937725313285]]
31498736	[1, [0.029711974129026486, 0.9702880258709735]]
6423703	[1, [0.004751826875176612, 0.9952481731248234]]
9012895	[1, [0.04161815602705099, 0.958381843972949]]
6425688	[1, [0.03398369809731927, 0.9660163019026807]]
5789428	[1, [0.015820730909849146, 0.9841792690901509]]
82571491	[1, [0.004861118325810487, 0.9951388816741895]]
9015790	[1, [0.00639951658528648, 0.9936004834147135]]
6507749	[1, [0.029658793146089546, 0.9703412068539105]]
7989645	[1, [0.015896839695741294, 0.9841031603042587]]
85374574	[1, [0.04854806302658776, 0.9514519369734122]]
24907831	[1, [0.012904586516717997, 0.987095413483282]]
85341502	[1, [0.022189137414611926, 0.9778108625853881]]
44979575	[1, [0.047658266678389016, 0.952341733321611]]
7681942	[1, [0.018930597273850158, 0.9810694027261498]]
7939190	[1, [0.04953735154794936, 0.9504626484520506]]
21375292	[1, [0.0422602568158158, 0.9577397431841842]]
7133950	[1, [0.03776478056633881, 0.9622352194336612]]
6442132	[1, [0.013196278255189875, 0.9868037217448101]]
6586754	[1, [0.045322024570524144, 0.9546779754294759]]
7133956	[1, [0.0030873735362560994, 0.9969126264637439]]
7014326	[1, [0.004952576589866031, 0.995047423410134]]
31033121	[1, [0.03392827395405795, 0.966071726045942]]
6439259	[1, [0.020510637754977412, 0.9794893622450226]]
6440952	[1, [0.018109007081263617, 0.9818909929187364]]
6440395	[1, [0.025669244736247876, 0.9743307552637521]]
31052680	[1, [0.006267908376444975, 0.993732091623555]]
24834807	[1, [0.025116042015731477, 0.9748839579842685]]
30652960	[1, [0.03444819578536684, 0.9655518042146332]]
6441245	[1, [0.04146514453086181, 0.9585348554691382]]
20112713	[1, [0.031734023144254886, 0.9682659768557451]]
6439819	[1, [0.049518411259520945, 0.950481588740479]]
6441738	[1, [0.03906443765064871, 0.9609355623493513]]
7130649	[1, [0.03243841750644283, 0.9675615824935572]]
6439380	[1, [0.03979051671671352, 0.9602094832832865]]
91206191	[1, [0.0035271498836183524, 0.9964728501163816]]
6496427	[1, [0.025669244736247876, 0.9743307552637521]]
15780982	[1, [0.014188576553077037, 0.985811423446923]]
6385806	[1, [0.01993242351846969, 0.9800675764815303]]
6385538	[1, [0.041774118425659035, 0.958225881574341]]
6496471	[1, [0.04085103233695908, 0.9591489676630409]]
6496988	[1, [0.02281675007199202, 0.977183249928008]]
5865927	[1, [0.010506370080877514, 0.9894936299191225]]
7625190	[1, [0.034001804591053064, 0.9659981954089469]]
5866417	[1, [0.01658385097401993, 0.9834161490259801]]
49998965	[1, [0.037900272694871284, 0.9620997273051287]]
6494228	[1, [0.03906443765064871, 0.9609355623493513]]
57196934	[1, [0.029825745213754362, 0.9701742547862456]]
6383178	[1, [0.029955910183923184, 0.9700440898160768]]
6496974	[1, [0.0033401596373517917, 0.9966598403626482]]
89363850	[1, [0.04593065252126982, 0.9540693474787302]]
6496163	[1, [0.0461614137311418, 0.9538385862688582]]
9301861	[1, [0.027191122164745174, 0.9728088778352548]]
64916430	[1, [0.04339287184512719, 0.9566071281548728]]
6495368	[1, [0.04937874051018043, 0.9506212594898196]]
5274727	[1, [0.04905447154502229, 0.9509455284549777]]
71207474	[1, [0.019927710239665553, 0.9800722897603344]]
71389881	[1, [0.04785926937295315, 0.9521407306270468]]
6462847	[1, [0.04302535118178963, 0.9569746488182104]]
61119037	[1, [0.041501749562015466, 0.9584982504379845]]
57564743	[1, [0.04735466326294813, 0.9526453367370519]]
6461862	[1, [0.04644899724339524, 0.9535510027566048]]
6462515	[1, [0.048492069218166955, 0.951507930781833]]
6459970	[1, [0.02742819893478743, 0.9725718010652126]]
6459282	[1, [0.048492069218166955, 0.951507930781833]]
6460433	[1, [0.026494785864369486, 0.9735052141356305]]
6459612	[1, [0.02744746379410723, 0.9725525362058928]]
6462135	[1, [0.032848307428873236, 0.9671516925711268]]
6823560	[1, [0.01918033680685427, 0.9808196631931457]]
6459631	[1, [0.005275657987227733, 0.9947243420127723]]
7987891	[1, [0.011817592057170478, 0.9881824079428295]]
5258583	[1, [0.03969831280052838, 0.9603016871994716]]
6459713	[1, [0.04143764747022305, 0.958562352529777]]
6458366	[1, [0.04053214203890432, 0.9594678579610957]]
42217033	[1, [0.002002177810814021, 0.997997822189186]]
61221761	[1, [0.03133329289268205, 0.968666707107318]]
6823752	[1, [0.034784054675096376, 0.9652159453249036]]
6460349	[1, [0.018032952230624844, 0.9819670477693752]]
6460360	[1, [0.00436765529502503, 0.995632344704975]]
6460160	[1, [0.02292161824641903, 0.977078381753581]]
5258530	[1, [0.02342759610723799, 0.976572403892762]]
6463675	[1, [0.0016755711101500426, 0.99832442888985]]
6462161	[1, [0.048118850631251875, 0.9518811493687481]]
6463644	[1, [0.03979051671671352, 0.9602094832832865]]
6461374	[1, [0.04684600481511847, 0.9531539951848815]]
6459704	[1, [0.023659701374179165, 0.9763402986258208]]
6463032	[1, [0.03306436156983106, 0.9669356384301689]]
7598666	[1, [0.010548448484582806, 0.9894515515154172]]
40725907	[1, [0.027270849912624406, 0.9727291500873756]]
7599154	[1, [0.010533346478089456, 0.9894666535219105]]
10785574	[1, [0.0012627141100699513, 0.99873728588993]]
6605216	[1, [0.03132409017051263, 0.9686759098294874]]
9139298	[1, [0.028360203206656, 0.971639796793344]]
21598815	[1, [0.02599837666559235, 0.9740016233344077]]
35179371	[1, [0.022273840995717498, 0.9777261590042825]]
48626465	[1, [0.03086420066778439, 0.9691357993322156]]
7567347	[1, [0.006527576673067248, 0.9934724233269328]]
32790079	[1, [0.011862402473099887, 0.9881375975269001]]
7598662	[1, [0.016008597379372658, 0.9839914026206273]]
7567135	[1, [0.008054447574603718, 0.9919455524253963]]
5570626	[1, [0.04418726146838858, 0.9558127385316114]]
25089010	[1, [0.0061620414383875, 0.9938379585616125]]
40764561	[1, [0.00792796342782831, 0.9920720365721717]]
10786719	[1, [0.04692843000559388, 0.9530715699944061]]
48488787	[1, [0.016678875382650116, 0.9833211246173499]]
5784081	[1, [0.02224685724599429, 0.9777531427540057]]
23930154	[1, [0.03339819147555301, 0.966601808524447]]
5784092	[1, [0.04715037740550787, 0.9528496225944921]]
6942550	[1, [0.0010173590351759687, 0.998982640964824]]
5784100	[1, [0.041061087822832354, 0.9589389121771676]]
5784107	[1, [0.03119313577918681, 0.9688068642208132]]
7991888	[1, [0.01762940502017596, 0.982370594979824]]
78659298	[1, [0.029587118928315004, 0.970412881071685]]
98378306	[1, [0.03988343412148598, 0.960116565878514]]
32353701	[1, [0.04126459033772101, 0.958735409662279]]
6067610	[1, [0.034723636572192906, 0.9652763634278071]]
6944047	[1, [0.0008064887992261793, 0.9991935112007738]]
32366601	[1, [0.043003351611954566, 0.9569966483880454]]
59227224	[1, [0.005757880611949484, 0.9942421193880505]]
5784090	[1, [0.03167591245463497, 0.968324087545365]]
81128266	[1, [0.011921108159120397, 0.9880788918408796]]
7991879	[1, [0.029424902863462, 0.970575097136538]]
6068536	[1, [0.04187547827210525, 0.9581245217278948]]
6070676	[1, [0.03934203661740465, 0.9606579633825953]]
98409508	[1, [0.033907816494479825, 0.9660921835055202]]
5606030	[1, [0.0479992713388695, 0.9520007286611305]]
7954578	[1, [0.03735875054588644, 0.9626412494541136]]
7951687	[1, [0.040911309007581664, 0.9590886909924183]]
6881196	[1, [0.004584065112985147, 0.9954159348870149]]
7954756	[1, [0.012979909243461707, 0.9870200907565383]]
6625008	[1, [0.020275451436445713, 0.9797245485635543]]
9308307	[1, [0.0072729412288011774, 0.9927270587711988]]
64202918	[1, [0.009506691402650258, 0.9904933085973497]]
24083401	[1, [0.019235102036835205, 0.9807648979631648]]
5410277	[1, [0.015330958064728506, 0.9846690419352715]]
6623661	[1, [0.04690710083421856, 0.9530928991657814]]
6624463	[1, [0.033539721267934364, 0.9664602787320656]]
98634299	[1, [0.007243741228309286, 0.9927562587716907]]
64212616	[1, [0.030120806842063086, 0.9698791931579369]]
6272025	[1, [0.031739238892045885, 0.9682607611079541]]
6880548	[1, [0.0016711220155118944, 0.9983288779844881]]
6276174	[1, [0.04907330991689374, 0.9509266900831063]]
64764848	[1, [0.023790191242708758, 0.9762098087572912]]
7955053	[1, [0.00812526315693518, 0.9918747368430648]]
6625916	[1, [0.0456253135610275, 0.9543746864389725]]
5410465	[1, [0.03012564783416749, 0.9698743521658325]]
99386052	[1, [0.027329621247161318, 0.9726703787528387]]
7974355	[1, [0.01687481278564662, 0.9831251872143534]]
84893062	[1, [0.002056492299942203, 0.9979435077000578]]
5305517	[1, [0.02031398155089048, 0.9796860184491095]]
6456594	[1, [0.02647647669330877, 0.9735235233066912]]
5304932	[1, [0.011536584062714517, 0.9884634159372855]]
43826841	[1, [0.03253048790369362, 0.9674695120963064]]
5467583	[1, [0.010898186914941155, 0.9891018130850588]]
9030463	[1, [0.011010106057642743, 0.9889898939423573]]
6457220	[1, [0.02726958393338219, 0.9727304160666178]]
6453753	[1, [0.020711982777755766, 0.9792880172222442]]
6453290	[1, [0.03906443765064871, 0.9609355623493513]]
5307422	[1, [0.022650531289937215, 0.9773494687100628]]
6456887	[1, [0.04415277360433567, 0.9558472263956643]]
5307728	[1, [0.04030415619583849, 0.9596958438041615]]
6455834	[1, [0.03306436156983106, 0.9669356384301689]]
7977297	[1, [0.008470366355765258, 0.9915296336442347]]
6454678	[1, [0.02326716958906827, 0.9767328304109317]]
6453668	[1, [0.004776095175300421, 0.9952239048246996]]
7976696	[1, [0.038761487175430265, 0.9612385128245697]]
5307628	[1, [0.04954023236782945, 0.9504597676321705]]
6455083	[1, [0.03274693674790974, 0.9672530632520903]]
5550914	[1, [0.011888712661629497, 0.9881112873383705]]
7001642	[1, [0.043530992603913354, 0.9564690073960866]]
71983813	[1, [0.03288162183191223, 0.9671183781680878]]
9307219	[1, [0.028348492183609797, 0.9716515078163902]]
71986129	[1, [0.036260382314090345, 0.9637396176859097]]
7979713	[1, [0.007493595242437867, 0.9925064047575621]]
6712665	[1, [0.02061608120247782, 0.9793839187975222]]
48355814	[1, [0.005458630674313847, 0.9945413693256862]]
