56716511	[1, [0.00796035261535355, 0.9920396473846465]]
81702339	[1, [0.011122475038413127, 0.9888775249615869]]
40039009	[1, [0.0014373370427397392, 0.9985626629572603]]
56739619	[1, [0.0009714892986437684, 0.9990285107013562]]
20587964	[1, [0.007934587660158421, 0.9920654123398416]]
33752552	[1, [0.0218712241825868, 0.9781287758174132]]
75954791	[1, [0.040491542385896806, 0.9595084576141032]]
26204360	[1, [0.02677124941898068, 0.9732287505810193]]
40031515	[1, [0.0039313794141543346, 0.9960686205858457]]
71635344	[1, [0.0471450537020589, 0.9528549462979411]]
22896931	[1, [0.009782758349674014, 0.990217241650326]]
49164577	[1, [0.0009106696579060936, 0.9990893303420939]]
26228243	[1, [0.0052327180459694755, 0.9947672819540305]]
75626423	[1, [0.017303194861063464, 0.9826968051389365]]
41000699	[1, [0.010156895043688885, 0.9898431049563111]]
20575473	[1, [0.02197713217797792, 0.9780228678220221]]
10394529	[1, [0.010131859337546456, 0.9898681406624535]]
85662597	[1, [0.01360058850965884, 0.9863994114903412]]
22914378	[1, [0.022368526076850248, 0.9776314739231498]]
16757119	[1, [0.000734453460257245, 0.9992655465397428]]
87946811	[1, [0.04723819401758578, 0.9527618059824142]]
85638148	[1, [0.04110384239591147, 0.9588961576040885]]
41047768	[1, [0.03757242629306956, 0.9624275737069304]]
40051729	[1, [0.016741816208458604, 0.9832581837915414]]
20583690	[1, [0.03255844392723639, 0.9674415560727636]]
73243903	[1, [0.017852693289287846, 0.9821473067107122]]
22860765	[1, [0.0014887990819867358, 0.9985112009180133]]
14443619	[1, [0.045625791113361625, 0.9543742088866384]]
56761617	[1, [0.0014532352693022998, 0.9985467647306977]]
26235161	[1, [0.00045784488713662697, 0.9995421551128634]]
73218314	[1, [0.008030475172012275, 0.9919695248279877]]
84132970	[1, [0.020903562021940436, 0.9790964379780596]]
49114693	[1, [0.03774908626371709, 0.9622509137362829]]
20244231	[1, [0.0009062952016934966, 0.9990937047983065]]
47663957	[1, [0.007141682910346003, 0.992858317089654]]
67662060	[1, [0.013706754400792054, 0.986293245599208]]
38383018	[1, [0.04092513487881633, 0.9590748651211837]]
63441070	[1, [0.01400838888358491, 0.9859916111164151]]
40553081	[1, [0.013530143714316045, 0.986469856285684]]
83076566	[1, [0.000552704682211691, 0.9994472953177883]]
40565164	[1, [0.011195168451900828, 0.9888048315480992]]
85720864	[1, [0.017051448629951893, 0.9829485513700481]]
86996671	[1, [0.01376803505633728, 0.9862319649436627]]
85850504	[1, [0.02270258630417421, 0.9772974136958258]]
18730178	[1, [0.03177405573559933, 0.9682259442644007]]
27373990	[1, [0.006918203556820268, 0.9930817964431797]]
38377618	[1, [0.01665105768125963, 0.9833489423187404]]
86311799	[1, [0.03733863858191988, 0.9626613614180801]]
38415085	[1, [0.024396485631822395, 0.9756035143681776]]
85783855	[1, [0.005069256434381386, 0.9949307435656186]]
38412955	[1, [0.027040480851440285, 0.9729595191485597]]
61461579	[1, [0.020756288646670895, 0.9792437113533291]]
7968458	[1, [0.007139231454857509, 0.9928607685451425]]
40209451	[1, [0.00813197633746654, 0.9918680236625335]]
18743517	[1, [0.030323726570811282, 0.9696762734291887]]
62619551	[1, [0.021594642216903104, 0.9784053577830969]]
40574666	[1, [0.030949735725668504, 0.9690502642743315]]
12331456	[1, [0.02023958620805899, 0.979760413791941]]
20880607	[1, [0.01088533819457016, 0.9891146618054298]]
63478617	[1, [0.0005941462620493443, 0.9994058537379507]]
38387704	[1, [0.001897451622996038, 0.998102548377004]]
40183085	[1, [0.008320239642848448, 0.9916797603571516]]
83025142	[1, [0.0027983800195104935, 0.9972016199804895]]
85759930	[1, [0.03750871487676999, 0.96249128512323]]
86295571	[1, [0.010502685831640934, 0.9894973141683591]]
31410087	[1, [0.004232588044404739, 0.9957674119555953]]
45804486	[1, [0.040793196186487135, 0.9592068038135129]]
21017714	[1, [0.028667900038030436, 0.9713320999619696]]
45860725	[1, [0.014969413414511079, 0.9850305865854889]]
86257840	[1, [0.0030690144040517175, 0.9969309855959483]]
40175293	[1, [0.021878152076723834, 0.9781218479232762]]
16052064	[1, [0.03769868571749724, 0.9623013142825028]]
13697331	[1, [0.01912193834964404, 0.980878061650356]]
37936491	[1, [0.03136983337359178, 0.9686301666264082]]
29707918	[1, [0.005938526642447095, 0.9940614733575529]]
16001877	[1, [0.006503236462261253, 0.9934967635377387]]
32279646	[1, [0.012028204273417886, 0.9879717957265821]]
57699482	[1, [0.01574517909854245, 0.9842548209014575]]
6139365	[1, [0.019703237303966614, 0.9802967626960334]]
97331781	[1, [0.013524127066222524, 0.9864758729337775]]
29750678	[1, [0.047260202275355434, 0.9527397977246446]]
32275693	[1, [0.02651572831793525, 0.9734842716820648]]
72480451	[1, [0.03453055316077669, 0.9654694468392233]]
32297234	[1, [0.049540185986755914, 0.9504598140132441]]
16355465	[1, [0.013054544033948456, 0.9869454559660515]]
25508058	[1, [0.009943421701899213, 0.9900565782981008]]
45942578	[1, [0.004704189597315334, 0.9952958104026847]]
98656932	[1, [0.038117740622073626, 0.9618822593779264]]
32292678	[1, [0.015411248217451545, 0.9845887517825485]]
91291361	[1, [0.03247689111402763, 0.9675231088859724]]
98195816	[1, [0.03652214734020309, 0.9634778526597969]]
64656107	[1, [0.0010094141107107601, 0.9989905858892892]]
15930450	[1, [0.002786052375523651, 0.9972139476244763]]
72456631	[1, [0.0190836966193777, 0.9809163033806223]]
97331604	[1, [0.04157519627275197, 0.958424803727248]]
98854015	[1, [0.007801846340989793, 0.9921981536590102]]
34874854	[1, [0.004037708709228149, 0.9959622912907719]]
67073301	[1, [0.018377673109200243, 0.9816223268907998]]
41509823	[1, [0.033505954050944586, 0.9664940459490554]]
98837490	[1, [0.016800072888584983, 0.983199927111415]]
89261863	[1, [0.02152863870468802, 0.978471361295312]]
82364872	[1, [0.04807588327054757, 0.9519241167294524]]
45106428	[1, [0.031128471967293847, 0.9688715280327062]]
28672125	[1, [0.011624301034635742, 0.9883756989653643]]
39027670	[1, [0.0019140224915583648, 0.9980859775084416]]
79255018	[1, [0.008206723079304146, 0.9917932769206959]]
18368022	[1, [0.004672938943960703, 0.9953270610560393]]
18382716	[1, [0.02936878019735345, 0.9706312198026465]]
6515366	[1, [0.0048388420371420215, 0.995161157962858]]
79230972	[1, [0.0441636786604066, 0.9558363213395934]]
61359436	[1, [0.049155718176058794, 0.9508442818239412]]
6515495	[1, [0.001302787300473729, 0.9986972126995263]]
41508402	[1, [0.00468882141662863, 0.9953111785833714]]
9048552	[1, [0.03778122161944175, 0.9622187783805582]]
52356243	[1, [0.00014772983055710842, 0.9998522701694429]]
68149938	[1, [0.03542590392506795, 0.964574096074932]]
5228499	[1, [0.044114260226461366, 0.9558857397735386]]
89273005	[1, [0.025516320189322705, 0.9744836798106773]]
6515063	[1, [0.0008968989788098458, 0.9991031010211902]]
79247156	[1, [0.008995205974144382, 0.9910047940258556]]
92545867	[1, [0.007762774492751423, 0.9922372255072486]]
74832268	[1, [0.01947369577871505, 0.980526304221285]]
6110150	[1, [0.013380049503558311, 0.9866199504964417]]
49032215	[1, [0.00428289531762005, 0.99571710468238]]
69542002	[1, [0.01672490347422151, 0.9832750965257785]]
69545108	[1, [0.009356798720966397, 0.9906432012790336]]
50372835	[1, [0.015034504617963074, 0.9849654953820369]]
60652555	[1, [0.012891321898729546, 0.9871086781012705]]
90426852	[1, [0.0006375470843761333, 0.9993624529156239]]
49054699	[1, [0.011015274425341115, 0.9889847255746589]]
6698521	[1, [0.03650090237707271, 0.9634990976229273]]
84581086	[1, [0.015400534047461112, 0.9845994659525389]]
40432385	[1, [0.003460921327015698, 0.9965390786729843]]
7970255	[1, [0.012269656187390843, 0.9877303438126092]]
18252697	[1, [0.010716880032334508, 0.9892831199676655]]
18906708	[1, [0.01328428326357467, 0.9867157167364253]]
34348808	[1, [0.012435126950325892, 0.9875648730496741]]
69572879	[1, [0.004611944318401062, 0.9953880556815989]]
64268879	[1, [0.018572830660132267, 0.9814271693398677]]
18314633	[1, [0.00173127646994653, 0.9982687235300535]]
69941235	[1, [0.03738236232072989, 0.9626176376792701]]
57436620	[1, [0.048491185682053795, 0.9515088143179462]]
49076707	[1, [0.015963338038091357, 0.9840366619619086]]
34340932	[1, [0.03178389655817515, 0.9682161034418248]]
6699980	[1, [0.021318503354227247, 0.9786814966457728]]
27773386	[1, [0.04841849012585753, 0.9515815098741425]]
64262385	[1, [0.002267615516585053, 0.997732384483415]]
34366362	[1, [0.047727695693595806, 0.9522723043064042]]
78764559	[1, [0.028169993672143456, 0.9718300063278565]]
9025732	[1, [0.02827291878294702, 0.971727081217053]]
50474673	[1, [0.0015383483084171479, 0.9984616516915829]]
6700215	[1, [0.03269780607713868, 0.9673021939228613]]
78776562	[1, [0.03237717958945141, 0.9676228204105486]]
75737726	[1, [0.021349105061646, 0.978650894938354]]
57418263	[1, [0.015441010276972755, 0.9845589897230272]]
57407599	[1, [0.0025643153981480538, 0.997435684601852]]
29988506	[1, [0.002948348208999807, 0.9970516517910002]]
40458799	[1, [0.017241482827087262, 0.9827585171729127]]
81934099	[1, [0.0010346125727294098, 0.9989653874272706]]
80341758	[1, [0.0024880480557547546, 0.9975119519442452]]
88939570	[1, [0.037729322734669224, 0.9622706772653308]]
90623520	[1, [0.0315399142342081, 0.9684600857657919]]
58277287	[1, [0.019004297284510918, 0.9809957027154891]]
43297096	[1, [0.003760175589904269, 0.9962398244100957]]
15409254	[1, [0.02576548650119248, 0.9742345134988075]]
25802706	[1, [0.006541051982464019, 0.993458948017536]]
10487739	[1, [0.04061435379526135, 0.9593856462047387]]
90634556	[1, [0.029703077640550357, 0.9702969223594496]]
22703054	[1, [0.011262383357806272, 0.9887376166421937]]
33364877	[1, [0.016009573744690586, 0.9839904262553094]]
15432498	[1, [0.013900631571647448, 0.9860993684283526]]
74979209	[1, [0.01729791027191685, 0.9827020897280832]]
52143667	[1, [0.009039915151521138, 0.9909600848484789]]
25590770	[1, [0.0032586734370281256, 0.9967413265629719]]
25566724	[1, [0.0068818037539393195, 0.9931181962460607]]
25755516	[1, [0.011524424643533204, 0.9884755753564668]]
33351671	[1, [0.010992477650915156, 0.9890075223490848]]
5805729	[1, [0.0458134257003745, 0.9541865742996255]]
52135813	[1, [0.012853026004048584, 0.9871469739959514]]
95756108	[1, [0.0034935172668916215, 0.9965064827331084]]
33334174	[1, [0.042448662942377036, 0.957551337057623]]
12896498	[1, [0.008132361021425782, 0.9918676389785742]]
29070965	[1, [0.014009691650248568, 0.9859903083497514]]
74536818	[1, [0.021112348513240953, 0.978887651486759]]
74580318	[1, [0.0176574885664319, 0.9823425114335681]]
9010498	[1, [0.010003575984423363, 0.9899964240155766]]
49868662	[1, [0.031409904237662545, 0.9685900957623375]]
59007156	[1, [0.011009901007114409, 0.9889900989928856]]
90685433	[1, [0.009565999661645064, 0.9904340003383549]]
52165821	[1, [0.014605597582368568, 0.9853944024176314]]
74548366	[1, [0.027309425866386405, 0.9726905741336136]]
81595311	[1, [0.007384812497603921, 0.9926151875023961]]
58289690	[1, [0.03992260158511318, 0.9600773984148868]]
58285519	[1, [0.015110001507616877, 0.9848899984923831]]
95746042	[1, [0.014410560308880882, 0.9855894396911191]]
67714209	[1, [0.021369532925967216, 0.9786304670740328]]
12891525	[1, [0.009294701454317766, 0.9907052985456822]]
51483023	[1, [0.01887155711713695, 0.981128442882863]]
97556195	[1, [0.03295482298926211, 0.9670451770107379]]
91772735	[1, [0.04593029904542978, 0.9540697009545702]]
73496023	[1, [0.008918112752813845, 0.9910818872471862]]
29605822	[1, [0.0054234461845610316, 0.994576553815439]]
7887675	[1, [0.012350810021893088, 0.9876491899781069]]
60587830	[1, [0.021463967381952442, 0.9785360326180476]]
73526312	[1, [0.0013482898594575632, 0.9986517101405424]]
73526336	[1, [0.027497597829941656, 0.9725024021700583]]
7969563	[1, [0.012232217534713485, 0.9877677824652865]]
61419165	[1, [0.027375629388303735, 0.9726243706116963]]
62345942	[1, [0.03504945087017508, 0.9649505491298249]]
90605812	[1, [0.03840288237837031, 0.9615971176216297]]
9290225	[1, [0.024835545935406933, 0.9751644540645931]]
60169257	[1, [0.007997662818114981, 0.992002337181885]]
60705034	[1, [0.03889169042410101, 0.961108309575899]]
7887798	[1, [0.001921123934253366, 0.9980788760657466]]
97564737	[1, [0.02740203468244229, 0.9725979653175577]]
24710555	[1, [0.04683637257936246, 0.9531636274206375]]
97517818	[1, [0.03502133011788333, 0.9649786698821167]]
73500084	[1, [0.0010219231152046593, 0.9989780768847953]]
90548195	[1, [0.0009714892986437684, 0.9990285107013562]]
19967410	[1, [0.0036993208736404437, 0.9963006791263596]]
73544714	[1, [0.03859862870374042, 0.9614013712962596]]
60589224	[1, [0.022574719566225143, 0.9774252804337749]]
82894895	[1, [0.04081830966896416, 0.9591816903310358]]
30284562	[1, [0.010647262684297942, 0.9893527373157021]]
61372887	[1, [0.0033956669525133654, 0.9966043330474866]]
30321415	[1, [0.019463875523603957, 0.980536124476396]]
89527896	[1, [0.029749193055754852, 0.9702508069442451]]
42327379	[1, [0.019674103810845445, 0.9803258961891546]]
6556761	[1, [0.004857441218283243, 0.9951425587817168]]
99034398	[1, [0.00131202786912743, 0.9986879721308726]]
7968758	[1, [0.00022295283566453605, 0.9997770471643355]]
97585369	[1, [0.0013969478787666523, 0.9986030521212333]]
24692375	[1, [0.025879112171774188, 0.9741208878282258]]
60608144	[1, [0.004937960642473316, 0.9950620393575267]]
20779901	[1, [0.038800613630451286, 0.9611993863695487]]
20005108	[1, [0.023111053784121482, 0.9768889462158785]]
97543073	[1, [0.00489068873460663, 0.9951093112653934]]
88605335	[1, [0.0014115863924203387, 0.9985884136075797]]
30296654	[1, [0.01364548725679049, 0.9863545127432095]]
29613091	[1, [0.03226430669534075, 0.9677356933046593]]
78065589	[1, [0.005361565808699398, 0.9946384341913006]]
92209025	[1, [0.0025536385069634404, 0.9974463614930366]]
13647958	[1, [0.038800613630451286, 0.9611993863695487]]
56236369	[1, [0.007036781054476249, 0.9929632189455238]]
13400120	[1, [0.008262105236222506, 0.9917378947637775]]
68783077	[1, [0.007900901590998322, 0.9920990984090017]]
81166678	[1, [0.005240453277795543, 0.9947595467222045]]
75125531	[1, [0.001508647502437066, 0.9984913524975629]]
68799676	[1, [0.002168688694954013, 0.997831311305046]]
79289174	[1, [0.010573710485903609, 0.9894262895140964]]
13627596	[1, [0.0414730601782638, 0.9585269398217362]]
91561734	[1, [0.0037913569884924225, 0.9962086430115076]]
78551841	[1, [0.03376273520328088, 0.9662372647967191]]
78297725	[1, [0.03472432221865185, 0.9652756777813482]]
65345584	[1, [0.0167382548589452, 0.9832617451410548]]
43090700	[1, [0.025974989971690565, 0.9740250100283094]]
75153094	[1, [0.006736111246722798, 0.9932638887532772]]
68784919	[1, [0.00116516830161284, 0.9988348316983872]]
12707732	[1, [0.01940117510876016, 0.9805988248912398]]
30206850	[1, [0.00833806472246923, 0.9916619352775308]]
56215695	[1, [0.01340054929195833, 0.9865994507080417]]
79301050	[1, [0.04183714201698041, 0.9581628579830196]]
9304490	[1, [0.018197919535285823, 0.9818020804647142]]
94720504	[1, [0.042206162865715324, 0.9577938371342847]]
61921781	[1, [0.0010272862471143451, 0.9989727137528857]]
54988909	[1, [0.0468231507368726, 0.9531768492631274]]
91539977	[1, [0.011512102952161096, 0.9884878970478389]]
28412563	[1, [0.009263767358686725, 0.9907362326413133]]
13652725	[1, [0.048997799184998914, 0.9510022008150011]]
72146062	[1, [0.03164374448054208, 0.9683562555194579]]
78303067	[1, [0.013419529058147694, 0.9865804709418523]]
78526702	[1, [0.006670288055850904, 0.9933297119441491]]
9303844	[1, [0.005019697545212143, 0.9949803024547879]]
54966430	[1, [0.011648515905335999, 0.988351484094664]]
9032027	[1, [0.04018983954026156, 0.9598101604597384]]
30249590	[1, [0.020219063862085274, 0.9797809361379147]]
6243544	[1, [0.007614234049914126, 0.9923857659500859]]
67295748	[1, [0.03079953930038004, 0.96920046069962]]
27471670	[1, [0.0452134305928632, 0.9547865694071368]]
67337870	[1, [0.027866684810854414, 0.9721333151891456]]
67351968	[1, [0.03321196076316457, 0.9667880392368354]]
9101392	[1, [0.012984578869387975, 0.987015421130612]]
6732033	[1, [0.02423296049873891, 0.9757670395012611]]
48892499	[1, [0.026211851250715235, 0.9737881487492848]]
47611791	[1, [0.00037230544575728164, 0.9996276945542427]]
92771923	[1, [0.01010004273269316, 0.9898999572673068]]
37896697	[1, [0.00833806472246923, 0.9916619352775308]]
71078815	[1, [0.023192099710188985, 0.976807900289811]]
80311238	[1, [0.04281642275215969, 0.9571835772478403]]
23136874	[1, [0.0036040509825381317, 0.9963959490174619]]
96556012	[1, [0.048181915668341846, 0.9518180843316582]]
48102681	[1, [0.008937577634885785, 0.9910624223651142]]
23112767	[1, [0.037591040580087, 0.962408959419913]]
43473351	[1, [0.005475270725263104, 0.9945247292747369]]
92757375	[1, [0.006098807270896289, 0.9939011927291037]]
37903635	[1, [0.011427731318934486, 0.9885722686810655]]
23102775	[1, [0.004479182310075935, 0.9955208176899241]]
80272670	[1, [0.0393251002956847, 0.9606748997043153]]
43463042	[1, [0.0018481181328302565, 0.9981518818671697]]
92752531	[1, [0.009634900893969012, 0.990365099106031]]
48108165	[1, [0.006921180641353719, 0.9930788193586463]]
36367490	[1, [0.03576601605429908, 0.9642339839457009]]
70646581	[1, [0.035308578149367054, 0.964691421850633]]
43496846	[1, [0.03388516373604933, 0.9661148362639507]]
9102263	[1, [0.02126197883363412, 0.9787380211663659]]
43489283	[1, [0.04688450599243554, 0.9531154940075645]]
70655123	[1, [0.044840308323830236, 0.9551596916761698]]
82168197	[1, [0.008427076087297314, 0.9915729239127027]]
47566085	[1, [0.012514950844309203, 0.9874850491556908]]
22410043	[1, [0.03381531092969403, 0.966184689070306]]
7887224	[1, [0.04805944826708819, 0.9519405517329118]]
18163756	[1, [0.03312527941805454, 0.9668747205819455]]
7986590	[1, [0.029198239175846075, 0.9708017608241539]]
92137975	[1, [0.02006636392175165, 0.9799336360782483]]
18107218	[1, [0.010914228845119278, 0.9890857711548807]]
9094847	[1, [0.0454082615607414, 0.9545917384392586]]
10575385	[1, [0.006311939436553393, 0.9936880605634466]]
23728070	[1, [0.02213367935579147, 0.9778663206442085]]
18165293	[1, [0.012074095246339067, 0.9879259047536609]]
23738147	[1, [0.006091631176068368, 0.9939083688239316]]
87120286	[1, [0.0011035034143893618, 0.9988964965856106]]
74231465	[1, [0.021824351192105684, 0.9781756488078943]]
23743627	[1, [0.014090417330464344, 0.9859095826695357]]
23729971	[1, [0.016744214341973818, 0.9832557856580262]]
7886951	[1, [0.012972481302754635, 0.9870275186972454]]
20678288	[1, [0.02950688486698716, 0.9704931151330128]]
80447549	[1, [0.0023511222830474576, 0.9976488777169525]]
7884936	[1, [0.04712854878026762, 0.9528714512197324]]
6755568	[1, [0.04824423154180435, 0.9517557684581957]]
21901382	[1, [0.0075135265639452165, 0.9924864734360548]]
92130849	[1, [0.01960865590155647, 0.9803913440984435]]
20724097	[1, [0.017121680240854253, 0.9828783197591457]]
7886734	[1, [0.0011809636645264687, 0.9988190363354735]]
80155094	[1, [0.03258026399614744, 0.9674197360038526]]
10553459	[1, [0.0020953438664959023, 0.9979046561335041]]
74291641	[1, [0.0026274410337179255, 0.9973725589662821]]
10536265	[1, [0.015918267034381595, 0.9840817329656184]]
87081225	[1, [0.03874955118747159, 0.9612504488125284]]
87114905	[1, [0.017965258345153612, 0.9820347416548464]]
7958219	[1, [0.041161692079271006, 0.958838307920729]]
74169151	[1, [0.0369856433157425, 0.9630143566842575]]
10558558	[1, [0.003728028152085394, 0.9962719718479146]]
13830512	[1, [0.017006581693870704, 0.9829934183061293]]
37344024	[1, [0.014376733454309787, 0.9856232665456902]]
13865573	[1, [0.04353704432021688, 0.9564629556797831]]
28580837	[1, [0.003265720896506341, 0.9967342791034937]]
55708120	[1, [0.0059516233836420795, 0.9940483766163579]]
93937327	[1, [0.00020663518937569236, 0.9997933648106243]]
49630900	[1, [0.003093936489993787, 0.9969060635100062]]
93996586	[1, [0.026526147343628237, 0.9734738526563718]]
11068163	[1, [0.003519232862603694, 0.9964807671373963]]
87623802	[1, [0.019813298241382893, 0.9801867017586171]]
49681907	[1, [0.00047423999764040214, 0.9995257600023596]]
43209128	[1, [0.00016474529282328731, 0.9998352547071767]]
15312605	[1, [0.0206011363923716, 0.9793988636076284]]
7831323	[1, [0.026781462049425553, 0.9732185379505744]]
28148547	[1, [0.0030675730592180095, 0.996932426940782]]
13834198	[1, [0.02138854008891178, 0.9786114599110882]]
69075686	[1, [0.014043159930799742, 0.9859568400692003]]
7786894	[1, [0.006507475295753906, 0.9934925247042461]]
43024259	[1, [0.015590873263301996, 0.984409126736698]]
99853917	[1, [0.0016572789974215185, 0.9983427210025785]]
6859829	[1, [0.004510884328544962, 0.995489115671455]]
19817352	[1, [0.0491283928500017, 0.9508716071499983]]
70839176	[1, [0.036648333091957586, 0.9633516669080424]]
43052830	[1, [0.003065563472011701, 0.9969344365279883]]
67989663	[1, [0.03395188678578809, 0.9660481132142119]]
26062577	[1, [0.007303259679341534, 0.9926967403206585]]
7948771	[1, [0.01753429981129928, 0.9824657001887007]]
99901799	[1, [0.021211020027381733, 0.9787889799726183]]
28593303	[1, [0.04056756703906095, 0.959432432960939]]
7948458	[1, [0.010724760410151357, 0.9892752395898486]]
72669433	[1, [0.03493016624283174, 0.9650698337571683]]
87382912	[1, [0.007264424100232647, 0.9927355758997674]]
9231571	[1, [0.01158901403312318, 0.9884109859668768]]
75359459	[1, [0.0023063317220309854, 0.997693668277969]]
49927823	[1, [0.01831261144533225, 0.9816873885546678]]
95117323	[1, [0.01184424033133924, 0.9881557596686608]]
51345783	[1, [0.019206100502692447, 0.9807938994973076]]
87364016	[1, [0.0012774386145232297, 0.9987225613854768]]
94585351	[1, [0.025511734060800095, 0.9744882659391999]]
65106489	[1, [0.0030096709598983473, 0.9969903290401017]]
94595138	[1, [0.007899545866540847, 0.9921004541334592]]
6747610	[1, [0.04226893353469974, 0.9577310664653003]]
6741907	[1, [0.03297850801183122, 0.9670214919881688]]
87369968	[1, [0.0025977014018444544, 0.9974022985981555]]
20179105	[1, [0.03605355597002169, 0.9639464440299783]]
72619047	[1, [0.04298608732886633, 0.9570139126711337]]
42537104	[1, [0.042032096704469724, 0.9579679032955303]]
9206098	[1, [0.014285497132454195, 0.9857145028675458]]
10832742	[1, [0.0003260770329441831, 0.9996739229670558]]
82012504	[1, [0.015314424640645696, 0.9846855753593543]]
9316399	[1, [0.00709650689587682, 0.9929034931041232]]
7821472	[1, [0.009585443006861594, 0.9904145569931384]]
92312094	[1, [0.007029401062263241, 0.9929705989377368]]
72577167	[1, [0.0033911300739457584, 0.9966088699260542]]
86610581	[1, [0.03901708427009065, 0.9609829157299093]]
49955682	[1, [0.04619915006714681, 0.9538008499328532]]
67934498	[1, [0.0022382981878027453, 0.9977617018121973]]
49982219	[1, [0.019017263971457088, 0.9809827360285429]]
21337950	[1, [0.013268447466155853, 0.9867315525338441]]
9146489	[1, [0.015040771600582592, 0.9849592283994174]]
5814131	[1, [0.021112571171797878, 0.9788874288282021]]
95154818	[1, [0.02774916911849623, 0.9722508308815038]]
34220210	[1, [0.03144121377742781, 0.9685587862225722]]
10303236	[1, [0.0007708851367482783, 0.9992291148632517]]
88652026	[1, [0.020163340527203144, 0.9798366594727969]]
42543849	[1, [0.03314898901755048, 0.9668510109824495]]
65101618	[1, [0.015247777505759452, 0.9847522224942405]]
6743829	[1, [0.042566862905011216, 0.9574331370949888]]
34226769	[1, [0.003712929779763896, 0.9962870702202361]]
94850648	[1, [0.01573803276448804, 0.984261967235512]]
18407007	[1, [0.047753245324859805, 0.9522467546751402]]
18412898	[1, [0.021418543385245292, 0.9785814566147547]]
74644699	[1, [0.004329217232051263, 0.9956707827679487]]
89914734	[1, [0.005518034147254158, 0.9944819658527458]]
26484069	[1, [0.014213241633249107, 0.9857867583667509]]
66579245	[1, [0.015416780005524822, 0.9845832199944752]]
91437920	[1, [0.024707928826591452, 0.9752920711734085]]
32236057	[1, [0.03730582823520845, 0.9626941717647916]]
73847840	[1, [0.007076834989106384, 0.9929231650108936]]
35442978	[1, [0.038921730498678864, 0.9610782695013211]]
89936637	[1, [0.004458587409816972, 0.995541412590183]]
63248254	[1, [0.029045681874170448, 0.9709543181258296]]
77632391	[1, [0.003600547733052184, 0.9963994522669478]]
78354736	[1, [0.015938118331361495, 0.9840618816686385]]
33088676	[1, [0.008876137104108173, 0.9911238628958918]]
89913243	[1, [0.007407767275248389, 0.9925922327247516]]
89893533	[1, [0.01282486478603495, 0.987175135213965]]
77936206	[1, [0.009975147905760706, 0.9900248520942393]]
35466491	[1, [0.026732527016071983, 0.973267472983928]]
91413450	[1, [0.0016031683415563824, 0.9983968316584436]]
83456014	[1, [0.005755789610909501, 0.9942442103890905]]
74610636	[1, [0.023800833957585144, 0.9761991660424149]]
26540029	[1, [0.029490608345131952, 0.970509391654868]]
26323646	[1, [0.013603814787898516, 0.9863961852121015]]
7118395	[1, [0.004761299916432815, 0.9952387000835672]]
7942978	[1, [0.0379768765115065, 0.9620231234884935]]
51577703	[1, [0.00389701512669427, 0.9961029848733057]]
42597978	[1, [0.0051631744015574466, 0.9948368255984426]]
9087832	[1, [0.006816077131194143, 0.9931839228688059]]
24173133	[1, [0.03087052478041219, 0.9691294752195878]]
65603992	[1, [0.03146248604105384, 0.9685375139589462]]
5431480	[1, [0.0066363325384035665, 0.9933636674615964]]
5431481	[1, [0.004978727627067858, 0.9950212723729321]]
5429898	[1, [0.002726929045092974, 0.997273070954907]]
5431359	[1, [0.03693766206596605, 0.963062337934034]]
5431839	[1, [0.008056681061115567, 0.9919433189388844]]
9088763	[1, [0.03233413879404867, 0.9676658612059513]]
9087320	[1, [0.049099723314388166, 0.9509002766856118]]
5432152	[1, [0.0050109204864716705, 0.9949890795135283]]
5430366	[1, [0.031606043392108596, 0.9683939566078914]]
71176835	[1, [0.0016616039679422379, 0.9983383960320578]]
25255410	[1, [0.015113850630967818, 0.9848861493690322]]
5430348	[1, [0.002059974092935013, 0.997940025907065]]
5455012	[1, [0.01402932971756532, 0.9859706702824347]]
5429895	[1, [0.04393834345985914, 0.9560616565401409]]
5429896	[1, [0.03420708182465981, 0.9657929181753402]]
50959803	[1, [0.03219594828926331, 0.9678040517107367]]
5454916	[1, [0.0032869515316982234, 0.9967130484683018]]
78124695	[1, [0.0013633064585065746, 0.9986366935414934]]
40501055	[1, [0.0010746139277043598, 0.9989253860722956]]
37556706	[1, [0.0015969800804435108, 0.9984030199195565]]
50950702	[1, [0.011073107063300003, 0.9889268929367]]
65597356	[1, [0.015344711861604687, 0.9846552881383953]]
5431811	[1, [1.5468755898861986e-05, 0.9999845312441011]]
5454175	[1, [0.003980773142506666, 0.9960192268574933]]
5431940	[1, [0.0126712350636915, 0.9873287649363085]]
66041811	[1, [0.007799232572073933, 0.9922007674279261]]
24160160	[1, [0.03399497818479413, 0.9660050218152059]]
9087900	[1, [0.010668025893653454, 0.9893319741063465]]
66850071	[1, [0.012551278110609632, 0.9874487218893904]]
5430894	[1, [6.796266190101097e-05, 0.999932037338099]]
59722800	[1, [0.04604996229713332, 0.9539500377028667]]
65616243	[1, [0.007932864990972677, 0.9920671350090273]]
5429689	[1, [0.028617641329701682, 0.9713823586702983]]
39546402	[1, [0.0036642576464903653, 0.9963357423535096]]
71111328	[1, [0.0022371775137967065, 0.9977628224862033]]
5431450	[1, [0.00043735310487835743, 0.9995626468951216]]
5430419	[1, [0.002116427398870746, 0.9978835726011293]]
14711414	[1, [0.01609347684817375, 0.9839065231518263]]
5430286	[1, [0.044282793471126514, 0.9557172065288735]]
78118926	[1, [0.031847488950714986, 0.968152511049285]]
5452451	[1, [0.0032869515316982234, 0.9967130484683018]]
5430641	[1, [0.0036080761860247668, 0.9963919238139752]]
51013997	[1, [0.040461787981788566, 0.9595382120182114]]
77093083	[1, [0.030137997561910268, 0.9698620024380897]]
5430060	[1, [0.01489065470257922, 0.9851093452974208]]
78072538	[1, [0.015159986344380316, 0.9848400136556197]]
50962600	[1, [0.0016410427317221643, 0.9983589572682778]]
5452719	[1, [0.01228450012858573, 0.9877154998714143]]
59679305	[1, [0.04073960625484652, 0.9592603937451535]]
69863216	[1, [0.02260467910607189, 0.9773953208939281]]
5430823	[1, [0.0006607991763347698, 0.9993392008236652]]
5430821	[1, [0.017655235990674756, 0.9823447640093252]]
5454720	[1, [0.004648871121464171, 0.9953511288785358]]
5452138	[1, [0.016735608704297134, 0.9832643912957029]]
69840760	[1, [0.03177627177698916, 0.9682237282230108]]
9088696	[1, [0.039601784509661675, 0.9603982154903383]]
5430991	[1, [0.0016441603724305365, 0.9983558396275695]]
15206955	[1, [0.019178667071892086, 0.9808213329281079]]
86411194	[1, [0.03979845186862152, 0.9602015481313785]]
83857588	[1, [0.013807492906034557, 0.9861925070939654]]
29358357	[1, [0.0443029395513298, 0.9556970604486702]]
81508404	[1, [0.006557589518775053, 0.993442410481225]]
58579831	[1, [0.049233005233732086, 0.9507669947662679]]
15197303	[1, [0.04696962577378172, 0.9530303742262183]]
69672677	[1, [0.03301086818252852, 0.9669891318174715]]
81415208	[1, [0.0019219087172221982, 0.9980780912827778]]
24479831	[1, [0.04683545154848279, 0.9531645484515172]]
54653262	[1, [0.021721655468946555, 0.9782783445310534]]
42350677	[1, [0.043235652166965566, 0.9567643478330344]]
86420016	[1, [0.014195197746651123, 0.9858048022533489]]
5542746	[1, [0.027759089799261116, 0.9722409102007389]]
22425992	[1, [0.009348285397689393, 0.9906517146023106]]
32701159	[1, [0.011875090844101877, 0.9881249091558981]]
94029821	[1, [0.0383986876860094, 0.9616013123139906]]
81493171	[1, [0.00829488816654056, 0.9917051118334594]]
34198057	[1, [0.011483531677388692, 0.9885164683226113]]
81404011	[1, [0.011169595095146145, 0.9888304049048539]]
60032432	[1, [0.028046611208928818, 0.9719533887910712]]
37217257	[1, [0.03439775850068483, 0.9656022414993152]]
69639558	[1, [0.007434706126909663, 0.9925652938730903]]
15194719	[1, [0.0031355178053037447, 0.9968644821946963]]
21976657	[1, [0.04409796954026879, 0.9559020304597312]]
15154232	[1, [0.007905353052062303, 0.9920946469479377]]
34195927	[1, [0.00841786958711277, 0.9915821304128872]]
6472753	[1, [0.04463397644990519, 0.9553660235500948]]
6472534	[1, [0.01090186175581509, 0.9890981382441849]]
5538598	[1, [0.0037907091895300615, 0.9962092908104699]]
86470230	[1, [0.012536406324658245, 0.9874635936753418]]
81394220	[1, [0.019471459238459055, 0.980528540761541]]
21937757	[1, [0.023889800096999925, 0.9761101999030001]]
47965430	[1, [0.006571634976000995, 0.993428365023999]]
41611780	[1, [0.02764386858229617, 0.9723561314177038]]
24443921	[1, [0.012493247839735822, 0.9875067521602642]]
6474400	[1, [0.016279130243617046, 0.983720869756383]]
42393941	[1, [0.026251874820166776, 0.9737481251798332]]
21966475	[1, [0.0041961359537764364, 0.9958038640462236]]
29380422	[1, [0.016636111790235386, 0.9833638882097646]]
32575197	[1, [0.006264534734747418, 0.9937354652652526]]
86165328	[1, [0.016314826920453274, 0.9836851730795467]]
6521179	[1, [0.030474083099715332, 0.9695259169002847]]
32584726	[1, [0.0045077549482647195, 0.9954922450517353]]
7004438	[1, [0.03476372219368373, 0.9652362778063163]]
78161799	[1, [0.02565956093976396, 0.974340439060236]]
7008939	[1, [0.02277468810526917, 0.9772253118947308]]
7005360	[1, [0.04157358390326271, 0.9584264160967373]]
25012758	[1, [0.003953625681448525, 0.9960463743185515]]
6117792	[1, [0.03269622544970696, 0.967303774550293]]
17957504	[1, [0.015337599035997851, 0.9846624009640021]]
15481356	[1, [0.0031349201213156652, 0.9968650798786843]]
25016351	[1, [0.002124609290042656, 0.9978753907099573]]
7004302	[1, [0.01779683793705078, 0.9822031620629492]]
7005131	[1, [0.03892157410209629, 0.9610784258979037]]
28497726	[1, [0.010202666952384476, 0.9897973330476155]]
37759826	[1, [0.011944539460239989, 0.98805546053976]]
15501474	[1, [0.002920644430894792, 0.9970793555691052]]
74051517	[1, [0.0005042307544564917, 0.9994957692455435]]
40961725	[1, [0.01641314045060749, 0.9835868595493925]]
7004388	[1, [0.023560175710042985, 0.976439824289957]]
19323215	[1, [0.0050595889437958785, 0.9949404110562041]]
28473594	[1, [0.00954065561436146, 0.9904593443856385]]
28473920	[1, [0.03541510216331056, 0.9645848978366894]]
31980138	[1, [0.006481054267483466, 0.9935189457325165]]
15496496	[1, [0.022732690610519968, 0.97726730938948]]
23689602	[1, [0.012931394799330809, 0.9870686052006692]]
7005028	[1, [0.0370675072880734, 0.9629324927119266]]
31188881	[1, [0.013038385372742378, 0.9869616146272576]]
85317256	[1, [0.011851875352682839, 0.9881481246473172]]
7007333	[1, [0.01235338508561723, 0.9876466149143828]]
40772066	[1, [0.027501511646796373, 0.9724984883532036]]
70978304	[1, [0.004629425324698566, 0.9953705746753014]]
11822027	[1, [0.007084461099289285, 0.9929155389007107]]
70803414	[1, [0.04861248774292315, 0.9513875122570769]]
5262813	[1, [0.04712854878026762, 0.9528714512197324]]
92910145	[1, [0.022112066377158124, 0.9778879336228419]]
92881177	[1, [0.0025895802128670375, 0.997410419787133]]
40106704	[1, [0.01224151442099164, 0.9877584855790084]]
41652861	[1, [0.0026849499640045904, 0.9973150500359954]]
64548562	[1, [0.03023616099345572, 0.9697638390065443]]
11837209	[1, [0.001683922857612763, 0.9983160771423872]]
63826868	[1, [0.015448354746672943, 0.9845516452533271]]
95004318	[1, [0.013075579102259316, 0.9869244208977407]]
70996401	[1, [0.01963342984394767, 0.9803665701560523]]
64551968	[1, [0.018942140303389587, 0.9810578596966104]]
40813948	[1, [0.020117324688257554, 0.9798826753117424]]
50065860	[1, [0.008756801903416767, 0.9912431980965832]]
94988331	[1, [0.005550565920046435, 0.9944494340799536]]
5998567	[1, [0.0020132219956595643, 0.9979867780043404]]
7649434	[1, [0.016861171713872136, 0.9831388282861279]]
52483995	[1, [0.03542590392506795, 0.964574096074932]]
37033975	[1, [0.041944142231055026, 0.958055857768945]]
53246893	[1, [0.042607972899115, 0.957392027100885]]
37035256	[1, [0.012937713661980932, 0.9870622863380191]]
5262479	[1, [0.021884660218162377, 0.9781153397818376]]
49190727	[1, [0.007759160584260627, 0.9922408394157394]]
30716801	[1, [0.010052728601250172, 0.9899472713987498]]
40127748	[1, [0.017019853237850047, 0.98298014676215]]
90111888	[1, [0.008634566154529955, 0.99136543384547]]
40814446	[1, [0.004516989408497762, 0.9954830105915022]]
15592226	[1, [0.029369396555609772, 0.9706306034443902]]
92905068	[1, [0.02522298676805579, 0.9747770132319442]]
29152787	[1, [0.0012906153770775308, 0.9987093846229225]]
32853235	[1, [0.027744823999172885, 0.9722551760008271]]
93661437	[1, [0.0031866224589656156, 0.9968133775410344]]
55390512	[1, [0.04505385571630127, 0.9549461442836987]]
7017498	[1, [0.04769430741358782, 0.9523056925864122]]
7318423	[1, [0.03692397068007491, 0.9630760293199251]]
19513954	[1, [0.04618639228924293, 0.9538136077107571]]
51244430	[1, [0.022883195524120215, 0.9771168044758798]]
57532751	[1, [0.017094004036092736, 0.9829059959639073]]
34741990	[1, [0.002731468314429275, 0.9972685316855707]]
7018814	[1, [0.034196904067955725, 0.9658030959320443]]
45701514	[1, [0.009247967345843766, 0.9907520326541562]]
7319588	[1, [0.011544658314488254, 0.9884553416855117]]
73975775	[1, [0.04787139961036424, 0.9521286003896358]]
7018608	[1, [0.012951323529762915, 0.9870486764702371]]
55383200	[1, [0.015344711861604687, 0.9846552881383953]]
92105073	[1, [0.0454920943477819, 0.9545079056522181]]
34744293	[1, [0.006075465340752317, 0.9939245346592477]]
7017233	[1, [0.019221659209726294, 0.9807783407902737]]
42939519	[1, [0.014360865154461222, 0.9856391348455388]]
32844662	[1, [0.03973951637193929, 0.9602604836280607]]
5360171	[1, [0.04987420179133084, 0.9501257982086692]]
32834051	[1, [0.009796608967620912, 0.9902033910323791]]
30406949	[1, [0.006933835378772124, 0.9930661646212279]]
7319559	[1, [0.021405440414264176, 0.9785945595857358]]
29127622	[1, [0.01533281250889218, 0.9846671874911078]]
42930388	[1, [0.026936228063942358, 0.9730637719360576]]
52309484	[1, [0.02384237094510422, 0.9761576290548958]]
51290507	[1, [0.001941674583562536, 0.9980583254164375]]
17463814	[1, [0.015313414890952837, 0.9846865851090472]]
34752356	[1, [0.007358039504957836, 0.9926419604950422]]
19506745	[1, [0.0010105291459884258, 0.9989894708540116]]
19524389	[1, [0.021810806261164828, 0.9781891937388352]]
7850309	[1, [0.026762959915970552, 0.9732370400840294]]
90947259	[1, [0.015737252660958823, 0.9842627473390412]]
88228296	[1, [0.008595804115328454, 0.9914041958846715]]
11082905	[1, [0.008759031636059955, 0.99124096836394]]
14229846	[1, [0.003383618342068684, 0.9966163816579313]]
27718279	[1, [0.03220665185814309, 0.9677933481418569]]
75996811	[1, [0.0024176870812163687, 0.9975823129187836]]
79964974	[1, [0.040542413987745274, 0.9594575860122547]]
99195092	[1, [0.014367682094187595, 0.9856323179058124]]
97506390	[1, [0.004701197764749754, 0.9952988022352502]]
12786523	[1, [0.0007323302914931107, 0.9992676697085069]]
11103986	[1, [0.02511881896933643, 0.9748811810306636]]
84354768	[1, [0.023057224151898148, 0.9769427758481019]]
83176005	[1, [0.0373924538202417, 0.9626075461797583]]
97450822	[1, [0.042418339281388606, 0.9575816607186114]]
58217448	[1, [0.014358912099367682, 0.9856410879006323]]
84414975	[1, [0.019223104877070574, 0.9807768951229294]]
99207531	[1, [0.015837298343526096, 0.9841627016564739]]
89128186	[1, [0.020178390478474473, 0.9798216095215255]]
62028612	[1, [0.02699517973947041, 0.9730048202605296]]
6999968	[1, [3.489572862891421e-05, 0.9999651042713711]]
75984514	[1, [0.006976989978794701, 0.9930230100212053]]
27696266	[1, [0.03280517608490996, 0.96719482391509]]
86770125	[1, [0.042494763935904345, 0.9575052360640957]]
19215518	[1, [0.014024461187765791, 0.9859755388122342]]
87755294	[1, [0.006856133865158598, 0.9931438661348414]]
39006785	[1, [0.04990841671833901, 0.950091583281661]]
21521026	[1, [0.031826236682090836, 0.9681737633179092]]
19188346	[1, [0.010281279810130384, 0.9897187201898696]]
71692426	[1, [0.03477365001490762, 0.9652263499850924]]
87800283	[1, [0.01609347684817375, 0.9839065231518263]]
99671270	[1, [0.012585236010106082, 0.9874147639898939]]
36182918	[1, [0.014239449497589374, 0.9857605505024106]]
54156019	[1, [0.00835670370917585, 0.9916432962908241]]
87759327	[1, [0.003990980504959496, 0.9960090194950405]]
14378532	[1, [0.007215348808687794, 0.9927846511913122]]
14328523	[1, [0.007413113750443734, 0.9925868862495563]]
19234395	[1, [0.0003376608297499528, 0.99966233917025]]
21525342	[1, [0.02145493744258231, 0.9785450625574177]]
30597466	[1, [0.021381441577851157, 0.9786185584221488]]
53149515	[1, [0.041612790771019426, 0.9583872092289806]]
16952030	[1, [0.03807003851657709, 0.9619299614834229]]
71750417	[1, [0.0403168824061787, 0.9596831175938213]]
37696187	[1, [0.0038989698126339345, 0.9961010301873661]]
7873349	[1, [0.0268662055482215, 0.9731337944517785]]
48518395	[1, [0.003872165186401988, 0.996127834813598]]
85031261	[1, [0.04710271521990095, 0.952897284780099]]
66668582	[1, [0.013296488925258365, 0.9867035110747416]]
98433807	[1, [0.0020608186867679956, 0.997939181313232]]
91463185	[1, [0.020269587582329662, 0.9797304124176703]]
86630687	[1, [0.016963749683573615, 0.9830362503164264]]
60285291	[1, [0.049540185986755914, 0.9504598140132441]]
70676510	[1, [0.005976262599767024, 0.994023737400233]]
44620335	[1, [0.007885823223210298, 0.9921141767767897]]
31763244	[1, [0.027489972568511045, 0.972510027431489]]
70675802	[1, [0.016459476620662272, 0.9835405233793377]]
87233742	[1, [0.04016729322827561, 0.9598327067717244]]
62690800	[1, [0.04926602929698076, 0.9507339707030192]]
7332211	[1, [0.02365756213526371, 0.9763424378647363]]
62740675	[1, [0.028594024335882096, 0.9714059756641179]]
81312682	[1, [0.043008763703363484, 0.9569912362966365]]
60312450	[1, [0.003201818518658306, 0.9967981814813417]]
87233808	[1, [0.0029547236869574833, 0.9970452763130425]]
59961485	[1, [0.002423849650157961, 0.997576150349842]]
70676452	[1, [0.006238508719994207, 0.9937614912800058]]
6128902	[1, [0.030422593417564703, 0.9695774065824353]]
98536939	[1, [0.011966433900596485, 0.9880335660994035]]
9141226	[1, [0.020322901508579627, 0.9796770984914204]]
62711724	[1, [0.002014849274623698, 0.9979851507253763]]
7037034	[1, [0.01732639485354004, 0.98267360514646]]
62746587	[1, [0.002412847228030146, 0.9975871527719699]]
95918499	[1, [0.00026673027829382523, 0.9997332697217062]]
86669230	[1, [0.0030432483860609594, 0.996956751613939]]
6565066	[1, [0.0027403060297348514, 0.9972596939702651]]
6566195	[1, [0.032506099882785966, 0.967493900117214]]
66660212	[1, [0.0057015280256431655, 0.9942984719743568]]
38247319	[1, [0.003987850303803553, 0.9960121496961964]]
60022762	[1, [0.0037886536161567674, 0.9962113463838432]]
44643423	[1, [0.0022648775795274245, 0.9977351224204726]]
98507300	[1, [0.02607115543031413, 0.9739288445696859]]
46608847	[1, [0.006103499103017107, 0.9938965008969829]]
38215050	[1, [0.000851281175751506, 0.9991487188242485]]
97869416	[1, [0.002515995322151854, 0.9974840046778481]]
48568318	[1, [0.02034007542744709, 0.9796599245725529]]
7895094	[1, [0.02111800081174131, 0.9788819991882587]]
48567727	[1, [0.0404453504890826, 0.9595546495109174]]
7894266	[1, [0.01405974811903643, 0.9859402518809636]]
37507780	[1, [0.014977034410157963, 0.985022965589842]]
20037674	[1, [0.009138670486901312, 0.9908613295130987]]
35100267	[1, [0.039275639451072486, 0.9607243605489275]]
35062948	[1, [0.03838605392771699, 0.961613946072283]]
93577627	[1, [0.03371852611375892, 0.9662814738862411]]
6051794	[1, [0.016935308393557835, 0.9830646916064422]]
83491016	[1, [0.004522723980731169, 0.9954772760192688]]
7944082	[1, [0.02951664358643802, 0.970483356413562]]
7533830	[1, [0.005558872657986047, 0.994441127342014]]
6787022	[1, [0.023458868276487466, 0.9765411317235125]]
7533017	[1, [0.02404574383470859, 0.9759542561652914]]
67855298	[1, [0.00015651642691116852, 0.9998434835730888]]
25451284	[1, [0.0014484871720100712, 0.9985515128279899]]
25401004	[1, [0.008018779725987857, 0.9919812202740121]]
7835489	[1, [0.036946933844659746, 0.9630530661553403]]
6785396	[1, [0.020170145188875388, 0.9798298548111246]]
11363073	[1, [0.018529827660158427, 0.9814701723398416]]
17797604	[1, [0.007441823316195029, 0.992558176683805]]
59753511	[1, [0.023558559729452977, 0.976441440270547]]
67875690	[1, [0.04082888813684049, 0.9591711118631595]]
31235717	[1, [0.024208210202174674, 0.9757917897978253]]
5304024	[1, [0.03901332763796106, 0.9609866723620389]]
63788401	[1, [0.002726041775816701, 0.9972739582241833]]
6541337	[1, [0.03310968138374726, 0.9668903186162527]]
93356856	[1, [0.001962718223439963, 0.99803728177656]]
6051322	[1, [0.005262763135061244, 0.9947372368649388]]
37059087	[1, [0.010531731197179539, 0.9894682688028205]]
57773605	[1, [0.011534416657957958, 0.988465583342042]]
9144775	[1, [0.04644793199670305, 0.953552068003297]]
7944495	[1, [0.0034109196154344934, 0.9965890803845655]]
11378387	[1, [0.03467413084243254, 0.9653258691575675]]
20062351	[1, [0.035864414685572554, 0.9641355853144274]]
35103713	[1, [0.009470045088111445, 0.9905299549118886]]
17780284	[1, [0.015319545699611248, 0.9846804543003888]]
7356118	[1, [0.0008373127006047199, 0.9991626872993953]]
98164124	[1, [0.009818061577168358, 0.9901819384228316]]
38603564	[1, [0.03390878891438831, 0.9660912110856117]]
38635448	[1, [0.029745979212774998, 0.970254020787225]]
39751748	[1, [0.023370531061204902, 0.9766294689387951]]
62186657	[1, [0.010811778499106306, 0.9891882215008937]]
7355279	[1, [0.0006047054179605382, 0.9993952945820395]]
47737900	[1, [0.024619195677049954, 0.97538080432295]]
58503622	[1, [0.017029452839116055, 0.982970547160884]]
7970646	[1, [0.031749185606388175, 0.9682508143936118]]
22786481	[1, [0.04918027455433838, 0.9508197254456616]]
84714954	[1, [0.0025294351907795276, 0.9974705648092205]]
56298820	[1, [0.007773590999144542, 0.9922264090008555]]
5572662	[1, [0.008671907134522816, 0.9913280928654772]]
30839087	[1, [0.0029971909135854125, 0.9970028090864146]]
7970801	[1, [0.004688901254791822, 0.9953110987452082]]
22569060	[1, [0.027690913875694334, 0.9723090861243057]]
38639877	[1, [0.0009895084624397255, 0.9990104915375603]]
75222563	[1, [0.03252028185237654, 0.9674797181476235]]
18775634	[1, [0.02360187797237967, 0.9763981220276203]]
76730043	[1, [0.01118605201650269, 0.9888139479834973]]
75194752	[1, [0.02311568524921659, 0.9768843147507834]]
38576434	[1, [0.02323977757503115, 0.9767602224249688]]
7970474	[1, [0.007242218245568144, 0.9927577817544319]]
18026711	[1, [0.01740327123922014, 0.9825967287607799]]
19536083	[1, [0.006206242823020625, 0.9937937571769794]]
59512479	[1, [0.009664329038649333, 0.9903356709613507]]
6446046	[1, [0.010031667314076786, 0.9899683326859232]]
94093944	[1, [0.009744700545194829, 0.9902552994548052]]
73575973	[1, [0.014742509693304928, 0.9852574903066951]]
98317093	[1, [0.002975031451859733, 0.9970249685481403]]
53823616	[1, [0.004528693374446724, 0.9954713066255533]]
22279817	[1, [0.02776077794867815, 0.9722392220513218]]
96121943	[1, [0.003180396178127376, 0.9968196038218726]]
73563240	[1, [0.008488018955727261, 0.9915119810442727]]
73565603	[1, [0.04999748404124138, 0.9500025159587586]]
79369438	[1, [0.034995134920164594, 0.9650048650798354]]
31525917	[1, [0.04757639756333709, 0.9524236024366629]]
33801035	[1, [0.026331833168421248, 0.9736681668315788]]
27826984	[1, [0.01161309320227566, 0.9883869067977243]]
6447548	[1, [0.02128896641529887, 0.9787110335847011]]
22324111	[1, [0.022533236939858314, 0.9774667630601417]]
6446121	[1, [0.027908669887242277, 0.9720913301127577]]
97209429	[1, [0.0159447112222888, 0.9840552887777112]]
96096989	[1, [0.004656754251230799, 0.9953432457487692]]
19589711	[1, [0.007409835583725433, 0.9925901644162746]]
80932202	[1, [0.03669888533665833, 0.9633011146633417]]
18029316	[1, [0.02840626293685944, 0.9715937370631406]]
94133592	[1, [0.0011175758906187827, 0.9988824241093812]]
96101461	[1, [0.0032301595588098975, 0.9967698404411901]]
6446358	[1, [0.04203269664319076, 0.9579673033568092]]
31537681	[1, [0.0253937962590014, 0.9746062037409986]]
50599955	[1, [0.03369484132563805, 0.966305158674362]]
92803667	[1, [0.028224365319783118, 0.9717756346802169]]
76396166	[1, [0.022823235433840794, 0.9771767645661592]]
89445286	[1, [0.03810859573165115, 0.9618914042683488]]
7358754	[1, [0.0010365272482810717, 0.9989634727517189]]
36590974	[1, [0.021383710001211753, 0.9786162899987882]]
61780120	[1, [0.007290428765380108, 0.9927095712346199]]
94212629	[1, [0.0210527383599034, 0.9789472616400966]]
61758854	[1, [0.0386304233935062, 0.9613695766064938]]
33906204	[1, [0.0024982428643000043, 0.9975017571357]]
61755286	[1, [0.04949341732454593, 0.9505065826754541]]
19018082	[1, [0.03399312667901799, 0.966006873320982]]
9298663	[1, [0.018258501481674738, 0.9817414985183253]]
18999184	[1, [0.0019314539056057844, 0.9980685460943942]]
63986526	[1, [0.013398739624739586, 0.9866012603752604]]
9251440	[1, [0.04001114443312359, 0.9599888555668764]]
85930743	[1, [0.04605142120151329, 0.9539485787984867]]
7284936	[1, [0.046933976112504605, 0.9530660238874954]]
63952729	[1, [0.024845189976026805, 0.9751548100239732]]
18971330	[1, [0.029813677216136703, 0.9701863227838633]]
52554694	[1, [0.0019144169924636412, 0.9980855830075364]]
58781021	[1, [0.02474106197322501, 0.975258938026775]]
5355523	[1, [0.01772186729602865, 0.9822781327039714]]
85575050	[1, [0.03657123331850376, 0.9634287666814962]]
14028555	[1, [0.00929521092242347, 0.9907047890775765]]
72381615	[1, [0.0222037654834496, 0.9777962345165504]]
65318238	[1, [0.004710408312992631, 0.9952895916870074]]
65267145	[1, [0.0322546831193673, 0.9677453168806327]]
23351795	[1, [0.03085898352804395, 0.969141016471956]]
56920428	[1, [0.009803020847529265, 0.9901969791524707]]
7627692	[1, [0.0452206546671996, 0.9547793453328004]]
23313293	[1, [0.04447347534784907, 0.9555265246521509]]
96782889	[1, [0.008640520037637489, 0.9913594799623625]]
7938047	[1, [0.010043531361656255, 0.9899564686383437]]
23553166	[1, [0.007621663600880013, 0.99237833639912]]
17123289	[1, [0.023714006324018655, 0.9762859936759813]]
95274175	[1, [0.009606336394194614, 0.9903936636058054]]
14045585	[1, [0.04752502449088558, 0.9524749755091144]]
86349052	[1, [0.0012352792362990694, 0.9987647207637009]]
33665824	[1, [0.006101507063871026, 0.993898492936129]]
23299528	[1, [0.004792418569612655, 0.9952075814303873]]
7937938	[1, [0.04759517105953748, 0.9524048289404625]]
23562079	[1, [0.02673713282498069, 0.9732628671750193]]
9099276	[1, [0.040737308005825756, 0.9592626919941742]]
33615116	[1, [0.024482069066204426, 0.9755179309337956]]
96759944	[1, [0.0011116023246715567, 0.9988883976753284]]
90175211	[1, [0.003618368238215597, 0.9963816317617844]]
14876880	[1, [0.0112519539663688, 0.9887480460336312]]
7626947	[1, [0.012392628394638727, 0.9876073716053613]]
84102762	[1, [0.0031289689666549325, 0.9968710310333451]]
23543173	[1, [0.009621885411220443, 0.9903781145887796]]
85600818	[1, [0.032338747438416804, 0.9676612525615832]]
29183620	[1, [0.015677642111549206, 0.9843223578884508]]
95285905	[1, [0.0443761335635402, 0.9556238664364598]]
68666579	[1, [0.038552320806252705, 0.9614476791937473]]
5478974	[1, [0.02858276172772989, 0.9714172382722701]]
52705081	[1, [0.004143619695990974, 0.995856380304009]]
45533250	[1, [0.02074282915506198, 0.979257170844938]]
45563679	[1, [0.010228534403883827, 0.9897714655961162]]
19452641	[1, [0.047038554018269174, 0.9529614459817308]]
29635307	[1, [0.01890264146092957, 0.9810973585390704]]
87157285	[1, [0.014769432462621523, 0.9852305675373785]]
42852871	[1, [0.001911475828753284, 0.9980885241712467]]
7324878	[1, [0.03487080451986102, 0.965129195480139]]
12366864	[1, [0.008175171598675424, 0.9918248284013246]]
12382056	[1, [0.01654663273211332, 0.9834533672678867]]
73058719	[1, [0.0053758904013370135, 0.994624109598663]]
7325932	[1, [0.039378224534317496, 0.9606217754656825]]
7817501	[1, [0.030613022111845023, 0.969386977888155]]
9201953	[1, [0.03228708493839405, 0.967712915061606]]
76565415	[1, [0.040539173298589914, 0.9594608267014101]]
61721429	[1, [0.0026773920739847634, 0.9973226079260152]]
61679505	[1, [0.0034191052100909225, 0.9965808947899091]]
25668941	[1, [0.012806153704279732, 0.9871938462957203]]
22265334	[1, [0.0025758349070550413, 0.997424165092945]]
7328525	[1, [0.03737063417906339, 0.9626293658209366]]
7113913	[1, [0.013163856237222604, 0.9868361437627774]]
87198427	[1, [0.020710644830734815, 0.9792893551692652]]
14985631	[1, [0.03942797455772673, 0.9605720254422733]]
58163446	[1, [0.0010148208411872028, 0.9989851791588128]]
52643602	[1, [0.023454906417443522, 0.9765450935825565]]
7113021	[1, [0.04778625048924989, 0.9522137495107501]]
29693916	[1, [0.010211725912942726, 0.9897882740870573]]
5968977	[1, [0.003747442689070235, 0.9962525573109298]]
25615518	[1, [0.047932116127615165, 0.9520678838723848]]
34551464	[1, [0.04137807204183397, 0.958621927958166]]
52681216	[1, [0.009849543152143814, 0.9901504568478562]]
77221972	[1, [0.00023864987022259587, 0.9997613501297774]]
62285338	[1, [0.015484896069625553, 0.9845151039303744]]
94911933	[1, [0.004749178922128339, 0.9952508210778717]]
36100741	[1, [0.003077309009717699, 0.9969226909902823]]
53306115	[1, [0.011000124149298407, 0.9889998758507016]]
36106200	[1, [0.009861353216466417, 0.9901386467835336]]
62288456	[1, [0.03777344773387725, 0.9622265522661227]]
55102928	[1, [0.020956057450278065, 0.9790439425497219]]
23829925	[1, [0.003360404111851012, 0.996639595888149]]
67563556	[1, [0.021401348476279503, 0.9785986515237205]]
6407396	[1, [0.04080105823258606, 0.9591989417674139]]
9341919	[1, [0.027191852462102095, 0.9728081475378979]]
89711341	[1, [0.005543898390820368, 0.9944561016091796]]
89666942	[1, [0.04384799038036857, 0.9561520096196314]]
16459367	[1, [0.005904731364902438, 0.9940952686350976]]
7933241	[1, [0.042225672531317704, 0.9577743274686823]]
5948324	[1, [0.0003725741422541118, 0.9996274258577459]]
52092948	[1, [0.03616398402925014, 0.9638360159707499]]
39458687	[1, [0.02731424326943699, 0.972685756730563]]
44062688	[1, [0.03476915978151962, 0.9652308402184804]]
93089529	[1, [0.004119663640565374, 0.9958803363594346]]
44063260	[1, [0.033897038825474235, 0.9661029611745258]]
39477374	[1, [0.005993294197387367, 0.9940067058026126]]
39517326	[1, [0.02807212481589738, 0.9719278751841026]]
67537680	[1, [0.03411434958146087, 0.9658856504185391]]
95036933	[1, [0.03611071898776652, 0.9638892810122335]]
67607573	[1, [0.040505289920285126, 0.9594947100797149]]
36133982	[1, [0.028585426916294954, 0.971414573083705]]
7946936	[1, [0.008701178128863063, 0.9912988218711369]]
39267683	[1, [0.04754790705076284, 0.9524520929492372]]
51168533	[1, [0.012054583897042725, 0.9879454161029573]]
7845497	[1, [0.049017988088965514, 0.9509820119110345]]
30557301	[1, [0.03063104826703633, 0.9693689517329637]]
96316910	[1, [0.007010778061049994, 0.99298922193895]]
71816478	[1, [0.01559707384536424, 0.9844029261546358]]
94549802	[1, [0.017124405968618972, 0.982875594031381]]
81586397	[1, [0.03072071707741242, 0.9692792829225876]]
7793023	[1, [0.012719306825977772, 0.9872806931740222]]
63868255	[1, [0.034713774172956624, 0.9652862258270434]]
36631844	[1, [0.036686594747411094, 0.9633134052525889]]
39410746	[1, [0.000619446997517259, 0.9993805530024827]]
65973926	[1, [0.012049794776736844, 0.9879502052232632]]
60916107	[1, [0.002080944247133787, 0.9979190557528662]]
78921478	[1, [0.007756893836000089, 0.9922431061639999]]
44576432	[1, [0.00446988453648034, 0.9955301154635197]]
59284476	[1, [0.02768567004692235, 0.9723143299530776]]
24536500	[1, [0.0012699387009380558, 0.9987300612990619]]
94578660	[1, [0.04116311156875119, 0.9588368884312488]]
59308903	[1, [0.020344534433707206, 0.9796554655662928]]
87458129	[1, [0.0005876759850749202, 0.9994123240149251]]
59345416	[1, [0.02238041898664156, 0.9776195810133584]]
14860092	[1, [0.006155007554141445, 0.9938449924458586]]
81528422	[1, [0.006933929539635564, 0.9930660704603644]]
62948104	[1, [0.041622641359306156, 0.9583773586406938]]
90869405	[1, [0.004284577586581628, 0.9957154224134184]]
82327547	[1, [0.04270033211837487, 0.9572996678816251]]
63916187	[1, [0.009242992876249523, 0.9907570071237505]]
87440193	[1, [0.0005230309756554252, 0.9994769690243446]]
96350208	[1, [0.0032147080426858654, 0.9967852919573141]]
39406457	[1, [0.042769258269715116, 0.9572307417302849]]
5642297	[1, [0.00029662402517127706, 0.9997033759748287]]
87490357	[1, [0.04339316748613398, 0.956606832513866]]
7793290	[1, [0.012967180985898663, 0.9870328190141013]]
14838053	[1, [0.0034265943807362254, 0.9965734056192638]]
82290172	[1, [0.026546863422156952, 0.973453136577843]]
65919325	[1, [0.0065381605126269005, 0.9934618394873731]]
71892362	[1, [0.020117324688257554, 0.9798826753117424]]
19768653	[1, [0.003185623116842673, 0.9968143768831573]]
45461973	[1, [0.0334564779386034, 0.9665435220613966]]
33148646	[1, [0.007310518983331016, 0.992689481016669]]
18556333	[1, [0.02304327784428717, 0.9769567221557128]]
53681893	[1, [0.017303194861063464, 0.9826968051389365]]
71867413	[1, [0.003004514099074873, 0.9969954859009251]]
46205486	[1, [0.007356326518604184, 0.9926436734813958]]
12832273	[1, [0.02404845147170087, 0.9759515485282991]]
45451838	[1, [0.0018819993077249242, 0.9981180006922751]]
45491568	[1, [0.0045519087127420255, 0.995448091287258]]
80492713	[1, [0.02725891795517632, 0.9727410820448237]]
54228374	[1, [0.016985084139903295, 0.9830149158600967]]
77705154	[1, [0.02169877091854089, 0.9783012290814591]]
19769971	[1, [0.002909479824903194, 0.9970905201750968]]
26574601	[1, [0.015177311813202254, 0.9848226881867977]]
71899640	[1, [0.010413967110730615, 0.9895860328892694]]
46190886	[1, [0.03135425155423155, 0.9686457484457685]]
44497702	[1, [0.0319706616691382, 0.9680293383308618]]
45604838	[1, [0.01036518530641617, 0.9896348146935838]]
71857948	[1, [0.029290250060350798, 0.9707097499396492]]
12832260	[1, [0.03783644707252731, 0.9621635529274727]]
11911405	[1, [0.02080717052950465, 0.9791928294704954]]
60335618	[1, [0.040094737946978265, 0.9599052620530217]]
38899647	[1, [0.03388700020691626, 0.9661129997930837]]
80519240	[1, [0.03918484781195719, 0.9608151521880428]]
62154653	[1, [0.04515260635836549, 0.9548473936416345]]
64067367	[1, [0.04108082696439186, 0.9589191730356081]]
7554418	[1, [0.04804661186612991, 0.9519533881338701]]
77260402	[1, [0.04450263870369875, 0.9554973612963013]]
35986685	[1, [0.0011699683343597833, 0.9988300316656402]]
9100580	[1, [0.02126197883363412, 0.9787380211663659]]
30075444	[1, [0.00654630372449827, 0.9934536962755017]]
9101237	[1, [0.040737308005825756, 0.9592626919941742]]
50144164	[1, [0.03481201568285486, 0.9651879843171451]]
77275924	[1, [0.014442731896361138, 0.9855572681036389]]
76614014	[1, [0.021312176688930706, 0.9786878233110693]]
96253582	[1, [0.019923185920348474, 0.9800768140796515]]
14021236	[1, [0.0019343245137224407, 0.9980656754862776]]
7805036	[1, [0.013168329255120792, 0.9868316707448792]]
65183510	[1, [0.0008338634317495153, 0.9991661365682505]]
68374299	[1, [0.005092934795811743, 0.9949070652041883]]
64033324	[1, [0.04550187114480286, 0.9544981288551971]]
50525857	[1, [0.010937447623550534, 0.9890625523764495]]
13973085	[1, [0.016227133291441875, 0.9837728667085581]]
76630573	[1, [0.014127373423243217, 0.9858726265767568]]
20427961	[1, [0.01605477609327144, 0.9839452239067286]]
7945559	[1, [0.04831138712498284, 0.9516886128750172]]
73889916	[1, [0.0408196017460799, 0.9591803982539201]]
19695786	[1, [0.035665041786570595, 0.9643349582134294]]
22104502	[1, [0.046027641813374265, 0.9539723581866257]]
7806897	[1, [0.03575020002221441, 0.9642497999777856]]
19734129	[1, [0.04792049170106183, 0.9520795082989382]]
83137074	[1, [0.034659757986940765, 0.9653402420130592]]
36016287	[1, [0.026643298937874205, 0.9733567010621258]]
9027540	[1, [0.03941956724960083, 0.9605804327503992]]
32654313	[1, [0.008228122059575238, 0.9917718779404248]]
5267142	[1, [0.0236852971598962, 0.9763147028401038]]
7350033	[1, [0.009107786389412786, 0.9908922136105872]]
19048642	[1, [0.008890995552724101, 0.9911090044472759]]
13752617	[1, [0.003472382524425055, 0.996527617475575]]
92003626	[1, [0.0055164706412496045, 0.9944835293587504]]
19294327	[1, [0.039444679930223825, 0.9605553200697762]]
51036157	[1, [0.031185417642395352, 0.9688145823576046]]
22159199	[1, [0.04894211737324694, 0.9510578826267531]]
92008275	[1, [0.006508509752890523, 0.9934914902471095]]
5267357	[1, [0.024973973630017743, 0.9750260263699823]]
21754053	[1, [0.0064245180090318765, 0.9935754819909681]]
48804368	[1, [0.019172406464962988, 0.980827593535037]]
13770602	[1, [0.04108848867007964, 0.9589115113299204]]
42000922	[1, [0.008611217112329816, 0.9913887828876702]]
48823687	[1, [0.03259122539671988, 0.9674087746032801]]
73935164	[1, [0.0002960835317254995, 0.9997039164682745]]
59105053	[1, [0.01442809587936622, 0.9855719041206338]]
36013431	[1, [0.017069125010789943, 0.9829308749892101]]
92043626	[1, [0.0032375591320690233, 0.996762440867931]]
7351275	[1, [0.024694305587082743, 0.9753056944129173]]
19052713	[1, [0.003552469780101708, 0.9964475302198983]]
59091921	[1, [0.044639245613880885, 0.9553607543861191]]
21726076	[1, [0.010983866091008876, 0.9890161339089911]]
73368806	[1, [0.02842708435329644, 0.9715729156467036]]
83145187	[1, [0.027397552047326967, 0.972602447952673]]
92033834	[1, [0.0035292885585681555, 0.9964707114414318]]
92051845	[1, [0.009038993268836282, 0.9909610067311637]]
21787918	[1, [0.0051833566608391335, 0.9948166433391609]]
51034630	[1, [0.007117067661384202, 0.9928829323386158]]
56678897	[1, [0.0012215039912601977, 0.9987784960087398]]
48970431	[1, [0.02926131287773781, 0.9707386871222622]]
35619852	[1, [0.0019343245137224407, 0.9980656754862776]]
28282758	[1, [0.009818268354890636, 0.9901817316451094]]
82864925	[1, [0.034424436634716615, 0.9655755633652834]]
78484295	[1, [0.03777344773387725, 0.9622265522661227]]
28247471	[1, [0.012141252253224821, 0.9878587477467752]]
5993162	[1, [0.018618343956857575, 0.9813816560431424]]
45301334	[1, [0.04388315265059617, 0.9561168473494038]]
58060628	[1, [0.003983844804342551, 0.9960161551956574]]
4014856	[1, [0.031917715610417896, 0.9680822843895821]]
58073871	[1, [0.03776570987201089, 0.9622342901279891]]
34072837	[1, [0.0024023725008793795, 0.9975976274991206]]
34103581	[1, [0.024642409399822318, 0.9753575906001777]]
62855673	[1, [0.0011494093137786043, 0.9988505906862214]]
16306958	[1, [0.014445771936270835, 0.9855542280637292]]
39835596	[1, [0.031601645736342054, 0.968398354263658]]
80610554	[1, [0.014478036011031703, 0.9855219639889683]]
31082057	[1, [0.002810194133219368, 0.9971898058667806]]
16286631	[1, [0.0016871095046440132, 0.998312890495356]]
5991205	[1, [0.03507081137765822, 0.9649291886223418]]
34078747	[1, [0.04679613115582992, 0.9532038688441701]]
80595466	[1, [0.014087675424390489, 0.9859123245756095]]
80608052	[1, [0.0037214655526789375, 0.9962785344473211]]
28272669	[1, [0.0488006127635936, 0.9511993872364064]]
61562785	[1, [0.0035302220576827192, 0.9964697779423173]]
62890162	[1, [0.02830390129476379, 0.9716960987052362]]
82831318	[1, [0.021333557379997536, 0.9786664426200025]]
5994122	[1, [0.006149229639543119, 0.9938507703604569]]
69258702	[1, [0.04275139314218512, 0.9572486068578149]]
78248324	[1, [0.0015074947413717954, 0.9984925052586282]]
29263491	[1, [0.006523051253000567, 0.9934769487469994]]
69255929	[1, [0.027474300370640248, 0.9725256996293598]]
28990088	[1, [0.03145459229228631, 0.9685454077077137]]
76907372	[1, [0.005736647147694174, 0.9942633528523058]]
88917098	[1, [0.015542206027027494, 0.9844577939729725]]
69292906	[1, [0.0004242797191993386, 0.9995757202808007]]
69311608	[1, [0.026088355467793978, 0.973911644532206]]
14259245	[1, [0.03575992882568091, 0.9642400711743191]]
76895820	[1, [0.010313024643668012, 0.989686975356332]]
93897704	[1, [0.03437176946843701, 0.965628230531563]]
39946487	[1, [0.00017843818485840934, 0.9998215618151416]]
65001568	[1, [0.017994090276084562, 0.9820059097239154]]
5649796	[1, [0.03736144293279864, 0.9626385570672014]]
28966504	[1, [0.04981076991800981, 0.9501892300819902]]
49267681	[1, [0.033969732602616154, 0.9660302673973838]]
65432066	[1, [0.008997026056397517, 0.9910029739436025]]
25358527	[1, [0.02244346326483082, 0.9775565367351692]]
7890616	[1, [0.0014697068866523777, 0.9985302931133476]]
7379774	[1, [0.035163333669689045, 0.964836666330311]]
27438565	[1, [0.018626909496928357, 0.9813730905030716]]
69296611	[1, [0.02472013382858862, 0.9752798661714114]]
23200325	[1, [0.042878357341174955, 0.957121642658825]]
7892848	[1, [0.006789415297474677, 0.9932105847025253]]
64964225	[1, [0.010501544627702586, 0.9894984553722974]]
35531721	[1, [0.019641964007355406, 0.9803580359926446]]
5565712	[1, [0.034988531600069206, 0.9650114683999308]]
12457652	[1, [0.003182070214832744, 0.9968179297851673]]
18097106	[1, [0.014168294624666067, 0.9858317053753339]]
88742248	[1, [0.04296581202964711, 0.9570341879703529]]
46966534	[1, [0.02027972436282577, 0.9797202756371742]]
92366510	[1, [0.006833551411612793, 0.9931664485883872]]
13053739	[1, [0.010921626318905253, 0.9890783736810947]]
96428937	[1, [0.011767424853981634, 0.9882325751460184]]
46353213	[1, [0.004577904299285951, 0.995422095700714]]
9055583	[1, [0.002788576383110475, 0.9972114236168895]]
96407470	[1, [0.0020347135808975736, 0.9979652864191024]]
81862128	[1, [0.023750795966520966, 0.976249204033479]]
71319880	[1, [0.018297392076771835, 0.9817026079232282]]
46936816	[1, [0.03966621758250721, 0.9603337824174928]]
51713349	[1, [0.006374905141785403, 0.9936250948582146]]
51748396	[1, [0.02461882552934147, 0.9753811744706585]]
71258559	[1, [0.04316438675434031, 0.9568356132456597]]
71303108	[1, [0.03777344773387725, 0.9622265522661227]]
5260338	[1, [0.0009243283046811435, 0.9990756716953189]]
12418468	[1, [0.004353925670916969, 0.995646074329083]]
7266202	[1, [0.02721280757530231, 0.9727871924246977]]
81861714	[1, [0.005256113291463582, 0.9947438867085364]]
43366505	[1, [0.004640702060793367, 0.9953592979392066]]
67767727	[1, [0.013737478110302681, 0.9862625218896973]]
22783362	[1, [0.006338861749379032, 0.993661138250621]]
46382306	[1, [0.01398337605179567, 0.9860166239482043]]
66168541	[1, [0.005910982636869622, 0.9940890173631304]]
46961212	[1, [0.002601314659415821, 0.9973986853405842]]
13041974	[1, [0.040646443503280616, 0.9593535564967194]]
80090153	[1, [0.001108370234686351, 0.9988916297653136]]
66166997	[1, [0.0019433475671939426, 0.9980566524328061]]
96419804	[1, [0.010415590762769544, 0.9895844092372305]]
46381937	[1, [0.0013841822186184682, 0.9986158177813815]]
22972595	[1, [0.026580804670604974, 0.973419195329395]]
71284888	[1, [0.03874149725565057, 0.9612585027443494]]
39621343	[1, [0.04145714753032281, 0.9585428524696772]]
18045347	[1, [0.011988088808089326, 0.9880119111919107]]
9055057	[1, [0.02692298699828166, 0.9730770130017183]]
84261455	[1, [0.014403275293437434, 0.9855967247065626]]
84245669	[1, [0.005411738286416612, 0.9945882617135834]]
32507302	[1, [0.0018004223344543213, 0.9981995776655457]]
79683801	[1, [0.013996197127680743, 0.9860038028723193]]
9215864	[1, [0.002166948140389091, 0.9978330518596109]]
35844036	[1, [0.042091599952976955, 0.957908400047023]]
75422433	[1, [0.018453266646116462, 0.9815467333538835]]
80199480	[1, [0.010575257578035013, 0.989424742421965]]
79738656	[1, [0.04329390173682457, 0.9567060982631754]]
79107160	[1, [0.018827158024419255, 0.9811728419755807]]
34968753	[1, [0.030269771222286468, 0.9697302287777135]]
82614702	[1, [0.016546498125847853, 0.9834535018741521]]
82632828	[1, [0.006693147328792892, 0.9933068526712071]]
7898259	[1, [0.023560175710042985, 0.976439824289957]]
9232610	[1, [0.03629223404709314, 0.9637077659529069]]
27243702	[1, [0.04164199675683411, 0.9583580032431659]]
71614205	[1, [0.006861439904301769, 0.9931385600956982]]
79680034	[1, [0.04378357638252728, 0.9562164236174727]]
34954568	[1, [0.004131758373593031, 0.995868241626407]]
7795917	[1, [0.03359233123294625, 0.9664076687670538]]
79125206	[1, [0.006911067271273663, 0.9930889327287263]]
41952747	[1, [0.01890736435438034, 0.9810926356456197]]
27193497	[1, [0.004446817538778736, 0.9955531824612213]]
50931083	[1, [0.01787855086316159, 0.9821214491368384]]
62447056	[1, [0.024775622421793764, 0.9752243775782062]]
61984879	[1, [0.022437763725911886, 0.9775622362740881]]
7927414	[1, [0.02369304156370855, 0.9763069584362914]]
71589957	[1, [0.0028478885250431407, 0.9971521114749569]]
9260702	[1, [0.006322659148331411, 0.9936773408516686]]
32485181	[1, [0.0019683655602356076, 0.9980316344397644]]
46143662	[1, [0.04452476243016801, 0.955475237569832]]
13162470	[1, [0.016922814692467925, 0.9830771853075321]]
97054801	[1, [0.010609232953214476, 0.9893907670467855]]
54849789	[1, [0.044178734224403104, 0.9558212657755969]]
90269454	[1, [0.01559389596626748, 0.9844061040337325]]
97012522	[1, [0.010155673859292058, 0.9898443261407079]]
31920229	[1, [0.02274337495847234, 0.9772566250415277]]
28787119	[1, [0.032387726403078076, 0.9676122735969219]]
64861632	[1, [0.01550581516531191, 0.9844941848346881]]
23503357	[1, [0.01699899905270852, 0.9830010009472915]]
68582951	[1, [0.0006202762875021639, 0.9993797237124978]]
44331911	[1, [0.009398403809541045, 0.990601596190459]]
99756252	[1, [0.028016450036762897, 0.9719835499632371]]
23494220	[1, [0.029112003098367367, 0.9708879969016326]]
9237079	[1, [0.004710586396284189, 0.9952894136037158]]
5559788	[1, [0.004674665109431264, 0.9953253348905687]]
53068308	[1, [0.006728753363336448, 0.9932712466366636]]
68655447	[1, [0.030818177076557318, 0.9691818229234427]]
90308582	[1, [0.03271256037296799, 0.967287439627032]]
35243272	[1, [0.01425444383314034, 0.9857455561668597]]
68601330	[1, [0.024985466145515445, 0.9750145338544846]]
48763071	[1, [0.040997933553426624, 0.9590020664465734]]
24061100	[1, [0.0025963852564082623, 0.9974036147435917]]
48793520	[1, [0.01429574378160714, 0.9857042562183929]]
44387173	[1, [0.0032508948228954226, 0.9967491051771046]]
33493973	[1, [0.012620807036456627, 0.9873791929635434]]
28003390	[1, [0.03560989879549692, 0.9643901012045031]]
97032192	[1, [0.023096283354066216, 0.9769037166459338]]
23505588	[1, [0.02521909888548468, 0.9747809011145153]]
14569835	[1, [0.044887108296534084, 0.9551128917034659]]
56992493	[1, [0.027553039984380856, 0.9724469600156191]]
79656426	[1, [0.02114063068983396, 0.978859369310166]]
7722131	[1, [0.0011451689817076893, 0.9988548310182923]]
7557581	[1, [0.027124769334549992, 0.97287523066545]]
35185444	[1, [0.03177405573559933, 0.9682259442644007]]
10171590	[1, [0.017600710267056008, 0.982399289732944]]
6035185	[1, [0.011293985013652641, 0.9887060149863474]]
21595860	[1, [0.002090219842984853, 0.9979097801570151]]
10880430	[1, [0.0022198663281641773, 0.9977801336718358]]
9139263	[1, [0.04451478818443777, 0.9554852118155622]]
5571217	[1, [0.005789070269075269, 0.9942109297309247]]
35190930	[1, [0.010989506558664264, 0.9890104934413357]]
79039955	[1, [0.014613314780361653, 0.9853866852196383]]
78989742	[1, [0.02580594315689544, 0.9741940568431046]]
21616915	[1, [0.007142304237106711, 0.9928576957628933]]
89989275	[1, [0.03273372127606411, 0.9672662787239359]]
7790162	[1, [0.006660017266816531, 0.9933399827331835]]
25089010	[1, [0.0002836271601068807, 0.9997163728398931]]
6038194	[1, [0.025269980427602978, 0.974730019572397]]
46792815	[1, [0.031914973887090525, 0.9680850261129095]]
32790079	[1, [0.006854553030771426, 0.9931454469692286]]
51606256	[1, [0.03808141539379861, 0.9619185846062014]]
89149482	[1, [0.01279769160764177, 0.9872023083923582]]
65217166	[1, [0.0017865564829024905, 0.9982134435170975]]
88779979	[1, [0.02545232733742342, 0.9745476726625766]]
53155796	[1, [0.002995095174784579, 0.9970049048252154]]
57067775	[1, [0.011832656819876108, 0.9881673431801239]]
31843194	[1, [0.011749519854327373, 0.9882504801456726]]
78891565	[1, [0.04424331877430898, 0.955756681225691]]
36377398	[1, [0.008205437849756136, 0.9917945621502439]]
26751673	[1, [0.04415208993186237, 0.9558479100681376]]
89164592	[1, [0.01200929937289763, 0.9879907006271024]]
36420742	[1, [0.0052684960671092185, 0.9947315039328908]]
20958907	[1, [0.004168549777330277, 0.9958314502226697]]
59888904	[1, [0.02239972523280298, 0.977600274767197]]
65808234	[1, [0.037067891358147254, 0.9629321086418527]]
35761023	[1, [0.03326199002672792, 0.9667380099732721]]
83694648	[1, [0.02748887104586295, 0.972511128954137]]
43275095	[1, [0.035003308453885995, 0.964996691546114]]
43254189	[1, [0.010356428086581326, 0.9896435719134187]]
25930201	[1, [0.04284306233472279, 0.9571569376652772]]
47106421	[1, [0.018038856186614605, 0.9819611438133854]]
35748481	[1, [0.022204785269494542, 0.9777952147305055]]
29534349	[1, [0.03336980193467354, 0.9666301980653265]]
17609821	[1, [0.03685376443582922, 0.9631462355641708]]
20974878	[1, [0.021227223675069018, 0.978772776324931]]
88846572	[1, [0.04163984562026368, 0.9583601543797363]]
26709514	[1, [0.048562682837386295, 0.9514373171626137]]
53184700	[1, [0.036727517503970186, 0.9632724824960298]]
7959479	[1, [0.01895868491106034, 0.9810413150889397]]
21458608	[1, [0.003406061211937761, 0.9965939387880622]]
47114082	[1, [0.0005080413917960547, 0.999491958608204]]
98059186	[1, [0.04807952796956283, 0.9519204720304372]]
16603398	[1, [0.016674275773736036, 0.983325724226264]]
63115321	[1, [0.013328294569312282, 0.9866717054306877]]
11434224	[1, [0.0024023725008793795, 0.9975976274991206]]
21114854	[1, [0.022027617997989468, 0.9779723820020105]]
42765962	[1, [0.022238225008976098, 0.9777617749910239]]
21078761	[1, [0.011655552056347274, 0.9883444479436527]]
54795072	[1, [0.02497147057964555, 0.9750285294203545]]
96849679	[1, [0.019392960082456834, 0.9806070399175432]]
88003013	[1, [0.02375760625907708, 0.9762423937409229]]
78725461	[1, [0.005425015060416705, 0.9945749849395833]]
6466037	[1, [0.042410227032469106, 0.9575897729675309]]
67153867	[1, [0.0010641840613472286, 0.9989358159386528]]
7967305	[1, [0.009337786831667638, 0.9906622131683324]]
78686477	[1, [0.04141315268350998, 0.95858684731649]]
63066206	[1, [0.00014224418895181223, 0.9998577558110482]]
5481029	[1, [0.021925452417713598, 0.9780745475822864]]
9334045	[1, [0.009943774894223156, 0.9900562251057768]]
42432566	[1, [0.01929942547434338, 0.9807005745256566]]
24397853	[1, [0.020658636930546148, 0.9793413630694539]]
9334579	[1, [0.01562109340475848, 0.9843789065952415]]
78734522	[1, [0.03088540820307606, 0.9691145917969239]]
53639926	[1, [0.0013685126604917608, 0.9986314873395082]]
54787962	[1, [0.003352971156920792, 0.9966470288430792]]
7010622	[1, [0.010005573029371329, 0.9899944269706287]]
9334306	[1, [0.044818880625701385, 0.9551811193742986]]
85895188	[1, [0.046468576791370064, 0.9535314232086299]]
21085867	[1, [0.03804305136769104, 0.961956948632309]]
67120229	[1, [0.0019912496322556095, 0.9980087503677444]]
21120077	[1, [0.02607985341666197, 0.973920146583338]]
53645396	[1, [0.0016280407480812054, 0.9983719592519188]]
6467713	[1, [0.03126642173241101, 0.968733578267589]]
96873613	[1, [0.0017858620751179943, 0.998214137924882]]
24385923	[1, [0.0038072755642825085, 0.9961927244357175]]
16633977	[1, [0.0018931227080215551, 0.9981068772919784]]
25184390	[1, [0.00522637031595774, 0.9947736296840423]]
63106447	[1, [0.02144149285173058, 0.9785585071482694]]
85886631	[1, [0.0038664272179811388, 0.9961335727820189]]
24394007	[1, [0.005627729391747827, 0.9943722706082522]]
67110539	[1, [0.012051425030961016, 0.987948574969039]]
67110000	[1, [0.03794699913543942, 0.9620530008645606]]
28853565	[1, [0.0017167215072605435, 0.9982832784927395]]
7967157	[1, [0.049248766607427163, 0.9507512333925728]]
7012620	[1, [0.02365756213526371, 0.9763424378647363]]
25161266	[1, [0.0007967709768156306, 0.9992032290231844]]
23984620	[1, [0.01382597913692818, 0.9861740208630718]]
85899918	[1, [0.0004892062626430382, 0.999510793737357]]
67145346	[1, [0.008855742991925819, 0.9911442570080742]]
80991366	[1, [0.001846014438189325, 0.9981539855618107]]
7010518	[1, [0.01971150656910914, 0.9802884934308909]]
12616443	[1, [0.000619446997517259, 0.9993805530024827]]
83557970	[1, [0.02522298676805579, 0.9747770132319442]]
44948562	[1, [0.025514807014974883, 0.9744851929850251]]
5464726	[1, [0.01592526762807367, 0.9840747323719263]]
5462582	[1, [0.048689865703670065, 0.9513101342963299]]
28648298	[1, [0.006333255497347534, 0.9936667445026525]]
5457100	[1, [0.031466324025362424, 0.9685336759746376]]
83639281	[1, [0.007183817482181443, 0.9928161825178186]]
85397078	[1, [0.01857856565550753, 0.9814214343444925]]
36685463	[1, [0.04867559603159921, 0.9513244039684008]]
5464141	[1, [0.004405688552686526, 0.9955943114473135]]
12680909	[1, [0.0462057145827276, 0.9537942854172724]]
5459938	[1, [0.005346422448736177, 0.9946535775512638]]
24870335	[1, [0.023054077154511354, 0.9769459228454886]]
5459623	[1, [0.0481660643209979, 0.9518339356790021]]
5464187	[1, [0.02127153579894403, 0.978728464201056]]
5788162	[1, [0.01977786639654877, 0.9802221336034512]]
69170034	[1, [0.021743129689387186, 0.9782568703106128]]
83582256	[1, [0.0025412393029627944, 0.9974587606970372]]
83550620	[1, [0.00782061419204394, 0.9921793858079561]]
36674562	[1, [0.044402982003754365, 0.9555970179962456]]
5459567	[1, [0.0019326913284402059, 0.9980673086715598]]
83310600	[1, [0.039252581244816565, 0.9607474187551834]]
44912042	[1, [0.003773490347900643, 0.9962265096520994]]
5459371	[1, [0.012924292381250035, 0.98707570761875]]
6509038	[1, [0.003404481445819174, 0.9965955185541808]]
6325011	[1, [0.013259894307742659, 0.9867401056922573]]
50352798	[1, [0.04749236184680483, 0.9525076381531952]]
5457850	[1, [0.04148050644370149, 0.9585194935562985]]
83939787	[1, [0.04755400678599164, 0.9524459932140084]]
12677433	[1, [0.028416836819890934, 0.9715831631801091]]
57287351	[1, [0.009879391954194516, 0.9901206080458055]]
5804744	[1, [0.044977140470729426, 0.9550228595292706]]
63692506	[1, [0.02503707679891165, 0.9749629232010883]]
5804419	[1, [0.029158123960907667, 0.9708418760390923]]
98989190	[1, [0.008898895369671589, 0.9911011046303284]]
63150211	[1, [0.014185061737254312, 0.9858149382627457]]
5803684	[1, [0.048030157119806294, 0.9519698428801937]]
5805411	[1, [0.04848864571842537, 0.9515113542815746]]
5804397	[1, [0.045497893702919456, 0.9545021062970805]]
58424111	[1, [0.02499708564362524, 0.9750029143563748]]
57348805	[1, [0.0274801232419406, 0.9725198767580594]]
71994009	[1, [0.002484171318436146, 0.9975158286815639]]
7002035	[1, [0.018486746865515546, 0.9815132531344845]]
68991311	[1, [0.009109056974742291, 0.9908909430252577]]
63200831	[1, [0.00993598688318309, 0.9900640131168169]]
5804477	[1, [0.04865927075859644, 0.9513407292414036]]
5804602	[1, [0.04364343792984893, 0.9563565620701511]]
67388326	[1, [0.03144167744274984, 0.9685583225572502]]
5803745	[1, [0.04458388126728685, 0.9554161187327131]]
63190436	[1, [0.04148357347153875, 0.9585164265284613]]
5804500	[1, [0.04375110091547185, 0.9562488990845281]]
5803662	[1, [0.04163124533229645, 0.9583687546677035]]
77875178	[1, [0.03895745839410514, 0.9610425416058949]]
5803783	[1, [0.04333021532853376, 0.9566697846714662]]
9307641	[1, [0.026893260824681242, 0.9731067391753188]]
13391643	[1, [0.03222383290668407, 0.9677761670933159]]
7002395	[1, [0.015089581674477603, 0.9849104183255224]]
56046629	[1, [0.030186711631856933, 0.9698132883681431]]
5805072	[1, [0.031684777314943124, 0.9683152226850569]]
46888512	[1, [0.012592738504650258, 0.9874072614953497]]
6712137	[1, [0.027856247110431887, 0.9721437528895681]]
5803838	[1, [0.03409702332981446, 0.9659029766701855]]
5803839	[1, [0.04356707505848967, 0.9564329249415103]]
56077934	[1, [0.0012894019665337098, 0.9987105980334663]]
7021781	[1, [0.015009408216039133, 0.9849905917839609]]
5805310	[1, [0.02663731159997751, 0.9733626884000225]]
48339634	[1, [0.009263767358686725, 0.9907362326413133]]
69029107	[1, [0.04692245842609388, 0.9530775415739061]]
5803872	[1, [0.03769135007453073, 0.9623086499254693]]
5803859	[1, [0.02771880803858051, 0.9722811919614195]]
5803849	[1, [0.028547805455573227, 0.9714521945444268]]
91867810	[1, [0.01374189792936853, 0.9862581020706315]]
7946619	[1, [0.029330313279718245, 0.9706696867202818]]
5803844	[1, [0.04416226913537413, 0.9558377308646259]]
5805330	[1, [0.0350528301672669, 0.9649471698327331]]
5804201	[1, [0.03454201689003755, 0.9654579831099624]]
67437138	[1, [0.0005177062071635152, 0.9994822937928365]]
7003777	[1, [0.01920246266268233, 0.9807975373373177]]
7021626	[1, [0.03268055109380019, 0.9673194489061998]]
94745970	[1, [0.0035662086784498115, 0.9964337913215502]]
5804346	[1, [0.04997792481619845, 0.9500220751838016]]
7002828	[1, [0.04907543376129542, 0.9509245662387046]]
99451925	[1, [0.0119108974697677, 0.9880891025302323]]
13348480	[1, [0.016501815013468146, 0.9834981849865319]]
5805128	[1, [0.046632532779060765, 0.9533674672209392]]
5805065	[1, [0.022756234884397375, 0.9772437651156026]]
75552545	[1, [0.039745517435998856, 0.9602544825640011]]
5805123	[1, [0.0485816668092639, 0.9514183331907361]]
47338954	[1, [0.012573718162049996, 0.98742628183795]]
48316666	[1, [0.0017805123008363122, 0.9982194876991637]]
55768542	[1, [0.009972708620773152, 0.9900272913792268]]
71415249	[1, [0.039140193388960354, 0.9608598066110396]]
5416634	[1, [0.006125956679026934, 0.9938740433209731]]
60911556	[1, [0.017559243921002166, 0.9824407560789978]]
5237104	[1, [0.005142075048884309, 0.9948579249511157]]
5410808	[1, [1.881852573393239e-05, 0.9999811814742661]]
5416565	[1, [0.03150747448650537, 0.9684925255134946]]
60838276	[1, [0.016292151037531677, 0.9837078489624683]]
6840628	[1, [0.021021605927798892, 0.9789783940722011]]
26815625	[1, [0.013441680296640501, 0.9865583197033595]]
9045895	[1, [0.0058394402477787155, 0.9941605597522213]]
97065111	[1, [0.049291937598635815, 0.9507080624013642]]
5420788	[1, [0.03595477233098854, 0.9640452276690115]]
72886747	[1, [0.016454382792947753, 0.9835456172070522]]
9046430	[1, [0.0030087884505751727, 0.9969912115494248]]
5421220	[1, [0.038814827522731354, 0.9611851724772686]]
13537186	[1, [0.041933579825956024, 0.958066420174044]]
5420500	[1, [0.03701504902719621, 0.9629849509728038]]
5420376	[1, [0.011980034977842391, 0.9880199650221576]]
7934112	[1, [0.0016851532138808523, 0.9983148467861191]]
5414100	[1, [0.007301956999648529, 0.9926980430003515]]
94379553	[1, [0.040438187478341714, 0.9595618125216583]]
9210478	[1, [0.0006756990484165781, 0.9993243009515834]]
43620731	[1, [0.0079823407562718, 0.9920176592437282]]
5237094	[1, [0.010025102133208952, 0.989974897866791]]
43659383	[1, [0.006916210267503997, 0.993083789732496]]
71421647	[1, [0.013942597198780882, 0.9860574028012191]]
97138096	[1, [0.03742071928187951, 0.9625792807181205]]
5421081	[1, [0.012468513139604065, 0.9875314868603959]]
60863213	[1, [0.014036555147120655, 0.9859634448528793]]
96003613	[1, [6.351097363277436e-05, 0.9999364890263672]]
91702983	[1, [0.003080638260975266, 0.9969193617390247]]
5420961	[1, [0.003342432162992015, 0.996657567837008]]
5419973	[1, [0.00024741756190760356, 0.9997525824380924]]
26776743	[1, [0.017699865040297635, 0.9823001349597024]]
26808016	[1, [0.023787885349072502, 0.9762121146509275]]
97107590	[1, [0.01559543953030973, 0.9844045604696903]]
96051529	[1, [0.002721322143812821, 0.9972786778561872]]
5421171	[1, [0.00037309932495632747, 0.9996269006750437]]
7934062	[1, [0.004937606002267114, 0.9950623939977329]]
5236769	[1, [0.022812946687769564, 0.9771870533122304]]
5418063	[1, [0.000341430986640745, 0.9996585690133593]]
48488787	[1, [0.0019026381346364252, 0.9980973618653636]]
47266504	[1, [0.0073889684372986375, 0.9926110315627014]]
95621472	[1, [0.001568562085789038, 0.998431437914211]]
5780824	[1, [0.002500617762563717, 0.9974993822374363]]
51856444	[1, [0.03319954200251363, 0.9668004579974864]]
23925948	[1, [0.042126459879802236, 0.9578735401201978]]
27567331	[1, [0.018525306765469374, 0.9814746932345306]]
38717087	[1, [0.005440776580990625, 0.9945592234190094]]
81118594	[1, [0.04733208857725679, 0.9526679114227432]]
38724938	[1, [0.011676517228480066, 0.9883234827715199]]
98378306	[1, [0.020131975473540842, 0.9798680245264592]]
52010715	[1, [0.04076403919645577, 0.9592359608035442]]
78648606	[1, [0.0014722794013771745, 0.9985277205986228]]
98372033	[1, [0.03379611744100808, 0.9662038825589919]]
80883359	[1, [0.02959431935351009, 0.9704056806464899]]
16109184	[1, [0.044628062647208755, 0.9553719373527912]]
23873056	[1, [0.048139197151583324, 0.9518608028484167]]
9085423	[1, [0.011630257387187148, 0.9883697426128129]]
27560633	[1, [0.02529584654286887, 0.9747041534571311]]
5780785	[1, [0.012166246229344257, 0.9878337537706557]]
44154359	[1, [0.005146782017340756, 0.9948532179826592]]
16136785	[1, [0.025166955260558566, 0.9748330447394414]]
6071055	[1, [0.013771743923570945, 0.986228256076429]]
81090839	[1, [0.021709606106572577, 0.9782903938934274]]
48492220	[1, [0.011446693126366703, 0.9885533068736333]]
7338960	[1, [0.029395194247164524, 0.9706048057528355]]
27584600	[1, [0.027948488896672563, 0.9720515111033274]]
82655296	[1, [0.001910648955038119, 0.9980893510449619]]
82711129	[1, [0.023870950087038212, 0.9761290499129618]]
29876537	[1, [0.011778797694472654, 0.9882212023055273]]
44105595	[1, [0.016260474037058548, 0.9837395259629415]]
80873519	[1, [0.026403854397656246, 0.9735961456023438]]
68296922	[1, [0.025153056821218933, 0.9748469431787811]]
31302002	[1, [0.004722889742128644, 0.9952771102578714]]
5429510	[1, [0.00043735310487835743, 0.9995626468951216]]
66275187	[1, [0.001778642991832391, 0.9982213570081676]]
5426899	[1, [0.0020591612747662413, 0.9979408387252338]]
66277108	[1, [0.033158251499383895, 0.9668417485006161]]
5428662	[1, [0.007180744995821442, 0.9928192550041786]]
37147571	[1, [0.037500187272633156, 0.9624998127273668]]
5426083	[1, [0.0004272695452893771, 0.9995727304547106]]
5428964	[1, [0.017655235990674756, 0.9823447640093252]]
6364499	[1, [0.0024603818321816684, 0.9975396181678183]]
6763183	[1, [0.041466037449465865, 0.9585339625505341]]
27618397	[1, [0.01696706975394935, 0.9830329302460507]]
5427022	[1, [0.01790826304529003, 0.98209173695471]]
5426346	[1, [0.03712287236097289, 0.9628771276390271]]
15517384	[1, [0.008954827158831558, 0.9910451728411684]]
66264088	[1, [0.023370531061204902, 0.9766294689387951]]
41099095	[1, [0.010647075558505747, 0.9893529244414943]]
31293628	[1, [0.004284577586581628, 0.9957154224134184]]
13242678	[1, [0.012091605552202456, 0.9879083944477975]]
66257499	[1, [0.009662309765775201, 0.9903376902342248]]
41075111	[1, [0.0025494810849103766, 0.9974505189150896]]
5427002	[1, [0.019085221242186146, 0.9809147787578139]]
5426144	[1, [0.008016265124467181, 0.9919837348755328]]
5425850	[1, [0.010873382112259522, 0.9891266178877405]]
10247688	[1, [0.036802366129007336, 0.9631976338709927]]
5427082	[1, [0.04857052739250123, 0.9514294726074988]]
50799407	[1, [0.021346924099399534, 0.9786530759006005]]
28100530	[1, [0.000861966469733022, 0.999138033530267]]
5427945	[1, [0.00397268744883561, 0.9960273125511644]]
5427284	[1, [0.025140785829562917, 0.9748592141704371]]
5425476	[1, [0.0026832091149940895, 0.9973167908850059]]
5426840	[1, [0.0002904386002453574, 0.9997095613997546]]
45741563	[1, [0.04458608311337431, 0.9554139168866257]]
50771669	[1, [0.038094642311387594, 0.9619053576886124]]
27609838	[1, [0.007208262700931556, 0.9927917372990684]]
5426162	[1, [2.665990962069653e-05, 0.9999733400903793]]
5425534	[1, [0.00011246396789243995, 0.9998875360321076]]
5427448	[1, [0.012655732342262804, 0.9873442676577372]]
45229651	[1, [0.002326553655558894, 0.9976734463444411]]
5426919	[1, [0.002274833755916972, 0.997725166244083]]
13239232	[1, [0.01808348333651355, 0.9819165166634864]]
45771948	[1, [0.005539697090046536, 0.9944603029099535]]
90749376	[1, [0.034666621063545344, 0.9653333789364547]]
5426130	[1, [0.02068784929363654, 0.9793121507063635]]
60425978	[1, [0.04647874564313215, 0.9535212543568679]]
90768133	[1, [0.007262624969455289, 0.9927373750305447]]
37125610	[1, [0.016230318500005447, 0.9837696814999946]]
7511311	[1, [0.04697002563201147, 0.9530299743679885]]
5428438	[1, [0.0010083914521783477, 0.9989916085478217]]
15510335	[1, [0.024001234657553328, 0.9759987653424467]]
5425928	[1, [0.005808008427693356, 0.9941919915723066]]
41097630	[1, [0.007243920024858963, 0.992756079975141]]
5426836	[1, [0.030915320432151616, 0.9690846795678484]]
70236912	[1, [0.009451665079357796, 0.9905483349206422]]
5427884	[1, [0.02760308302882497, 0.972396916971175]]
5427335	[1, [0.02068784929363654, 0.9793121507063635]]
5427745	[1, [0.03718286295968587, 0.9628171370403141]]
5426170	[1, [0.0004675966510720997, 0.9995324033489279]]
5428168	[1, [0.0018825694636313006, 0.9981174305363687]]
20336749	[1, [0.023254863509427848, 0.9767451364905722]]
20341136	[1, [0.010365151433876285, 0.9896348485661237]]
52880424	[1, [0.027800075496747567, 0.9721999245032524]]
17664672	[1, [0.003902727712783882, 0.9960972722872161]]
5424796	[1, [0.00072667082246336, 0.9992733291775366]]
20340365	[1, [0.02046578816912037, 0.9795342118308796]]
20356691	[1, [0.001959638804102659, 0.9980403611958973]]
5423612	[1, [0.006929112208001076, 0.9930708877919989]]
30430959	[1, [0.015794224301155513, 0.9842057756988445]]
5425422	[1, [0.005718234395509003, 0.994281765604491]]
21367948	[1, [0.026132883496518988, 0.973867116503481]]
68820104	[1, [0.0022375710184525666, 0.9977624289815474]]
5422128	[1, [0.00025330240331611353, 0.9997466975966839]]
5421886	[1, [0.035575270015503646, 0.9644247299844964]]
5424554	[1, [0.00026581349122911657, 0.9997341865087709]]
30926919	[1, [0.02916520137647549, 0.9708347986235245]]
51449618	[1, [0.021501713438690118, 0.9784982865613099]]
5422696	[1, [0.011097138814784024, 0.988902861185216]]
30890880	[1, [0.015136522053570078, 0.9848634779464299]]
9245547	[1, [0.034969461644801525, 0.9650305383551985]]
46560580	[1, [0.037111442481355894, 0.9628885575186441]]
5421844	[1, [0.04770818307477909, 0.9522918169252209]]
5423980	[1, [0.038814827522731354, 0.9611851724772686]]
5423621	[1, [0.00012843952084740096, 0.9998715604791526]]
5325343	[1, [0.01638735737210939, 0.9836126426278906]]
5424585	[1, [0.04201228921056466, 0.9579877107894353]]
85536838	[1, [0.02420787399157176, 0.9757921260084282]]
30866354	[1, [0.014144336487945774, 0.9858556635120542]]
58956681	[1, [0.0026772578805543956, 0.9973227421194456]]
68924145	[1, [0.021884772581466927, 0.9781152274185331]]
54004670	[1, [0.010522781870413667, 0.9894772181295863]]
5425300	[1, [0.03232200523383899, 0.967677994766161]]
5423994	[1, [0.025207805068654388, 0.9747921949313456]]
5424484	[1, [0.0042033413702204925, 0.9957966586297795]]
30877880	[1, [0.0009761472935599924, 0.99902385270644]]
5152802	[1, [0.020165966747213604, 0.9798340332527864]]
5152775	[1, [0.010869937537959617, 0.9891300624620404]]
55331006	[1, [0.04585868722080788, 0.9541413127791921]]
20348202	[1, [0.041436232991188704, 0.9585637670088113]]
38838106	[1, [0.009933672871574317, 0.9900663271284257]]
5423993	[1, [0.030915320432151616, 0.9690846795678484]]
70512668	[1, [0.029731783585433713, 0.9702682164145663]]
5421907	[1, [0.008016265124467181, 0.9919837348755328]]
5421380	[1, [0.002274833755916972, 0.997725166244083]]
5421952	[1, [0.007180744995821442, 0.9928192550041786]]
31045201	[1, [0.011874973183936599, 0.9881250268160634]]
7016502	[1, [0.027604519376723924, 0.9723954806232761]]
9096014	[1, [0.017792200296632976, 0.982207799703367]]
57929905	[1, [0.02644343195187393, 0.9735565680481261]]
82421956	[1, [0.036957782454168586, 0.9630422175458314]]
99772564	[1, [0.04498854352718895, 0.955011456472811]]
35720592	[1, [0.027468413233051603, 0.9725315867669484]]
31052680	[1, [0.00550234792738491, 0.9944976520726151]]
7014326	[1, [0.005403216752832174, 0.9945967832471678]]
35711193	[1, [0.019721781143950734, 0.9802782188560493]]
6703491	[1, [0.048572469946121966, 0.951427530053878]]
58751621	[1, [0.007307923930247595, 0.9926920760697524]]
11647875	[1, [0.0015649391539142021, 0.9984350608460858]]
98863723	[1, [0.002243881239185952, 0.997756118760814]]
98899956	[1, [0.028016450036762897, 0.9719835499632371]]
21404188	[1, [0.0022976827976169956, 0.997702317202383]]
82461338	[1, [0.026323947295712857, 0.9736760527042871]]
58775538	[1, [0.02937991291806885, 0.9706200870819311]]
30652960	[1, [0.0013649101142223508, 0.9986350898857776]]
7015981	[1, [0.04892409638483197, 0.951075903615168]]
7013920	[1, [0.018925723815032214, 0.9810742761849678]]
99797533	[1, [0.03200354006820183, 0.9679964599317982]]
12009593	[1, [0.008987840403169356, 0.9910121595968306]]
31011924	[1, [0.042708491983714625, 0.9572915080162854]]
7014216	[1, [0.0482364031883904, 0.9517635968116096]]
20119686	[1, [0.03356280968851544, 0.9664371903114846]]
12011521	[1, [0.00470619814885509, 0.9952938018511449]]
9095749	[1, [0.005041329295468633, 0.9949586707045314]]
20112713	[1, [0.021211020027381733, 0.9787889799726183]]
91161856	[1, [0.02472013382858862, 0.9752798661714114]]
4036702	[1, [0.040151896127683884, 0.9598481038723161]]
99781429	[1, [0.02677931586384419, 0.9732206841361558]]
62521696	[1, [0.0073426327726220375, 0.992657367227378]]
57196934	[1, [0.00706826685804085, 0.9929317331419591]]
64900831	[1, [0.04294204582543004, 0.95705795417457]]
62506865	[1, [0.03231745279832765, 0.9676825472016723]]
5270860	[1, [0.04201228921056466, 0.9579877107894353]]
64958340	[1, [0.0020659949364640884, 0.9979340050635359]]
93483985	[1, [0.0022983912741322277, 0.9977016087258678]]
9044789	[1, [0.03904609729651465, 0.9609539027034854]]
7226764	[1, [0.0249389543741384, 0.9750610456258616]]
64916430	[1, [0.028563442806281314, 0.9714365571937187]]
83364688	[1, [0.02840218845252407, 0.9715978115474759]]
50007297	[1, [0.027952134364244263, 0.9720478656357557]]
15725480	[1, [0.0005856931381944541, 0.9994143068618055]]
17756088	[1, [0.014369597439169324, 0.9856304025608307]]
7971352	[1, [0.007916249962267807, 0.9920837500377322]]
64897111	[1, [0.03114485247603127, 0.9688551475239687]]
89317786	[1, [0.003199169395527224, 0.9968008306044728]]
62498357	[1, [0.016954180392940277, 0.9830458196070597]]
6496988	[1, [0.01629498368255833, 0.9837050163174417]]
50037989	[1, [0.047466588689116906, 0.9525334113108831]]
93520964	[1, [0.0024708607006360683, 0.9975291392993639]]
44460968	[1, [0.0090234580345806, 0.9909765419654194]]
15778975	[1, [0.0024379994993805054, 0.9975620005006195]]
89367840	[1, [0.021130862238105674, 0.9788691377618943]]
83345290	[1, [0.03763662065071849, 0.9623633793492815]]
5862568	[1, [0.018513205471693994, 0.981486794528306]]
64902542	[1, [0.022764352909840913, 0.9772356470901591]]
15757067	[1, [0.005756347618263047, 0.994243652381737]]
7971381	[1, [0.0014617907591234491, 0.9985382092408766]]
42129573	[1, [0.007705217860964786, 0.9922947821390352]]
64902403	[1, [0.03589740555264065, 0.9641025944473594]]
5274316	[1, [0.025269980427602978, 0.974730019572397]]
84780162	[1, [0.01912536866661607, 0.9808746313333839]]
77504230	[1, [0.019062980064134538, 0.9809370199358655]]
55443682	[1, [0.03712361600265646, 0.9628763839973435]]
64202918	[1, [0.0462545637471079, 0.9537454362528921]]
86527476	[1, [0.015831622882353957, 0.984168377117646]]
42055807	[1, [0.01832973747944544, 0.9816702625205546]]
28225624	[1, [0.012600063913808968, 0.987399936086191]]
86502694	[1, [0.00048129051062906214, 0.9995187094893709]]
89722920	[1, [0.0028619973274559563, 0.997138002672544]]
9322771	[1, [0.03164025744690224, 0.9683597425530978]]
64755343	[1, [0.013146104703301797, 0.9868538952966982]]
77492426	[1, [0.017418239869190444, 0.9825817601308096]]
89769793	[1, [0.013522939028358438, 0.9864770609716416]]
99361692	[1, [0.04160206800485111, 0.9583979319951489]]
7974355	[1, [0.006844698465887644, 0.9931553015341124]]
77487236	[1, [0.009985126192733174, 0.9900148738072668]]
27325077	[1, [0.006878278197805954, 0.993121721802194]]
84782547	[1, [0.03315829306615192, 0.9668417069338481]]
27316903	[1, [0.034517585845154075, 0.9654824141548459]]
64185753	[1, [0.008706311676954015, 0.991293688323046]]
15114985	[1, [0.02908229595435119, 0.9709177040456488]]
75808215	[1, [0.013662399679916115, 0.9863376003200839]]
82953093	[1, [0.002833286815523528, 0.9971667131844765]]
76842209	[1, [0.02625073139669054, 0.9737492686033095]]
6826461	[1, [0.01405888778429032, 0.9859411122157097]]
97985014	[1, [0.03301551960122551, 0.9669844803987745]]
52836480	[1, [0.03503429184731277, 0.9649657081526872]]
29776383	[1, [0.010185585849522227, 0.9898144141504778]]
6459612	[1, [0.035510753029519115, 0.9644892469704809]]
9301026	[1, [0.02268706121436692, 0.9773129387856331]]
57586242	[1, [0.0004128923950924568, 0.9995871076049075]]
42245211	[1, [0.0038586908423833277, 0.9961413091576167]]
42217033	[1, [0.004609481890529454, 0.9953905181094705]]
7853081	[1, [0.031220457253317124, 0.9687795427466829]]
6460349	[1, [0.042410227032469106, 0.9575897729675309]]
45047807	[1, [0.004844126872887045, 0.995155873127113]]
42242567	[1, [0.0227684134779631, 0.9772315865220369]]
7709128	[1, [0.03048021807748713, 0.9695197819225129]]
45048667	[1, [0.0259531236984214, 0.9740468763015786]]
37289220	[1, [0.0018016631287977036, 0.9981983368712023]]
6528986	[1, [0.0336208595146249, 0.9663791404853751]]
6528454	[1, [0.03318974085830051, 0.9668102591416995]]
5258577	[1, [0.04106557361399943, 0.9589344263860006]]
5258329	[1, [0.016911635927291058, 0.9830883640727089]]
7711277	[1, [0.029247822941976698, 0.9707521770580233]]
98019560	[1, [0.01225045496087207, 0.9877495450391279]]
5953146	[1, [0.013659623388548092, 0.9863403766114519]]
56609747	[1, [0.0033328731508345255, 0.9966671268491655]]
6770342	[1, [0.0074833651376717825, 0.9925166348623282]]
10092024	[1, [0.02293025556467132, 0.9770697444353287]]
53457584	[1, [0.022922547864935194, 0.9770774521350648]]
92643210	[1, [0.0015113222266431858, 0.9984886777733568]]
6571145	[1, [0.021884660218162377, 0.9781153397818376]]
34024933	[1, [0.011483531677388692, 0.9885164683226113]]
25861793	[1, [0.0005941462620493443, 0.9994058537379507]]
48670530	[1, [0.019033257546286042, 0.980966742453714]]
10972406	[1, [0.01205782597884042, 0.9879421740211596]]
56608806	[1, [0.04137389406028891, 0.9586261059397111]]
84317962	[1, [0.008071602875993955, 0.991928397124006]]
6767002	[1, [0.012999138761443652, 0.9870008612385563]]
59456575	[1, [0.001954998993780044, 0.99804500100622]]
5545573	[1, [0.03441709975441054, 0.9655829002455895]]
10083993	[1, [0.004971265523191826, 0.9950287344768082]]
77362835	[1, [0.007900901590998322, 0.9920990984090017]]
84297767	[1, [0.001778642991832391, 0.9982213570081676]]
34049746	[1, [0.01804650972476851, 0.9819534902752315]]
53498634	[1, [0.03182079282079564, 0.9681792071792044]]
6571057	[1, [0.0005049246360361304, 0.9994950753639639]]
9089194	[1, [0.006273189913858168, 0.9937268100861418]]
17321643	[1, [0.0068434081595244445, 0.9931565918404756]]
77325192	[1, [0.002704507453883731, 0.9972954925461163]]
64453026	[1, [0.011061062426040436, 0.9889389375739596]]
84951197	[1, [0.015578006741139183, 0.9844219932588608]]
9334935	[1, [0.005203109246258997, 0.994796890753741]]
24327364	[1, [0.009474992107519231, 0.9905250078924808]]
36787021	[1, [0.0331310958760449, 0.9668689041239551]]
39727642	[1, [0.0027703300874400982, 0.9972296699125599]]
40896719	[1, [0.015197175723743905, 0.9848028242762561]]
76777999	[1, [0.031001659491450728, 0.9689983405085493]]
5530793	[1, [0.0467592519592287, 0.9532407480407713]]
12169923	[1, [0.005212417498868693, 0.9947875825011313]]
40907667	[1, [0.024405436622731425, 0.9755945633772686]]
75075474	[1, [0.0013157615975718517, 0.9986842384024281]]
5531930	[1, [0.024754560256239233, 0.9752454397437608]]
5467025	[1, [0.03271188486117793, 0.9672881151388221]]
5549328	[1, [0.04795876242559172, 0.9520412375744083]]
14618955	[1, [0.0067525130636486574, 0.9932474869363513]]
75067627	[1, [0.0385338107117289, 0.9614661892882711]]
39718560	[1, [0.0018702019397424108, 0.9981297980602576]]
32442251	[1, [0.014410560308880882, 0.9855894396911191]]
9279565	[1, [0.02221512125015479, 0.9777848787498452]]
