26178242	[1, [0.00379312347157168, 0.9962068765284283]]
91921823	[1, [0.04414267078435097, 0.955857329215649]]
75996811	[1, [0.011724475072130258, 0.9882755249278697]]
9344884	[1, [0.005471163729601325, 0.9945288362703987]]
76052229	[1, [0.0401922198992446, 0.9598077801007554]]
6814671	[1, [0.03728692653976662, 0.9627130734602334]]
76033770	[1, [0.015493801668073126, 0.9845061983319269]]
7581695	[1, [0.0238380733554715, 0.9761619266445285]]
58242705	[1, [0.04941274747704405, 0.950587252522956]]
83226678	[1, [0.038355066120090764, 0.9616449338799092]]
12790913	[1, [0.019568207812689753, 0.9804317921873102]]
53905701	[1, [0.0047162237974636145, 0.9952837762025364]]
12776727	[1, [0.003303788199074398, 0.9966962118009256]]
11108374	[1, [0.022627638543327833, 0.9773723614566722]]
9106514	[1, [0.044355770704435415, 0.9556442292955646]]
14178243	[1, [0.04409558605764552, 0.9559044139423545]]
58230335	[1, [0.006351165034385042, 0.993648834965615]]
7578627	[1, [0.030816338066436355, 0.9691836619335636]]
11591363	[1, [0.041117811599477694, 0.9588821884005223]]
27696087	[1, [0.003481954509850449, 0.9965180454901496]]
9324691	[1, [0.029873357093174846, 0.9701266429068252]]
7594883	[1, [0.013467997222675332, 0.9865320027773247]]
6890943	[1, [0.02420907704017672, 0.9757909229598233]]
7686009	[1, [0.020338823052268196, 0.9796611769477318]]
93661437	[1, [0.009627275859933948, 0.990372724140066]]
9128299	[1, [0.04601952181812108, 0.9539804781818789]]
7018744	[1, [0.02457019137374794, 0.9754298086262521]]
5360663	[1, [0.03469791283680557, 0.9653020871631944]]
5361156	[1, [0.012586869846924698, 0.9874131301530753]]
5361514	[1, [0.003853340927519877, 0.9961466590724801]]
34741990	[1, [0.026296859603617828, 0.9737031403963822]]
73132189	[1, [0.015574576366212511, 0.9844254236337875]]
9128352	[1, [0.02486058867141161, 0.9751394113285884]]
17453105	[1, [0.028579059461685596, 0.9714209405383144]]
7020008	[1, [0.03383627387346788, 0.9661637261265321]]
9121251	[1, [0.0042812669700670325, 0.995718733029933]]
92100410	[1, [0.04785608549899145, 0.9521439145010085]]
95230884	[1, [0.044978620958676774, 0.9550213790413232]]
5360589	[1, [0.010667515831497276, 0.9893324841685027]]
32844662	[1, [0.00805671617982906, 0.9919432838201709]]
9244131	[1, [0.01618160814087588, 0.9838183918591241]]
19489787	[1, [0.020909884166881554, 0.9790901158331184]]
97801808	[1, [0.013863608454972365, 0.9861363915450276]]
92123269	[1, [0.00764300679251062, 0.9923569932074894]]
7018255	[1, [0.005475896464289365, 0.9945241035357106]]
5359784	[1, [0.016490069060198564, 0.9835099309398014]]
5317883	[1, [0.04456830154627778, 0.9554316984537222]]
45701175	[1, [0.03294930580793276, 0.9670506941920672]]
7017024	[1, [0.03159428376424367, 0.9684057162357563]]
5361564	[1, [0.0328609149553607, 0.9671390850446393]]
7683937	[1, [0.003985291901057342, 0.9960147080989427]]
5100778	[1, [0.0019952878941634777, 0.9980047121058365]]
7017770	[1, [0.024345678798220693, 0.9756543212017793]]
93640476	[1, [0.02767196548520967, 0.9723280345147903]]
5266870	[1, [0.0025438059877288532, 0.9974561940122711]]
32645945	[1, [0.04931818254679676, 0.9506818174532032]]
6430596	[1, [0.007240432703714883, 0.9927595672962851]]
36022202	[1, [0.028757324173379506, 0.9712426758266205]]
5267464	[1, [0.046620754054091385, 0.9533792459459086]]
5267539	[1, [0.007210603971024354, 0.9927893960289756]]
5577332	[1, [0.006347116581866263, 0.9936528834181337]]
48823687	[1, [0.04472264614762289, 0.9552773538523771]]
9027061	[1, [0.02274562058332341, 0.9772543794166766]]
87684856	[1, [0.044329567095353406, 0.9556704329046466]]
5266355	[1, [0.04493999974173768, 0.9550600002582623]]
17361675	[1, [0.043865236399741714, 0.9561347636002583]]
7346635	[1, [0.017584758362703345, 0.9824152416372967]]
22180360	[1, [0.02914257421616684, 0.9708574257838332]]
5266007	[1, [0.00979464220988524, 0.9902053577901148]]
5266376	[1, [0.02298498094355006, 0.9770150190564499]]
5579300	[1, [0.0021066478974380853, 0.9978933521025619]]
5578935	[1, [0.005083337993839976, 0.99491666200616]]
6430400	[1, [0.009936970178350268, 0.9900630298216497]]
48970431	[1, [0.017100013270061054, 0.982899986729939]]
41988916	[1, [0.0012069784350966506, 0.9987930215649033]]
12543587	[1, [0.03395436012947206, 0.9660456398705279]]
18069546	[1, [0.02919284168106373, 0.9708071583189363]]
5259372	[1, [0.01634618674374233, 0.9836538132562577]]
25007996	[1, [0.04233696796858699, 0.957663032031413]]
22721729	[1, [0.009829497007947663, 0.9901705029920523]]
6557259	[1, [0.015195326392042685, 0.9848046736079573]]
67813297	[1, [0.03569185975869582, 0.9643081402413042]]
9129123	[1, [0.048385489366805756, 0.9516145106331942]]
88730091	[1, [0.01659663599748651, 0.9834033640025135]]
67767727	[1, [0.022850833128618464, 0.9771491668713815]]
5888042	[1, [0.02499113681311138, 0.9750088631868886]]
5581592	[1, [0.005793194904628707, 0.9942068050953713]]
5249381	[1, [0.03109459474165599, 0.968905405258344]]
46936752	[1, [0.04406581561125278, 0.9559341843887472]]
5261181	[1, [0.012744809484702802, 0.9872551905152972]]
81836825	[1, [0.02557228516356591, 0.9744277148364341]]
35547951	[1, [0.02916243443902966, 0.9708375655609703]]
12418468	[1, [0.023976391336590686, 0.9760236086634093]]
46368684	[1, [0.01574150208280589, 0.9842584979171941]]
81861714	[1, [0.004957781136073036, 0.995042218863927]]
9135612	[1, [0.04601952181812108, 0.9539804781818789]]
51685469	[1, [0.010911689171752226, 0.9890883108282478]]
67775451	[1, [0.04707210911019477, 0.9529278908898052]]
43407331	[1, [0.0380830608336058, 0.9619169391663942]]
46720227	[1, [0.03889050026417862, 0.9611094997358214]]
66168541	[1, [0.01282152523066582, 0.9871784747693342]]
71279277	[1, [0.02082372101136054, 0.9791762789886395]]
5567006	[1, [0.0005219349445063637, 0.9994780650554936]]
46961212	[1, [0.011720913990059811, 0.9882790860099402]]
5584228	[1, [0.008925193115211005, 0.991074806884789]]
46367209	[1, [0.04700543659880663, 0.9529945634011934]]
5259381	[1, [0.00546789542279047, 0.9945321045772095]]
5260615	[1, [0.012343656578683082, 0.9876563434213169]]
46966954	[1, [0.020080219051120896, 0.9799197809488791]]
9204595	[1, [0.004156272717097065, 0.9958437272829029]]
7996236	[1, [0.017648270677633415, 0.9823517293223666]]
7949730	[1, [0.0035046037195561874, 0.9964953962804438]]
34069871	[1, [0.041140537043437564, 0.9588594629565624]]
9137382	[1, [0.04372410240560176, 0.9562758975943982]]
6448818	[1, [0.008317860292603618, 0.9916821397073964]]
58111953	[1, [0.04627471481153078, 0.9537252851884692]]
34094214	[1, [0.01994111071135396, 0.980058889288646]]
10718379	[1, [0.03440375011974417, 0.9655962498802558]]
80609107	[1, [0.006793464460720933, 0.9932065355392791]]
6450286	[1, [0.017705084616779887, 0.9822949153832201]]
9339364	[1, [0.04673567892953445, 0.9532643210704655]]
72890362	[1, [0.0007368977995839687, 0.999263102200416]]
5880755	[1, [0.0014116808727009378, 0.9985883191272991]]
7797092	[1, [0.008580972432785772, 0.9914190275672142]]
39814074	[1, [0.03185844235163249, 0.9681415576483675]]
64424054	[1, [0.03401089665529222, 0.9659891033447078]]
19986782	[1, [0.013780405023396058, 0.9862195949766039]]
82883024	[1, [0.026045988180926516, 0.9739540118190735]]
73496023	[1, [0.018213345079763688, 0.9817866549202363]]
29605822	[1, [0.01149772185989617, 0.9885022781401038]]
7811175	[1, [0.022236278972808554, 0.9777637210271914]]
60608144	[1, [0.005386463303609368, 0.9946135366963906]]
7303675	[1, [0.03716639667253807, 0.9628336033274619]]
7813487	[1, [0.0211750167176038, 0.9788249832823962]]
7889981	[1, [0.029459041064860414, 0.9705409589351396]]
88582913	[1, [0.005357817699642609, 0.9946421823003574]]
62363799	[1, [0.01574104434456014, 0.9842589556554399]]
16827890	[1, [0.008228859432359403, 0.9917711405676406]]
7301675	[1, [0.02142875750674944, 0.9785712424932506]]
51507289	[1, [0.027574309413100462, 0.9724256905868995]]
7568092	[1, [0.036963669938725574, 0.9630363300612744]]
7568194	[1, [0.035909887831978904, 0.9640901121680211]]
90577641	[1, [0.00518762612754986, 0.9948123738724501]]
91766185	[1, [0.037508939888624804, 0.9624910601113752]]
41448581	[1, [0.020406423176878796, 0.9795935768231212]]
97542947	[1, [0.029586385496947365, 0.9704136145030526]]
82878906	[1, [0.024038222510327834, 0.9759617774896722]]
62379657	[1, [0.012096284333759644, 0.9879037156662404]]
89518358	[1, [0.025291060426258838, 0.9747089395737412]]
56517858	[1, [0.012740769622985426, 0.9872592303770146]]
20005108	[1, [0.041381443439337695, 0.9586185565606623]]
73509427	[1, [0.03225046229820261, 0.9677495377017974]]
88063818	[1, [0.047701821816576784, 0.9522981781834232]]
63888715	[1, [0.018853007564422986, 0.981146992435577]]
65969156	[1, [0.026997374768550464, 0.9730026252314495]]
71826470	[1, [0.012934021223315662, 0.9870659787766843]]
87461078	[1, [0.0021026179130448908, 0.9978973820869551]]
44591291	[1, [0.011201354919718853, 0.9887986450802811]]
39383971	[1, [0.03889050026417862, 0.9611094997358214]]
87469583	[1, [0.036143827333625644, 0.9638561726663744]]
7966495	[1, [0.04530306395011319, 0.9546969360498868]]
6849852	[1, [0.049378922568400374, 0.9506210774315996]]
87487168	[1, [0.021221893396002667, 0.9787781066039973]]
44576432	[1, [0.01771082240940558, 0.9822891775905944]]
24536500	[1, [0.022055779581893975, 0.977944220418106]]
87458129	[1, [0.010542864770368476, 0.9894571352296315]]
90858383	[1, [0.0017608205926787912, 0.9982391794073212]]
65972746	[1, [0.0017387653616695031, 0.9982612346383305]]
71817634	[1, [0.016116667858491196, 0.9838833321415088]]
81528422	[1, [0.014000905335356695, 0.9859990946646433]]
60914284	[1, [0.03164189909391946, 0.9683581009060805]]
7735336	[1, [0.014180284205040361, 0.9858197157949596]]
78912836	[1, [0.04291580071242762, 0.9570841992875724]]
63554902	[1, [0.044237669841562854, 0.9557623301584371]]
63882809	[1, [0.009919032392701643, 0.9900809676072984]]
82304107	[1, [0.029359248774828983, 0.970640751225171]]
5146162	[1, [0.027451740526207913, 0.9725482594737921]]
60966931	[1, [0.012736550893787446, 0.9872634491062126]]
67834363	[1, [0.037938493990984146, 0.9620615060090159]]
25382473	[1, [0.029971586157490182, 0.9700284138425098]]
11412360	[1, [0.007329532262329241, 0.9926704677376708]]
7978295	[1, [0.0295740559296912, 0.9704259440703088]]
7753938	[1, [0.04979311524433583, 0.9502068847556642]]
31221585	[1, [0.04932110336398654, 0.9506788966360135]]
6695167	[1, [0.0006980625973647125, 0.9993019374026353]]
7836840	[1, [0.02076668671083437, 0.9792333132891656]]
11226716	[1, [0.03703714983551054, 0.9629628501644895]]
9155076	[1, [0.04041344594369467, 0.9595865540563053]]
9144604	[1, [0.02691975231499144, 0.9730802476850086]]
37076029	[1, [0.035367312968321074, 0.9646326870316789]]
6052987	[1, [0.04123587895740777, 0.9587641210425922]]
31277813	[1, [0.004556252811032446, 0.9954437471889676]]
6691293	[1, [0.04835201045874227, 0.9516479895412577]]
6051322	[1, [0.005998068893983244, 0.9940019311060168]]
7935485	[1, [0.043549472372355735, 0.9564505276276443]]
11221943	[1, [0.04788664683688193, 0.9521133531631181]]
65718340	[1, [0.01547287953851928, 0.9845271204614807]]
7977645	[1, [0.04863049865244251, 0.9513695013475575]]
11360422	[1, [0.019863374795645927, 0.9801366252043541]]
6052870	[1, [0.03889630195204463, 0.9611036980479554]]
82765282	[1, [0.0075707745025898054, 0.9924292254974102]]
67902637	[1, [0.008420442806645112, 0.9915795571933549]]
93565216	[1, [0.02963462780580839, 0.9703653721941916]]
33357690	[1, [0.02844338590835438, 0.9715566140916456]]
25758465	[1, [0.040612837388875, 0.959387162611125]]
7411113	[1, [0.02387176365838961, 0.9761282363416104]]
48254177	[1, [0.0023779413846911623, 0.9976220586153088]]
22683033	[1, [0.025098239573690173, 0.9749017604263098]]
25582093	[1, [0.0006134192888094248, 0.9993865807111906]]
33346870	[1, [0.012481062518976072, 0.9875189374810239]]
6084776	[1, [0.035135787171652444, 0.9648642128283476]]
99115474	[1, [0.03684163615076075, 0.9631583638492393]]
5689182	[1, [0.04988210932674442, 0.9501178906732556]]
6086073	[1, [0.047920652315944, 0.952079347684056]]
12942240	[1, [0.024973104608079222, 0.9750268953919208]]
52143667	[1, [0.029454502081777467, 0.9705454979182225]]
58285519	[1, [0.04252637301230722, 0.9574736269876928]]
10455152	[1, [0.026819679378348837, 0.9731803206216512]]
41823793	[1, [0.014552393697105814, 0.9854476063028942]]
48240408	[1, [0.04250502455491412, 0.9574949754450859]]
7160912	[1, [0.028307727090557733, 0.9716922729094423]]
6083802	[1, [0.012118796259928621, 0.9878812037400714]]
59003533	[1, [0.03629469515591455, 0.9637053048440855]]
7164963	[1, [0.02065404428641293, 0.9793459557135871]]
99141436	[1, [0.0399626576015204, 0.9600373423984796]]
9104816	[1, [0.009257781046786207, 0.9907422189532138]]
5587921	[1, [0.0018832489688926923, 0.9981167510311073]]
99108956	[1, [0.03298761650476234, 0.9670123834952377]]
69204482	[1, [0.01577655277749823, 0.9842234472225018]]
33386390	[1, [0.009480428974540822, 0.9905195710254592]]
6083167	[1, [0.03538842243736995, 0.96461157756263]]
7163591	[1, [0.014672319634981723, 0.9853276803650183]]
95745418	[1, [0.026940238226813906, 0.9730597617731861]]
74952883	[1, [0.01391956408532491, 0.9860804359146751]]
26851005	[1, [0.003956920501410499, 0.9960430794985895]]
9141002	[1, [0.0014083381535368034, 0.9985916618464632]]
95888669	[1, [0.01746619383750747, 0.9825338061624925]]
7457534	[1, [0.027918435513408335, 0.9720815644865917]]
70710093	[1, [0.045103168055321, 0.954896831944679]]
5349075	[1, [0.010167298179278417, 0.9898327018207216]]
86651092	[1, [0.015065655873461092, 0.9849343441265389]]
37490335	[1, [0.021562153951476204, 0.9784378460485238]]
97869416	[1, [0.015868530276720638, 0.9841314697232794]]
95918499	[1, [0.0015804753678012595, 0.9984195246321987]]
5349591	[1, [0.04586162826655926, 0.9541383717334407]]
70713390	[1, [0.03593063472599767, 0.9640693652740023]]
7332027	[1, [0.018355383911903944, 0.9816446160880961]]
98433807	[1, [0.01741257638222371, 0.9825874236177763]]
7332991	[1, [0.024449028333447087, 0.9755509716665529]]
7963922	[1, [0.019876566228645753, 0.9801234337713542]]
7335785	[1, [0.03944256624424458, 0.9605574337557554]]
70671918	[1, [0.031808218741613326, 0.9681917812583867]]
7898111	[1, [0.009533347877411669, 0.9904666521225883]]
24612286	[1, [0.029417638920103295, 0.9705823610798967]]
85020363	[1, [0.02610206813046445, 0.9738979318695355]]
6397900	[1, [0.026758021556340106, 0.9732419784436599]]
70877203	[1, [0.027502201159907758, 0.9724977988400922]]
9266871	[1, [0.047563985314564516, 0.9524360146854355]]
28562026	[1, [0.009005245164167675, 0.9909947548358323]]
49681907	[1, [0.008366338311967425, 0.9916336616880326]]
91112808	[1, [0.01604908173276698, 0.983950918267233]]
55708120	[1, [0.022643308711752796, 0.9773566912882472]]
7199439	[1, [0.02125560106442359, 0.9787443989355764]]
56189172	[1, [0.027744176954293542, 0.9722558230457065]]
6860996	[1, [0.03716622055053331, 0.9628337794494667]]
57101758	[1, [0.015501896579343533, 0.9844981034206565]]
13834198	[1, [0.036229755419939225, 0.9637702445800608]]
67994538	[1, [0.04305304181902536, 0.9569469581809746]]
11068163	[1, [0.019391507343699543, 0.9806084926563005]]
5738306	[1, [0.04983481983952853, 0.9501651801604715]]
7786166	[1, [0.027175304809828438, 0.9728246951901716]]
93937327	[1, [0.017298500914326276, 0.9827014990856737]]
6065974	[1, [0.02291011542542587, 0.9770898845745741]]
13838077	[1, [0.01228885376573341, 0.9877111462342666]]
69044104	[1, [0.024161868952031096, 0.9758381310479689]]
13829110	[1, [0.03377306458114904, 0.966226935418851]]
68406360	[1, [0.0008424700802817098, 0.9991575299197183]]
9276118	[1, [0.005906391616907647, 0.9940936083830924]]
5623281	[1, [0.037764282944341754, 0.9622357170556582]]
5217439	[1, [0.017086333069442294, 0.9829136669305577]]
99976477	[1, [0.013563026955468627, 0.9864369730445314]]
9276934	[1, [0.027600218232851637, 0.9723997817671484]]
77266813	[1, [0.010135111964563182, 0.9898648880354368]]
77321305	[1, [0.002825882419500658, 0.9971741175804993]]
97394581	[1, [0.030954519251412238, 0.9690454807485878]]
96287144	[1, [0.012123138800407607, 0.9878768611995924]]
7404780	[1, [0.022250883576054536, 0.9777491164239455]]
13992483	[1, [0.012128333944918746, 0.9878716660550813]]
90478368	[1, [0.010884121930027857, 0.9891158780699721]]
30070252	[1, [0.017821281222457075, 0.9821787187775429]]
51093030	[1, [0.013978031945469427, 0.9860219680545306]]
9111655	[1, [0.03001073347690375, 0.9699892665230962]]
84875146	[1, [0.041632874936126996, 0.958367125063873]]
9276678	[1, [0.03232350371308712, 0.9676764962869129]]
65172922	[1, [0.04713209375873617, 0.9528679062412638]]
9276758	[1, [0.03875141434718499, 0.961248585652815]]
6336626	[1, [0.02306105089668986, 0.9769389491033101]]
44694442	[1, [0.018773697316614157, 0.9812263026833858]]
84880899	[1, [0.049562096061891325, 0.9504379039381087]]
65183510	[1, [0.007423444561632242, 0.9925765554383678]]
20415139	[1, [0.0380230221177944, 0.9619769778822056]]
68381115	[1, [0.048928551408305765, 0.9510714485916942]]
68374299	[1, [0.00768368519799878, 0.9923163148020012]]
14016599	[1, [0.04097250980151235, 0.9590274901984877]]
45997917	[1, [0.010220085707016713, 0.9897799142929833]]
6332749	[1, [0.016111024217293157, 0.9838889757827068]]
35983287	[1, [0.04482346882967381, 0.9551765311703262]]
60198566	[1, [0.03283996158557001, 0.96716003841443]]
77216397	[1, [0.028415041380824624, 0.9715849586191754]]
6238172	[1, [0.00020106879469516947, 0.9997989312053048]]
7960592	[1, [0.049393210966896195, 0.9506067890331038]]
7932381	[1, [0.047514712713745966, 0.952485287286254]]
30557301	[1, [0.030392012326506346, 0.9696079876734937]]
39513397	[1, [0.01934067408862039, 0.9806593259113796]]
6237807	[1, [0.0107343051783092, 0.9892656948216908]]
6238073	[1, [0.0010206754047886735, 0.9989793245952113]]
6238065	[1, [0.012553109102516835, 0.9874468908974832]]
6412921	[1, [0.026758021556340106, 0.9732419784436599]]
35902313	[1, [0.041616391366948946, 0.958383608633051]]
6238400	[1, [0.026391003157259174, 0.9736089968427408]]
52075497	[1, [0.040738016279158185, 0.9592619837208418]]
51174352	[1, [0.041296021674021244, 0.9587039783259788]]
95665567	[1, [0.017943483817894568, 0.9820565161821054]]
6202250	[1, [0.04983481983952853, 0.9501651801604715]]
6235701	[1, [0.027736935311689526, 0.9722630646883105]]
77236586	[1, [0.033815792019072144, 0.9661842079809279]]
77732977	[1, [0.0013706797216431754, 0.9986293202783568]]
18530725	[1, [0.04125365482169896, 0.958746345178301]]
80542081	[1, [0.02493160646677095, 0.975068393533229]]
11913302	[1, [0.007294053142113177, 0.9927059468578868]]
9194356	[1, [0.025972634762931657, 0.9740273652370683]]
18556333	[1, [0.02169744603480639, 0.9783025539651936]]
7209395	[1, [0.02270808692128068, 0.9772919130787193]]
9009755	[1, [0.04533648588742556, 0.9546635141125744]]
7762316	[1, [0.015901798851521542, 0.9840982011484785]]
96725005	[1, [0.03060114614584164, 0.9693988538541584]]
18558436	[1, [0.016060355723371833, 0.9839396442766282]]
7154890	[1, [0.02946685800137916, 0.9705331419986208]]
9194375	[1, [0.042357310459608444, 0.9576426895403916]]
96692343	[1, [0.0045526117110507025, 0.9954473882889493]]
7361193	[1, [0.031358232636758965, 0.968641767363241]]
54377185	[1, [0.000775456194868962, 0.999224543805131]]
19809624	[1, [0.015545647441171484, 0.9844543525588285]]
7760931	[1, [0.010444486851067802, 0.9895555131489322]]
6875330	[1, [0.012097576171709479, 0.9879024238282905]]
96707318	[1, [0.005783581469439469, 0.9942164185305605]]
26595927	[1, [0.04723919271293919, 0.9527608072870608]]
38899647	[1, [0.02166275490060443, 0.9783372450993956]]
7939745	[1, [0.0055543013426263554, 0.9944456986573736]]
52734579	[1, [0.03935701865969954, 0.9606429813403005]]
23553166	[1, [0.003020524313163242, 0.9969794756868368]]
7181424	[1, [0.009632538666073831, 0.9903674613339262]]
7182155	[1, [0.0026007232631809485, 0.997399276736819]]
7181765	[1, [0.008921605099429186, 0.9910783949005708]]
6049954	[1, [0.007602167356263401, 0.9923978326437366]]
96782889	[1, [0.009315711353590217, 0.9906842886464098]]
5472020	[1, [0.04753935799897835, 0.9524606420010217]]
5241849	[1, [0.014122446128271293, 0.9858775538717287]]
7938047	[1, [0.022437845958692693, 0.9775621540413073]]
40279867	[1, [0.012534478875910637, 0.9874655211240894]]
7181663	[1, [0.011853922270702588, 0.9881460777292974]]
65319914	[1, [0.038905781439809606, 0.9610942185601904]]
6789928	[1, [0.011522433160016665, 0.9884775668399833]]
90231687	[1, [0.001059748804666194, 0.9989402511953338]]
68674113	[1, [0.008556804939853668, 0.9914431950601463]]
72416528	[1, [0.03405614690038172, 0.9659438530996183]]
17119277	[1, [0.02064067332823516, 0.9793593266717648]]
96827774	[1, [0.037677207982027894, 0.9623227920179721]]
9040605	[1, [0.036536052761226845, 0.9634639472387732]]
9023420	[1, [0.00687119934186875, 0.9931288006581312]]
23515312	[1, [0.015966125620300087, 0.9840338743796999]]
6049980	[1, [0.00014892164616120418, 0.9998510783538388]]
9040880	[1, [0.007789373295995938, 0.9922106267040041]]
68689831	[1, [0.005197761903216858, 0.9948022380967831]]
25611713	[1, [0.02617754954430329, 0.9738224504556967]]
34554664	[1, [0.043796733484224415, 0.9562032665157756]]
9108661	[1, [0.01325729735965353, 0.9867427026403465]]
58131519	[1, [0.018959405202041313, 0.9810405947979587]]
6109805	[1, [0.04946842085854242, 0.9505315791414576]]
7388447	[1, [0.013733895406510155, 0.9862661045934898]]
7520803	[1, [0.02116174273770033, 0.9788382572622997]]
7328026	[1, [0.026978233115106942, 0.9730217668848931]]
7325728	[1, [0.036212809362696, 0.963787190637304]]
29655496	[1, [0.008660064403741119, 0.9913399355962589]]
89599972	[1, [0.004521435682133257, 0.9954785643178667]]
7329528	[1, [0.011426164957829776, 0.9885738350421702]]
11188828	[1, [0.04675454667445045, 0.9532454533255496]]
45536624	[1, [0.010445936628101005, 0.989554063371899]]
7817195	[1, [0.01230292147233436, 0.9876970785276656]]
14376114	[1, [0.03739077476370134, 0.9626092252362987]]
79851789	[1, [0.04162740798408826, 0.9583725920159117]]
30589338	[1, [0.01619767636530367, 0.9838023236346963]]
30627530	[1, [0.026004416329070246, 0.9739955836709298]]
37696187	[1, [0.017155021419582583, 0.9828449785804174]]
6185998	[1, [0.0010103844133634299, 0.9989896155866366]]
23410725	[1, [0.038645685185542344, 0.9613543148144577]]
38988788	[1, [0.003771819779402996, 0.996228180220597]]
9102920	[1, [0.02650403101065013, 0.9734959689893499]]
9102970	[1, [0.03665639688961464, 0.9633436031103854]]
5808774	[1, [0.001653282184372773, 0.9983467178156272]]
21552897	[1, [0.017109075257422668, 0.9828909247425773]]
9113449	[1, [0.031213685304213423, 0.9687863146957866]]
53765718	[1, [0.012572706465397099, 0.9874272935346029]]
19234395	[1, [0.0011440421370730869, 0.9988559578629269]]
9112547	[1, [0.008723282555203382, 0.9912767174447966]]
43733061	[1, [0.016354097741611673, 0.9836459022583883]]
7501909	[1, [0.011811051718666477, 0.9881889482813335]]
9103482	[1, [0.01571650171046679, 0.9842834982895332]]
38955122	[1, [0.041127554355803286, 0.9588724456441967]]
63478617	[1, [0.005101909090571177, 0.9948980909094288]]
21043608	[1, [0.008904187075433168, 0.9910958129245668]]
9016270	[1, [0.0091151540180604, 0.9908848459819396]]
6804600	[1, [0.04876077397429368, 0.9512392260257063]]
9017251	[1, [0.048959528512148576, 0.9510404714878514]]
9016972	[1, [0.01597236084325271, 0.9840276391567473]]
67634701	[1, [0.03518719035202711, 0.9648128096479729]]
7959699	[1, [0.02276384129149922, 0.9772361587085008]]
85759930	[1, [0.04154571535094853, 0.9584542846490515]]
83025142	[1, [0.018820237734110568, 0.9811797622658894]]
27373990	[1, [0.025889473238424054, 0.974110526761576]]
7960145	[1, [0.03483279270657913, 0.9651672072934209]]
61461579	[1, [0.01532478421586192, 0.9846752157841381]]
83076566	[1, [0.020048337317234766, 0.9799516626827652]]
12319164	[1, [0.010215599934665365, 0.9897844000653346]]
46438417	[1, [0.0037203841849619, 0.9962796158150381]]
45096877	[1, [0.03337213539917527, 0.9666278646008247]]
5228206	[1, [0.01839941123048716, 0.9816005887695128]]
35408159	[1, [0.04203688447526721, 0.9579631155247328]]
18370452	[1, [0.01939533723600917, 0.9806046627639908]]
71949625	[1, [0.04270716127798502, 0.957292838722015]]
61284846	[1, [0.03762272872002426, 0.9623772712799757]]
78402978	[1, [0.018842798173849706, 0.9811572018261503]]
92561640	[1, [0.045497210353549256, 0.9545027896464507]]
23023301	[1, [0.024681687409283226, 0.9753183125907168]]
91052949	[1, [0.037618715359166166, 0.9623812846408338]]
9273063	[1, [0.026938462213528358, 0.9730615377864716]]
23034242	[1, [0.041019114400843604, 0.9589808855991564]]
98834423	[1, [0.019777997343040532, 0.9802220026569595]]
79725352	[1, [0.021245640986885084, 0.9787543590131149]]
9105444	[1, [0.04706455983329749, 0.9529354401667025]]
5118232	[1, [0.04656613318978842, 0.9534338668102116]]
75440832	[1, [0.02652127314163244, 0.9734787268583676]]
6781299	[1, [0.03342852492242765, 0.9665714750775724]]
79113424	[1, [0.04003978283397058, 0.9599602171660294]]
9296089	[1, [0.04138171800521495, 0.958618281994785]]
79684359	[1, [0.017671525724515136, 0.9823284742754849]]
41951131	[1, [0.045029195153332036, 0.954970804846668]]
79098056	[1, [0.0414824269499493, 0.9585175730500507]]
61948603	[1, [0.01632730430577023, 0.9836726956942298]]
9260850	[1, [0.004146652619475222, 0.9958533473805248]]
41949237	[1, [0.029334483962150104, 0.9706655160378499]]
9017506	[1, [0.01349099481301319, 0.9865090051869868]]
7981650	[1, [0.0338866330680494, 0.9661133669319506]]
66942175	[1, [0.04973820342675517, 0.9502617965732448]]
80256545	[1, [0.013993579996996464, 0.9860064200030035]]
7982405	[1, [0.018628988103183253, 0.9813710118968167]]
6945313	[1, [0.012325154670221217, 0.9876748453297788]]
7788642	[1, [0.04865992466743119, 0.9513400753325688]]
6944924	[1, [0.004525911432672114, 0.9954740885673279]]
6945020	[1, [0.012984615060131377, 0.9870153849398686]]
80250202	[1, [0.038235479885629586, 0.9617645201143704]]
7605761	[1, [7.339811414042163e-05, 0.9999266018858596]]
75445013	[1, [0.019360747642048315, 0.9806392523579517]]
75444206	[1, [0.008423186210313238, 0.9915768137896868]]
7926906	[1, [0.03290490317257588, 0.9670950968274241]]
9248978	[1, [0.005326770924106827, 0.9946732290758932]]
7749066	[1, [0.008362705430716155, 0.9916372945692838]]
36593143	[1, [0.01917173422683438, 0.9808282657731656]]
85965263	[1, [0.04323580209904143, 0.9567641979009586]]
9224062	[1, [0.03144057942112077, 0.9685594205788792]]
9223142	[1, [0.033903672496045756, 0.9660963275039542]]
7356802	[1, [0.0056037275273758125, 0.9943962724726242]]
9224041	[1, [0.03647890496065731, 0.9635210950393427]]
9134681	[1, [0.024337870091071356, 0.9756621299089286]]
89426230	[1, [0.010542930192454447, 0.9894570698075456]]
6929645	[1, [0.04929631351069652, 0.9507036864893035]]
9297916	[1, [0.04810786494123254, 0.9518921350587675]]
9133851	[1, [0.047072330063851364, 0.9529276699361486]]
6493010	[1, [0.0465806594192143, 0.9534193405807857]]
9298780	[1, [0.03541528643129166, 0.9645847135687083]]
76371090	[1, [0.04475695791258549, 0.9552430420874145]]
7358423	[1, [0.003749449012656836, 0.9962505509873432]]
9251643	[1, [0.03538425427323044, 0.9646157457267696]]
6489640	[1, [0.024189589379437715, 0.9758104106205623]]
6491357	[1, [0.029407000032675712, 0.9705929999673243]]
18996412	[1, [0.04950830414528318, 0.9504916958547168]]
18983561	[1, [0.01493594828218503, 0.985064051717815]]
26934815	[1, [0.010446080791202572, 0.9895539192087974]]
26963254	[1, [0.030091315588866796, 0.9699086844111332]]
5107804	[1, [0.042247557722711715, 0.9577524422772883]]
49272520	[1, [0.043808143342000894, 0.9561918566579991]]
39946487	[1, [0.00765077713489859, 0.9923492228651014]]
9009416	[1, [0.04275995827769319, 0.9572400417223068]]
78284644	[1, [0.01095711069684413, 0.9890428893031559]]
9143943	[1, [0.02924817383304723, 0.9707518261669528]]
7380000	[1, [0.027726971009260915, 0.9722730289907391]]
49290627	[1, [0.022731152201421967, 0.977268847798578]]
91621483	[1, [0.037732521870998736, 0.9622674781290013]]
7890676	[1, [0.032598604568737755, 0.9674013954312622]]
76907372	[1, [0.02232659797904557, 0.9776734020209544]]
23221354	[1, [0.03313249875390545, 0.9668675012460946]]
69292906	[1, [0.0020871067033700896, 0.9979128932966299]]
5552310	[1, [0.042035479599927816, 0.9579645204000722]]
88915003	[1, [0.04071404108841359, 0.9592859589115864]]
26965652	[1, [0.04532111412159967, 0.9546788858784003]]
79368275	[1, [0.0495040408330657, 0.9504959591669343]]
48009634	[1, [0.03352756715201777, 0.9664724328479822]]
97209046	[1, [0.007768519273913532, 0.9922314807260865]]
94093944	[1, [0.003428568193646009, 0.996571431806354]]
54291444	[1, [0.04818112008469, 0.95181887991531]]
94093773	[1, [0.01773454874119884, 0.9822654512588012]]
40005583	[1, [0.007744198687812065, 0.9922558013121879]]
22339420	[1, [0.02976985027736101, 0.970230149722639]]
22325964	[1, [0.025273440520070856, 0.9747265594799291]]
54300217	[1, [0.027661712681626094, 0.9723382873183739]]
33801035	[1, [0.0373821540756587, 0.9626178459243413]]
27871545	[1, [0.005267366975562293, 0.9947326330244377]]
27813323	[1, [0.048835244018521906, 0.9511647559814781]]
7931590	[1, [0.015140134175810283, 0.9848598658241897]]
45391496	[1, [0.003067373973837828, 0.9969326260261622]]
45419510	[1, [0.021550151730912792, 0.9784498482690872]]
19589711	[1, [0.009470331781589958, 0.99052966821841]]
6443612	[1, [0.002044878348912982, 0.997955121651087]]
96121943	[1, [0.03598829795549818, 0.9640117020445018]]
6663095	[1, [0.004316588988243497, 0.9956834110117565]]
33775698	[1, [0.006560043913323654, 0.9934399560866763]]
6664420	[1, [0.0006861206505537343, 0.9993138793494463]]
5353261	[1, [0.0077310210068893825, 0.9922689789931106]]
7240130	[1, [0.042179482063253726, 0.9578205179367463]]
6095991	[1, [0.047933800036852436, 0.9520661999631476]]
7356017	[1, [0.026863442402072724, 0.9731365575979273]]
5254044	[1, [0.012978254501956221, 0.9870217454980438]]
76722213	[1, [0.028400727743760346, 0.9715992722562397]]
6436597	[1, [0.03880004482018207, 0.9611999551798179]]
9234395	[1, [0.028818067983507833, 0.9711819320164922]]
7174908	[1, [0.04098166998165276, 0.9590183300183472]]
5254068	[1, [0.043549472372355735, 0.9564505276276443]]
39774374	[1, [0.032364521034141114, 0.9676354789658589]]
30852141	[1, [0.04946198122002976, 0.9505380187799702]]
9122341	[1, [0.019055886194668914, 0.9809441138053311]]
30800495	[1, [0.02019176920167476, 0.9798082307983252]]
6435536	[1, [0.010536737827174236, 0.9894632621728258]]
38623826	[1, [1.125555399306144e-05, 0.9999887444460069]]
38579840	[1, [0.0020498857270991877, 0.9979501142729008]]
7174440	[1, [0.016362129223213007, 0.983637870776787]]
6435870	[1, [0.007480386909793246, 0.9925196130902068]]
30839087	[1, [0.010573414455090635, 0.9894265855449094]]
6095949	[1, [0.02821202190923211, 0.9717879780907679]]
6434914	[1, [0.011547559197454205, 0.9884524408025458]]
99252690	[1, [0.030645107808145444, 0.9693548921918546]]
5253946	[1, [0.024853436122894812, 0.9751465638771052]]
99229650	[1, [0.029050531309949612, 0.9709494686900504]]
6613092	[1, [0.04767979961433122, 0.9523202003856688]]
9122172	[1, [0.014215205260495467, 0.9857847947395045]]
7176956	[1, [0.04846876477349471, 0.9515312352265053]]
38591287	[1, [0.01892841411741486, 0.9810715858825851]]
39160468	[1, [0.03233461187141984, 0.9676653881285802]]
22840257	[1, [0.008491050380519893, 0.9915089496194801]]
30831969	[1, [0.040002560523903274, 0.9599974394760967]]
5255741	[1, [0.002474557248351883, 0.9975254427516481]]
6091734	[1, [0.02066053681174429, 0.9793394631882557]]
6094640	[1, [0.04155675482349175, 0.9584432451765083]]
7970636	[1, [0.04277147086559652, 0.9572285291344035]]
68582951	[1, [0.044576816694100185, 0.9554231833058998]]
77157338	[1, [0.0011165980249456808, 0.9988834019750543]]
13118143	[1, [0.026218367853126257, 0.9737816321468737]]
64885202	[1, [0.006300912288265681, 0.9936990877117343]]
7955353	[1, [0.006598227049790517, 0.9934017729502095]]
28013904	[1, [0.003956920501410499, 0.9960430794985895]]
47918765	[1, [0.011811529145763444, 0.9881884708542366]]
6898928	[1, [0.02966603324118411, 0.9703339667588159]]
53025180	[1, [0.04531158202964869, 0.9546884179703513]]
64831098	[1, [0.02801412147448734, 0.9719858785255127]]
6900219	[1, [0.0029950007177209637, 0.997004999282279]]
53028913	[1, [0.04705221538796778, 0.9529477846120322]]
48775164	[1, [0.04917080012524322, 0.9508291998747568]]
6800668	[1, [0.036407925355194215, 0.9635920746448058]]
9149040	[1, [0.003877552485244684, 0.9961224475147553]]
7656628	[1, [0.04528525586808252, 0.9547147441319175]]
28804649	[1, [0.04402338145478368, 0.9559766185452163]]
23487124	[1, [0.0022687655188348144, 0.9977312344811652]]
23488629	[1, [0.03320822766424847, 0.9667917723357515]]
53074661	[1, [0.048813601580120713, 0.9511863984198793]]
9294301	[1, [0.0020400339779239607, 0.997959966022076]]
82012504	[1, [0.02373506798382463, 0.9762649320161754]]
5816422	[1, [0.042444375506195176, 0.9575556244938048]]
49936484	[1, [0.04126293297061634, 0.9587370670293837]]
94585351	[1, [0.038812936030227174, 0.9611870639697728]]
34226769	[1, [0.014908015733301139, 0.9850919842666989]]
92294703	[1, [0.04555638995399647, 0.9544436100460035]]
9230880	[1, [0.005872243657092824, 0.9941277563429072]]
6124606	[1, [0.04445772377018398, 0.955542276229816]]
6746138	[1, [0.02862526285941347, 0.9713747371405865]]
49984330	[1, [0.01729056811380525, 0.9827094318861948]]
7629908	[1, [0.03675438326060276, 0.9632456167393972]]
6742089	[1, [0.03848929197780504, 0.961510708022195]]
72666697	[1, [0.030404965712772958, 0.969595034287227]]
9230012	[1, [0.028010736696950644, 0.9719892633030494]]
10832742	[1, [0.004659007158944739, 0.9953409928410553]]
73802449	[1, [0.03441900930238795, 0.965580990697612]]
77952593	[1, [0.03808478275861682, 0.9619152172413832]]
78338645	[1, [0.04384346735828526, 0.9561565326417147]]
7942570	[1, [0.03821458839180647, 0.9617854116081935]]
37822302	[1, [0.020212013855939293, 0.9797879861440607]]
89914016	[1, [0.0440102233910622, 0.9559897766089378]]
33066072	[1, [0.012474020649190232, 0.9875259793508098]]
42598666	[1, [0.04105570919961288, 0.9589442908003871]]
66522847	[1, [0.030056863173909876, 0.9699431368260901]]
89905256	[1, [0.03451176901040087, 0.9654882309895991]]
5212849	[1, [0.03721118995425177, 0.9627888100457482]]
26278229	[1, [0.026790453558334093, 0.9732095464416659]]
91441159	[1, [0.027953364402049208, 0.9720466355979508]]
35440670	[1, [0.026631610917753568, 0.9733683890822464]]
77653237	[1, [0.011148612578341321, 0.9888513874216587]]
11525855	[1, [0.033083713449766905, 0.9669162865502331]]
7119039	[1, [0.0006018501041896718, 0.9993981498958103]]
7118053	[1, [0.013427991507687476, 0.9865720084923125]]
28951982	[1, [0.01993416222504707, 0.9800658377749529]]
9081528	[1, [0.014530205947783315, 0.9854697940522167]]
9081180	[1, [0.007080979687550171, 0.9929190203124498]]
73473603	[1, [0.032761203575435216, 0.9672387964245648]]
7117278	[1, [0.035059929859789674, 0.9649400701402103]]
6046072	[1, [0.015171164386573732, 0.9848288356134263]]
91454169	[1, [0.003532359623581116, 0.9964676403764189]]
37804138	[1, [0.006321454354304534, 0.9936785456456955]]
85083121	[1, [0.03481223002149014, 0.9651877699785099]]
6944016	[1, [0.022238097862539608, 0.9777619021374604]]
70580387	[1, [0.02983765557637119, 0.9701623444236288]]
5609237	[1, [0.045820774082586335, 0.9541792259174137]]
6707579	[1, [0.020891745364341907, 0.9791082546356581]]
7339093	[1, [0.04267896840668417, 0.9573210315933158]]
6943022	[1, [0.005666644152707678, 0.9943333558472923]]
7339148	[1, [0.019029493625419835, 0.9809705063745802]]
7341058	[1, [0.042023085458152476, 0.9579769145418475]]
5511291	[1, [0.004394399757602252, 0.9956056002423977]]
80672054	[1, [0.0442419980126727, 0.9557580019873273]]
51882673	[1, [0.02205152814603295, 0.977948471853967]]
78613011	[1, [0.026413583124625384, 0.9735864168753746]]
29879987	[1, [0.02055914589959784, 0.9794408541004022]]
80649729	[1, [0.008678642222774369, 0.9913213577772256]]
25267515	[1, [0.009566690226046948, 0.990433309773953]]
7398981	[1, [0.019547349923306534, 0.9804526500766935]]
51001848	[1, [0.037856820586048, 0.962143179413952]]
37589097	[1, [0.029236466355304858, 0.9707635336446951]]
6479424	[1, [0.005106870530409702, 0.9948931294695903]]
37591253	[1, [0.03804610466782654, 0.9619538953321735]]
6475964	[1, [0.03632422799283386, 0.9636757720071661]]
6480016	[1, [0.0465806594192143, 0.9534193405807857]]
9038086	[1, [0.004179407419796721, 0.9958205925802033]]
5454916	[1, [0.02959262258745432, 0.9704073774125457]]
6480962	[1, [0.02389895504712869, 0.9761010449528713]]
50950702	[1, [0.01320348696857665, 0.9867965130314234]]
66054945	[1, [0.023929856150069484, 0.9760701438499305]]
37575822	[1, [0.02234722651375931, 0.9776527734862407]]
6482488	[1, [0.022663793085206052, 0.977336206914794]]
59704933	[1, [0.005956853599902834, 0.9940431464000972]]
6480304	[1, [0.03818122656344358, 0.9618187734365564]]
5431368	[1, [0.015972005204822448, 0.9840279947951776]]
71111328	[1, [0.008823483721768666, 0.9911765162782313]]
6479574	[1, [0.005909556976725128, 0.9940904430232749]]
5430348	[1, [0.002198639976276784, 0.9978013600237232]]
5452451	[1, [0.02959262258745432, 0.9704073774125457]]
86728608	[1, [0.018882755635000414, 0.9811172443649996]]
7957323	[1, [0.0069412557816104226, 0.9930587442183896]]
6476351	[1, [0.03880004482018207, 0.9611999551798179]]
5454168	[1, [0.026687908689263296, 0.9733120913107367]]
9266418	[1, [0.01417323122463876, 0.9858267687753612]]
77600957	[1, [0.02665103262542534, 0.9733489673745747]]
9035257	[1, [0.013265770368278362, 0.9867342296317216]]
7993623	[1, [0.03884533093107123, 0.9611546690689288]]
5425422	[1, [0.03327795865141603, 0.966722041348584]]
6584939	[1, [0.026302133632703506, 0.9736978663672965]]
20308054	[1, [0.011776506594432079, 0.9882234934055679]]
9282141	[1, [0.013231882633649827, 0.9867681173663502]]
36498913	[1, [0.007004036780569489, 0.9929959632194305]]
9133481	[1, [0.004666842288430284, 0.9953331577115697]]
46560580	[1, [0.0010668287278411404, 0.9989331712721589]]
5421928	[1, [0.004416833314640378, 0.9955831666853596]]
9123244	[1, [0.041071126603928976, 0.958928873396071]]
7934425	[1, [0.04372410240560176, 0.9562758975943982]]
6133203	[1, [0.03263419436459103, 0.967365805635409]]
5424249	[1, [0.022689117182814966, 0.977310882817185]]
20336749	[1, [0.010527388347319588, 0.9894726116526804]]
9282197	[1, [0.046308508493327016, 0.953691491506673]]
6131497	[1, [0.019176528538664916, 0.9808234714613351]]
5422489	[1, [0.024528931889733374, 0.9754710681102666]]
9132974	[1, [0.004803419368732187, 0.9951965806312678]]
5424782	[1, [0.03600528219145738, 0.9639947178085426]]
5423887	[1, [0.001996957367013996, 0.998003042632986]]
9057368	[1, [0.03651563590081641, 0.9634843640991836]]
7993652	[1, [0.018010937679992733, 0.9819890623200073]]
30877880	[1, [0.0010723998218783448, 0.9989276001781217]]
5152775	[1, [0.040436051649448856, 0.9595639483505511]]
5423048	[1, [0.02300315040518852, 0.9769968495948115]]
5424082	[1, [0.0076223912551335316, 0.9923776087448665]]
6194829	[1, [0.014564420055402483, 0.9854355799445975]]
9132885	[1, [0.0005867666728821552, 0.9994132333271178]]
46563352	[1, [0.04118468326282276, 0.9588153167371772]]
7767636	[1, [0.0013070062399745952, 0.9986929937600254]]
9035416	[1, [0.04318623569887525, 0.9568137643011247]]
58962942	[1, [0.016584867299507144, 0.9834151327004929]]
9122799	[1, [0.027386745896273323, 0.9726132541037267]]
99541749	[1, [0.03242822993637817, 0.9675717700636218]]
25861793	[1, [0.005101909090571177, 0.9948980909094288]]
7909363	[1, [0.014586531408007142, 0.9854134685919929]]
69775229	[1, [0.03642537851565342, 0.9635746214843466]]
6572490	[1, [0.03676701215689271, 0.9632329878431073]]
18505521	[1, [0.015406456581647854, 0.9845935434183521]]
18519083	[1, [0.015712151361395366, 0.9842878486386046]]
53386887	[1, [0.04528299295792193, 0.9547170070420781]]
7695291	[1, [0.02272402166178511, 0.9772759783382149]]
53459821	[1, [0.04565316954460863, 0.9543468304553914]]
5834487	[1, [0.03180427788351359, 0.9681957221164864]]
5185206	[1, [0.016297347549751984, 0.983702652450248]]
59450704	[1, [0.044156622636722154, 0.9558433773632778]]
10092024	[1, [0.0195282690332943, 0.9804717309667057]]
29401975	[1, [0.04977947982194675, 0.9502205201780533]]
49364187	[1, [0.014061294434384974, 0.985938705565615]]
7694785	[1, [0.02014747327497801, 0.979852526725022]]
90255772	[1, [0.029612727886202173, 0.9703872721137978]]
59472506	[1, [0.018594468864637337, 0.9814055311353627]]
9318046	[1, [0.047884186454834166, 0.9521158135451658]]
7635285	[1, [0.03429827516059247, 0.9657017248394075]]
7728502	[1, [0.021321785778149027, 0.978678214221851]]
81908573	[1, [0.0015272169431462812, 0.9984727830568537]]
5401302	[1, [0.00016120734047175844, 0.9998387926595282]]
7572212	[1, [0.013773826752841556, 0.9862261732471584]]
85469138	[1, [0.010371786176100461, 0.9896282138238995]]
69540652	[1, [0.006259283527717319, 0.9937407164722827]]
7170882	[1, [0.03973066587158669, 0.9602693341284133]]
85423737	[1, [0.003359294086625164, 0.9966407059133748]]
62583564	[1, [0.0012949368701331565, 0.9987050631298668]]
7168739	[1, [0.036930671113971636, 0.9630693288860284]]
18282858	[1, [0.020080219051120896, 0.9799197809488791]]
9025625	[1, [0.029198800018741533, 0.9708011999812585]]
9025917	[1, [0.014285348843926182, 0.9857146511560738]]
7970417	[1, [0.03630937418773161, 0.9636906258122684]]
9026539	[1, [0.02543022995109323, 0.9745697700489068]]
7727294	[1, [0.0006637999654618421, 0.9993362000345382]]
50474673	[1, [0.02606217875039596, 0.973937821249604]]
78797519	[1, [0.005371002842978645, 0.9946289971570214]]
7728727	[1, [0.026575074429447954, 0.973424925570552]]
7970147	[1, [0.001182154310709005, 0.998817845689291]]
57409081	[1, [0.002015590984976834, 0.9979844090150232]]
62555993	[1, [0.010545167344205186, 0.9894548326557948]]
34398112	[1, [0.02026511878712134, 0.9797348812128787]]
5397294	[1, [0.0030155545485722746, 0.9969844454514277]]
6142628	[1, [0.030634363682126686, 0.9693656363178733]]
9135939	[1, [0.04601952181812108, 0.9539804781818789]]
5879591	[1, [0.03989686211857557, 0.9601031378814244]]
9136790	[1, [0.01341520904393001, 0.98658479095607]]
6532542	[1, [0.04868977337298441, 0.9513102266270156]]
64669137	[1, [0.012276035444782507, 0.9877239645552175]]
13685530	[1, [0.020405918961896696, 0.9795940810381033]]
5877970	[1, [0.02195224687941988, 0.9780477531205801]]
6141917	[1, [0.0007530419527100873, 0.9992469580472899]]
5879278	[1, [0.02195224687941988, 0.9780477531205801]]
21222313	[1, [0.04881304637811523, 0.9511869536218848]]
6533911	[1, [0.0039876012577712006, 0.9960123987422288]]
7320856	[1, [0.03671216791563581, 0.9632878320843642]]
6535445	[1, [0.03576637418843742, 0.9642336258115626]]
72488736	[1, [0.024743497845468032, 0.975256502154532]]
7941113	[1, [0.01853473341879397, 0.981465266581206]]
9074827	[1, [0.003959468108063469, 0.9960405318919365]]
7323472	[1, [0.00823448746717459, 0.9917655125328254]]
98709381	[1, [0.03560760460688717, 0.9643923953931128]]
5878638	[1, [0.030987069369008857, 0.9690129306309911]]
64656107	[1, [0.03009299431157164, 0.9699070056884284]]
72456631	[1, [0.02206278402582218, 0.9779372159741778]]
9136052	[1, [0.03602568280859875, 0.9639743171914013]]
32307621	[1, [0.029638321563185355, 0.9703616784368146]]
13686006	[1, [0.04862406224667015, 0.9513759377533298]]
72433350	[1, [0.0254207179393785, 0.9745792820606215]]
16419856	[1, [0.02590770335677095, 0.974092296643229]]
7250319	[1, [0.02445629575784003, 0.97554370424216]]
6466185	[1, [0.022846450641496485, 0.9771535493585035]]
7010016	[1, [0.015541484748156975, 0.984458515251843]]
6981148	[1, [0.03194219361699524, 0.9680578063830048]]
6433727	[1, [0.041977224478492614, 0.9580227755215074]]
9078774	[1, [0.0038334845053283884, 0.9961665154946716]]
25196596	[1, [0.0022423574659579115, 0.9977576425340421]]
7010392	[1, [0.03334798997156152, 0.9666520100284385]]
6465783	[1, [0.03850707853205926, 0.9614929214679407]]
42766091	[1, [0.04613150774586805, 0.953868492254132]]
9336665	[1, [0.02438813785225158, 0.9756118621477484]]
85915750	[1, [0.006273184427144529, 0.9937268155728555]]
9333041	[1, [0.0320680639685873, 0.9679319360314127]]
6171761	[1, [0.0022756283363213337, 0.9977243716636787]]
7011614	[1, [0.042662990567766235, 0.9573370094322338]]
6467303	[1, [0.008246396707262127, 0.9917536032927379]]
6080049	[1, [0.04389270407888979, 0.9561072959211102]]
6467414	[1, [0.03152093275036916, 0.9684790672496308]]
7012709	[1, [0.01774993726501406, 0.9822500627349859]]
53631239	[1, [0.003026781247600585, 0.9969732187523994]]
55623166	[1, [0.02776110301352508, 0.9722388969864749]]
6081515	[1, [0.041508695711381494, 0.9584913042886185]]
9334666	[1, [0.0012117536240523474, 0.9987882463759477]]
60986174	[1, [0.007004622753093437, 0.9929953772469066]]
85899918	[1, [0.002127591367052206, 0.9978724086329478]]
6172392	[1, [0.0019248885024857332, 0.9980751114975143]]
9262343	[1, [0.032298542521481566, 0.9677014574785184]]
25184390	[1, [0.0240725641312316, 0.9759274358687684]]
78725461	[1, [0.006192259871959038, 0.993807740128041]]
96852351	[1, [0.008863978274874063, 0.9911360217251259]]
6080206	[1, [0.03538842243736995, 0.96461157756263]]
99385434	[1, [0.03179725816121015, 0.9682027418387898]]
42041433	[1, [0.04297882508399875, 0.9570211749160012]]
16198193	[1, [0.047344589058687214, 0.9526554109413128]]
98637367	[1, [0.04103873149399917, 0.9589612685060008]]
7974532	[1, [0.021383291908833146, 0.9786167080911669]]
7256748	[1, [0.040062750340565945, 0.959937249659434]]
6606365	[1, [0.003087537659894113, 0.9969124623401059]]
7954778	[1, [0.010396858565602796, 0.9896031414343972]]
6624552	[1, [0.00943775592188123, 0.9905622440781188]]
9322953	[1, [0.03761892291115798, 0.962381077088842]]
6626757	[1, [0.04943196011676243, 0.9505680398832376]]
7974491	[1, [0.04596768747338509, 0.9540323125266149]]
72261533	[1, [0.0011668152809694021, 0.9988331847190306]]
86520749	[1, [0.004158715891958931, 0.9958412841080411]]
5347942	[1, [0.02988242415007758, 0.9701175758499224]]
98579551	[1, [0.04153290656205477, 0.9584670934379452]]
5347843	[1, [0.012975898736106939, 0.9870241012638931]]
7254874	[1, [0.04199873540400456, 0.9580012645959954]]
6885602	[1, [0.02526570301934128, 0.9747342969806587]]
86527476	[1, [0.006068858968764745, 0.9939311410312353]]
6884689	[1, [0.005793194904628707, 0.9942068050953713]]
7974773	[1, [0.0380209258074965, 0.9619790741925035]]
91866043	[1, [0.03790138086844663, 0.9620986191315534]]
72050341	[1, [0.04708323681392612, 0.9529167631860739]]
62793801	[1, [0.013246939464343965, 0.986753060535656]]
6712729	[1, [0.038141746507439844, 0.9618582534925602]]
21682827	[1, [0.024306162574669443, 0.9756938374253306]]
21681047	[1, [0.004797768489219978, 0.99520223151078]]
7003663	[1, [0.04537092299771661, 0.9546290770022834]]
57361421	[1, [0.010909143241566666, 0.9890908567584333]]
21659348	[1, [0.010867513681141472, 0.9891324863188585]]
85140381	[1, [0.011236405628273882, 0.9887635943717261]]
7002393	[1, [0.04529669692102345, 0.9547033030789766]]
56420418	[1, [0.02409513764521254, 0.9759048623547875]]
22528316	[1, [0.03995545238282994, 0.9600445476171701]]
7002876	[1, [0.02121452053960382, 0.9787854794603962]]
99447552	[1, [0.026852278870144408, 0.9731477211298556]]
69029107	[1, [0.01582308483248962, 0.9841769151675104]]
77842292	[1, [0.04102958657934297, 0.958970413420657]]
58469274	[1, [0.03919738314832644, 0.9608026168516736]]
99395421	[1, [0.04415745985664221, 0.9558425401433578]]
67437138	[1, [0.013155839023097138, 0.9868441609769029]]
91883944	[1, [0.039586301013049496, 0.9604136989869505]]
7003067	[1, [0.018312888000461824, 0.9816871119995382]]
41136346	[1, [0.032995060787492814, 0.9670049392125072]]
55768542	[1, [0.006812032248537325, 0.9931879677514627]]
5866052	[1, [0.03589228649941534, 0.9641077135005847]]
57196934	[1, [0.006692804764536042, 0.993307195235464]]
66091153	[1, [0.023787539083232723, 0.9762124609167673]]
16557630	[1, [0.001590954826477975, 0.998409045173522]]
6632159	[1, [0.004103262155607523, 0.9958967378443925]]
6676678	[1, [0.00033394758122440305, 0.9996660524187756]]
81256963	[1, [0.04877962050455742, 0.9512203794954426]]
16508207	[1, [0.04737463330118208, 0.9526253666988179]]
16515878	[1, [0.002853465339566541, 0.9971465346604335]]
9247013	[1, [0.01043327124994542, 0.9895667287500546]]
50000375	[1, [0.045629380045418944, 0.9543706199545811]]
5864347	[1, [0.024715832730421883, 0.9752841672695781]]
66132339	[1, [0.012494430768409948, 0.98750556923159]]
89304930	[1, [0.039991738100017105, 0.9600082618999829]]
7227797	[1, [0.03793913304385821, 0.9620608669561418]]
17711179	[1, [0.015987991587300687, 0.9840120084126993]]
9301861	[1, [0.04767114696559205, 0.952328853034408]]
7971381	[1, [0.016592341442360437, 0.9834076585576396]]
7910813	[1, [0.03205703961166362, 0.9679429603883364]]
70886479	[1, [0.04086619794268409, 0.9591338020573159]]
5863108	[1, [0.029997277396522914, 0.9700027226034771]]
9248226	[1, [0.04088806220890051, 0.9591119377910995]]
49779998	[1, [0.03225562065220877, 0.9677443793477912]]
9031266	[1, [0.0203651225501702, 0.9796348774498298]]
9240089	[1, [0.012362976956804883, 0.9876370230431951]]
72173733	[1, [0.03178245307630445, 0.9682175469236955]]
70098497	[1, [0.0010774961533679406, 0.9989225038466321]]
6241424	[1, [0.024327429963188152, 0.9756725700368118]]
61872939	[1, [0.032331516417440476, 0.9676684835825595]]
92212200	[1, [0.0021182186511838896, 0.9978817813488161]]
9304077	[1, [0.02438813785225158, 0.9756118621477484]]
6401472	[1, [0.04619935557405508, 0.9538006444259449]]
6627609	[1, [0.0004442534012034649, 0.9995557465987965]]
12707732	[1, [0.013849410346806534, 0.9861505896531935]]
30209641	[1, [0.022534247179385902, 0.9774657528206141]]
13434990	[1, [0.02113108820609222, 0.9788689117939078]]
12704858	[1, [0.0204258153428285, 0.9795741846571715]]
9031489	[1, [0.031818305200039254, 0.9681816947999607]]
30201139	[1, [0.008345872068235782, 0.9916541279317642]]
6399044	[1, [0.015524056872613823, 0.9844759431273862]]
61921781	[1, [0.04484063417469519, 0.9551593658253048]]
9032053	[1, [0.04446674185465893, 0.9555332581453411]]
91539977	[1, [0.03851788018829605, 0.961482119811704]]
6628672	[1, [0.01868562958431963, 0.9813143704156804]]
49784427	[1, [0.03500905435050228, 0.9649909456494977]]
6241284	[1, [0.0003158016049449319, 0.9996841983950551]]
6994127	[1, [0.04546119383620206, 0.9545388061637979]]
6241361	[1, [0.04331726188397589, 0.9566827381160241]]
65342230	[1, [0.042418813237175, 0.957581186762825]]
9240110	[1, [0.048297842132219215, 0.9517021578677808]]
49780199	[1, [0.008107377182461684, 0.9918926228175383]]
9031919	[1, [0.021409214532597476, 0.9785907854674025]]
78559805	[1, [0.03901688056436259, 0.9609831194356374]]
9274817	[1, [0.005599984706388339, 0.9944000152936117]]
67273249	[1, [3.556805072080227e-05, 0.9999644319492792]]
6239168	[1, [0.000704715240591125, 0.9992952847594089]]
6239488	[1, [0.0023519525811288577, 0.9976480474188711]]
6239003	[1, [0.00644395785004459, 0.9935560421499554]]
6473343	[1, [0.034498596319418096, 0.9655014036805819]]
24508021	[1, [0.042660050538600336, 0.9573399494613997]]
6240545	[1, [0.02926379261319345, 0.9707362073868065]]
15197079	[1, [0.030201044156372037, 0.969798955843628]]
24472992	[1, [0.04940478365214762, 0.9505952163478524]]
5543293	[1, [0.028286561576929325, 0.9717134384230707]]
33463716	[1, [0.04840648814286019, 0.9515935118571398]]
6239884	[1, [0.030175839424229634, 0.9698241605757704]]
63317245	[1, [0.020415357480458307, 0.9795846425195417]]
5128876	[1, [0.008390637407678314, 0.9916093625923217]]
42346202	[1, [0.0221545314293361, 0.9778454685706639]]
22458335	[1, [0.005728328248792214, 0.9942716717512078]]
6239230	[1, [0.03214498143084066, 0.9678550185691593]]
37237152	[1, [0.034048805637775126, 0.9659511943622249]]
6471512	[1, [0.023786185023890294, 0.9762138149761097]]
42362440	[1, [0.005046371687653983, 0.994953628312346]]
6469714	[1, [0.0465806594192143, 0.9534193405807857]]
6473830	[1, [0.006074683564004646, 0.9939253164359954]]
83839650	[1, [0.047344589058687214, 0.9526554109413128]]
86470230	[1, [0.018508726018112154, 0.9814912739818878]]
6240574	[1, [0.012706981301863651, 0.9872930186981363]]
6240290	[1, [0.0006012831926408557, 0.9993987168073591]]
41621090	[1, [0.04175167901300181, 0.9582483209869982]]
9336199	[1, [0.04138171800521495, 0.958618281994785]]
5466783	[1, [0.026048178769023544, 0.9739518212309765]]
9334968	[1, [0.017110957128448234, 0.9828890428715518]]
94331876	[1, [0.04587301939380206, 0.9541269806061979]]
9021991	[1, [0.010461742822155062, 0.9895382571778449]]
76498889	[1, [0.045659578774788545, 0.9543404212252115]]
6456790	[1, [0.006759985047945172, 0.9932400149520548]]
5307728	[1, [0.0013670475973770468, 0.998632952402623]]
7714700	[1, [0.047581336508440986, 0.952418663491559]]
5304945	[1, [0.041275754330795666, 0.9587242456692043]]
5467512	[1, [0.043993853847535846, 0.9560061461524642]]
14662604	[1, [0.035355942534901486, 0.9646440574650985]]
9336300	[1, [0.04707911531627296, 0.952920884683727]]
50839483	[1, [0.033839576888159195, 0.9661604231118408]]
5367674	[1, [0.013482632250024884, 0.9865173677499751]]
7717200	[1, [0.03332950088258757, 0.9666704991174124]]
36766641	[1, [0.037687531271203056, 0.9623124687287969]]
14613677	[1, [0.0030570310812644275, 0.9969429689187356]]
50861042	[1, [0.0018634285404774964, 0.9981365714595225]]
5305824	[1, [0.015195326392042685, 0.9848046736079573]]
5466796	[1, [0.02632845789040872, 0.9736715421095913]]
84922051	[1, [0.04233530821880094, 0.9576646917811991]]
9279850	[1, [0.033650957493978284, 0.9663490425060217]]
5306389	[1, [0.00035049886508864425, 0.9996495011349114]]
7444555	[1, [0.0026809596148092973, 0.9973190403851907]]
55568514	[1, [0.0015172198426086636, 0.9984827801573913]]
5363936	[1, [0.006496352360168767, 0.9935036476398312]]
5652220	[1, [0.020040120615173684, 0.9799598793848263]]
9022082	[1, [0.036549440072130346, 0.9634505599278697]]
36745886	[1, [0.018605590144602724, 0.9813944098553973]]
40878078	[1, [0.023041731568797852, 0.9769582684312021]]
7714674	[1, [0.010211474146693766, 0.9897885258533062]]
6455633	[1, [0.031075244646201372, 0.9689247553537986]]
7977042	[1, [0.010036545378548922, 0.9899634546214511]]
70363409	[1, [0.008392129109089486, 0.9916078708909105]]
6454920	[1, [0.04714471254279373, 0.9528552874572063]]
5364593	[1, [0.028160394994191096, 0.9718396050058089]]
6455838	[1, [0.012353110815343515, 0.9876468891846565]]
52628900	[1, [0.005965684653139514, 0.9940343153468605]]
59880537	[1, [0.013557870347573941, 0.9864421296524261]]
31853188	[1, [0.003303788199074398, 0.9966962118009256]]
53225876	[1, [0.021600410901314704, 0.9783995890986853]]
20983434	[1, [0.04095230918392845, 0.9590476908160716]]
25936312	[1, [0.0012341876604292645, 0.9987658123395707]]
25926488	[1, [0.0208173246623079, 0.9791826753376921]]
36384941	[1, [0.041740785803688785, 0.9582592141963112]]
47114082	[1, [0.005473363398752817, 0.9945266366012472]]
35739364	[1, [0.0036995772361623214, 0.9963004227638377]]
36420742	[1, [0.018025273262083585, 0.9819747267379164]]
6158236	[1, [0.011638214524153923, 0.9883617854758461]]
9110230	[1, [0.003731889124041987, 0.996268110875958]]
9203579	[1, [0.0066268498180853674, 0.9933731501819146]]
73299634	[1, [0.0016683459479973628, 0.9983316540520026]]
25959480	[1, [0.04265881111291525, 0.9573411888870847]]
47096384	[1, [0.01073468351108997, 0.98926531648891]]
6157148	[1, [0.040212878569045096, 0.9597871214309549]]
31613999	[1, [0.02125794983814977, 0.9787420501618502]]
7124017	[1, [0.043938236997835056, 0.9560617630021649]]
7271986	[1, [0.02703815013896338, 0.9729618498610366]]
5224673	[1, [0.03721572690357722, 0.9627842730964228]]
20581624	[1, [0.0033640466997888474, 0.9966359533002112]]
56716511	[1, [0.014521117543117024, 0.985478882456883]]
6164484	[1, [0.03157149677720417, 0.9684285032227958]]
85678452	[1, [0.019632563144328485, 0.9803674368556715]]
84149118	[1, [0.008532954213147925, 0.9914670457868521]]
26218429	[1, [0.024194584820323883, 0.9758054151796761]]
5219313	[1, [0.028755502297855173, 0.9712444977021448]]
41041567	[1, [0.04545095337053817, 0.9545490466294618]]
6014446	[1, [0.020879149710967604, 0.9791208502890324]]
6012318	[1, [0.012034672547222014, 0.987965327452778]]
16757119	[1, [0.0014619240598933159, 0.9985380759401067]]
84154077	[1, [0.04876052542753173, 0.9512394745724683]]
7700869	[1, [0.006685186777376839, 0.9933148132226232]]
56719427	[1, [0.0036743479984595595, 0.9963256520015404]]
16748938	[1, [0.02188816314456532, 0.9781118368554347]]
6013429	[1, [0.01740398839467827, 0.9825960116053217]]
26215498	[1, [0.0054187829417815525, 0.9945812170582184]]
5258286	[1, [0.030086483217849014, 0.969913516782151]]
52836094	[1, [0.012194511641516859, 0.9878054883584831]]
6686638	[1, [0.028967410637108282, 0.9710325893628917]]
9150174	[1, [0.001566426622733541, 0.9984335733772665]]
71367466	[1, [0.04613035917566466, 0.9538696408243353]]
5169060	[1, [0.009171694952034737, 0.9908283050479653]]
6524571	[1, [0.02082779773670862, 0.9791722022632914]]
29800500	[1, [0.045177277138925276, 0.9548227228610747]]
7711015	[1, [0.025083902437128436, 0.9749160975628716]]
29791032	[1, [0.03405251525576192, 0.9659474847442381]]
45004794	[1, [0.0012431334450798692, 0.9987568665549201]]
61065082	[1, [0.03896755417906739, 0.9610324458209326]]
9072184	[1, [0.01937951197106591, 0.9806204880289341]]
7643025	[1, [0.03088779352037574, 0.9691122064796243]]
5257085	[1, [0.029531206864311876, 0.9704687931356881]]
6461983	[1, [0.03880004482018207, 0.9611999551798179]]
5258662	[1, [0.018119445384615074, 0.9818805546153849]]
9003855	[1, [0.007572173158126527, 0.9924278268418735]]
6956362	[1, [0.040034910940950796, 0.9599650890590492]]
45014956	[1, [0.04991984016612061, 0.9500801598338794]]
5256886	[1, [0.007210603971024354, 0.9927893960289756]]
71381252	[1, [0.020603429992847144, 0.9793965700071529]]
7212289	[1, [0.019494092602104995, 0.980505907397895]]
6460491	[1, [0.045588277434164604, 0.9544117225658354]]
6458938	[1, [0.017708447911045755, 0.9822915520889542]]
7468011	[1, [0.02270808692128068, 0.9772919130787193]]
6461833	[1, [0.02111051090128424, 0.9788894890987158]]
7713249	[1, [0.03736169689885627, 0.9626383031011437]]
6458314	[1, [0.03579267973311673, 0.9642073202668833]]
6955084	[1, [0.026658805302548272, 0.9733411946974517]]
5258577	[1, [0.0137326112149323, 0.9862673887850677]]
98016180	[1, [0.04468066384947822, 0.9553193361505218]]
5258329	[1, [0.01730310484184172, 0.9826968951581583]]
6019867	[1, [0.012008318944455088, 0.9879916810555449]]
7210949	[1, [0.03242274364855835, 0.9675772563514417]]
5258154	[1, [0.012343656578683082, 0.9876563434213169]]
15978229	[1, [0.04249775835586511, 0.9575022416441349]]
5262277	[1, [0.010246471646294442, 0.9897535283537056]]
5263989	[1, [0.02076668671083437, 0.9792333132891656]]
5263858	[1, [0.02298498094355006, 0.9770150190564499]]
20468592	[1, [0.023129861581610567, 0.9768701384183894]]
70790911	[1, [0.020331672182430593, 0.9796683278175694]]
95013078	[1, [0.036815500624162834, 0.9631844993758372]]
5263291	[1, [0.024437771671846797, 0.9755622283281532]]
40814446	[1, [0.03171270992206188, 0.9682872900779381]]
5631478	[1, [0.03214670309250278, 0.9678532969074972]]
5264369	[1, [0.025998378788089638, 0.9740016212119104]]
20524585	[1, [0.012782121747510367, 0.9872178782524896]]
15968303	[1, [0.001300992482277774, 0.9986990075177222]]
5264715	[1, [0.023272925241816456, 0.9767270747581835]]
82106102	[1, [0.007453320343280945, 0.992546679656719]]
74731795	[1, [0.029418853434007186, 0.9705811465659928]]
5263659	[1, [0.01574255623137477, 0.9842574437686252]]
5262264	[1, [0.03483118231139848, 0.9651688176886015]]
18238901	[1, [0.0014462836363795528, 0.9985537163636204]]
95991441	[1, [0.01632640201590463, 0.9836735979840954]]
33890330	[1, [0.0022126576869234693, 0.9977873423130765]]
47370116	[1, [0.02777251754310539, 0.9722274824568946]]
7671291	[1, [0.00979464220988524, 0.9902053577901148]]
47346542	[1, [0.04006547252333992, 0.9599345274766601]]
7707725	[1, [0.023574481406334113, 0.9764255185936659]]
9151226	[1, [0.011066725887445283, 0.9889332741125547]]
90721734	[1, [0.04471407743493372, 0.9552859225650663]]
6364499	[1, [0.009874686817550882, 0.9901253131824491]]
37113472	[1, [0.04782645227444948, 0.9521735477255505]]
5428945	[1, [0.007024283760347916, 0.9929757162396521]]
6765213	[1, [0.03397196071043418, 0.9660280392895658]]
6759021	[1, [0.011694108236866563, 0.9883058917631334]]
90775005	[1, [0.012488587342335933, 0.9875114126576641]]
90749376	[1, [0.024731711249027843, 0.9752682887509722]]
41123297	[1, [0.04455978917495007, 0.9554402108250499]]
90702816	[1, [0.027871378788234646, 0.9721286212117654]]
9209265	[1, [0.03679905970749786, 0.9632009402925021]]
37127473	[1, [0.0449005931023303, 0.9550994068976697]]
70236912	[1, [0.027598855000799505, 0.9724011449992005]]
50739892	[1, [0.029936984309265058, 0.9700630156907349]]
66277108	[1, [0.04363372070455496, 0.956366279295445]]
5821251	[1, [0.040811126812910214, 0.9591888731870898]]
5426549	[1, [0.02212797948898837, 0.9778720205110116]]
86105384	[1, [0.003303788199074398, 0.9966962118009256]]
21402327	[1, [0.03532978494638128, 0.9646702150536187]]
7135965	[1, [0.025750174500488332, 0.9742498254995117]]
7014650	[1, [0.03334798997156152, 0.9666520100284385]]
35705297	[1, [0.04546695829648917, 0.9545330417035108]]
7134520	[1, [0.03242274364855835, 0.9675772563514417]]
7015492	[1, [0.0186990192035279, 0.9813009807964721]]
86123595	[1, [0.04941128601165867, 0.9505887139883413]]
57901154	[1, [0.0034352902747853964, 0.9965647097252146]]
6946829	[1, [0.02523514277328276, 0.9747648572267172]]
30652960	[1, [0.00501796064505966, 0.9949820393549403]]
9020587	[1, [0.0210371578122025, 0.9789628421877975]]
99772564	[1, [0.03606136121527148, 0.9639386387847285]]
9021159	[1, [0.0380209258074965, 0.9619790741925035]]
5658917	[1, [0.027923566173962744, 0.9720764338260373]]
6946346	[1, [0.01916845554111779, 0.9808315444588822]]
4036660	[1, [0.035311270730329136, 0.9646887292696709]]
31002244	[1, [0.012030953133823186, 0.9879690468661768]]
31052680	[1, [0.020785064181117363, 0.9792149358188826]]
6441404	[1, [0.04404573471532314, 0.9559542652846769]]
56382829	[1, [0.0353107887029902, 0.9646892112970098]]
6706602	[1, [0.04269592615807838, 0.9573040738419216]]
26779952	[1, [0.008054682101615529, 0.9919453178983845]]
87541220	[1, [0.004757681639888212, 0.9952423183601118]]
7955470	[1, [0.014586531408007142, 0.9854134685919929]]
43655123	[1, [0.04240102167516879, 0.9575989783248312]]
95529325	[1, [0.02740043277499804, 0.972599567225002]]
65902909	[1, [0.034688773086978264, 0.9653112269130217]]
9209566	[1, [0.0018417561404594496, 0.9981582438595406]]
5727985	[1, [0.02966603324118411, 0.9703339667588159]]
36827670	[1, [0.022075669038274515, 0.9779243309617255]]
9271857	[1, [0.046256551933629764, 0.9537434480663702]]
9210478	[1, [0.0027517962713553556, 0.9972482037286446]]
5232809	[1, [0.011161116780504465, 0.9888388832194955]]
6222330	[1, [0.0005111549788634484, 0.9994888450211366]]
65904001	[1, [0.004523013693335298, 0.9954769863066647]]
7934112	[1, [0.001874401623027211, 0.9981255983769728]]
5898385	[1, [0.008561711712832487, 0.9914382882871675]]
9209755	[1, [0.04872942599376706, 0.9512705740062329]]
13567527	[1, [0.011111107008179077, 0.9888888929918209]]
96003613	[1, [0.004338162647541943, 0.9956618373524581]]
97085147	[1, [0.04675454667445045, 0.9532454533255496]]
5412660	[1, [0.009193283469284053, 0.990806716530716]]
26808016	[1, [0.0065075712985736, 0.9934924287014264]]
13575217	[1, [0.03066462255768221, 0.9693353774423178]]
15683047	[1, [0.02018446447981892, 0.9798155355201811]]
5420480	[1, [0.0384066953605704, 0.9615933046394296]]
94411097	[1, [0.012435420581468404, 0.9875645794185316]]
7007900	[1, [0.0341791429005085, 0.9658208570994915]]
7106084	[1, [0.0360386682193069, 0.9639613317806931]]
36965796	[1, [0.030464144693046258, 0.9695358553069537]]
28478011	[1, [0.003995047623353565, 0.9960049523766464]]
7111069	[1, [0.03120619536065372, 0.9687938046393463]]
74051517	[1, [0.0016044995716156807, 0.9983955004283843]]
7924880	[1, [0.018499922833501437, 0.9815000771664986]]
15481356	[1, [0.04718891645749479, 0.9528110835425052]]
9004858	[1, [0.00629875090005827, 0.9937012490999417]]
23278684	[1, [0.009841731239836005, 0.990158268760164]]
7107303	[1, [0.009319033708420577, 0.9906809662915794]]
34651385	[1, [0.02041714665941574, 0.9795828533405843]]
28497726	[1, [0.042377129447195405, 0.9576228705528046]]
37736428	[1, [0.011007240596552892, 0.9889927594034471]]
7307588	[1, [0.016888030051243175, 0.9831119699487568]]
7004952	[1, [0.04963334476280201, 0.950366655237198]]
7006086	[1, [0.03967229617616619, 0.9603277038238338]]
54727783	[1, [0.048916588262857275, 0.9510834117371427]]
7008165	[1, [0.03715765334675791, 0.9628423466532421]]
7108956	[1, [0.015776280638356455, 0.9842237193616435]]
54746674	[1, [0.027900275075863568, 0.9720997249241364]]
7925598	[1, [0.026241355558024648, 0.9737586444419754]]
6520993	[1, [0.010598406280140082, 0.9894015937198599]]
6116666	[1, [0.045203843756492335, 0.9547961562435077]]
7005263	[1, [0.01415704644371707, 0.9858429535562829]]
22044255	[1, [0.005106775105224615, 0.9948932248947754]]
40701651	[1, [0.04750707310988889, 0.9524929268901111]]
14501015	[1, [0.005875073370118611, 0.9941249266298814]]
51658582	[1, [0.02540474202889431, 0.9745952579711057]]
32755528	[1, [0.018037610627856582, 0.9819623893721434]]
7597165	[1, [0.019465921778035633, 0.9805340782219644]]
6034587	[1, [0.012170763350335068, 0.9878292366496649]]
14503318	[1, [0.0016579930350709704, 0.998342006964929]]
48623336	[1, [0.04809044772823989, 0.9519095522717601]]
5571830	[1, [0.006192296440011846, 0.9938077035599882]]
6164034	[1, [0.013860131538179998, 0.98613986846182]]
10877717	[1, [0.02970576147512538, 0.9702942385248746]]
25091149	[1, [0.010492750969697817, 0.9895072490303022]]
5570626	[1, [0.020652890004152158, 0.9793471099958478]]
9311047	[1, [0.026693438745539644, 0.9733065612544604]]
25089010	[1, [0.03253820590314682, 0.9674617940968532]]
25132605	[1, [0.03604492125931458, 0.9639550787406854]]
9340672	[1, [0.03378627036477122, 0.9662137296352288]]
5345364	[1, [0.021155410579708267, 0.9788445894202917]]
50344519	[1, [0.048526189645659246, 0.9514738103543408]]
5464187	[1, [0.02776202881397205, 0.972237971186028]]
28612242	[1, [0.0369448974027653, 0.9630551025972347]]
7748061	[1, [0.019619648095567266, 0.9803803519044327]]
83667381	[1, [0.016977975153257385, 0.9830220248467426]]
69129923	[1, [0.020732686880987172, 0.9792673131190128]]
9015784	[1, [0.036549440072130346, 0.9634505599278697]]
36699078	[1, [0.019729296230604376, 0.9802707037693956]]
97714985	[1, [0.028166586112535974, 0.971833413887464]]
6423856	[1, [0.03341028743044194, 0.9665897125695581]]
5464160	[1, [0.006728053192526007, 0.993271946807474]]
24895208	[1, [0.01430493996608917, 0.9856950600339108]]
75840482	[1, [0.045913750115440966, 0.954086249884559]]
9034607	[1, [0.018744226448027312, 0.9812557735519727]]
88295833	[1, [0.025237274656170428, 0.9747627253438296]]
5788226	[1, [0.020578316032674127, 0.9794216839673259]]
7682785	[1, [0.02272402166178511, 0.9772759783382149]]
85361966	[1, [0.045218553043240184, 0.9547814469567598]]
83975976	[1, [0.026148014310318324, 0.9738519856896817]]
7909901	[1, [0.04573523145766267, 0.9542647685423373]]
85394651	[1, [0.04600054580444024, 0.9539994541955598]]
24893220	[1, [0.00415159257412101, 0.995848407425879]]
83247981	[1, [0.03380148532659788, 0.9661985146734021]]
6507749	[1, [0.002249315843738997, 0.997750684156261]]
75868740	[1, [0.014297824990546326, 0.9857021750094537]]
45148257	[1, [0.0014494654656415085, 0.9985505345343585]]
6103118	[1, [0.0407938094880681, 0.9592061905119319]]
36367490	[1, [0.049987973271558794, 0.9500120267284412]]
9019726	[1, [0.04698347819825932, 0.9530165218017407]]
7586050	[1, [0.031294968330904616, 0.9687050316690954]]
9019535	[1, [0.035185825693332395, 0.9648141743066676]]
37876166	[1, [0.001511194765902557, 0.9984888052340974]]
47566085	[1, [0.008077566508685519, 0.9919224334913145]]
7586261	[1, [0.02329279613723556, 0.9767072038627644]]
6506222	[1, [0.04561239207159917, 0.9543876079284008]]
67236485	[1, [0.030960989335198974, 0.969039010664801]]
7776201	[1, [0.04482156505949619, 0.9551784349405038]]
47575118	[1, [0.005524665965564668, 0.9944753340344353]]
55837353	[1, [0.028264569336347356, 0.9717354306636526]]
17525657	[1, [0.048916588262857275, 0.9510834117371427]]
92757375	[1, [0.00679906173321887, 0.9932009382667811]]
92771923	[1, [0.0011272655963063816, 0.9988727344036936]]
47577404	[1, [0.041021498578038385, 0.9589785014219616]]
38120356	[1, [0.0024388999501596675, 0.9975611000498403]]
80278310	[1, [0.02476501265178943, 0.9752349873482106]]
20726525	[1, [0.01866831298466176, 0.9813316870153382]]
18140415	[1, [0.024279441552000236, 0.9757205584479998]]
5872522	[1, [0.005488252125816051, 0.994511747874184]]
7865073	[1, [0.025245909725658766, 0.9747540902743412]]
21876587	[1, [0.013299913277694642, 0.9867000867223054]]
23738147	[1, [0.010548090494787887, 0.9894519095052121]]
18145261	[1, [0.015685678052166918, 0.9843143219478331]]
5269019	[1, [0.04493999974173768, 0.9550600002582623]]
7886951	[1, [0.024635125023670046, 0.97536487497633]]
6914634	[1, [0.03327413050068562, 0.9667258694993144]]
5872481	[1, [0.027539677372496296, 0.9724603226275037]]
5270057	[1, [0.030077711816541508, 0.9699222881834585]]
5269603	[1, [0.04528525586808252, 0.9547147441319175]]
92963475	[1, [0.036219993893178315, 0.9637800061068217]]
92129391	[1, [0.029516278843854216, 0.9704837211561458]]
92198698	[1, [0.03253607482625254, 0.9674639251737475]]
5269067	[1, [0.0028555353560597574, 0.9971444646439402]]
5873583	[1, [0.030987069369008857, 0.9690129306309911]]
5267978	[1, [0.023379993144685418, 0.9766200068553146]]
6614627	[1, [0.024539205698159594, 0.9754607943018404]]
5268532	[1, [0.011397894632571015, 0.988602105367429]]
5873617	[1, [0.004864262871981162, 0.9951357371280188]]
