9203025	[1, [0.024384794414037292, 0.9756152055859627]]
6283243	[1, [0.0012272423669719146, 0.9987727576330281]]
13249918	[1, [0.02263373158508386, 0.9773662684149161]]
20949604	[1, [0.008661766903883872, 0.9913382330961161]]
26713709	[1, [0.02804587975123729, 0.9719541202487627]]
73316545	[1, [0.010986215229404017, 0.989013784770596]]
89178167	[1, [0.021856954314612986, 0.978143045685387]]
21478407	[1, [0.048588159592282354, 0.9514118404077176]]
21444631	[1, [0.04900959044360054, 0.9509904095563995]]
76200420	[1, [0.03560849134948163, 0.9643915086505184]]
59935600	[1, [0.04740271211548275, 0.9525972878845173]]
6290423	[1, [0.0017992875926908791, 0.9982007124073091]]
98053401	[1, [0.011525082215540272, 0.9884749177844597]]
88839961	[1, [0.048977783626637184, 0.9510222163733628]]
78899233	[1, [0.007808829285333219, 0.9921911707146668]]
52621385	[1, [0.01062623050650191, 0.9893737694934981]]
57046711	[1, [0.04781975111451908, 0.9521802488854809]]
7121971	[1, [0.020500223318981048, 0.979499776681019]]
33252556	[1, [0.002421323108080853, 0.9975786768919191]]
5377146	[1, [1.005432636369541e-06, 0.9999989945673636]]
89180694	[1, [0.013813749451821566, 0.9861862505481784]]
9316456	[1, [0.038222159055224525, 0.9617778409447755]]
9231528	[1, [0.0010922964690078807, 0.9989077035309921]]
10316314	[1, [0.001630236901525528, 0.9983697630984745]]
75327045	[1, [0.009521174956431788, 0.9904788250435682]]
43908336	[1, [0.0070471637814863985, 0.9929528362185136]]
75357511	[1, [0.0009124971848403218, 0.9990875028151597]]
21342117	[1, [0.04951747181487698, 0.950482528185123]]
72667485	[1, [0.008248245095363593, 0.9917517549046364]]
21292932	[1, [0.04835431070760288, 0.9516456892923971]]
7630119	[1, [0.04035179964209379, 0.9596482003579062]]
72689517	[1, [0.03329400850426267, 0.9667059914957373]]
16658826	[1, [0.004783301116753846, 0.9952166988832462]]
16414825	[1, [0.009439837481014068, 0.9905601625189859]]
13724969	[1, [0.01092650112407878, 0.9890734988759212]]
7956312	[1, [0.005047260124861119, 0.9949527398751389]]
16394009	[1, [0.029702805193253523, 0.9702971948067465]]
9136791	[1, [0.024707291887269278, 0.9752927081127307]]
10600166	[1, [0.030215535572178598, 0.9697844644278214]]
71042715	[1, [0.04880544961105304, 0.951194550388947]]
96583491	[1, [0.009342445589067161, 0.9906575544109328]]
84004691	[1, [0.00021098206592395918, 0.999789017934076]]
70641471	[1, [0.004736733780303148, 0.9952632662196969]]
37876166	[1, [0.012304007079482537, 0.9876959929205175]]
70612539	[1, [0.047127124830321776, 0.9528728751696782]]
6732033	[1, [0.005606105894575775, 0.9943938941054242]]
6104921	[1, [0.025705415107577956, 0.974294584892422]]
71389082	[1, [0.0032238312678722902, 0.9967761687321277]]
7851877	[1, [0.034498766249725366, 0.9655012337502746]]
7709935	[1, [0.0029656671614983754, 0.9970343328385016]]
7709316	[1, [0.03945778522929988, 0.9605422147707001]]
6824087	[1, [0.005029374049293489, 0.9949706259507065]]
7712212	[1, [0.03251473164452423, 0.9674852683554758]]
7852423	[1, [0.008873125117109804, 0.9911268748828902]]
5174654	[1, [0.017060815621443237, 0.9829391843785568]]
5256983	[1, [0.00920842247979603, 0.990791577520204]]
7708555	[1, [0.0022076817564208318, 0.9977923182435792]]
7707911	[1, [0.0037712227649424612, 0.9962287772350575]]
29802243	[1, [0.030248501676842898, 0.9697514983231571]]
37270350	[1, [0.025310758558989788, 0.9746892414410102]]
7709128	[1, [0.007067947593818347, 0.9929320524061817]]
9071271	[1, [0.01001729522395356, 0.9899827047760464]]
9070937	[1, [0.00546416300172492, 0.9945358369982751]]
5175175	[1, [0.0480461773794707, 0.9519538226205293]]
7714126	[1, [0.03358278271567505, 0.966417217284325]]
9070842	[1, [0.043524147624177334, 0.9564758523758227]]
9196770	[1, [0.022913632685769403, 0.9770863673142306]]
6842010	[1, [0.0425439666785028, 0.9574560333214972]]
5894272	[1, [0.005293559762247324, 0.9947064402377527]]
91695953	[1, [0.03396579779336173, 0.9660342022066383]]
6219538	[1, [0.04782513945791733, 0.9521748605420827]]
26764284	[1, [0.0034869294411242757, 0.9965130705588757]]
7956030	[1, [0.0025153794045307265, 0.9974846205954693]]
5236334	[1, [0.009383510112649596, 0.9906164898873504]]
9196899	[1, [0.040769255692263084, 0.9592307443077369]]
72862566	[1, [0.046501676273064674, 0.9534983237269353]]
5237104	[1, [0.0003943877055800904, 0.9996056122944199]]
43621646	[1, [0.04034844337901955, 0.9596515566209805]]
5233960	[1, [0.027372354195235538, 0.9726276458047645]]
72128090	[1, [0.04581242180093281, 0.9541875781990672]]
36883904	[1, [0.008688038479147231, 0.9913119615208528]]
9196723	[1, [0.020555264508918647, 0.9794447354910814]]
6841018	[1, [0.0425439666785028, 0.9574560333214972]]
72094668	[1, [0.02178806736519079, 0.9782119326348092]]
5826716	[1, [9.297961732313009e-05, 0.9999070203826769]]
7511872	[1, [0.01123906070187397, 0.988760939298126]]
9226157	[1, [0.024384794414037292, 0.9756152055859627]]
5428945	[1, [0.016794939558864574, 0.9832050604411354]]
7705831	[1, [0.015867706803879722, 0.9841322931961203]]
6364064	[1, [2.8740360913825924e-05, 0.9999712596390862]]
9208214	[1, [0.01112255209050017, 0.9888774479094998]]
6364927	[1, [0.0416809254857472, 0.9583190745142528]]
50771687	[1, [0.022609628308898455, 0.9773903716911015]]
7705301	[1, [0.004727593189102208, 0.9952724068108978]]
7707088	[1, [0.011339791210174921, 0.9886602087898251]]
7705921	[1, [0.016377418089933538, 0.9836225819100665]]
7707437	[1, [0.013878748922147577, 0.9861212510778524]]
7707340	[1, [0.038965946396228746, 0.9610340536037713]]
6764266	[1, [0.048144994364504035, 0.951855005635496]]
7707725	[1, [0.0004514408431011141, 0.9995485591568989]]
7707259	[1, [0.01979740500552951, 0.9802025949944705]]
7986607	[1, [0.025451579913409628, 0.9745484200865904]]
80407385	[1, [0.029986774005111627, 0.9700132259948884]]
6749773	[1, [0.046700346112193314, 0.9532996538878067]]
18145261	[1, [0.01693749867208061, 0.9830625013279194]]
5909269	[1, [0.007176772299309908, 0.9928232277006901]]
74127394	[1, [0.032664561554812566, 0.9673354384451874]]
5909001	[1, [0.007176772299309908, 0.9928232277006901]]
5873617	[1, [0.006779764535657873, 0.9932202354643421]]
58658091	[1, [0.022077541005229406, 0.9779224589947706]]
74094095	[1, [0.029549449288971186, 0.9704505507110288]]
92945169	[1, [0.007395719565366221, 0.9926042804346338]]
41715327	[1, [0.027249760401699352, 0.9727502395983006]]
92232781	[1, [0.006926028125281758, 0.9930739718747182]]
43141153	[1, [0.044790288432713266, 0.9552097115672867]]
28396870	[1, [0.011678191301550123, 0.9883218086984499]]
12705995	[1, [0.02670686299747005, 0.97329313700253]]
43119404	[1, [0.01271968264474621, 0.9872803173552538]]
9031449	[1, [0.04500887893277761, 0.9549911210672224]]
61905086	[1, [0.03638563435383535, 0.9636143656461647]]
56226719	[1, [0.026341289853614613, 0.9736587101463854]]
6243544	[1, [0.036524198332097524, 0.9634758016679025]]
61945819	[1, [0.026131808927952083, 0.9738681910720479]]
6623176	[1, [0.004677133676640133, 0.9953228663233599]]
6629890	[1, [0.024352642980508543, 0.9756473570194915]]
6240864	[1, [0.026379155465697357, 0.9736208445343026]]
42147381	[1, [0.0240786786267152, 0.9759213213732848]]
7910600	[1, [0.013419819219102402, 0.9865801807808976]]
6675419	[1, [0.027986936229603687, 0.9720130637703963]]
7620975	[1, [0.002584612488499949, 0.9974153875115]]
70879374	[1, [0.0014793961317804971, 0.9985206038682195]]
6344437	[1, [0.003542445398021954, 0.996457554601978]]
89336031	[1, [0.04079825070522847, 0.9592017492947715]]
7910556	[1, [0.00992437119762124, 0.9900756288023788]]
83349311	[1, [6.921135130233402e-06, 0.9999930788648698]]
9301861	[1, [0.03727985829683633, 0.9627201417031637]]
17741251	[1, [0.04778788665376321, 0.9522121133462368]]
7972500	[1, [0.04209083829665139, 0.9579091617033486]]
25267515	[1, [0.0008054372111292452, 0.9991945627888708]]
80827790	[1, [0.03220888612556938, 0.9677911138744306]]
5431902	[1, [0.04801629991624745, 0.9519837000837525]]
5310128	[1, [0.0022449765173977454, 0.9977550234826023]]
66863174	[1, [0.01159647770330674, 0.9884035222966933]]
73676191	[1, [0.002227372925154736, 0.9977726270748453]]
5430750	[1, [0.029796723350666965, 0.970203276649333]]
14725357	[1, [0.0047846102830935155, 0.9952153897169065]]
7814804	[1, [0.0009169195483799131, 0.9990830804516201]]
80815995	[1, [0.015709227140546678, 0.9842907728594533]]
23989364	[1, [0.03630287530278231, 0.9636971246972177]]
5950997	[1, [0.01798557535937173, 0.9820144246406283]]
60986174	[1, [0.016011429693248425, 0.9839885703067516]]
23978035	[1, [0.024045205304319306, 0.9759547946956807]]
5951237	[1, [0.0016429889436462286, 0.9983570110563538]]
24425119	[1, [0.04584172851784707, 0.9541582714821529]]
7012099	[1, [0.03417160820694043, 0.9658283917930596]]
5480448	[1, [0.005148725902456852, 0.9948512740975431]]
7012858	[1, [0.04476664235756889, 0.9552333576424311]]
6465614	[1, [0.044803595690576126, 0.9551964043094239]]
16629354	[1, [0.04366794947518593, 0.9563320505248141]]
54831573	[1, [0.00666493599952811, 0.9933350640004719]]
53625975	[1, [0.0016223812092984735, 0.9983776187907015]]
53065808	[1, [0.025254901910520933, 0.9747450980894791]]
35214694	[1, [0.04644621576656671, 0.9535537842334333]]
9212968	[1, [0.007323389311280626, 0.9926766106887194]]
53048577	[1, [0.001778285173570704, 0.9982217148264293]]
64880124	[1, [0.003028155840470559, 0.9969718441595294]]
9294452	[1, [0.02627733926187259, 0.9737226607381274]]
44331792	[1, [0.0346464752072102, 0.9653535247927898]]
90290668	[1, [0.010478838950711777, 0.9895211610492882]]
90317123	[1, [0.005368063068295514, 0.9946319369317045]]
47816841	[1, [0.04616635127060076, 0.9538336487293992]]
47818121	[1, [0.031961817760172484, 0.9680381822398275]]
47930556	[1, [0.021954779102434596, 0.9780452208975654]]
31885097	[1, [0.04878640239601384, 0.9512135976039862]]
6903311	[1, [0.04662603456336811, 0.9533739654366319]]
26245362	[1, [0.004101812005604333, 0.9958981879943957]]
73262098	[1, [0.0035043400702691185, 0.9964956599297309]]
16747061	[1, [0.023446017254158402, 0.9765539827458416]]
5219313	[1, [1.210241300175774e-06, 0.9999987897586998]]
75625339	[1, [0.0490167124345221, 0.9509832875654779]]
56760587	[1, [5.9327593119773425e-05, 0.9999406724068802]]
26191658	[1, [0.011763240053666246, 0.9882367599463338]]
6717904	[1, [0.031146034700029523, 0.9688539652999705]]
18384966	[1, [0.04044402949004111, 0.9595559705099589]]
73801217	[1, [0.03989795339015467, 0.9601020466098453]]
19633520	[1, [0.0025968019448562307, 0.9974031980551438]]
7117366	[1, [0.045527902122212804, 0.9544720978777872]]
5212505	[1, [0.022452496989023074, 0.9775475030109769]]
35484432	[1, [0.010004328524719441, 0.9899956714752806]]
89873760	[1, [0.04366451799151294, 0.9563354820084871]]
7118334	[1, [0.0008664766706831806, 0.9991335233293168]]
51575022	[1, [0.04930315851586198, 0.950696841484138]]
26521962	[1, [0.039039028636610684, 0.9609609713633893]]
78794416	[1, [0.001528231180284334, 0.9984717688197157]]
34382606	[1, [0.00907659222533208, 0.9909234077746679]]
62599969	[1, [0.031149599677456785, 0.9688504003225432]]
34353468	[1, [0.0007355559580047855, 0.9992644440419952]]
5190620	[1, [0.011154524246678399, 0.9888454757533216]]
6699980	[1, [0.026425463961969764, 0.9735745360380302]]
50445296	[1, [0.045278987299874784, 0.9547210127001252]]
7572972	[1, [0.028386180797545513, 0.9716138192024545]]
7728261	[1, [0.008825147977870151, 0.9911748520221298]]
9025625	[1, [0.02541637780626449, 0.9745836221937355]]
78814420	[1, [0.018121079684976116, 0.9818789203150239]]
6697335	[1, [0.016621225658047467, 0.9833787743419525]]
63365116	[1, [0.0003974556924721817, 0.9996025443075278]]
9025732	[1, [0.012166162774129186, 0.9878338372258708]]
5401767	[1, [0.00015992481309035078, 0.9998400751869096]]
99541749	[1, [9.807713158060949e-06, 0.9999901922868419]]
5546610	[1, [0.04267198141467221, 0.9573280185853278]]
84322224	[1, [0.020655221757483022, 0.979344778242517]]
77391580	[1, [0.00018725949908127149, 0.9998127405009187]]
7641255	[1, [0.008309879903872441, 0.9916901200961276]]
92695253	[1, [0.030603154936278965, 0.969396845063721]]
6367560	[1, [0.0029517300287893455, 0.9970482699712107]]
56620633	[1, [0.04767783027248218, 0.9523221697275178]]
50097556	[1, [0.01962356027350476, 0.9803764397264952]]
7649496	[1, [0.012656863186788825, 0.9873431368132112]]
5838358	[1, [0.04523859155097676, 0.9547614084490232]]
50119834	[1, [0.019088171278232036, 0.980911828721768]]
40162928	[1, [0.003335340067333048, 0.996664659932667]]
52478821	[1, [0.027888807845893093, 0.9721111921541069]]
5997738	[1, [0.012135195460422854, 0.9878648045395771]]
60042611	[1, [0.01934309912293619, 0.9806569008770638]]
7222451	[1, [0.0004471540746128211, 0.9995528459253872]]
68279643	[1, [0.0074955325045333865, 0.9925044674954666]]
9014337	[1, [0.041087491000390663, 0.9589125089996093]]
9125012	[1, [0.006442012723522628, 0.9935579872764774]]
41598520	[1, [0.02745677447073669, 0.9725432255292633]]
74021839	[1, [0.028713709072836102, 0.9712862909271639]]
37708270	[1, [0.027755968506784967, 0.972244031493215]]
7008165	[1, [0.0373864452885484, 0.9626135547114516]]
9155356	[1, [0.01329788117524533, 0.9867021188247547]]
7112021	[1, [0.045527902122212804, 0.9544720978777872]]
9191911	[1, [0.032629132268780725, 0.9673708677312193]]
6115447	[1, [0.0028059342499732187, 0.9971940657500268]]
19355780	[1, [0.015131756364157423, 0.9848682436358426]]
34651781	[1, [0.004697152376797464, 0.9953028476232025]]
76055769	[1, [0.03579617020678849, 0.9642038297932115]]
7850548	[1, [0.04271210947899007, 0.9572878905210099]]
88196257	[1, [0.027267734428935375, 0.9727322655710646]]
89068236	[1, [0.026351095981037354, 0.9736489040189626]]
72323951	[1, [0.00024478761659108006, 0.9997552123834089]]
7849954	[1, [0.017857020432474613, 0.9821429795675254]]
9323856	[1, [0.02875581708504904, 0.971244182914951]]
9344816	[1, [0.01254873740814555, 0.9874512625918545]]
9345779	[1, [0.020365709671574916, 0.9796342903284251]]
9297332	[1, [0.00013677444877679967, 0.9998632255512232]]
11107043	[1, [0.007846634172151035, 0.992153365827849]]
9153891	[1, [0.030298590033883577, 0.9697014099661164]]
53773533	[1, [0.017112275475365424, 0.9828877245246346]]
79798784	[1, [0.017625573137968642, 0.9823744268620314]]
5811462	[1, [0.0026277155016659615, 0.997372284498334]]
14327453	[1, [0.0005043197678545885, 0.9994956802321454]]
38989097	[1, [0.002984739774607781, 0.9970152602253922]]
70010902	[1, [0.04011515083553885, 0.9598848491644612]]
5853098	[1, [0.001105703178301054, 0.998894296821699]]
21573044	[1, [0.042340700380712026, 0.957659299619288]]
6043802	[1, [0.0037862281871259285, 0.9962137718128741]]
21177831	[1, [0.0015484366189192356, 0.9984515633810808]]
57107652	[1, [0.048010922662851674, 0.9519890773371483]]
19857105	[1, [0.01634245935118095, 0.983657540648819]]
9267747	[1, [0.0044693167666886024, 0.9955306832333114]]
55732476	[1, [0.007615048807625979, 0.992384951192374]]
99900381	[1, [0.003336064092606117, 0.9966639359073939]]
87658107	[1, [0.03394532132861672, 0.9660546786713833]]
9267613	[1, [0.0005257847324605658, 0.9994742152675394]]
6860996	[1, [0.014222730997500044, 0.9857772690025]]
70814938	[1, [0.027561328369441362, 0.9724386716305586]]
14793649	[1, [0.04402548446295895, 0.955974515537041]]
70863196	[1, [0.001853803687243416, 0.9981461963127566]]
15356137	[1, [0.020505190140648888, 0.9794948098593511]]
7786836	[1, [0.026534334446267183, 0.9734656655537328]]
93924039	[1, [0.03645421511324898, 0.963545784886751]]
4002082	[1, [0.04208048182057744, 0.9579195181794226]]
68041052	[1, [0.0025706679619208472, 0.9974293320380792]]
5739631	[1, [0.0003009284184141148, 0.9996990715815859]]
68038015	[1, [0.006428653243993776, 0.9935713467560062]]
9267225	[1, [0.038921419354518205, 0.9610785806454818]]
57101960	[1, [0.019954996848211448, 0.9800450031517886]]
5754879	[1, [0.0007288458263365882, 0.9992711541736634]]
39291986	[1, [0.038335288140401436, 0.9616647118595986]]
39291888	[1, [0.006040599623512777, 0.9939594003764872]]
77195717	[1, [0.024322589320487698, 0.9756774106795123]]
52092948	[1, [0.02922247819882917, 0.9707775218011708]]
36144554	[1, [0.003247891313876261, 0.9967521086861237]]
93089529	[1, [0.018981770770727935, 0.9810182292292721]]
28319350	[1, [0.019050366382792006, 0.980949633617208]]
6779493	[1, [0.048144994364504035, 0.951855005635496]]
5116151	[1, [0.013139311724326586, 0.9868606882756734]]
5116027	[1, [0.02203252299015379, 0.9779674770098462]]
5116011	[1, [0.0008706328084343573, 0.9991293671915656]]
5119796	[1, [0.031654867907049744, 0.9683451320929503]]
75460234	[1, [0.0009124971848403218, 0.9990875028151597]]
5116168	[1, [0.01134875013938852, 0.9886512498606115]]
9105211	[1, [0.02225964269359737, 0.9777403573064026]]
5116160	[1, [0.0027150703606322324, 0.9972849296393678]]
7981650	[1, [0.026074959756091642, 0.9739250402439084]]
40181580	[1, [0.01129358300705241, 0.9887064169929476]]
47186188	[1, [0.012759312784309862, 0.9872406872156901]]
7282213	[1, [0.00034548016460167474, 0.9996545198353983]]
57877993	[1, [0.042132187661963694, 0.9578678123380363]]
7730427	[1, [0.02578692712934172, 0.9742130728706583]]
63443522	[1, [0.027335090980053045, 0.972664909019947]]
21028240	[1, [0.0011807663047904704, 0.9988192336952095]]
66287081	[1, [0.04499144987415826, 0.9550085501258417]]
5160404	[1, [0.04053594417805095, 0.959464055821949]]
45868414	[1, [0.0003125204878273724, 0.9996874795121726]]
9326748	[1, [0.03614798100099259, 0.9638520189990074]]
24629189	[1, [0.0028929888912396784, 0.9971070111087603]]
7453031	[1, [0.0004736452495356369, 0.9995263547504644]]
31764292	[1, [0.0004125025429950746, 0.9995874974570049]]
37547418	[1, [0.031934939643781135, 0.9680650603562189]]
95886116	[1, [0.01813576576306275, 0.9818642342369372]]
91535001	[1, [3.280054126275633e-05, 0.9999671994587372]]
9251947	[1, [0.0012139241161563952, 0.9987860758838436]]
7749056	[1, [3.508377497074555e-06, 0.9999964916225029]]
76407627	[1, [0.0024775869380136983, 0.9975224130619863]]
9223945	[1, [0.024455861572399318, 0.9755441384276007]]
52530558	[1, [0.004391573974646623, 0.9956084260253534]]
92852671	[1, [0.026504294347189483, 0.9734957056528105]]
71482154	[1, [0.012523394334086113, 0.9874766056659139]]
6489010	[1, [0.021067394778846338, 0.9789326052211537]]
5230278	[1, [0.044542017978480564, 0.9554579820215194]]
5230279	[1, [0.044542017978480564, 0.9554579820215194]]
46389223	[1, [0.028164406479188497, 0.9718355935208115]]
23032073	[1, [0.01673568126969749, 0.9832643187303025]]
61308326	[1, [0.046950384837919135, 0.9530496151620809]]
5228972	[1, [0.0016966101735218508, 0.9983033898264781]]
6638648	[1, [0.015998391648976318, 0.9840016083510237]]
5230644	[1, [0.001168032672242747, 0.9988319673277573]]
5675688	[1, [0.04499383971214799, 0.955006160287852]]
55154600	[1, [0.0017042497087743635, 0.9982957502912256]]
34897042	[1, [0.04110810146819577, 0.9588918985318042]]
62977478	[1, [0.017017909884758597, 0.9829820901152414]]
24558848	[1, [0.030321828113265004, 0.969678171886735]]
5683824	[1, [0.0052552186022424285, 0.9947447813977576]]
88075816	[1, [0.004722959816949923, 0.9952770401830501]]
87468049	[1, [0.02136301963399445, 0.9786369803660055]]
60778731	[1, [0.004391002003639954, 0.99560899799636]]
5682352	[1, [0.03573169601058612, 0.9642683039894139]]
5644801	[1, [0.0328083490091321, 0.9671916509908679]]
5144182	[1, [0.0007969013631159427, 0.9992030986368841]]
5145630	[1, [0.002862209597216614, 0.9971377904027834]]
5645487	[1, [0.0328083490091321, 0.9671916509908679]]
94564512	[1, [0.017979572349269834, 0.9820204276507302]]
7793290	[1, [0.04805998412902579, 0.9519400158709742]]
78953474	[1, [0.00837762797373598, 0.991622372026264]]
5641155	[1, [0.016834242164108004, 0.983165757835892]]
7145315	[1, [0.0008409214386981834, 0.9991590785613018]]
82245980	[1, [0.007641521627546055, 0.992358478372454]]
36071980	[1, [0.014608600592570298, 0.9853913994074297]]
7806148	[1, [0.0024733238795843215, 0.9975266761204157]]
5718806	[1, [0.039338940573416026, 0.960661059426584]]
92048753	[1, [0.018484111920216262, 0.9815158880797837]]
22094700	[1, [0.03112280830701708, 0.9688771916929829]]
7348395	[1, [0.04321583734179557, 0.9567841626582044]]
36012120	[1, [0.0015428914892163803, 0.9984571085107836]]
7687018	[1, [0.02466359470352264, 0.9753364052964774]]
95305886	[1, [0.03608570844074466, 0.9639142915592553]]
7627495	[1, [0.033144401545574076, 0.9668555984544259]]
7626277	[1, [0.032703999855651644, 0.9672960001443484]]
72413429	[1, [0.0106828406102627, 0.9893171593897373]]
85553532	[1, [0.048601505222830466, 0.9513984947771695]]
40314119	[1, [0.03987570053730671, 0.9601242994626933]]
6789928	[1, [0.010050152556775327, 0.9899498474432247]]
33675987	[1, [0.02526755346147591, 0.9747324465385241]]
5241217	[1, [0.0002959580475607737, 0.9997040419524392]]
9332426	[1, [0.013419819219102402, 0.9865801807808976]]
13066545	[1, [0.03941295781781906, 0.9605870421821809]]
46955193	[1, [0.003764629589888213, 0.9962353704101118]]
67813297	[1, [0.009687759887998637, 0.9903122401120014]]
5567006	[1, [0.0025837303809601586, 0.9974162696190398]]
39653407	[1, [0.003924467689419897, 0.9960755323105801]]
9129161	[1, [0.0025064381913854072, 0.9974935618086146]]
81836825	[1, [0.02521797216525179, 0.9747820278347482]]
35522284	[1, [0.036099066381202305, 0.9639009336187977]]
80036353	[1, [0.048437093985597035, 0.951562906014403]]
46370847	[1, [0.026163590073431275, 0.9738364099265687]]
9135503	[1, [0.01477356740906366, 0.9852264325909363]]
46712145	[1, [1.7620184933342387e-07, 0.9999998237981507]]
43395197	[1, [0.02886018404714552, 0.9711398159528545]]
5583819	[1, [0.018445487895944912, 0.9815545121040551]]
5260247	[1, [0.005112067183982272, 0.9948879328160177]]
88384184	[1, [0.025775445250056483, 0.9742245547499435]]
65740559	[1, [0.033635373091723375, 0.9663646269082766]]
9154670	[1, [2.6225670340940255e-05, 0.9999737743296591]]
37076029	[1, [2.9709433224445192e-05, 0.9999702905667756]]
5102333	[1, [0.01808665442853874, 0.9819133455714613]]
5301873	[1, [0.03739961857170093, 0.9626003814282991]]
20033911	[1, [0.03662428313462085, 0.9633757168653792]]
93324686	[1, [0.004054841488968952, 0.995945158511031]]
6540813	[1, [0.0006821598674620066, 0.999317840132538]]
88398948	[1, [0.043468561788286064, 0.9565314382117139]]
69751871	[1, [0.012763381556972986, 0.987236618443027]]
5139505	[1, [0.030643910705712596, 0.9693560892942874]]
93566993	[1, [0.030580793501919112, 0.9694192064980809]]
67838479	[1, [0.021270570258585364, 0.9787294297414146]]
19790542	[1, [0.001847230420486845, 0.9981527695795132]]
80483679	[1, [0.03965200948189895, 0.960347990518101]]
11885818	[1, [0.018622389864849653, 0.9813776101351503]]
93145578	[1, [0.0070471637814863985, 0.9929528362185136]]
93111040	[1, [0.00037449787971310933, 0.9996255021202869]]
5216189	[1, [0.041918255543483496, 0.9580817444565165]]
90825378	[1, [0.015823457972129695, 0.9841765420278703]]
51143139	[1, [0.01853360091134404, 0.981466399088656]]
97432765	[1, [0.01166083751024971, 0.9883391624897503]]
30081820	[1, [0.021660903355491312, 0.9783390966445087]]
97402992	[1, [0.00016048323500295059, 0.999839516764997]]
65144355	[1, [0.01595633578345801, 0.984043664216542]]
77284969	[1, [0.02263373158508386, 0.9773662684149161]]
44720887	[1, [0.0008890632982950786, 0.9991109367017049]]
46021789	[1, [0.001316601820454566, 0.9986833981795454]]
65123621	[1, [0.0013509909661056918, 0.9986490090338943]]
90539524	[1, [0.011031706275659747, 0.9889682937243403]]
68379666	[1, [0.017917985013858106, 0.9820820149861419]]
7404780	[1, [0.004690077275106397, 0.9953099227248936]]
56342476	[1, [0.021755199206706988, 0.978244800793293]]
41321125	[1, [0.04623956918616312, 0.9537604308138369]]
5110009	[1, [0.0004441420311005473, 0.9995558579688995]]
5254044	[1, [0.0010564244890899355, 0.9989435755109101]]
5573793	[1, [0.0030547172313203363, 0.9969452827686797]]
62236574	[1, [0.007758857559000187, 0.9922411424409998]]
84672454	[1, [0.044386020971200035, 0.9556139790288]]
7970474	[1, [0.04437943963287694, 0.9556205603671231]]
5111391	[1, [0.031361737320258265, 0.9686382626797417]]
5255886	[1, [0.03059515838514848, 0.9694048416148515]]
5110004	[1, [0.007659399082455276, 0.9923406009175447]]
5111393	[1, [0.031361737320258265, 0.9686382626797417]]
75243091	[1, [0.001971659713127183, 0.9980283402868728]]
22849940	[1, [9.629130803823216e-08, 0.999999903708692]]
88160310	[1, [0.022119648679800985, 0.977880351320199]]
38599196	[1, [0.009041651163181452, 0.9909583488368185]]
9292094	[1, [0.007183711432421691, 0.9928162885675783]]
9065880	[1, [0.029892139484156144, 0.9701078605158439]]
61360916	[1, [0.02145960991539042, 0.9785403900846096]]
41454122	[1, [0.015183882575317553, 0.9848161174246824]]
9257005	[1, [0.01900884099804956, 0.9809911590019504]]
42289943	[1, [0.016713026485168814, 0.9832869735148312]]
20759892	[1, [0.007990064736777325, 0.9920099352632227]]
90594118	[1, [0.03175944476861026, 0.9682405552313897]]
60562980	[1, [0.028712409206357425, 0.9712875907936426]]
61405565	[1, [0.029515203166580406, 0.9704847968334196]]
7303009	[1, [0.0384617421360377, 0.9615382578639623]]
19981880	[1, [0.0017709917360071437, 0.9982290082639929]]
73488151	[1, [0.041473746842794146, 0.9585262531572059]]
55935387	[1, [0.030216554026568754, 0.9697834459734312]]
80965579	[1, [3.280054126275633e-05, 0.9999671994587372]]
96123423	[1, [0.012463852479951854, 0.9875361475200481]]
40021349	[1, [0.03621887393087686, 0.9637811260691231]]
97165909	[1, [0.008656482778403918, 0.9913435172215961]]
9220038	[1, [0.0010922964690078807, 0.9989077035309921]]
27818686	[1, [0.02287366231986865, 0.9771263376801314]]
22279817	[1, [0.023397880327780562, 0.9766021196722194]]
6072259	[1, [0.0019024915417972244, 0.9980975084582028]]
6446225	[1, [0.01585243340834086, 0.9841475665916591]]
5351766	[1, [0.0037755388289885117, 0.9962244611710115]]
6661805	[1, [0.01872616549079753, 0.9812738345092025]]
9201582	[1, [0.0006037746781585307, 0.9993962253218415]]
7114202	[1, [0.044188582610597105, 0.9558114173894029]]
22247137	[1, [0.0026234950368041465, 0.9973765049631959]]
45552568	[1, [0.017314124757082938, 0.9826858752429171]]
25642653	[1, [0.011119555980303453, 0.9888804440196965]]
61679505	[1, [0.03603925972327149, 0.9639607402767285]]
52680764	[1, [0.009639320057273637, 0.9903606799427264]]
76567146	[1, [0.030483903917638, 0.969516096082362]]
7113578	[1, [0.04870471721004477, 0.9512952827899552]]
72750032	[1, [0.001847230420486845, 0.9981527695795132]]
9201932	[1, [0.001077641198814927, 0.9989223588011851]]
47019291	[1, [0.03866311713385129, 0.9613368828661487]]
61523718	[1, [0.0006076393514771183, 0.9993923606485229]]
62897154	[1, [0.01193942357103217, 0.9880605764289678]]
31135994	[1, [0.031343549741801646, 0.9686564502581984]]
6451023	[1, [0.016101755646244276, 0.9838982443537557]]
72895887	[1, [0.0013151149676338125, 0.9986848850323662]]
28304264	[1, [0.04081853255453183, 0.9591814674454682]]
16306429	[1, [0.04236685271928653, 0.9576331472807135]]
83906499	[1, [0.00729487901275605, 0.992705120987244]]
7825170	[1, [0.0025306652568314325, 0.9974693347431686]]
75840348	[1, [0.0029105986733299893, 0.99708940132667]]
7989924	[1, [0.026560182761150464, 0.9734398172388495]]
7746590	[1, [0.04847983668312417, 0.9515201633168758]]
5357995	[1, [0.04053594417805095, 0.959464055821949]]
4041435	[1, [0.04972301469243068, 0.9502769853075693]]
11322157	[1, [0.0037743341929111773, 0.9962256658070888]]
4085388	[1, [0.03570480530867526, 0.9642951946913247]]
54049396	[1, [0.006450278825581468, 0.9935497211744185]]
93657683	[1, [0.005705106650749969, 0.99429489334925]]
9243347	[1, [0.016315727037175765, 0.9836842729628242]]
74009932	[1, [0.021335881315457605, 0.9786641186845424]]
73948672	[1, [0.00025787617547756714, 0.9997421238245224]]
5100291	[1, [3.055612195268509e-06, 0.9999969443878047]]
29131278	[1, [0.00966418911631639, 0.9903358108836836]]
7018247	[1, [0.032282202451416, 0.967717797548584]]
6892697	[1, [0.003785653558877611, 0.9962143464411224]]
11289552	[1, [0.013020623075815418, 0.9869793769241846]]
4100019	[1, [0.029794901462907863, 0.9702050985370921]]
29856833	[1, [0.009380168062233851, 0.9906198319377661]]
51859059	[1, [0.047206247755514186, 0.9527937522444858]]
82679723	[1, [0.03896398225134301, 0.961036017748657]]
81750305	[1, [0.020697106495296658, 0.9793028935047033]]
48454823	[1, [0.04709552421729024, 0.9529044757827098]]
44143814	[1, [0.0016935714520986966, 0.9983064285479013]]
44102288	[1, [0.0009845969516705244, 0.9990154030483295]]
51879506	[1, [0.017979572349269834, 0.9820204276507302]]
99366581	[1, [0.007207372895381203, 0.9927926271046188]]
5404579	[1, [0.00783359248793436, 0.9921664075120656]]
6625141	[1, [0.00799635341033278, 0.9920036465896672]]
84752683	[1, [0.022372548698720296, 0.9776274513012797]]
5404736	[1, [0.01798557535937173, 0.9820144246406283]]
28242139	[1, [0.03630287530278231, 0.9636971246972177]]
48403873	[1, [0.02505682305499113, 0.9749431769450089]]
55483589	[1, [0.0031082187916213755, 0.9968917812083786]]
9057511	[1, [0.04967688952300586, 0.9503231104769941]]
38792183	[1, [0.00021434326704350415, 0.9997856567329565]]
9245008	[1, [0.001705032928593253, 0.9982949670714067]]
23576421	[1, [0.00019255807189710872, 0.9998074419281029]]
80765870	[1, [0.0035043400702691185, 0.9964956599297309]]
68908873	[1, [0.03165635441727088, 0.9683436455827291]]
5421928	[1, [0.00686115921052588, 0.9931388407894741]]
17621979	[1, [0.04719285109272586, 0.9528071489072741]]
5421619	[1, [0.00876708422222272, 0.9912329157777773]]
9245164	[1, [0.01806512958283457, 0.9819348704171654]]
5152775	[1, [0.02752926602123895, 0.972470733978761]]
9265654	[1, [0.024489838763184113, 0.9755101612368159]]
68892884	[1, [0.04214761947389223, 0.9578523805261078]]
25564618	[1, [0.04330593279665407, 0.9566940672033459]]
67721737	[1, [0.033965460496447775, 0.9660345395035522]]
33358625	[1, [0.011667616537225367, 0.9883323834627746]]
7165438	[1, [0.0013648072941978562, 0.9986351927058021]]
74536818	[1, [0.04808548159731407, 0.9519145184026859]]
20609636	[1, [0.025445309483298484, 0.9745546905167015]]
9237370	[1, [0.047505704171810104, 0.9524942958281899]]
5305929	[1, [0.016600269914469945, 0.98339973008553]]
7714700	[1, [0.02236159006165428, 0.9776384099383457]]
95448376	[1, [0.018472645841939417, 0.9815273541580606]]
5467583	[1, [0.015651490765953513, 0.9843485092340465]]
9280594	[1, [0.021250824397063384, 0.9787491756029366]]
7718783	[1, [0.02739406003282463, 0.9726059399671754]]
9280301	[1, [0.0028396863211732626, 0.9971603136788267]]
9237449	[1, [0.00966283490016595, 0.990337165099834]]
70302494	[1, [0.002033770869801832, 0.9979662291301982]]
5305528	[1, [0.006356304829535087, 0.9936436951704649]]
95467777	[1, [0.0002678767791320924, 0.9997321232208679]]
40878078	[1, [0.024307145515460427, 0.9756928544845396]]
4026704	[1, [0.043524147624177334, 0.9564758523758227]]
10885327	[1, [0.04991414728278809, 0.9500858527172119]]
9310369	[1, [0.030684053046061033, 0.969315946953939]]
5570626	[1, [0.03827761822776521, 0.9617223817722348]]
7870309	[1, [0.008529868663407547, 0.9914701313365925]]
5843621	[1, [0.015413415161782407, 0.9845865848382176]]
48626465	[1, [0.0006353899017209619, 0.999364610098279]]
99440234	[1, [0.039746123473464734, 0.9602538765265353]]
75606134	[1, [0.021856954314612986, 0.978143045685387]]
63651940	[1, [0.0013586305233453944, 0.9986413694766546]]
44812169	[1, [0.017839204617084436, 0.9821607953829156]]
56098946	[1, [0.004717087393865338, 0.9952829126061347]]
47311251	[1, [0.011400984093400512, 0.9885990159065995]]
44813360	[1, [0.005463804572321096, 0.9945361954276789]]
63145502	[1, [0.029374530838945145, 0.9706254691610549]]
63184891	[1, [0.018051934547145043, 0.981948065452855]]
7003340	[1, [0.046079670763003455, 0.9539203292369965]]
5108427	[1, [0.013602991844497425, 0.9863970081555026]]
34331452	[1, [0.01379574753199464, 0.9862042524680054]]
5733717	[1, [0.012445764706886298, 0.9875542352931137]]
5244509	[1, [0.006316086828849654, 0.9936839131711503]]
86892880	[1, [0.03083743353679902, 0.969162566463201]]
5105900	[1, [0.018324014514400244, 0.9816759854855998]]
5105936	[1, [0.01299137292309549, 0.9870086270769045]]
5107879	[1, [0.0005310777314165849, 0.9994689222685834]]
69292906	[1, [0.03330374365878286, 0.9666962563412171]]
9009088	[1, [0.0012976548067885618, 0.9987023451932114]]
88440914	[1, [0.0456989494054183, 0.9543010505945817]]
6645213	[1, [0.040442881861685764, 0.9595571181383142]]
65480457	[1, [0.0018328314839566318, 0.9981671685160434]]
6441580	[1, [0.036836439021085354, 0.9631635609789146]]
9269617	[1, [0.0012139241161563952, 0.9987860758838436]]
7016502	[1, [0.024078995712959683, 0.9759210042870403]]
20104211	[1, [0.01672184645795116, 0.9832781535420488]]
20138679	[1, [0.0024111664186503567, 0.9975888335813496]]
6707505	[1, [0.0065894639590240445, 0.993410536040976]]
7929538	[1, [0.010224204849605956, 0.989775795150394]]
6704384	[1, [0.0012322072665877926, 0.9987677927334122]]
20138120	[1, [0.010775772789932803, 0.9892242272100672]]
7013859	[1, [0.03424216840766947, 0.9657578315923305]]
4036702	[1, [0.00026158295544853605, 0.9997384170445515]]
6946829	[1, [0.03111630964911416, 0.9688836903508858]]
56376941	[1, [0.0015794808900975177, 0.9984205191099025]]
56391979	[1, [0.029740502230174992, 0.970259497769825]]
