57090437	[1, [0.015290193331628843, 0.9847098066683712]]
5665120	[1, [0.02932262538052577, 0.9706773746194742]]
39517326	[1, [0.006651399760861376, 0.9933486002391386]]
6238172	[1, [0.0007731727378842423, 0.9992268272621158]]
60191271	[1, [0.016006228278051093, 0.9839937717219489]]
5666316	[1, [4.31462655787751e-05, 0.9999568537344212]]
6238073	[1, [8.740698917764078e-06, 0.9999912593010822]]
5750696	[1, [0.047562658720331163, 0.9524373412796688]]
6237807	[1, [0.008876374417501443, 0.9911236255824986]]
6238400	[1, [0.00018904989520884818, 0.9998109501047912]]
38362775	[1, [0.0477353766733416, 0.9522646233266584]]
12284480	[1, [0.04021195541662115, 0.9597880445833789]]
29190825	[1, [0.0058664800171702725, 0.9941335199828297]]
9041256	[1, [0.004744796448601152, 0.9952552035513988]]
14056476	[1, [0.015474533267055945, 0.984525466732944]]
20034369	[1, [0.03207200273638022, 0.9679279972636198]]
69428653	[1, [0.012029078940796079, 0.9879709210592039]]
63760388	[1, [0.0074411200249437925, 0.9925588799750562]]
5135276	[1, [0.0005330055142209744, 0.999466994485779]]
9154702	[1, [0.01043520182044766, 0.9895647981795523]]
9115881	[1, [0.00021406306521953855, 0.9997859369347805]]
93166159	[1, [0.02133069283175182, 0.9786693071682482]]
20392843	[1, [0.04782071329716697, 0.952179286702833]]
90842624	[1, [0.03726370396598233, 0.9627362960340177]]
32912000	[1, [0.019154243028340012, 0.98084575697166]]
20427961	[1, [0.03438508353234926, 0.9656149164676507]]
9137999	[1, [0.014124236161809578, 0.9858757638381904]]
94218742	[1, [0.035406797360924336, 0.9645932026390757]]
54369861	[1, [0.029607475499981106, 0.9703925245000189]]
81343488	[1, [0.029391060239568723, 0.9706089397604313]]
47559822	[1, [0.03224466368416101, 0.967755336315839]]
81340297	[1, [0.018327158676487598, 0.9816728413235124]]
87255383	[1, [0.01794090182788599, 0.982059098172114]]
43396340	[1, [0.013638235369576313, 0.9863617646304237]]
24986139	[1, [0.04868748642532561, 0.9513125135746744]]
66201825	[1, [0.04757735130233698, 0.952422648697663]]
22943342	[1, [0.01341938613406457, 0.9865806138659354]]
18069546	[1, [0.005327400785653302, 0.9946725992143467]]
96374693	[1, [0.04270608200445025, 0.9572939179955497]]
27945627	[1, [0.01931977670558649, 0.9806802232944135]]
58389440	[1, [0.011372859867911256, 0.9886271401320887]]
11175267	[1, [0.00826652755333357, 0.9917334724466664]]
25615518	[1, [0.03779846384244023, 0.9622015361575598]]
22253710	[1, [0.025780607016261836, 0.9742193929837382]]
89596875	[1, [0.025148928750031496, 0.9748510712499685]]
51778461	[1, [0.025521026455158413, 0.9744789735448416]]
29946304	[1, [0.002313721867135299, 0.9976862781328647]]
5553968	[1, [0.01345466702546394, 0.9865453329745361]]
78269114	[1, [0.031223838317275487, 0.9687761616827245]]
91621483	[1, [0.030114894259354097, 0.9698851057406459]]
9039868	[1, [0.0023773856155387962, 0.9976226143844612]]
5244243	[1, [0.008072391296077508, 0.9919276087039225]]
29914266	[1, [0.02316330220314744, 0.9768366977968526]]
88524439	[1, [0.04837182144023888, 0.9516281785597611]]
40379571	[1, [0.03268538075063476, 0.9673146192493652]]
23067669	[1, [0.03471750109548488, 0.9652824989045151]]
68202906	[1, [0.024500693708833565, 0.9754993062911664]]
28673163	[1, [0.017899697256121505, 0.9821003027438785]]
6877305	[1, [0.019351192648910054, 0.98064880735109]]
55217160	[1, [0.04734659197868496, 0.952653408021315]]
9134818	[1, [0.03441639963078402, 0.965583600369216]]
61754952	[1, [0.02578191652663686, 0.9742180834733631]]
85969172	[1, [0.042037804906777, 0.957962195093223]]
36555743	[1, [0.03470531442504787, 0.9652946855749521]]
17425708	[1, [0.011580940380979121, 0.9884190596190209]]
9128394	[1, [0.000476572240892148, 0.9995234277591079]]
5117240	[1, [0.011716168095764923, 0.9882838319042351]]
35838056	[1, [0.03305204609517709, 0.9669479539048229]]
35865300	[1, [0.00984814073189988, 0.9901518592681001]]
5116274	[1, [0.04470029257427466, 0.9552997074257253]]
9264203	[1, [0.027349656057484184, 0.9726503439425158]]
7605761	[1, [0.03768516697135582, 0.9623148330286442]]
71826387	[1, [0.024217973352944844, 0.9757820266470552]]
78941432	[1, [0.023331188866531072, 0.9766688111334689]]
65920945	[1, [0.04821951851792228, 0.9517804814820777]]
88045941	[1, [0.0351649863113257, 0.9648350136886743]]
43292036	[1, [0.018848575165035908, 0.9811514248349641]]
5689435	[1, [0.03293822818248593, 0.9670617718175141]]
10438237	[1, [0.04782071329716697, 0.952179286702833]]
15429470	[1, [0.01677844739504264, 0.9832215526049574]]
69246905	[1, [0.02404951598390237, 0.9759504840160976]]
59131416	[1, [0.01117082022390703, 0.988829179776093]]
9126910	[1, [0.027228875126731333, 0.9727711248732687]]
6430596	[1, [0.000590650472863552, 0.9994093495271364]]
32658528	[1, [0.03451806456395645, 0.9654819354360435]]
99260586	[1, [0.023154991627613808, 0.9768450083723862]]
75242229	[1, [0.04031077981858611, 0.9596892201814139]]
98163720	[1, [0.03591301688998694, 0.9640869831100131]]
7356031	[1, [0.031586021968481925, 0.9684139780315181]]
5110080	[1, [0.042127228267882955, 0.957872771732117]]
6614269	[1, [0.03778363294505016, 0.9622163670549498]]
84708530	[1, [0.03469450071374269, 0.9653054992862573]]
88106077	[1, [0.04301642554594842, 0.9569835744540516]]
50590992	[1, [0.03344223615076136, 0.9665577638492386]]
60475405	[1, [0.04413900531475079, 0.9558609946852492]]
73581052	[1, [0.019000138612869755, 0.9809998613871302]]
90044921	[1, [0.03787537407668218, 0.9621246259233178]]
33782774	[1, [0.04237649445219516, 0.9576235055478048]]
27871545	[1, [0.04708663260200929, 0.9529133673979907]]
9224467	[1, [0.019195239691127797, 0.9808047603088722]]
73571983	[1, [0.020376521878015863, 0.9796234781219841]]
56019060	[1, [0.015529514619982976, 0.984470485380017]]
79150871	[1, [0.03758122046809653, 0.9624187795319035]]
69542002	[1, [0.03436041247900057, 0.9656395875209994]]
42743924	[1, [0.003828120566228277, 0.9961718794337717]]
85927576	[1, [0.039250590604707924, 0.9607494093952921]]
42728733	[1, [0.02066926949062764, 0.9793307305093724]]
6433727	[1, [0.0404024143117766, 0.9595975856882234]]
6431673	[1, [0.00344958615246993, 0.9965504138475301]]
39124415	[1, [7.80261537757232e-05, 0.9999219738462243]]
5344895	[1, [0.033882972209552054, 0.966117027790448]]
82556384	[1, [0.04533091469183004, 0.95466908530817]]
97671202	[1, [0.005201680288863808, 0.9947983197111362]]
83674900	[1, [0.011729123902381344, 0.9882708760976187]]
45897561	[1, [0.0008615929104480724, 0.9991384070895519]]
16645973	[1, [0.04839775757624931, 0.9516022424237507]]
98676940	[1, [0.04923275972876007, 0.9507672402712399]]
91271058	[1, [0.02866848250677645, 0.9713315174932236]]
67935190	[1, [0.025129708059080436, 0.9748702919409196]]
34215000	[1, [0.00999915796512929, 0.9900008420348707]]
34215712	[1, [0.04329919323193754, 0.9567008067680625]]
5866052	[1, [0.016032813685397107, 0.9839671863146029]]
19921484	[1, [0.0033792571921996695, 0.9966207428078003]]
9247207	[1, [0.04750053950986799, 0.952499460490132]]
7911070	[1, [0.03255228122159004, 0.96744771877841]]
7227167	[1, [0.031470308442119954, 0.96852969155788]]
5863625	[1, [0.03801665465456927, 0.9619833453454307]]
62477546	[1, [0.00971071360507303, 0.990289286394927]]
72507490	[1, [0.04782017461214927, 0.9521798253878507]]
5772626	[1, [0.03965787130330767, 0.9603421286966923]]
87963794	[1, [0.04045783584408147, 0.9595421641559185]]
43739891	[1, [0.041892245456218946, 0.958107754543781]]
74419505	[1, [0.031643792482550226, 0.9683562075174498]]
9147578	[1, [0.019892367227514196, 0.9801076327724858]]
9226355	[1, [0.010574855273785433, 0.9894251447262146]]
9117814	[1, [0.020719677567369366, 0.9792803224326306]]
9118090	[1, [0.002131353392774926, 0.9978686466072251]]
9151930	[1, [0.023634385120947177, 0.9763656148790528]]
21188489	[1, [0.024871767066192763, 0.9751282329338072]]
53783927	[1, [0.043146014704569136, 0.9568539852954309]]
7054615	[1, [0.0354993950553959, 0.9645006049446041]]
5713638	[1, [0.009986921955820072, 0.9900130780441799]]
36191250	[1, [0.025521026455158413, 0.9744789735448416]]
65664218	[1, [0.04970332147406009, 0.9502966785259399]]
51943017	[1, [0.018776021089882744, 0.9812239789101173]]
11683017	[1, [0.024047643805776175, 0.9759523561942238]]
56417784	[1, [0.01677844739504264, 0.9832215526049574]]
99782279	[1, [0.04688237384105942, 0.9531176261589406]]
39587384	[1, [0.031329149299760495, 0.9686708507002395]]
9037226	[1, [0.0016927915014243178, 0.9983072084985757]]
38041672	[1, [0.048699778893707246, 0.9513002211062928]]
92895869	[1, [0.04702867105741548, 0.9529713289425845]]
53273565	[1, [0.04014814076073603, 0.959851859239264]]
30718008	[1, [0.041976543321647464, 0.9580234566783525]]
84806132	[1, [0.022530341200816872, 0.9774696587991831]]
6626144	[1, [0.0003428270508614162, 0.9996571729491386]]
6273420	[1, [0.016465918590491957, 0.983534081409508]]
55468138	[1, [0.012761487634170732, 0.9872385123658293]]
98629641	[1, [0.013490014647226434, 0.9865099853527736]]
99383868	[1, [0.04432195580772802, 0.955678044192272]]
48403873	[1, [0.046092491129473556, 0.9539075088705264]]
27499144	[1, [0.002617526945446702, 0.9973824730545533]]
37915078	[1, [0.039663727749235655, 0.9603362722507643]]
89166046	[1, [0.039188652664609136, 0.9608113473353909]]
78869555	[1, [0.015167045209892538, 0.9848329547901075]]
7120949	[1, [0.021971184892520812, 0.9780288151074792]]
83728121	[1, [0.018577091912348465, 0.9814229080876515]]
17585101	[1, [0.01301465989642625, 0.9869853401035737]]
17576492	[1, [0.025886228074302742, 0.9741137719256973]]
26387668	[1, [0.01894579713431066, 0.9810542028656893]]
11102410	[1, [0.009708815172513208, 0.9902911848274868]]
84356189	[1, [0.04937979185368624, 0.9506202081463138]]
88248188	[1, [0.04217698399084202, 0.957823016009158]]
89091887	[1, [0.04824815930327164, 0.9517518406967284]]
54852074	[1, [0.011207374199149966, 0.98879262580085]]
97063756	[1, [0.0318551741268952, 0.9681448258731048]]
9237155	[1, [0.041070733115119884, 0.9589292668848801]]
20697714	[1, [0.0397979490386241, 0.9602020509613759]]
18110759	[1, [0.03333784224087544, 0.9666621577591246]]
74082258	[1, [0.01494160844016812, 0.9850583915598319]]
58677458	[1, [0.04762765591924234, 0.9523723440807577]]
96910861	[1, [0.04699251005119898, 0.953007489948801]]
75768977	[1, [0.030719457793025318, 0.9692805422069747]]
94402595	[1, [0.009806619565256747, 0.9901933804347433]]
65843292	[1, [0.036043045130256246, 0.9639569548697438]]
38195789	[1, [0.01678408186373881, 0.9832159181362612]]
94864084	[1, [0.003253928533738182, 0.9967460714662618]]
5211822	[1, [0.00763373125379696, 0.992366268746203]]
11563964	[1, [0.019991642162848544, 0.9800083578371515]]
18427530	[1, [0.033892921373526064, 0.9661070786264739]]
73833505	[1, [0.043889241450058125, 0.9561107585499419]]
37838018	[1, [0.021647348019117718, 0.9783526519808823]]
26524536	[1, [0.007435445805147212, 0.9925645541948528]]
26533223	[1, [0.0377339927988094, 0.9622660072011906]]
99416247	[1, [0.044075346952955785, 0.9559246530470442]]
21719338	[1, [0.004989619749570573, 0.9950103802504294]]
56478989	[1, [0.032502279335480555, 0.9674977206645194]]
77884451	[1, [0.011590190017404467, 0.9884098099825955]]
7979669	[1, [0.031047698986336525, 0.9689523010136635]]
57332932	[1, [0.047582648140513384, 0.9524173518594866]]
20293959	[1, [0.01622562947939099, 0.983774370520609]]
40072122	[1, [0.016838613121437196, 0.9831613868785628]]
49103693	[1, [0.017594284905944724, 0.9824057150940553]]
7188902	[1, [0.04445010919603698, 0.955549890803963]]
16757119	[1, [0.035228698948635784, 0.9647713010513642]]
16701998	[1, [0.04821659631986208, 0.9517834036801379]]
39711652	[1, [0.035850147438367896, 0.9641498525616321]]
40874234	[1, [0.024720624273784852, 0.9752793757262151]]
53414008	[1, [0.0402225131975511, 0.9597774868024489]]
53389462	[1, [0.0008027754360641071, 0.9991972245639359]]
56593189	[1, [0.04107432514837184, 0.9589256748516282]]
67284519	[1, [0.0390679641152355, 0.9609320358847645]]
66772496	[1, [0.01231229919954635, 0.9876877008004536]]
49816325	[1, [0.04069927383235572, 0.9593007261676443]]
6627609	[1, [0.0005069741655345794, 0.9994930258344654]]
43115807	[1, [0.022641195637805533, 0.9773588043621945]]
6241424	[1, [0.017019763404934163, 0.9829802365950658]]
13451255	[1, [0.013210994457578451, 0.9867890055424215]]
9036605	[1, [0.0016927915014243178, 0.9983072084985757]]
68792917	[1, [0.015842024791676623, 0.9841579752083234]]
6241284	[1, [0.0008538952976355763, 0.9991461047023644]]
6241361	[1, [0.00808850675342454, 0.9919114932465755]]
13465037	[1, [0.03507935297966758, 0.9649206470203324]]
80677174	[1, [0.018514362616187996, 0.981485637383812]]
44105948	[1, [0.020875990727387994, 0.979124009272612]]
51845425	[1, [0.02281565995677637, 0.9771843400432236]]
98351112	[1, [0.02643362751148337, 0.9735663724885166]]
6131732	[1, [0.04723900841352058, 0.9527609915864794]]
9034721	[1, [0.009300226393073152, 0.9906997736069268]]
6132342	[1, [0.01345466702546394, 0.9865453329745361]]
6131668	[1, [0.01836630807332096, 0.981633691926679]]
9237993	[1, [0.031621249181671085, 0.9683787508183289]]
30886622	[1, [0.03354171319486843, 0.9664582868051316]]
9245083	[1, [0.021021836903919233, 0.9789781630960808]]
6131142	[1, [0.011121740180153994, 0.988878259819846]]
6131071	[1, [0.024708250424496536, 0.9752917495755035]]
17669761	[1, [0.0419815574304373, 0.9580184425695627]]
6132399	[1, [0.00901149247427957, 0.9909885075257204]]
6239168	[1, [0.0008398395106019585, 0.999160160489398]]
6239488	[1, [0.0007317558025978776, 0.9992682441974021]]
6239003	[1, [0.01179537628307914, 0.9882046237169209]]
9157581	[1, [0.0006226003452149964, 0.999377399654785]]
6240102	[1, [0.005321720600503732, 0.9946782793994963]]
94034933	[1, [0.02263619691740648, 0.9773638030825935]]
6239128	[1, [0.029577086684531295, 0.9704229133154687]]
6239230	[1, [0.00916029132476548, 0.9908397086752345]]
68223335	[1, [0.02139137481473785, 0.9786086251852621]]
6240290	[1, [0.000739313866044311, 0.9992606861339557]]
83870764	[1, [0.0034998636826281126, 0.9965001363173719]]
58560397	[1, [0.03315372566006314, 0.9668462743399369]]
31169741	[1, [0.042856219137887286, 0.9571437808621127]]
9155652	[1, [0.019892367227514196, 0.9801076327724858]]
86193632	[1, [0.03472313066170274, 0.9652768693382973]]
9155976	[1, [0.0054317413222204625, 0.9945682586777795]]
37710156	[1, [0.04469861388981877, 0.9553013861101812]]
28516320	[1, [0.004480740880942302, 0.9955192591190577]]
32007958	[1, [0.046032421831785464, 0.9539675781682145]]
