6755568	[1, [0.03204467591028248, 0.9679553240897175]]
74291641	[1, [0.03228157842580204, 0.967718421574198]]
7886951	[1, [0.010471559873657998, 0.989528440126342]]
80155094	[1, [0.018415474004639942, 0.9815845259953601]]
21876587	[1, [0.03617510339275021, 0.9638248966072498]]
10553459	[1, [0.041292486073916335, 0.9587075139260837]]
33334174	[1, [0.016890321219341642, 0.9831096787806584]]
5689238	[1, [0.016305016988803822, 0.9836949830111962]]
9010498	[1, [0.030517630644049, 0.969482369355951]]
5688061	[1, [0.02992919819108031, 0.9700708018089197]]
9010562	[1, [0.0422823895036899, 0.9577176104963101]]
20524585	[1, [0.01994086334890599, 0.980059136651094]]
82878906	[1, [0.018671203317351615, 0.9813287966826484]]
20005108	[1, [0.03703337367018866, 0.9629666263298113]]
7969039	[1, [0.044395614091020885, 0.9556043859089791]]
7888030	[1, [0.028075825191609005, 0.971924174808391]]
7047114	[1, [0.009316172303970971, 0.990683827696029]]
82144634	[1, [0.04475586014312283, 0.9552441398568772]]
6052023	[1, [0.00905224649941716, 0.9909477535005828]]
67855298	[1, [0.01747361783459045, 0.9825263821654096]]
5135607	[1, [0.009311769384187651, 0.9906882306158123]]
6050532	[1, [0.0277476687494006, 0.9722523312505994]]
93561143	[1, [0.028529014865854352, 0.9714709851341456]]
6785923	[1, [0.012634384333728654, 0.9873656156662713]]
35339975	[1, [0.03307594535333114, 0.9669240546466689]]
86677726	[1, [0.02012202965241061, 0.9798779703475894]]
48518395	[1, [0.018149802001420356, 0.9818501979985796]]
7336845	[1, [0.03366686678967479, 0.9663331332103252]]
7895094	[1, [0.00662954071043087, 0.9933704592895691]]
6877458	[1, [0.008884556126299237, 0.9911154438737008]]
41535905	[1, [0.024186238314536257, 0.9758137616854637]]
9188698	[1, [0.017592364526878956, 0.982407635473121]]
6470585	[1, [0.042976787650304216, 0.9570232123496958]]
7223238	[1, [0.012945092469426323, 0.9870549075305737]]
9014022	[1, [0.048989620444141235, 0.9510103795558588]]
9157513	[1, [0.037303918712933815, 0.9626960812870662]]
22425992	[1, [0.047501391095652656, 0.9524986089043473]]
5538598	[1, [0.037975022471740894, 0.9620249775282591]]
5122042	[1, [0.031492679007710245, 0.9685073209922898]]
6700215	[1, [0.017991847045974563, 0.9820081529540254]]
7969809	[1, [0.024056773828548317, 0.9759432261714517]]
7970295	[1, [0.011920722354216151, 0.9880792776457838]]
62591415	[1, [0.036945331912529134, 0.9630546680874709]]
78778512	[1, [0.037034095677642376, 0.9629659043223576]]
19355908	[1, [0.041055231500643274, 0.9589447684993567]]
7094081	[1, [0.011150026193846196, 0.9888499738061538]]
25020588	[1, [0.006707539305377819, 0.9932924606946222]]
6520993	[1, [0.018951769188651824, 0.9810482308113482]]
5814508	[1, [0.009754922436781999, 0.990245077563218]]
49927823	[1, [0.04873389327844169, 0.9512661067215583]]
10832742	[1, [0.04378581320933672, 0.9562141867906633]]
55680636	[1, [0.014553357959432134, 0.9854466420405679]]
5877831	[1, [0.03906886409336641, 0.9609311359066336]]
7323582	[1, [0.04993682574477287, 0.9500631742552271]]
97331781	[1, [0.04104156329529163, 0.9589584367047084]]
29753425	[1, [0.039219854241640095, 0.9607801457583599]]
7093430	[1, [0.04546062118258587, 0.9545393788174141]]
54980388	[1, [0.018442413581931216, 0.9815575864180688]]
6626884	[1, [0.02009290073614367, 0.9799070992638563]]
90929269	[1, [0.034238638030240964, 0.965761361969759]]
25747476	[1, [0.021659851256415785, 0.9783401487435842]]
7017399	[1, [0.048375958281093645, 0.9516240417189064]]
7319246	[1, [0.04959205361330987, 0.9504079463866901]]
6371610	[1, [0.007417353456587783, 0.9925826465434122]]
7433164	[1, [0.021695843777154944, 0.9783041562228451]]
51713022	[1, [0.009678082971441015, 0.990321917028559]]
5259926	[1, [0.03335033267209975, 0.9666496673279003]]
9009771	[1, [0.039072187198603614, 0.9609278128013964]]
5562829	[1, [0.012065445487239312, 0.9879345545127607]]
45451210	[1, [0.03560320983113496, 0.964396790168865]]
18796752	[1, [0.0200249317333554, 0.9799750682666446]]
56298820	[1, [0.030881111476769085, 0.9691188885232309]]
5572662	[1, [0.03888794388063832, 0.9611120561193617]]
7970474	[1, [0.04229286959930312, 0.9577071304006969]]
6437926	[1, [0.043155994601869474, 0.9568440053981305]]
58503622	[1, [0.049693600402034854, 0.9503063995979651]]
39172374	[1, [0.03652570208093098, 0.963474297919069]]
6437194	[1, [0.04803662506841655, 0.9519633749315835]]
7325534	[1, [0.0324364284782106, 0.9675635715217894]]
5476423	[1, [0.003297270586413492, 0.9967027294135865]]
7324460	[1, [0.04882299583963745, 0.9511770041603625]]
12107229	[1, [0.027637101146308463, 0.9723628988536915]]
7326473	[1, [0.04018525294733366, 0.9598147470526663]]
12060100	[1, [0.007808852312143455, 0.9921911476878565]]
6107848	[1, [0.007306558347320968, 0.992693441652679]]
50940109	[1, [0.01916558799366963, 0.9808344120063304]]
6774819	[1, [0.014881735527756401, 0.9851182644722436]]
27244966	[1, [0.04580089780679064, 0.9541991021932094]]
6780917	[1, [0.0357216664563339, 0.9642783335436661]]
5685543	[1, [0.02285166062822397, 0.977148339371776]]
78935422	[1, [0.022154427813812605, 0.9778455721861874]]
71773911	[1, [0.04967436321019969, 0.9503256367898003]]
5684709	[1, [0.014389141396775273, 0.9856108586032247]]
59311730	[1, [0.029707169790298527, 0.9702928302097015]]
6448770	[1, [0.01578806822819767, 0.9842119317718023]]
72920445	[1, [0.03620203637040431, 0.9637979636295957]]
32029981	[1, [0.022314748370698245, 0.9776852516293018]]
5880911	[1, [0.04970727503305217, 0.9502927249669478]]
6449841	[1, [0.042976787650304216, 0.9570232123496958]]
62887963	[1, [0.040198793879152706, 0.9598012061208473]]
9013727	[1, [0.045417689554334895, 0.9545823104456651]]
25999559	[1, [0.026237852702472586, 0.9737621472975274]]
39361864	[1, [0.04705252295056406, 0.9529474770494359]]
34271651	[1, [0.02971493571426176, 0.9702850642857382]]
5107760	[1, [0.01244481982000889, 0.9875551801799911]]
64995552	[1, [0.01725857945899456, 0.9827414205410054]]
9009372	[1, [0.024167787307812105, 0.9758322126921879]]
69292906	[1, [0.018043716254573683, 0.9819562837454263]]
39946487	[1, [0.04593228585694653, 0.9540677141430535]]
5946917	[1, [0.03296870222983761, 0.9670312977701624]]
30557301	[1, [0.04496672475331864, 0.9550332752466814]]
86917616	[1, [0.009706539239727086, 0.9902934607602729]]
5623281	[1, [0.03830158593699684, 0.9616984140630032]]
91370847	[1, [0.03891931841277119, 0.9610806815872288]]
65140493	[1, [0.03282187684782367, 0.9671781231521763]]
27869192	[1, [0.015765446732082466, 0.9842345532679175]]
80931327	[1, [0.038198916061783716, 0.9618010839382163]]
6445606	[1, [0.036538854517200514, 0.9634611454827995]]
96078986	[1, [0.027538817593789067, 0.9724611824062109]]
6444354	[1, [0.02935576624928049, 0.9706442337507195]]
9011595	[1, [0.026284057460367882, 0.9737159425396321]]
76973756	[1, [0.03250045640059274, 0.9674995435994073]]
92043626	[1, [0.010740595103036932, 0.9892594048969631]]
7349342	[1, [0.029365192923785144, 0.9706348070762149]]
5266553	[1, [0.012945092469426323, 0.9870549075305737]]
13767804	[1, [0.01560358953982166, 0.9843964104601783]]
54995214	[1, [0.02950230951695898, 0.970497690483041]]
13752617	[1, [0.045098893527323436, 0.9549011064726766]]
6466485	[1, [0.043068132017332506, 0.9569318679826675]]
6465885	[1, [0.034528161597770834, 0.9654718384022292]]
6469304	[1, [0.022883173876899976, 0.9771168261231]]
6468769	[1, [0.04309715679610737, 0.9569028432038926]]
7012978	[1, [0.033499946846875406, 0.9665000531531246]]
9334579	[1, [0.008245422160049642, 0.9917545778399504]]
7251975	[1, [0.014466746617617487, 0.9855332533823825]]
78725461	[1, [0.03315682532853026, 0.9668431746714697]]
7010622	[1, [0.031186462501237133, 0.9688135374987629]]
6466668	[1, [0.04803662506841655, 0.9519633749315835]]
6468291	[1, [0.04339637966398291, 0.9566036203360171]]
67153867	[1, [0.009281512750883847, 0.9907184872491162]]
23918392	[1, [0.01875716309045994, 0.9812428369095401]]
7340130	[1, [0.020851102059146198, 0.9791488979408538]]
93750688	[1, [0.02769589632805891, 0.9723041036719411]]
80684430	[1, [0.014076215654715174, 0.9859237843452848]]
7340285	[1, [0.0463917781755111, 0.9536082218244889]]
7296613	[1, [0.00654028605385204, 0.993459713946148]]
23505588	[1, [0.04693770370662598, 0.953062296293374]]
9149168	[1, [0.007123897921465283, 0.9928761020785347]]
53025180	[1, [0.0456123571033803, 0.9543876428966197]]
68655447	[1, [0.04323706424710061, 0.9567629357528994]]
58963053	[1, [0.036331975308623754, 0.9636680246913762]]
17617161	[1, [0.048516855331726894, 0.9514831446682731]]
9123193	[1, [0.04011149926135649, 0.9598885007386435]]
9058140	[1, [0.027504713579256213, 0.9724952864207438]]
7767636	[1, [0.040027876661546946, 0.959972123338453]]
5152813	[1, [0.008016304463662638, 0.9919836955363374]]
6625472	[1, [0.025446128715584715, 0.9745538712844153]]
86502694	[1, [0.019917521204853572, 0.9800824787951464]]
89749387	[1, [0.040156358743617115, 0.9598436412563829]]
6483035	[1, [0.04339637966398291, 0.9566036203360171]]
5430823	[1, [0.028089298626063575, 0.9719107013739364]]
7957024	[1, [0.03977092546962713, 0.9602290745303729]]
65603992	[1, [0.040122030656213115, 0.9598779693437869]]
6483856	[1, [0.04432653460819669, 0.9556734653918033]]
6486323	[1, [0.03539837183528849, 0.9646016281647115]]
37551337	[1, [0.0036235286589597626, 0.9963764713410402]]
49334008	[1, [0.048552829024506305, 0.9514471709754937]]
17297709	[1, [0.03403282246136219, 0.9659671775386378]]
83667381	[1, [0.04300669043783911, 0.9569933095621609]]
24907831	[1, [0.048059553862640714, 0.9519404461373593]]
36729860	[1, [0.022071932609515788, 0.9779280673904842]]
6718784	[1, [0.019940036002802697, 0.9800599639971973]]
5280084	[1, [0.028266147678322695, 0.9717338523216773]]
6717482	[1, [0.04844675162903411, 0.9515532483709659]]
6716282	[1, [0.035363243765409, 0.964636756234591]]
6715391	[1, [0.038200115464944284, 0.9617998845350557]]
6715324	[1, [0.011533889406857845, 0.9884661105931422]]
6632313	[1, [0.047368784599198244, 0.9526312154008018]]
64916430	[1, [0.02127250400710723, 0.9787274959928928]]
6633157	[1, [0.007778772872956807, 0.9922212271270432]]
64958340	[1, [0.018176840579828712, 0.9818231594201713]]
42114435	[1, [0.03547519481050654, 0.9645248051894935]]
6495242	[1, [0.045165451362408904, 0.9548345486375911]]
78984235	[1, [0.03361436316467792, 0.9663856368353221]]
5571830	[1, [0.012073936723436707, 0.9879260632765633]]
35196833	[1, [0.0012889674400370366, 0.998711032559963]]
9029757	[1, [0.04615433459014806, 0.9538456654098519]]
5304264	[1, [0.01163253870153702, 0.988367461298463]]
6453454	[1, [0.027560186294956046, 0.972439813705044]]
5307728	[1, [0.010858770551519403, 0.9891412294484806]]
26712294	[1, [0.04701834905701352, 0.9529816509429865]]
6438978	[1, [0.03913351574726942, 0.9608664842527306]]
7067387	[1, [0.02025270930817813, 0.9797472906918219]]
6439440	[1, [0.04803662506841655, 0.9519633749315835]]
6440201	[1, [0.014872555943314714, 0.9851274440566853]]
31052680	[1, [0.011082739435722577, 0.9889172605642774]]
7072779	[1, [0.02386656209586735, 0.9761334379041327]]
7001959	[1, [0.03477759847335249, 0.9652224015266475]]
85150140	[1, [0.016262317731266407, 0.9837376822687336]]
63692060	[1, [0.042129885230011266, 0.9578701147699887]]
67437138	[1, [0.04355989601843113, 0.9564401039815689]]
9039132	[1, [0.025838659321448576, 0.9741613406785514]]
96051529	[1, [0.030767662499972315, 0.9692323375000277]]
61629418	[1, [0.04449953582918853, 0.9555004641708115]]
71415249	[1, [0.014075889226104032, 0.985924110773896]]
7671619	[1, [0.04430383617216771, 0.9556961638278323]]
5429462	[1, [0.026272684415040715, 0.9737273155849593]]
6763183	[1, [0.025410813544874622, 0.9745891864551254]]
6763596	[1, [0.04387637857661053, 0.9561236214233895]]
6459966	[1, [0.04786608293044936, 0.9521339170695506]]
