6885095	[1, [0.007801745733507115, 0.9921982542664929]]
98634299	[1, [0.0007924125749373401, 0.9992075874250627]]
84796449	[1, [0.0001989452177831863, 0.9998010547822168]]
9308307	[1, [0.0033078301514458675, 0.9966921698485541]]
66986831	[1, [0.02652082636634323, 0.9734791736336568]]
66998298	[1, [0.007354936377501176, 0.9926450636224988]]
9322771	[1, [0.03464706221351832, 0.9653529377864817]]
72270043	[1, [0.014004511832659494, 0.9859954881673405]]
9308166	[1, [0.007624462136405552, 0.9923755378635944]]
9322037	[1, [0.040579389266066856, 0.9594206107339331]]
55468138	[1, [0.032026847416601556, 0.9679731525833984]]
48433995	[1, [0.03860898404682245, 0.9613910159531776]]
89729244	[1, [0.019853459486144143, 0.9801465405138559]]
6276174	[1, [0.041355560130067914, 0.9586444398699321]]
6885267	[1, [0.030822247433955563, 0.9691777525660444]]
9308943	[1, [0.04231766348525878, 0.9576823365147412]]
6040770	[1, [0.0026908930463266367, 0.9973091069536734]]
16145014	[1, [0.019721539277771205, 0.9802784607222288]]
27992143	[1, [0.024917289015427335, 0.9750827109845727]]
35222532	[1, [0.037143429118975724, 0.9628565708810243]]
5849646	[1, [0.020866899602141498, 0.9791331003978585]]
7955353	[1, [0.03832488225673014, 0.9616751177432699]]
9235623	[1, [0.0014777009744609826, 0.998522299025539]]
9091224	[1, [0.03832863528131214, 0.9616713647186879]]
9091175	[1, [0.04355882914274212, 0.9564411708572579]]
53048577	[1, [0.03343806698957308, 0.9665619330104269]]
5559200	[1, [0.04829947675953161, 0.9517005232404684]]
7656738	[1, [0.03634654431937823, 0.9636534556806218]]
47910777	[1, [0.006285861651527003, 0.993714138348473]]
47884396	[1, [0.006120727464215214, 0.9938792725357848]]
7734682	[1, [0.03442389430393522, 0.9655761056960648]]
6900053	[1, [0.010527920335971164, 0.9894720796640288]]
6903311	[1, [0.007757428815552969, 0.992242571184447]]
35205763	[1, [0.01613400861433767, 0.9838659913856623]]
6901976	[1, [0.023552951612019424, 0.9764470483879806]]
6796896	[1, [0.04383205791215239, 0.9561679420878476]]
7656161	[1, [0.022909303469351605, 0.9770906965306484]]
34020285	[1, [0.037043910447884465, 0.9629560895521155]]
64478629	[1, [0.04781369761587695, 0.952186302384123]]
84288944	[1, [0.012139027402053415, 0.9878609725979466]]
5180181	[1, [0.02225322132255958, 0.9777467786774404]]
10972406	[1, [0.045421634205299544, 0.9545783657947005]]
7642009	[1, [0.0295029241824335, 0.9704970758175665]]
7642147	[1, [0.018835285771651278, 0.9811647142283487]]
7640632	[1, [0.002701935826079138, 0.9972980641739209]]
30158353	[1, [0.0063256031111345035, 0.9936743968888655]]
34012613	[1, [0.025985825221973347, 0.9740141747780267]]
5181159	[1, [0.005787723909263631, 0.9942122760907364]]
49375718	[1, [0.04206889672951475, 0.9579311032704853]]
53481125	[1, [0.04591691616978688, 0.9540830838302131]]
7640840	[1, [0.04480540316621917, 0.9551945968337808]]
7909483	[1, [0.026731177288540797, 0.9732688227114592]]
58632113	[1, [0.013947747042508896, 0.9860522529574911]]
5873583	[1, [0.005941723898237994, 0.994058276101762]]
23738147	[1, [0.018795091752919824, 0.9812049082470802]]
5492900	[1, [0.0005222953633194916, 0.9994777046366805]]
5873617	[1, [0.0049451349076802265, 0.9950548650923198]]
90317768	[1, [0.022689001256652963, 0.977310998743347]]
58701175	[1, [0.0007186095102078571, 0.9992813904897921]]
7886951	[1, [0.025306502615846327, 0.9746934973841537]]
5270081	[1, [0.01941041318233727, 0.9805895868176627]]
6974199	[1, [0.0009646948896816498, 0.9990353051103184]]
5906876	[1, [0.03428086310332623, 0.9657191368966738]]
5628173	[1, [4.258576021987093e-05, 0.9999574142397801]]
5627363	[1, [0.002211844286092779, 0.9977881557139072]]
6532549	[1, [0.03685083094526087, 0.9631491690547391]]
57700248	[1, [0.03826925785362745, 0.9617307421463726]]
97323414	[1, [0.03986002528981336, 0.9601399747101866]]
57699482	[1, [0.038956414548471985, 0.961043585451528]]
57731068	[1, [0.0019590617787842435, 0.9980409382212158]]
5707832	[1, [0.035571860829032964, 0.964428139170967]]
5281478	[1, [0.018057767888680076, 0.9819422321113199]]
5708628	[1, [0.0022435677822187916, 0.9977564322177812]]
5627253	[1, [0.02380760129242998, 0.97619239870757]]
7661525	[1, [0.04911026505727356, 0.9508897349427264]]
45942578	[1, [0.042722318216334876, 0.9572776817836651]]
45910983	[1, [0.002165338651225257, 0.9978346613487747]]
7661441	[1, [0.0027050597268677423, 0.9972949402731323]]
7726934	[1, [0.0243519536679897, 0.9756480463320103]]
6530670	[1, [0.016235402228041984, 0.983764597771958]]
6139317	[1, [0.0075232438908293675, 0.9924767561091706]]
5707087	[1, [0.044032479894894894, 0.9559675201051051]]
5706532	[1, [0.004281916051472767, 0.9957180839485272]]
97301826	[1, [0.0004102078159414768, 0.9995897921840585]]
7662386	[1, [0.00036779773376938163, 0.9996322022662306]]
98679588	[1, [0.0018827784615551568, 0.9981172215384448]]
64656107	[1, [0.004422340417101989, 0.995577659582898]]
72433350	[1, [0.0007532832405195977, 0.9992467167594804]]
5878638	[1, [0.005941723898237994, 0.994058276101762]]
97301247	[1, [0.030663209418738124, 0.9693367905812619]]
72435996	[1, [0.04685707939325712, 0.9531429206067429]]
7117366	[1, [0.002332095192770778, 0.9976679048072292]]
5213548	[1, [0.011093953236952614, 0.9889060467630474]]
5213695	[1, [0.0011355944260376116, 0.9988644055739624]]
7120103	[1, [0.015788687105760424, 0.9842113128942396]]
5213522	[1, [0.01109501575100269, 0.9889049842489973]]
5213673	[1, [0.018760436422434634, 0.9812395635775654]]
5213672	[1, [0.0006071945067674944, 0.9993928054932325]]
73435974	[1, [0.009721904302639639, 0.9902780956973604]]
5211188	[1, [0.043109592871997116, 0.9568904071280029]]
28906401	[1, [0.045748800899245046, 0.954251199100755]]
73463482	[1, [0.04862713522858242, 0.9513728647714176]]
5213699	[1, [0.0009725241963981501, 0.9990274758036018]]
7878144	[1, [0.04157087927933811, 0.9584291207206619]]
32162687	[1, [0.04607014025313194, 0.9539298597468681]]
7366002	[1, [0.027738457378532422, 0.9722615426214676]]
73842849	[1, [0.012384624371989283, 0.9876153756280107]]
51567552	[1, [0.01636728595875836, 0.9836327140412416]]
5213708	[1, [0.0010436561839861636, 0.9989563438160138]]
33073851	[1, [0.021385004433497445, 0.9786149955665026]]
6136001	[1, [0.02043041981221705, 0.979569580187783]]
7943254	[1, [0.03618900326783625, 0.9638109967321637]]
77678567	[1, [0.026027316675394374, 0.9739726833246056]]
6136728	[1, [0.03287889924333387, 0.9671211007566661]]
9314514	[1, [0.004762073625823038, 0.995237926374177]]
77633113	[1, [9.310044213173274e-05, 0.9999068995578683]]
7365605	[1, [0.005198145274599719, 0.9948018547254003]]
38446163	[1, [0.005759958337002491, 0.9942400416629975]]
5525858	[1, [0.012536623904055078, 0.9874633760959449]]
25020588	[1, [0.03558871543000908, 0.9644112845699909]]
6522581	[1, [0.048538236332385076, 0.9514617636676149]]
7008939	[1, [0.02200358985360218, 0.9779964101463978]]
74051517	[1, [0.0011631466712950234, 0.998836853328705]]
78203341	[1, [0.020964749875989508, 0.9790352501240105]]
7924880	[1, [0.007163395356548308, 0.9928366046434517]]
7005175	[1, [0.0018754999578052267, 0.9981245000421948]]
7112021	[1, [0.002332095192770778, 0.9976679048072292]]
7105126	[1, [0.004512825667547071, 0.9954871743324529]]
6117792	[1, [0.00011894650356836234, 0.9998810534964316]]
6115447	[1, [0.025953355595171312, 0.9740466444048287]]
7310000	[1, [0.04265961782246308, 0.9573403821775369]]
36938035	[1, [0.02343586262365116, 0.9765641373763488]]
7006134	[1, [0.046547815205281284, 0.9534521847947187]]
19355908	[1, [0.006499039791949324, 0.9935009602080507]]
32599375	[1, [0.024348693923450848, 0.9756513060765492]]
7008784	[1, [0.01052864295942868, 0.9894713570405713]]
7924984	[1, [0.023970337150490018, 0.97602966284951]]
37735763	[1, [0.027094952574937103, 0.9729050474250629]]
7008165	[1, [0.01262577003905374, 0.9873742299609463]]
9094192	[1, [0.03092473133741358, 0.9690752686625864]]
9156349	[1, [0.021741255979524032, 0.978258744020476]]
7007660	[1, [0.005807574591032538, 0.9941924254089675]]
7005263	[1, [0.01174737142255211, 0.9882526285774479]]
5631499	[1, [0.02900667609088403, 0.970993323909116]]
7650694	[1, [0.034337669337295096, 0.9656623306627049]]
5631991	[1, [0.036721305221937395, 0.9632786947780626]]
70990177	[1, [0.005644778598532962, 0.994355221401467]]
7650494	[1, [0.015370099442448715, 0.9846299005575513]]
5839292	[1, [0.012329660086351613, 0.9876703399136484]]
7652328	[1, [0.028303633653714244, 0.9716963663462858]]
30758236	[1, [0.026608454911974944, 0.9733915450880251]]
5631260	[1, [0.030153862799052855, 0.9698461372009471]]
5628841	[1, [0.0037250272157461906, 0.9962749727842538]]
18238901	[1, [0.027055863583104522, 0.9729441364168955]]
5630619	[1, [0.0022037848640719115, 0.9977962151359281]]
7651123	[1, [0.021332592498442438, 0.9786674075015576]]
5630337	[1, [5.5014146959964094e-05, 0.99994498585304]]
37468942	[1, [0.011259779408732351, 0.9887402205912676]]
74735603	[1, [0.001679235413329705, 0.9983207645866703]]
7649434	[1, [0.041199349376864425, 0.9588006506231356]]
6029834	[1, [0.033269337900272644, 0.9667306620997274]]
5838302	[1, [0.029349056494260783, 0.9706509435057392]]
5632433	[1, [0.0019329034162751668, 0.9980670965837248]]
49206560	[1, [0.016228103441242925, 0.9837718965587571]]
30773686	[1, [0.03175921381443969, 0.9682407861855603]]
85657317	[1, [0.01689304258085711, 0.9831069574191429]]
71616631	[1, [0.04288277525485473, 0.9571172247451453]]
7752515	[1, [0.013898585850760203, 0.9861014141492398]]
5219313	[1, [0.00029053071933904384, 0.999709469280661]]
41386657	[1, [0.032661027905289686, 0.9673389720947103]]
41000699	[1, [0.03720986706622875, 0.9627901329337712]]
26187791	[1, [0.010121955370376301, 0.9898780446296237]]
41041567	[1, [0.04614463265867541, 0.9538553673413246]]
7752618	[1, [0.02494572677061413, 0.9750542732293859]]
5657181	[1, [0.0009484966376634985, 0.9990515033623365]]
5219703	[1, [0.0009626908741416917, 0.9990373091258583]]
7752979	[1, [0.03353621131871809, 0.9664637886812819]]
47691169	[1, [0.0490123424583323, 0.9509876575416677]]
6715982	[1, [0.00246255775671389, 0.9975374422432861]]
20587964	[1, [0.017385257879802718, 0.9826147421201973]]
74762372	[1, [0.0011872320404925363, 0.9988127679595075]]
7724033	[1, [0.007730095235955581, 0.9922699047640444]]
5963766	[1, [0.019043139076415527, 0.9809568609235845]]
5962333	[1, [0.0345911381689753, 0.9654088618310247]]
10221999	[1, [0.0025258210047889307, 0.9974741789952111]]
7705301	[1, [0.017513184478385235, 0.9824868155216148]]
6874753	[1, [0.011597635956209218, 0.9884023640437908]]
7705452	[1, [0.03321477773386339, 0.9667852222661366]]
7707725	[1, [0.0036183506666830345, 0.996381649333317]]
6873964	[1, [0.0031857653758196047, 0.9968142346241804]]
6359936	[1, [0.02021710916482089, 0.9797828908351791]]
5426006	[1, [0.0011904463813570132, 0.998809553618643]]
5428945	[1, [0.0004778662787409127, 0.9995221337212591]]
5774129	[1, [0.01166782662722532, 0.9883321733727747]]
37131301	[1, [0.02068343919751159, 0.9793165608024884]]
60430773	[1, [0.001539243330984874, 0.9984607566690151]]
5425576	[1, [0.02009675702134117, 0.9799032429786588]]
5428288	[1, [0.006043712719911887, 0.9939562872800881]]
7673170	[1, [0.013218766822036487, 0.9867812331779635]]
9119913	[1, [0.0009842209523579504, 0.999015779047642]]
6763549	[1, [0.04526765857403303, 0.954732341425967]]
9226526	[1, [0.047155804190399886, 0.9528441958096001]]
7674017	[1, [0.04412003942560716, 0.9558799605743928]]
5428648	[1, [0.009136185302452304, 0.9908638146975477]]
7705214	[1, [0.04249040536257842, 0.9575095946374216]]
7705635	[1, [0.028842282572582256, 0.9711577174274177]]
60417600	[1, [0.04559223858065076, 0.9544077614193492]]
7511311	[1, [0.013816134557358528, 0.9861838654426415]]
7673100	[1, [0.007681418298668641, 0.9923185817013314]]
27670503	[1, [0.001505201799745115, 0.9984947982002549]]
28602569	[1, [0.003033174153600382, 0.9969668258463996]]
7823323	[1, [0.04903442548850501, 0.950965574511495]]
83948984	[1, [0.04206889672951475, 0.9579311032704853]]
44915157	[1, [0.0002563135315699627, 0.99974368646843]]
85394651	[1, [0.011020859916146764, 0.9889791400838532]]
7770480	[1, [0.018898654429731487, 0.9811013455702685]]
7747947	[1, [0.046240011490907285, 0.9537599885090927]]
83975976	[1, [0.01815782086337092, 0.9818421791366291]]
7746902	[1, [0.013228371057454447, 0.9867716289425456]]
36694543	[1, [0.03658201409798967, 0.9634179859020103]]
7825382	[1, [0.005603605024225855, 0.9943963949757741]]
9034696	[1, [0.027049752117711545, 0.9729502478822885]]
9012669	[1, [0.034317465719223894, 0.9656825342807761]]
9033993	[1, [0.039023430562575845, 0.9609765694374242]]
7909653	[1, [0.017535495299246695, 0.9824645047007533]]
6507749	[1, [0.020203555438415344, 0.9797964445615847]]
50048946	[1, [0.03589280705277342, 0.9641071929472266]]
5865639	[1, [0.044732505572431136, 0.9552674944275689]]
5866181	[1, [0.03808066231633256, 0.9619193376836674]]
64902871	[1, [0.02846245172815498, 0.971537548271845]]
5321458	[1, [0.003667472946242034, 0.996332527053758]]
7226620	[1, [0.014453653002972522, 0.9855463469970275]]
7971379	[1, [0.005567788855533329, 0.9944322111444667]]
5866391	[1, [0.010261554087519609, 0.9897384459124804]]
9098245	[1, [0.029836898752116037, 0.970163101247884]]
5273883	[1, [0.014192412313461245, 0.9858075876865388]]
5272229	[1, [0.004270741319591931, 0.9957292586804081]]
70904839	[1, [0.027493363581392427, 0.9725066364186076]]
9301861	[1, [0.03594471388312648, 0.9640552861168735]]
5929497	[1, [0.023875089938877436, 0.9761249100611226]]
7971525	[1, [0.008368532771510395, 0.9916314672284896]]
91540706	[1, [0.0034136513131630686, 0.9965863486868369]]
78566701	[1, [0.012423583860269316, 0.9875764161397307]]
78568499	[1, [0.0008116616325273274, 0.9991883383674727]]
6628810	[1, [0.017617191171311553, 0.9823828088286884]]
75111098	[1, [0.00569067140914703, 0.994309328590853]]
12725682	[1, [0.03240857319321355, 0.9675914268067864]]
7247801	[1, [0.030472416166331895, 0.9695275838336681]]
54980388	[1, [0.03617909523117968, 0.9638209047688203]]
67275542	[1, [0.021277346719598467, 0.9787226532804015]]
49827256	[1, [0.017586425629718905, 0.9824135743702811]]
91581425	[1, [0.01750399779261924, 0.9824960022073808]]
7999512	[1, [0.026844891786045544, 0.9731551082139545]]
5728216	[1, [0.0008776877821998763, 0.9991223122178001]]
5419887	[1, [0.027064520254528435, 0.9729354797454716]]
7955596	[1, [0.0056294882830117965, 0.9943705117169882]]
5894272	[1, [0.0012871168358520313, 0.998712883164148]]
26808016	[1, [0.005598731042319893, 0.9944012689576801]]
94381995	[1, [0.00800563707280677, 0.9919943629271932]]
5728160	[1, [0.014625400913102937, 0.9853745990868971]]
5414794	[1, [0.033874519144936555, 0.9661254808550634]]
5237094	[1, [0.013958133575705411, 0.9860418664242946]]
61858946	[1, [0.014640394253230049, 0.98535960574677]]
5237104	[1, [0.0003980253887737595, 0.9996019746112262]]
96003613	[1, [0.00041487415654617443, 0.9995851258434538]]
6830321	[1, [0.0354965837260971, 0.9645034162739029]]
5236413	[1, [0.031906665578507964, 0.968093334421492]]
36886900	[1, [0.029635723950766968, 0.970364276049233]]
5236769	[1, [0.03306586577460313, 0.9669341342253969]]
5727536	[1, [0.04160412812771219, 0.9583958718722878]]
38135801	[1, [0.0010150120359955217, 0.9989849879640045]]
15698128	[1, [0.00019997939471061432, 0.9998000206052894]]
5420811	[1, [0.008480142218818432, 0.9915198577811816]]
25267515	[1, [0.0007819125514128, 0.9992180874485872]]
5431902	[1, [0.002916494375565515, 0.9970835056244345]]
66054945	[1, [0.01670473280207052, 0.9832952671979295]]
9087975	[1, [0.04255616694616238, 0.9574438330538376]]
5454910	[1, [0.013273062867466323, 0.9867269371325337]]
65591477	[1, [0.011490103653994721, 0.9885098963460053]]
38005195	[1, [0.0077500412252321516, 0.9922499587747678]]
78124695	[1, [0.030894061142268447, 0.9691059388577316]]
71144280	[1, [0.02173169204503178, 0.9782683079549682]]
25248005	[1, [0.018497799736959974, 0.98150220026304]]
25262498	[1, [0.01727906539784696, 0.982720934602153]]
6649308	[1, [0.016949428619058904, 0.9830505713809411]]
7485161	[1, [0.017886521897642282, 0.9821134781023577]]
7813753	[1, [0.029882101403018058, 0.9701178985969819]]
37995806	[1, [0.00018451468407754135, 0.9998154853159225]]
7814971	[1, [0.003410140755100488, 0.9965898592448995]]
6650583	[1, [0.02110298221488771, 0.9788970177851123]]
5429804	[1, [0.0010008283644424854, 0.9989991716355575]]
5430760	[1, [0.00034700036109902577, 0.999652999638901]]
6649679	[1, [0.004101185748092262, 0.9958988142519077]]
6650965	[1, [0.04615153269378669, 0.9538484673062133]]
39565590	[1, [0.015278826297290826, 0.9847211737027092]]
7780441	[1, [0.012751344572805023, 0.987248655427195]]
25304500	[1, [0.0408555012856503, 0.9591444987143497]]
7338239	[1, [0.027954629085319205, 0.9720453709146808]]
47212043	[1, [0.01476792768833668, 0.9852320723116633]]
80692270	[1, [0.0017941835094495984, 0.9982058164905504]]
81120464	[1, [0.01527302291398891, 0.9847269770860111]]
48503436	[1, [0.026554673289221453, 0.9734453267107785]]
5781967	[1, [0.0007061165626485177, 0.9992938834373515]]
27593190	[1, [0.02338480452383418, 0.9766151954761658]]
5779012	[1, [0.002837311089139871, 0.9971626889108601]]
82694799	[1, [0.0016590314258464467, 0.9983409685741536]]
5782766	[1, [0.00010342438553190281, 0.9998965756144681]]
16133285	[1, [0.001522153230517187, 0.9984778467694828]]
5781579	[1, [0.0025385021403340202, 0.997461497859666]]
98362147	[1, [0.037167407654440265, 0.9628325923455597]]
32333896	[1, [0.0093998585872761, 0.9906001414127239]]
5606471	[1, [0.01067310424372181, 0.9893268957562782]]
44134887	[1, [0.027231452465099504, 0.9727685475349005]]
80881414	[1, [0.04648294386565077, 0.9535170561343492]]
38714525	[1, [0.0424867066043384, 0.9575132933956616]]
5258286	[1, [0.016124583097153145, 0.9838754169028469]]
6954878	[1, [0.00656972946224077, 0.9934302705377592]]
9150674	[1, [0.01390252598232844, 0.9860974740176716]]
5162582	[1, [0.008949420842367939, 0.9910505791576321]]
6826461	[1, [0.037630888545546526, 0.9623691114544535]]
7711015	[1, [0.04139102670562078, 0.9586089732943792]]
7644143	[1, [0.04385583167600493, 0.9561441683239951]]
7219904	[1, [0.042162559967776514, 0.9578374400322235]]
57559658	[1, [0.04561856932511854, 0.9543814306748815]]
57601932	[1, [0.014173254555789216, 0.9858267454442108]]
7707965	[1, [0.002383134891117522, 0.9976168651088825]]
52811133	[1, [0.015449821673683917, 0.9845501783263161]]
7375577	[1, [0.006567094222120429, 0.9934329057778796]]
71246333	[1, [0.001539243330984874, 0.9984607566690151]]
7215594	[1, [0.004738404069866364, 0.9952615959301336]]
6957728	[1, [0.03845186045504234, 0.9615481395449577]]
5175508	[1, [0.008338017105124162, 0.9916619828948758]]
6530270	[1, [0.014500036846360365, 0.9854999631536396]]
6825388	[1, [0.012952500985875637, 0.9870474990141244]]
76853630	[1, [0.0357356059413948, 0.9642643940586052]]
7708489	[1, [0.038027092995851386, 0.9619729070041486]]
7465085	[1, [0.01549447110883273, 0.9845055288911673]]
7710940	[1, [0.019002774275393874, 0.9809972257246061]]
7712092	[1, [0.015283529881849889, 0.9847164701181501]]
7373289	[1, [0.010495534023821751, 0.9895044659761782]]
7469166	[1, [0.03952418331424856, 0.9604758166857514]]
5936430	[1, [0.01044653755296765, 0.9895534624470324]]
7713249	[1, [0.014478514769402873, 0.9855214852305971]]
7468158	[1, [0.030173113417441666, 0.9698268865825583]]
5162625	[1, [0.001727937522268963, 0.998272062477731]]
98032537	[1, [0.04651789527003625, 0.9534821047299638]]
7707911	[1, [0.01408775813607821, 0.9859122418639218]]
7659043	[1, [0.044784426405868105, 0.9552155735941319]]
61116806	[1, [0.012448974458021067, 0.9875510255419789]]
42245211	[1, [0.011644234676883247, 0.9883557653231168]]
6821562	[1, [0.014320474383490267, 0.9856795256165097]]
6687808	[1, [0.020948057395817843, 0.9790519426041822]]
5659784	[1, [0.019753748273335314, 0.9802462517266647]]
5657979	[1, [0.011612174614688442, 0.9883878253853116]]
9268275	[1, [0.024917994164074364, 0.9750820058359256]]
82434062	[1, [0.0010607576456684864, 0.9989392423543315]]
91212406	[1, [0.017891655151983543, 0.9821083448480165]]
5660608	[1, [0.0014251180279778453, 0.9985748819720222]]
12019767	[1, [0.019632111544560793, 0.9803678884554392]]
7132515	[1, [0.027855375940876947, 0.972144624059123]]
5555246	[1, [0.043210039599855254, 0.9567899604001447]]
99796021	[1, [0.022217353849522392, 0.9777826461504776]]
6587722	[1, [0.0231149993515557, 0.9768850006484443]]
7015492	[1, [0.006650879513201313, 0.9933491204867987]]
86141592	[1, [0.023596687616770473, 0.9764033123832295]]
86130443	[1, [0.046791303321153, 0.953208696678847]]
7130649	[1, [0.00275361977662536, 0.9972463802233746]]
98880403	[1, [0.013050663853073852, 0.9869493361469261]]
6586762	[1, [0.047541070873707625, 0.9524589291262924]]
7929538	[1, [0.00620540814805437, 0.9937945918519456]]
11986128	[1, [0.009164053565997698, 0.9908359464340023]]
98923962	[1, [0.0258426140714354, 0.9741573859285646]]
5659609	[1, [0.0008497036269781155, 0.9991502963730219]]
7014604	[1, [0.009545952926039103, 0.9904540470739609]]
4036702	[1, [0.006659910100217381, 0.9933400898997826]]
7013496	[1, [0.018251027817218324, 0.9817489721827817]]
7952631	[1, [0.02834820957053308, 0.9716517904294669]]
33252522	[1, [0.011638307653437319, 0.9883616923465627]]
78899233	[1, [0.004251896723569071, 0.9957481032764309]]
29479383	[1, [0.016465915685374144, 0.9835340843146259]]
7739743	[1, [0.005087346139275084, 0.9949126538607249]]
17611005	[1, [0.037678122427121874, 0.9623218775728781]]
52585583	[1, [0.049526859349364516, 0.9504731406506355]]
31869979	[1, [0.005336515533657993, 0.994663484466342]]
52628900	[1, [0.005820120362279413, 0.9941798796377206]]
7952172	[1, [0.001600622603481594, 0.9983993773965184]]
88844348	[1, [0.016165300323374376, 0.9838346996766256]]
71184964	[1, [0.03165299333840832, 0.9683470066615917]]
17607629	[1, [0.03739611518396635, 0.9626038848160337]]
6158236	[1, [0.007673287360773662, 0.9923267126392263]]
76196916	[1, [0.004725369682307079, 0.9952746303176929]]
5377146	[1, [0.0003686250546034442, 0.9996313749453966]]
13255258	[1, [0.027000693589876, 0.972999306410124]]
83746446	[1, [0.046719831393177036, 0.953280168606823]]
5374713	[1, [0.0005493417025240754, 0.9994506582974759]]
7952384	[1, [0.031087111774475873, 0.9689128882255241]]
5376309	[1, [0.000633591181148252, 0.9993664088188517]]
7959021	[1, [0.028541144858023504, 0.9714588551419765]]
6286483	[1, [0.0009668521829501175, 0.9990331478170499]]
76200420	[1, [0.01658991528490339, 0.9834100847150966]]
5375117	[1, [0.0376179168170504, 0.9623820831829496]]
9110533	[1, [0.01985002740555164, 0.9801499725944484]]
11927318	[1, [0.004529284070142414, 0.9954707159298576]]
9337045	[1, [0.040706652257328946, 0.959293347742671]]
78726459	[1, [0.018374415577303904, 0.9816255844226961]]
61033382	[1, [0.013654869124387403, 0.9863451308756126]]
6432972	[1, [0.04247638218477512, 0.9575236178152249]]
67153867	[1, [0.025757308726505945, 0.974242691273494]]
6432518	[1, [0.016610187707155832, 0.9833898122928442]]
11440245	[1, [0.014568552225362907, 0.9854314477746371]]
7011653	[1, [0.0024155342367564447, 0.9975844657632436]]
6171761	[1, [0.00228606297159184, 0.9977139370284082]]
5480373	[1, [1.6659448160871726e-05, 0.9999833405518391]]
11439966	[1, [0.043727936614502805, 0.9562720633854972]]
5482836	[1, [0.009318515881308054, 0.990681484118692]]
31720667	[1, [0.028802307384232728, 0.9711976926157673]]
7253784	[1, [0.030818061943050368, 0.9691819380569496]]
9336490	[1, [0.04072344137739192, 0.9592765586226081]]
7012709	[1, [0.008878565712657438, 0.9911214342873426]]
7010016	[1, [0.008098619236146187, 0.9919013807638538]]
7010655	[1, [0.002361686961257714, 0.9976383130387423]]
7012030	[1, [0.02030269441079635, 0.9796973055892036]]
60986174	[1, [0.004971964122130523, 0.9950280358778695]]
85899918	[1, [0.018451207988675056, 0.9815487920113249]]
7012136	[1, [0.01083777252720508, 0.9891622274727949]]
16627319	[1, [0.015582473472849134, 0.9844175265271509]]
5152709	[1, [0.03315985488699813, 0.9668401451130019]]
46597827	[1, [0.016072936482166233, 0.9839270635178338]]
52926814	[1, [0.028766217804237604, 0.9712337821957624]]
20319218	[1, [0.04566638100889675, 0.9543336189911032]]
5152636	[1, [0.029224283110446447, 0.9707757168895536]]
9123173	[1, [0.00016688568380573976, 0.9998331143161943]]
5421928	[1, [0.003966761920322082, 0.9960332380796779]]
5421619	[1, [0.012251227299412415, 0.9877487727005876]]
38820716	[1, [0.0411151098318433, 0.9588848901681567]]
5422445	[1, [0.025679686440877925, 0.9743203135591221]]
9266540	[1, [0.008876628679858167, 0.9911233713201418]]
5425135	[1, [0.0001105084724908334, 0.9998894915275092]]
55321515	[1, [0.03307550471810217, 0.9669244952818978]]
5421350	[1, [0.002809955122566765, 0.9971900448774332]]
5422489	[1, [0.005450190695761581, 0.9945498093042384]]
5152577	[1, [0.01986842150269541, 0.9801315784973046]]
5423887	[1, [0.006278306913750642, 0.9937216930862494]]
20307998	[1, [0.03400355587442938, 0.9659964441255706]]
5152802	[1, [0.003370073215543279, 0.9966299267844567]]
5152775	[1, [0.0005346306145223023, 0.9994653693854777]]
53964855	[1, [0.006890720836191799, 0.9931092791638082]]
5424082	[1, [0.00011021766601282401, 0.9998897823339872]]
5423048	[1, [0.0002752099625688009, 0.9997247900374312]]
5305030	[1, [0.018353643912300655, 0.9816463560876993]]
7715694	[1, [0.038314151779633154, 0.9616858482203668]]
39727642	[1, [0.040481656756695905, 0.9595183432433041]]
7718292	[1, [0.03827228099637703, 0.961727719003623]]
50825458	[1, [0.0022042551403410604, 0.9977957448596589]]
7976800	[1, [0.026731177288540797, 0.9732688227114592]]
7977042	[1, [0.046279328229327454, 0.9537206717706725]]
76464434	[1, [0.035323072617720386, 0.9646769273822796]]
7718351	[1, [0.02264560794642201, 0.977354392053578]]
32405608	[1, [0.037751487854608246, 0.9622485121453918]]
7717042	[1, [0.0025958054414302323, 0.9974041945585698]]
7717200	[1, [0.01563540177830136, 0.9843645982216986]]
76456937	[1, [0.038324972987753725, 0.9616750270122463]]
9086734	[1, [0.03365635458991201, 0.966343645410088]]
5467583	[1, [0.0005987475656771268, 0.9994012524343229]]
39711717	[1, [0.028149935510822677, 0.9718500644891773]]
60642288	[1, [0.0010492622683131447, 0.9989507377316869]]
78767360	[1, [0.004146375259045043, 0.995853624740955]]
49569185	[1, [0.022019341927122182, 0.9779806580728778]]
5190620	[1, [0.03504163818478345, 0.9649583618152165]]
7637481	[1, [0.005727775203540064, 0.9942722247964599]]
6699980	[1, [0.0023690470055394153, 0.9976309529944606]]
79155454	[1, [0.02642399256798489, 0.9735760074320151]]
9025625	[1, [0.010033061616267713, 0.9899669383837323]]
7635553	[1, [0.03980329263400151, 0.9601967073659985]]
90418132	[1, [0.010088549862370289, 0.9899114501376297]]
5401331	[1, [0.00016990846487241473, 0.9998300915351276]]
7636956	[1, [0.013180314890250622, 0.9868196851097494]]
9084041	[1, [0.03223927316773312, 0.9677607268322669]]
44844753	[1, [0.008568857467233126, 0.9914311425327669]]
7969884	[1, [0.0037813608979949676, 0.996218639102005]]
30014818	[1, [0.032856855654102235, 0.9671431443458978]]
5401302	[1, [7.727118005451672e-07, 0.9999992272881995]]
5401759	[1, [0.0011122951177913176, 0.9988877048822087]]
5399688	[1, [0.0017015491733737287, 0.9982984508266263]]
69939490	[1, [0.027657510634088833, 0.9723424893659112]]
20068687	[1, [0.049286813830189624, 0.9507131861698104]]
5102418	[1, [0.015718549650529545, 0.9842814503494705]]
6691596	[1, [0.019991728361769323, 0.9800082716382307]]
11268277	[1, [0.012622671151500509, 0.9873773288484995]]
6691504	[1, [0.03085683411890139, 0.9691431658810986]]
6787022	[1, [0.0019695849223269057, 0.9980304150776731]]
25451284	[1, [0.004058433050274646, 0.9959415669497254]]
88351554	[1, [0.04776654918046197, 0.952233450819538]]
7756003	[1, [0.012200691729327695, 0.9877993082706723]]
5984655	[1, [0.01861077577816861, 0.9813892242218314]]
11226716	[1, [0.03562252276862388, 0.9643774772313761]]
6538803	[1, [0.025572788577568617, 0.9744272114224314]]
7756061	[1, [0.0344217909894331, 0.9655782090105669]]
65716974	[1, [0.00760913293780785, 0.9923908670621922]]
9116909	[1, [0.03783944231244507, 0.9621605576875549]]
93356856	[1, [0.03849761386026773, 0.9615023861397323]]
6051322	[1, [0.022573753440728983, 0.977426246559271]]
7977645	[1, [0.043883888426268114, 0.9561161115737319]]
7835201	[1, [0.010013636568203421, 0.9899863634317966]]
5135603	[1, [0.03871509178428889, 0.9612849082157111]]
5102771	[1, [0.006099603353589944, 0.9939003966464101]]
20039029	[1, [0.03381482877456987, 0.9661851712254301]]
5139598	[1, [0.004646783479302252, 0.9953532165206977]]
5104845	[1, [0.03816246792149458, 0.9618375320785054]]
5303520	[1, [0.0014628365286074585, 0.9985371634713925]]
5301336	[1, [0.002505300187220172, 0.9974946998127798]]
7000624	[1, [0.006332967457172933, 0.9936670325428271]]
6814551	[1, [0.04344467262348195, 0.956555327376518]]
7922136	[1, [0.0402405918334815, 0.9597594081665185]]
6816600	[1, [0.0354965837260971, 0.9645034162739029]]
25708145	[1, [0.01433521241942215, 0.9856647875805779]]
88225963	[1, [0.010184468135327807, 0.9898155318646722]]
83174024	[1, [0.02423672077993888, 0.9757632792200611]]
96598292	[1, [0.011727302663344319, 0.9882726973366557]]
58223416	[1, [0.017740349575097958, 0.982259650424902]]
11600991	[1, [0.016745712592421524, 0.9832542874075785]]
9153147	[1, [0.031977382777881536, 0.9680226172221185]]
89098522	[1, [0.0025852342412375773, 0.9974147657587624]]
7850548	[1, [0.019344996836625605, 0.9806550031633744]]
6817133	[1, [0.002085725526867588, 0.9979142744731324]]
9107221	[1, [0.015001802246801033, 0.984998197753199]]
90929269	[1, [0.01467520246078613, 0.9853247975392139]]
5797613	[1, [0.01032976849630396, 0.989670231503696]]
53905701	[1, [0.009530156389554123, 0.9904698436104459]]
76033770	[1, [0.04707428190841634, 0.9529257180915837]]
9153786	[1, [0.04780308826697277, 0.9521969117330272]]
9106514	[1, [0.0191882873212611, 0.9808117126787389]]
11105437	[1, [0.01201945128115145, 0.9879805487188486]]
35318615	[1, [0.01421858100326756, 0.9857814189967324]]
6395140	[1, [0.0019978609849864437, 0.9980021390150136]]
5350146	[1, [0.007622643882170932, 0.9923773561178291]]
59950368	[1, [0.010161855966290823, 0.9898381440337092]]
31799337	[1, [0.0003285678650583046, 0.9996714321349417]]
6128455	[1, [0.0018429012275754664, 0.9981570987724245]]
95918499	[1, [0.012033896627229645, 0.9879661033727704]]
9029479	[1, [0.015577803209751329, 0.9844221967902487]]
87224101	[1, [0.048741999898081256, 0.9512580001019187]]
70680483	[1, [0.03024300734208074, 0.9697569926579193]]
6397900	[1, [0.011041089068434373, 0.9889589109315656]]
5351493	[1, [0.0296493466790807, 0.9703506533209193]]
7333263	[1, [0.035940114104582865, 0.9640598858954171]]
7337140	[1, [0.007655399729783574, 0.9923446002702164]]
87233808	[1, [0.020066892036248007, 0.979933107963752]]
7894628	[1, [0.020407422098621453, 0.9795925779013785]]
6126488	[1, [0.012842003842449268, 0.9871579961575507]]
99034398	[1, [0.02454487083843171, 0.9754551291615683]]
19955085	[1, [0.010941835389855825, 0.9890581646101442]]
7888414	[1, [0.00813058241382969, 0.9918694175861703]]
7812286	[1, [0.009064251336854623, 0.9909357486631454]]
62379657	[1, [0.002844255503521853, 0.9971557444964781]]
7887798	[1, [0.043463158021910475, 0.9565368419780895]]
7674689	[1, [0.03574412457149345, 0.9642558754285065]]
61380002	[1, [0.042248538178983996, 0.957751461821016]]
7889838	[1, [0.03772180941660064, 0.9622781905833994]]
97585369	[1, [0.02559522283940696, 0.974404777160593]]
6555346	[1, [0.0002431299506189255, 0.9997568700493811]]
90567585	[1, [0.006358483497826861, 0.9936415165021731]]
82878906	[1, [0.04869880978031993, 0.9513011902196801]]
29552007	[1, [0.0014536158452296277, 0.9985463841547704]]
97518922	[1, [0.028496118166980167, 0.9715038818330198]]
6983753	[1, [0.02095337308033307, 0.9790466269196669]]
97578242	[1, [0.03266659346084011, 0.9673334065391599]]
5254082	[1, [0.005345124424515846, 0.9946548755754842]]
9233626	[1, [0.04600374249910921, 0.9539962575008908]]
88150432	[1, [0.01573631623530869, 0.9842636837646913]]
5574888	[1, [0.029199198921332603, 0.9708008010786674]]
7826442	[1, [0.0063622218374577155, 0.9936377781625423]]
6436807	[1, [0.049933074228697305, 0.9500669257713027]]
6435401	[1, [0.016585837339816112, 0.9834141626601839]]
5254044	[1, [0.004306958994165111, 0.9956930410058349]]
5253064	[1, [0.0075896822822690835, 0.9924103177177309]]
5253063	[1, [0.0075321574876463515, 0.9924678425123536]]
5573184	[1, [0.0056764322046244375, 0.9943235677953756]]
7173367	[1, [0.045194209732168034, 0.954805790267832]]
75228875	[1, [0.04721343947582479, 0.9527865605241752]]
5114716	[1, [0.008797684049655974, 0.991202315950344]]
5574647	[1, [0.040073755508331366, 0.9599262444916686]]
9066525	[1, [0.020168468962746378, 0.9798315310372536]]
14954509	[1, [0.03467307968562228, 0.9653269203143777]]
52707693	[1, [0.04713069748844634, 0.9528693025115537]]
12340453	[1, [0.01573631623530869, 0.9842636837646913]]
72750284	[1, [0.016158860019136467, 0.9838411399808635]]
43993018	[1, [0.0406664493373643, 0.9593335506626357]]
52685926	[1, [0.0035498354523189057, 0.9964501645476811]]
7328295	[1, [0.03972469089574249, 0.9602753091042575]]
9108104	[1, [0.0290697613201798, 0.9709302386798202]]
22247137	[1, [0.01251580056206636, 0.9874841994379336]]
73085018	[1, [0.0013482535600864987, 0.9986517464399135]]
72727760	[1, [0.015727402660901446, 0.9842725973390986]]
87182273	[1, [1.1537989893617429e-05, 0.9999884620101064]]
7392574	[1, [0.017747143075221516, 0.9822528569247785]]
22240243	[1, [0.006303889494182813, 0.9936961105058172]]
15018296	[1, [0.016362265164522438, 0.9836377348354776]]
61679505	[1, [0.002711739834332705, 0.9972882601656673]]
6108347	[1, [0.010474117472700883, 0.9895258825272991]]
7113529	[1, [0.002824670835374632, 0.9971753291646254]]
27816754	[1, [0.0032263045398591705, 0.9967736954601408]]
48009634	[1, [0.0048751104373558896, 0.9951248895626441]]
53836131	[1, [0.028880578678531332, 0.9711194213214687]]
6074947	[1, [0.000849046136926046, 0.999150953863074]]
5354064	[1, [0.0075867950323893485, 0.9924132049676107]]
50649282	[1, [0.048095680276368125, 0.9519043197236319]]
73605940	[1, [0.009534016298613945, 0.990465983701386]]
45388031	[1, [0.007792010491744605, 0.9922079895082554]]
6074687	[1, [0.00030603679331464573, 0.9996939632066854]]
98342981	[1, [0.004763883939565505, 0.9952361160604345]]
55996791	[1, [0.037751487854608246, 0.9622485121453918]]
22280533	[1, [0.0018303965321950777, 0.9981696034678049]]
80947011	[1, [0.01596329863084145, 0.9840367013691586]]
6072166	[1, [0.00030527390762336015, 0.9996947260923766]]
6073113	[1, [0.04247638218477512, 0.9575236178152249]]
19589711	[1, [0.018093858123932938, 0.9819061418760671]]
48010566	[1, [0.0068254120603505886, 0.9931745879396494]]
7420534	[1, [0.041220328649158366, 0.9587796713508416]]
31524504	[1, [0.02298780885503826, 0.9770121911449617]]
6443612	[1, [0.04451675770407637, 0.9554832422959236]]
40018208	[1, [0.022232486996073275, 0.9777675130039267]]
97211087	[1, [0.03754980457634971, 0.9624501954236503]]
27874579	[1, [0.035323072617720386, 0.9646769273822796]]
6083121	[1, [0.0277049966999926, 0.9722950033000074]]
9104816	[1, [0.01624641755885603, 0.983753582441144]]
5587921	[1, [0.03501571695880479, 0.9649842830411952]]
5689130	[1, [0.013819098868695479, 0.9861809011313045]]
6810935	[1, [0.00928337320049566, 0.9907166267995043]]
80381128	[1, [0.03688834083042658, 0.9631116591695734]]
5603305	[1, [0.0005227017213002005, 0.9994772982786998]]
41818040	[1, [0.03684768144813999, 0.96315231855186]]
5807121	[1, [0.004161283697798779, 0.9958387163022012]]
88936659	[1, [0.010799634405007641, 0.9892003655949924]]
69204482	[1, [0.03923768036082664, 0.9607623196391734]]
52135813	[1, [0.03153542142315224, 0.9684645785768478]]
5807918	[1, [0.012863856738443258, 0.9871361432615567]]
15419326	[1, [0.004797130332311106, 0.9952028696676889]]
10455152	[1, [0.03084985959657638, 0.9691501404034236]]
48257718	[1, [0.03152808153520836, 0.9684719184647916]]
31383153	[1, [0.011095532676122954, 0.988904467323877]]
7435168	[1, [0.014532477226990137, 0.9854675227730099]]
7279869	[1, [0.022995253583622866, 0.9770047464163771]]
7437065	[1, [0.04126565531116533, 0.9587343446888347]]
57884843	[1, [0.00658761996517887, 0.9934123800348211]]
7261322	[1, [0.03988745502352775, 0.9601125449764722]]
9016651	[1, [0.04746925805981839, 0.9525307419401816]]
63443522	[1, [0.001833643114454997, 0.998166356885545]]
21028240	[1, [0.029350627343900704, 0.9706493726560993]]
7968171	[1, [0.03698501677732435, 0.9630149832226756]]
63433193	[1, [0.023472283210942968, 0.976527716789057]]
7278215	[1, [0.031442139457428575, 0.9685578605425714]]
40585491	[1, [0.021513871995531342, 0.9784861280044687]]
83076566	[1, [0.008235920034558641, 0.9917640799654414]]
38388239	[1, [0.008096215202729296, 0.9919037847972707]]
5230301	[1, [0.002092746709634219, 0.9979072532903658]]
67026208	[1, [0.040586045831363604, 0.9594139541686364]]
5230265	[1, [0.021297361397421, 0.978702638602579]]
52371940	[1, [0.0011664929385198919, 0.9988335070614801]]
5676008	[1, [0.0055466531350841786, 0.9944533468649158]]
89244367	[1, [0.011748903260897503, 0.9882510967391025]]
5228206	[1, [0.004408583920526454, 0.9955914160794735]]
61346271	[1, [0.0017588393332008678, 0.9982411606667991]]
33316824	[1, [0.004644735417799972, 0.9953552645822]]
34856712	[1, [0.01819030150566925, 0.9818096984943308]]
6638648	[1, [0.0020337594968318218, 0.9979662405031682]]
82387611	[1, [0.03879494805672001, 0.96120505194328]]
5230009	[1, [0.00023554446075924051, 0.9997644555392408]]
74811800	[1, [0.041303371981876724, 0.9586966280181233]]
5230278	[1, [0.009924237408342584, 0.9900757625916574]]
5230279	[1, [0.009924237408342584, 0.9900757625916574]]
52374019	[1, [0.03908996254526287, 0.9609100374547371]]
9158510	[1, [0.016791974683847632, 0.9832080253161524]]
5230164	[1, [0.006812116622660125, 0.9931878833773399]]
5230238	[1, [0.0007205028818243475, 0.9992794971181757]]
11753727	[1, [0.02890987280416235, 0.9710901271958376]]
67092758	[1, [0.006683135381837846, 0.9933168646181622]]
92518530	[1, [0.0063810612729218175, 0.9936189387270782]]
82381115	[1, [0.010978535057657446, 0.9890214649423426]]
92534244	[1, [0.04349394848310573, 0.9565060515168943]]
23068831	[1, [0.006514421171599616, 0.9934855788284004]]
45085577	[1, [0.001703336431942759, 0.9982966635680572]]
7926517	[1, [0.03887651550987803, 0.961123484490122]]
5230280	[1, [0.0001406768168450423, 0.999859323183155]]
6110150	[1, [0.003646621971603592, 0.9963533780283964]]
45126538	[1, [0.00011338329772070388, 0.9998866167022793]]
5230644	[1, [0.000365722261972512, 0.9996342777380275]]
6794369	[1, [0.03530126743320994, 0.9646987325667901]]
96825113	[1, [0.02166170905091891, 0.9783382909490811]]
23553166	[1, [0.0068994707933978106, 0.9931005292066022]]
5472103	[1, [0.007859665376533265, 0.9921403346234667]]
5470631	[1, [4.030840438518091e-05, 0.9999596915956148]]
9098652	[1, [0.038158152897963316, 0.9618418471020367]]
68692649	[1, [0.02574562928508306, 0.9742543707149169]]
23561497	[1, [0.0009593259535871645, 0.9990406740464128]]
9040465	[1, [0.03898076202878131, 0.9610192379712187]]
7937992	[1, [0.04357383397895764, 0.9564261660210424]]
40292776	[1, [0.0206760863001878, 0.9793239136998122]]
33630759	[1, [0.003368340528135061, 0.9966316594718649]]
7626463	[1, [0.0007683196835912565, 0.9992316803164087]]
72392206	[1, [0.014096120135365098, 0.9859038798646349]]
5127833	[1, [0.03858406656860491, 0.9614159334313951]]
22458335	[1, [0.004270485227195198, 0.9957295147728048]]
5127933	[1, [0.0427429718202299, 0.9572570281797701]]
83893038	[1, [0.005130837219587292, 0.9948691627804127]]
9157870	[1, [0.00019205141553280125, 0.9998079485844672]]
32725796	[1, [0.043021241547330114, 0.9569787584526699]]
15209193	[1, [0.009016369510239985, 0.99098363048976]]
81488246	[1, [0.028829499529111846, 0.9711705004708882]]
24475082	[1, [0.025527891933800895, 0.9744721080661991]]
63345452	[1, [0.02098940736804189, 0.9790105926319581]]
42394420	[1, [0.029554353237324582, 0.9704456467626754]]
81462295	[1, [0.049582628576201326, 0.9504173714237987]]
5543110	[1, [1.5913545832413334e-05, 0.9999840864541676]]
34190285	[1, [0.02659200264846262, 0.9734079973515374]]
34195079	[1, [0.03441566500234605, 0.965584334997654]]
57981024	[1, [0.005271459480483576, 0.9947285405195164]]
5543211	[1, [0.01780616894614029, 0.9821938310538597]]
9124031	[1, [0.00853976829632408, 0.9914602317036759]]
6238175	[1, [0.011663433556564184, 0.9883365664434358]]
86977237	[1, [0.04636443922467015, 0.9536355607753298]]
53363756	[1, [0.03301230259471266, 0.9669876974052873]]
53318128	[1, [0.008096215202729296, 0.9919037847972707]]
15829549	[1, [0.007257163934332844, 0.9927428360656672]]
86960431	[1, [0.0012076641033077484, 0.9987923358966923]]
39458687	[1, [0.00048531384584338255, 0.9995146861541566]]
39267134	[1, [0.005344281372596238, 0.9946557186274038]]
6238592	[1, [0.010339017149481378, 0.9896609828505186]]
52052487	[1, [0.03403854327997602, 0.965961456720024]]
44074598	[1, [0.027176343440668216, 0.9728236565593318]]
95077400	[1, [0.0014536158452296277, 0.9985463841547704]]
9341575	[1, [0.007519400694555256, 0.9924805993054447]]
36149672	[1, [0.04940400640194975, 0.9505959935980502]]
60198566	[1, [0.009390651343106793, 0.9906093486568932]]
5665830	[1, [0.001453276048479113, 0.9985467239515209]]
6412921	[1, [0.011041089068434373, 0.9889589109315656]]
7402226	[1, [0.033206808393698384, 0.9667931916063016]]
9100464	[1, [0.04978639072259128, 0.9502136092774087]]
7369512	[1, [0.005198145274599719, 0.9948018547254003]]
96238179	[1, [0.006461554567885441, 0.9935384454321146]]
5216124	[1, [0.0039114572652542146, 0.9960885427347458]]
5854562	[1, [0.03853555890839089, 0.9614644410916091]]
68399684	[1, [0.01754344615615655, 0.9824565538438434]]
5217965	[1, [0.028110497178472915, 0.9718895028215271]]
7404780	[1, [0.005185963521023185, 0.9948140364789768]]
5226548	[1, [0.03823998138585627, 0.9617600186141437]]
7556284	[1, [0.04720616196471994, 0.9527938380352801]]
5216190	[1, [0.0032254919571794716, 0.9967745080428205]]
9111514	[1, [0.018862760404040113, 0.9811372395959599]]
16251619	[1, [0.00569067140914703, 0.994309328590853]]
5226524	[1, [0.04267306627797307, 0.9573269337220269]]
99918322	[1, [0.0029392451042018486, 0.9970607548957982]]
7371419	[1, [0.005227067976704691, 0.9947729320232953]]
5216174	[1, [0.00953987567973491, 0.9904601243202651]]
44733647	[1, [0.0023204298331295226, 0.9976795701668705]]
5216189	[1, [0.0015827094366029915, 0.998417290563397]]
5216181	[1, [0.009331526399733892, 0.9906684736002661]]
16249228	[1, [0.02283362559212987, 0.9771663744078701]]
5226554	[1, [0.04178843390135578, 0.9582115660986442]]
44720887	[1, [0.004789808814371965, 0.995210191185628]]
6337778	[1, [0.030365818342842466, 0.9696341816571575]]
32921662	[1, [0.0007811678893103746, 0.9992188321106896]]
6959613	[1, [0.0034426647694868473, 0.9965573352305132]]
45159040	[1, [0.0052912519448108375, 0.9947087480551892]]
48892299	[1, [0.0023698657920381283, 0.9976301342079619]]
6732033	[1, [0.00025369482714998615, 0.99974630517285]]
38097366	[1, [0.020636220205568434, 0.9793637797944316]]
67316051	[1, [0.02145664999954866, 0.9785433500004513]]
84010761	[1, [0.018265249659992766, 0.9817347503400072]]
80269817	[1, [0.046514718638731134, 0.9534852813612689]]
47578898	[1, [0.006996981335720021, 0.99300301866428]]
48142729	[1, [0.024503802405298925, 0.9754961975947011]]
17514724	[1, [0.014242181706506707, 0.9857578182934933]]
9000657	[1, [0.04203408756595561, 0.9579659124340444]]
83994691	[1, [0.03450405780610999, 0.96549594219389]]
22407880	[1, [0.041889848767687754, 0.9581101512323122]]
5473552	[1, [0.00014712483361445372, 0.9998528751663855]]
70626859	[1, [0.008275626094479849, 0.9917243739055202]]
5474832	[1, [0.008788214814883233, 0.9912117851851168]]
92771923	[1, [0.010666309978688227, 0.9893336900213118]]
92757375	[1, [0.03546818538309093, 0.9645318146169091]]
43463042	[1, [0.043795932889130085, 0.9562040671108699]]
9199753	[1, [0.02092703899808479, 0.9790729610019152]]
7922971	[1, [0.020626227769665828, 0.9793737722303342]]
7775566	[1, [0.01336951995499358, 0.9866304800450064]]
7774992	[1, [0.015207011979380347, 0.9847929880206197]]
7922506	[1, [0.03430600346214663, 0.9656939965378534]]
5267377	[1, [0.02218470623259683, 0.9778152937674032]]
7346635	[1, [0.010538354866690525, 0.9894616451333095]]
55060861	[1, [0.04435961973254732, 0.9556403802674527]]
5698313	[1, [0.0006147295132051811, 0.9993852704867948]]
70140535	[1, [0.0003288719488419023, 0.9996711280511581]]
6430189	[1, [0.03698511822345829, 0.9630148817765417]]
92013128	[1, [0.0014075068199806973, 0.9985924931800193]]
7348218	[1, [0.0036016228537865125, 0.9963983771462135]]
92057710	[1, [0.01541303774214886, 0.9845869622578511]]
17357811	[1, [0.005757505151507081, 0.9942424948484929]]
42021037	[1, [0.00013433150175812258, 0.9998656684982419]]
19044022	[1, [8.13545437144958e-05, 0.9999186454562855]]
7353868	[1, [0.014723073328572478, 0.9852769266714275]]
91985341	[1, [0.03149340012537272, 0.9685065998746273]]
56648634	[1, [0.03387116210043695, 0.966128837899563]]
21725116	[1, [0.02588488224926322, 0.9741151177507368]]
5578935	[1, [0.04287689904691727, 0.9571231009530827]]
77021955	[1, [0.03276597604939657, 0.9672340239506034]]
5579300	[1, [0.03866373627241282, 0.9613362637275872]]
92003626	[1, [0.03321998708846896, 0.966780012911531]]
17332597	[1, [0.048134512349700564, 0.9518654876502994]]
7129423	[1, [0.04963549326597172, 0.9503645067340283]]
7952778	[1, [0.0014795419148373457, 0.9985204580851627]]
6736097	[1, [0.04963549326597172, 0.9503645067340283]]
45301609	[1, [0.00913629102310487, 0.9908637089768951]]
78489326	[1, [0.012436670648518722, 0.9875633293514813]]
34069871	[1, [0.001860594576825303, 0.9981394054231747]]
6448080	[1, [0.04213338905520292, 0.9578666109447971]]
34120693	[1, [0.04305747386099257, 0.9569425261390074]]
72914338	[1, [0.016611197124324684, 0.9833888028756753]]
9137688	[1, [0.04780308826697277, 0.9521969117330272]]
7797605	[1, [0.040029343819597774, 0.9599706561804022]]
31129550	[1, [0.028567880761238063, 0.9714321192387619]]
7953408	[1, [0.021010747755017434, 0.9789892522449826]]
7949917	[1, [0.0004197226589996994, 0.9995802773410003]]
16286631	[1, [0.0451558525236736, 0.9548441474763264]]
78470950	[1, [0.012074952361023295, 0.9879250476389767]]
34115337	[1, [0.010400215968147553, 0.9895997840318524]]
5987938	[1, [0.021368176999291277, 0.9786318230007087]]
62869011	[1, [0.000766637192523234, 0.9992333628074768]]
7924625	[1, [0.0412885755727993, 0.9587114244272007]]
47005127	[1, [0.0024658298095333597, 0.9975341701904666]]
7923716	[1, [0.03274938677645445, 0.9672506132235456]]
5883308	[1, [0.01384605623662194, 0.9861539437633781]]
7415547	[1, [0.02942892414028453, 0.9705710758597155]]
53678596	[1, [0.00011847966972822199, 0.9998815203302718]]
11875985	[1, [0.022423789267815852, 0.9775762107321841]]
7962707	[1, [0.024634103594469048, 0.975365896405531]]
7414545	[1, [0.023023333353698883, 0.9769766666463011]]
45604838	[1, [0.029940582316318576, 0.9700594176836814]]
7928992	[1, [0.027600130966709213, 0.9723998690332908]]
6874811	[1, [0.030243588381090314, 0.9697564116189097]]
46170767	[1, [0.024404837422963732, 0.9755951625770363]]
26559956	[1, [0.040884525311021935, 0.9591154746889781]]
11911405	[1, [0.021446773976066202, 0.9785532260239338]]
7417957	[1, [0.004554036558332197, 0.9954459634416678]]
77711634	[1, [0.03125871584829443, 0.9687412841517056]]
9010147	[1, [0.024808738988390533, 0.9751912610116095]]
7939957	[1, [0.014500036846360365, 0.9854999631536396]]
53679387	[1, [0.010292554936887188, 0.9897074450631128]]
47478185	[1, [0.03962235446270579, 0.9603776455372942]]
71886761	[1, [0.048474148803453576, 0.9515258511965464]]
6875543	[1, [0.0038235398872126236, 0.9961764601127874]]
7655199	[1, [0.03155209395852088, 0.9684479060414791]]
6967228	[1, [0.004978664002014188, 0.9950213359979858]]
77774582	[1, [0.0008762678891823805, 0.9991237321108176]]
25976191	[1, [0.004769049543742354, 0.9952309504562576]]
6924348	[1, [0.01174296285308496, 0.988257037146915]]
5762147	[1, [0.011349777396937988, 0.988650222603062]]
63961842	[1, [0.004539377526055377, 0.9954606224739446]]
7654635	[1, [0.01767779975940087, 0.9823222002405991]]
7748255	[1, [0.042956010418260915, 0.9570439895817391]]
6931863	[1, [0.01059540311264573, 0.9894045968873543]]
7983769	[1, [0.03878624672441955, 0.9612137532755805]]
6965427	[1, [0.004308933559474815, 0.9956910664405252]]
6928928	[1, [0.02864851981709038, 0.9713514801829096]]
6967496	[1, [0.0308105057479654, 0.9691894942520346]]
77797412	[1, [0.02014564532600749, 0.9798543546739925]]
7654060	[1, [0.04756309990023189, 0.9524369000997681]]
46723765	[1, [0.009435714624123959, 0.990564285375876]]
22999003	[1, [0.03249489365727687, 0.9675051063427231]]
67830931	[1, [0.047192841565023125, 0.9528071584349769]]
35552383	[1, [0.03072034822014158, 0.9692796517798584]]
9135609	[1, [0.031721544917249545, 0.9682784550827505]]
7785748	[1, [0.03524542949112064, 0.9647545705088794]]
67813297	[1, [0.0019667004679323474, 0.9980332995320677]]
5636173	[1, [2.105182358391744e-05, 0.9999789481764161]]
5260993	[1, [0.03771553022898877, 0.9622844697710112]]
12409981	[1, [0.033391055737248765, 0.9666089442627512]]
14104804	[1, [0.008370736609579321, 0.9916292633904207]]
18082089	[1, [0.0057265944803434055, 0.9942734055196566]]
5261642	[1, [0.03467014196152307, 0.9653298580384769]]
22950318	[1, [0.0042480000041204, 0.9957519999958796]]
9129195	[1, [0.0016319910759315936, 0.9983680089240684]]
9135517	[1, [0.042000080276583085, 0.9579999197234169]]
46736358	[1, [0.04489769717154979, 0.9551023028284502]]
18103519	[1, [0.02614463791134347, 0.9738553620886565]]
5583123	[1, [0.0001433834663918665, 0.9998566165336081]]
5249293	[1, [0.04754101163990598, 0.952458988360094]]
51739706	[1, [0.003266693378246699, 0.9967333066217533]]
5582566	[1, [0.02176750207584266, 0.9782324979241573]]
88752595	[1, [0.01669593575871331, 0.9833040642412867]]
9091804	[1, [0.028937407567620976, 0.971062592432379]]
12541062	[1, [0.014876714394556179, 0.9851232856054438]]
5565886	[1, [0.0457344397133268, 0.9542655602866732]]
7966339	[1, [0.04459222891301995, 0.95540777108698]]
5317679	[1, [0.03349495639016242, 0.9665050436098376]]
7685736	[1, [0.024236002784018273, 0.9757639972159817]]
5100013	[1, [0.008732886126696204, 0.9912671138733038]]
34511223	[1, [0.00026318778277212296, 0.9997368122172279]]
73132189	[1, [0.047403898544747136, 0.9525961014552529]]
7017884	[1, [0.010944152408347119, 0.9890558475916529]]
7318656	[1, [0.04514338609743018, 0.9548566139025698]]
7018958	[1, [0.02885979227534463, 0.9711402077246554]]
4101232	[1, [0.003956071278809481, 0.9960439287211905]]
7018833	[1, [0.023970337150490018, 0.97602966284951]]
73940027	[1, [0.018956855762270908, 0.9810431442377291]]
54045450	[1, [0.045955027096708845, 0.9540449729032912]]
7966183	[1, [0.02832176746779902, 0.971678232532201]]
7019035	[1, [0.01179365207426708, 0.9882063479257329]]
19502797	[1, [0.04055346766175849, 0.9594465323382415]]
97801808	[1, [0.00416900410698906, 0.9958309958930109]]
5100004	[1, [0.0006732315400005406, 0.9993267684599995]]
5100718	[1, [0.04247638218477512, 0.9575236178152249]]
6371353	[1, [0.0407656490271362, 0.9592343509728638]]
5703793	[1, [0.004585325901591664, 0.9954146740984083]]
42930388	[1, [0.020950028995086023, 0.979049971004914]]
5100735	[1, [0.0071209783060317555, 0.9928790216939682]]
5100778	[1, [0.019094933814107873, 0.9809050661858921]]
7318321	[1, [0.013356612874771523, 0.9866433871252285]]
7018094	[1, [0.0117351530016232, 0.9882648469983768]]
95807915	[1, [0.04886049557176109, 0.9511395044282389]]
4101229	[1, [0.007341102639459418, 0.9926588973605406]]
7019928	[1, [0.005944197236958715, 0.9940558027630413]]
7020127	[1, [0.029622885747114358, 0.9703771142528856]]
7898449	[1, [0.0031505917204422973, 0.9968494082795577]]
7899157	[1, [0.003601987223615155, 0.9963980127763848]]
9105444	[1, [0.017744500040761224, 0.9822554999592388]]
41926825	[1, [0.00569067140914703, 0.994309328590853]]
71576827	[1, [0.04862706868869393, 0.9513729313113061]]
9105654	[1, [0.02509048727814933, 0.9749095127218507]]
9259781	[1, [0.006311088217510252, 0.9936889117824897]]
9231874	[1, [0.022940444661012083, 0.9770595553389879]]
62016160	[1, [0.023105708827565685, 0.9768942911724343]]
5116151	[1, [0.013393053369950336, 0.9866069466300497]]
5116152	[1, [0.017061135508674496, 0.9829388644913255]]
41902269	[1, [0.017544221247142833, 0.9824557787528572]]
7794965	[1, [0.04548079210909828, 0.9545192078909017]]
79125206	[1, [0.027637900510364855, 0.9723620994896351]]
32463425	[1, [0.015602744607242647, 0.9843972553927574]]
7796743	[1, [0.033212286862015605, 0.9667877131379844]]
21798669	[1, [0.008568857467233126, 0.9914311425327669]]
5116027	[1, [0.012382365296932707, 0.9876176347030673]]
5116029	[1, [0.00974756263655907, 0.9902524373634409]]
6777250	[1, [0.0345324575109478, 0.9654675424890522]]
61966569	[1, [0.004763883939565505, 0.9952361160604345]]
32485181	[1, [0.025795688466916933, 0.9742043115330831]]
87588756	[1, [0.029345424006376963, 0.970654575993623]]
93932055	[1, [0.0415011053226616, 0.9584988946773384]]
6860996	[1, [0.03623252756769879, 0.9637674724323012]]
43211967	[1, [0.009164053565997698, 0.9908359464340023]]
91109490	[1, [0.0023608612039425214, 0.9976391387960575]]
4006286	[1, [0.036021537119546365, 0.9639784628804536]]
6867653	[1, [0.03294316226122951, 0.9670568377387705]]
43209128	[1, [0.03895145587412929, 0.9610485441258707]]
4006288	[1, [0.03990497203673071, 0.9600950279632693]]
4002090	[1, [0.024305987377101768, 0.9756940126228982]]
43189069	[1, [0.0004894882963144553, 0.9995105117036855]]
7786223	[1, [0.022940444661012083, 0.9770595553389879]]
70842944	[1, [0.0008725020940479888, 0.999127497905952]]
99865879	[1, [0.0471560955967667, 0.9528439044032333]]
9268007	[1, [0.0028081727534020606, 0.9971918272465979]]
4005873	[1, [0.007019230820394351, 0.9929807691796056]]
43017317	[1, [0.00439623424970359, 0.9956037657502964]]
7831081	[1, [0.007866976935364978, 0.992133023064635]]
55680086	[1, [0.01707533775177361, 0.9829246622482264]]
93937327	[1, [0.048742314355216365, 0.9512576856447836]]
69041644	[1, [0.01643742373512247, 0.9835625762648775]]
7786078	[1, [0.019748345682899737, 0.9802516543171003]]
91096009	[1, [0.04731668131619582, 0.9526833186838042]]
68047076	[1, [0.010124732119004332, 0.9898752678809957]]
30575266	[1, [0.001539243330984874, 0.9984607566690151]]
9103653	[1, [0.02603857204199722, 0.9739614279580028]]
21514950	[1, [0.004010985264464084, 0.9959890147355359]]
43730830	[1, [0.0017930319548637996, 0.9982069680451362]]
9103576	[1, [0.033468419512165726, 0.9665315804878343]]
71743176	[1, [0.0008024595249321864, 0.9991975404750678]]
9103482	[1, [0.012092741421709796, 0.9879072585782902]]
37703157	[1, [0.00581452628632817, 0.9941854737136718]]
9103008	[1, [0.007302070993262966, 0.992697929006737]]
6657161	[1, [0.019692329709976475, 0.9803076702900235]]
19234395	[1, [0.025050674010791862, 0.9749493259892081]]
30598587	[1, [0.00910123730736001, 0.99089876269264]]
21525865	[1, [0.015093227261111508, 0.9849067727388885]]
9113392	[1, [0.03232415196102956, 0.9676758480389704]]
54590731	[1, [0.005782417168159637, 0.9942175828318404]]
54138467	[1, [0.011537580929980473, 0.9884624190700195]]
9102970	[1, [0.010351568704351388, 0.9896484312956486]]
79529051	[1, [0.019956583523442872, 0.9800434164765571]]
6950548	[1, [0.027656885847171186, 0.9723431141528288]]
6043802	[1, [0.047679005157034826, 0.9523209948429652]]
5610535	[1, [0.008910107338461204, 0.9910898926615388]]
5816422	[1, [0.03615566029498907, 0.9638443397050109]]
10808014	[1, [0.037398013425983034, 0.962601986574017]]
6122977	[1, [0.009280416112781298, 0.9907195838872187]]
75348847	[1, [0.010383953733564932, 0.9896160462664351]]
6312877	[1, [0.04792125234866507, 0.9520787476513349]]
43942897	[1, [0.0013586063295929485, 0.998641393670407]]
49922642	[1, [0.01840658873835055, 0.9815934112616495]]
6742074	[1, [0.04942043052146161, 0.9505795694785384]]
6296228	[1, [0.023303356108413942, 0.9766966438915861]]
82015625	[1, [0.01883362116048537, 0.9811663788395146]]
10327384	[1, [0.03256029840962582, 0.9674397015903742]]
10832742	[1, [0.0033244998553191296, 0.9966755001446809]]
9316399	[1, [0.004260424224391102, 0.9957395757756089]]
6302083	[1, [0.0004891688295183272, 0.9995108311704817]]
6120723	[1, [0.0357968998162419, 0.9642031001837581]]
5914659	[1, [0.03910279060703059, 0.9608972093929694]]
6314322	[1, [0.025931272845800324, 0.9740687271541997]]
6121258	[1, [0.023311271695250713, 0.9766887283047493]]
7758721	[1, [0.0025302206512355374, 0.9974697793487645]]
9146258	[1, [0.016354348821352893, 0.9836456511786471]]
42535792	[1, [0.004172577404746192, 0.9958274225952538]]
9230555	[1, [0.02880944193823931, 0.9711905580617607]]
9146011	[1, [0.004714089491196671, 0.9952859105088033]]
5650826	[1, [0.013630266409355496, 0.9863697335906445]]
93911614	[1, [0.009453200713863241, 0.9905467992861368]]
5554341	[1, [0.008660591477458013, 0.991339408522542]]
39916091	[1, [0.024937607333945122, 0.9750623926660549]]
93860175	[1, [0.004746671425889248, 0.9952533285741108]]
5107558	[1, [0.008528381475711999, 0.991471618524288]]
49259701	[1, [0.014207463569347989, 0.985792536430652]]
7890512	[1, [0.013797505873164861, 0.9862024941268351]]
7891163	[1, [0.03187747914975614, 0.9681225208502439]]
26924123	[1, [7.500796896509065e-05, 0.9999249920310349]]
69292906	[1, [0.007421049802775137, 0.9925789501972249]]
5554718	[1, [0.03607364711082228, 0.9639263528891777]]
5107341	[1, [0.046746454911744006, 0.953253545088256]]
7380771	[1, [0.043869997098285096, 0.9561300029017149]]
5107365	[1, [0.015141971161419687, 0.9848580288385803]]
39946487	[1, [0.005027354357358571, 0.9949726456426414]]
93849502	[1, [0.04812615176482693, 0.9518738482351731]]
64996668	[1, [0.007954135815184782, 0.9920458641848152]]
5664173	[1, [0.0005675562587122984, 0.9994324437412877]]
39340230	[1, [0.02568699779777517, 0.9743130022022248]]
5107324	[1, [0.016303861778444118, 0.9836961382215559]]
6645213	[1, [0.018750542068859066, 0.9812494579311409]]
39350919	[1, [0.023726148321140172, 0.9762738516788598]]
5244509	[1, [0.0008279668752410041, 0.999172033124759]]
29315970	[1, [0.008534680527904404, 0.9914653194720956]]
7381569	[1, [0.004329864294486674, 0.9956701357055133]]
9008876	[1, [0.042124160925521625, 0.9578758390744784]]
5245572	[1, [0.04441235084745787, 0.9555876491525421]]
7892681	[1, [0.0012288204270547443, 0.9987711795729453]]
9052078	[1, [0.0192267599944973, 0.9807732400055027]]
5552817	[1, [0.01336554979481075, 0.9866344502051893]]
49254446	[1, [0.02926806440396479, 0.9707319355960352]]
97636760	[1, [0.03674646238621149, 0.9632535376137885]]
5243896	[1, [0.04247638218477512, 0.9575236178152249]]
39940499	[1, [0.006023317935226813, 0.9939766820647732]]
5650399	[1, [0.0006914711916908844, 0.9993085288083091]]
29962417	[1, [0.03292250654547235, 0.9670774934545276]]
5106247	[1, [0.0017709342140002082, 0.9982290657859998]]
5636982	[1, [0.00025422660894081073, 0.9997457733910592]]
87458129	[1, [0.002750806889859403, 0.9972491931101406]]
36651135	[1, [0.045203008931900324, 0.9547969910680997]]
7966968	[1, [0.029671947538465138, 0.9703280524615349]]
88070030	[1, [0.046719831393177036, 0.953280168606823]]
36600572	[1, [0.023335236269570903, 0.9766647637304291]]
24514826	[1, [4.3885919861486045e-06, 0.9999956114080139]]
5147364	[1, [0.003017109823119868, 0.9969828901768801]]
7145153	[1, [0.03648662248968537, 0.9635133775103146]]
6151058	[1, [0.015043525429085713, 0.9849564745709143]]
63505523	[1, [0.04453024851734355, 0.9554697514826564]]
24539811	[1, [0.04575197318084179, 0.9542480268191582]]
5637107	[1, [0.0026835047943419843, 0.997316495205658]]
24536500	[1, [0.007468944145879508, 0.9925310558541205]]
7432240	[1, [0.010936272118230561, 0.9890637278817694]]
65924626	[1, [0.049688315153181284, 0.9503116848468187]]
5641450	[1, [0.007625490879880181, 0.9923745091201198]]
7966935	[1, [0.03968815315183283, 0.9603118468481672]]
5685226	[1, [0.009904799994573055, 0.990095200005427]]
5637014	[1, [1.2935135407232679e-08, 0.9999999870648646]]
62914370	[1, [0.028347955099315314, 0.9716520449006847]]
7425377	[1, [0.011322224381766555, 0.9886777756182334]]
7737992	[1, [0.01979381026060456, 0.9802061897393954]]
5146162	[1, [0.011760885351829398, 0.9882391146481706]]
7793290	[1, [0.008188716383300543, 0.9918112836166995]]
5641218	[1, [3.590565248179356e-05, 0.9999640943475182]]
7966656	[1, [0.04788543712854554, 0.9521145628714545]]
6148872	[1, [0.03149296013959213, 0.9685070398604079]]
5840453	[1, [0.009757939398166826, 0.9902420606018332]]
14501015	[1, [0.03738634366682114, 0.9626136563331789]]
32755528	[1, [0.044910852057464035, 0.955089147942536]]
32751154	[1, [0.04636968474943659, 0.9536303152505634]]
40760332	[1, [0.04249126415953619, 0.9575087358404638]]
6034587	[1, [0.003043664933268242, 0.9969563350667318]]
7722928	[1, [0.006725119495000431, 0.9932748805049996]]
10893512	[1, [0.03986033647871168, 0.9601396635212883]]
5344128	[1, [0.04737025653524629, 0.9526297434647537]]
5570626	[1, [0.0006397461395192261, 0.9993602538604808]]
10758963	[1, [0.019632111544560793, 0.9803678884554392]]
22034770	[1, [0.03617911153360631, 0.9638208884663937]]
5571217	[1, [0.02156796259041316, 0.9784320374095868]]
22035385	[1, [0.00041584980402720184, 0.9995841501959728]]
7003777	[1, [0.0029677759855645247, 0.9970322240144355]]
9307108	[1, [0.019523621726592277, 0.9804763782734077]]
99440234	[1, [0.014872905002234371, 0.9851270949977656]]
44823908	[1, [0.017135523991668733, 0.9828644760083313]]
57361421	[1, [0.008107407529372224, 0.9918925924706278]]
7003067	[1, [0.009531342693520517, 0.9904686573064795]]
7021996	[1, [0.0202454676225321, 0.9797545323774679]]
62793801	[1, [0.006007539242093962, 0.993992460757906]]
85150140	[1, [0.004672922194696394, 0.9953270778053036]]
63184891	[1, [0.0023656738584212356, 0.9976343261415788]]
6711050	[1, [0.027071134868272062, 0.9729288651317279]]
7003917	[1, [0.011010074580096396, 0.9889899254199036]]
21665087	[1, [0.048980966377597523, 0.9510190336224025]]
7003376	[1, [0.005924300007458583, 0.9940756999925414]]
67437138	[1, [0.004174156591751466, 0.9958258434082485]]
