5944759	[1, [0.02818481143252194, 0.9718151885674781]]
53320626	[1, [0.0005028865544640659, 0.9994971134455359]]
30536324	[1, [0.0035861537134743715, 0.9964138462865256]]
62314429	[1, [0.00024749073283802936, 0.999752509267162]]
23800750	[1, [0.006863570451819734, 0.9931364295481803]]
5755271	[1, [4.634338654607717e-05, 0.9999536566134539]]
30531003	[1, [0.023869095106129667, 0.9761309048938703]]
39500758	[1, [0.04014083289977899, 0.959859167100221]]
93039152	[1, [0.012144330854271579, 0.9878556691457284]]
7960913	[1, [0.019313104190192165, 0.9806868958098078]]
7947501	[1, [0.0283283585083417, 0.9716716414916583]]
5755178	[1, [0.006094381146064642, 0.9939056188539354]]
67576242	[1, [0.01605125212768721, 0.9839487478723128]]
5753694	[1, [0.012449043777868485, 0.9875509562221315]]
53373288	[1, [0.030684139020495493, 0.9693158609795045]]
5750531	[1, [0.02980539036105856, 0.9701946096389414]]
7953380	[1, [0.04386952022093382, 0.9561304797790662]]
7953378	[1, [0.04801408019427378, 0.9519859198057262]]
31135171	[1, [0.018908776989566944, 0.9810912230104331]]
7126956	[1, [0.04056427555240838, 0.9594357244475916]]
10701127	[1, [0.0011449211424930938, 0.9988550788575069]]
7924427	[1, [0.003906423873810683, 0.9960935761261893]]
7129416	[1, [4.446386592249496e-09, 0.9999999955536134]]
16310302	[1, [0.020163762903792737, 0.9798362370962073]]
64376349	[1, [0.046286996774795086, 0.9537130032252049]]
47016833	[1, [0.0027746284533937127, 0.9972253715466063]]
39972954	[1, [0.001557789386505637, 0.9984422106134944]]
95382833	[1, [0.03929760154859363, 0.9607023984514064]]
6664295	[1, [0.0031377528474829663, 0.996862247152517]]
45400408	[1, [0.0002092269286602111, 0.9997907730713398]]
73603925	[1, [0.021054517009759022, 0.978945482990241]]
7932029	[1, [0.03447863124643269, 0.9655213687535673]]
95356010	[1, [0.016575241538385965, 0.983424758461614]]
39987647	[1, [0.025829466937886125, 0.9741705330621139]]
7890642	[1, [0.0025749960742040834, 0.9974250039257959]]
5662941	[1, [0.00045026719470586674, 0.9995497328052941]]
28974593	[1, [0.0020283696768903514, 0.9979716303231096]]
5733690	[1, [1.3651606556308593e-05, 0.9999863483934437]]
76901644	[1, [0.00015466915923645352, 0.9998453308407635]]
88878463	[1, [0.0076940058105888776, 0.9923059941894111]]
7891105	[1, [0.019681228254096572, 0.9803187717459034]]
7890968	[1, [0.0008609892999386082, 0.9991390107000614]]
5650490	[1, [7.907032895215771e-05, 0.9999209296710478]]
5662538	[1, [0.0057377000932026245, 0.9942622999067974]]
5733805	[1, [0.02788640428137823, 0.9721135957186218]]
14277921	[1, [0.00038569456244941236, 0.9996143054375506]]
9052502	[1, [0.012332457757891602, 0.9876675422421084]]
49287754	[1, [0.00023760400970140871, 0.9997623959902986]]
65025466	[1, [0.04757209522093564, 0.9524279047790644]]
9073213	[1, [0.012657198870254516, 0.9873428011297455]]
86909198	[1, [0.006252719863596101, 0.9937472801364039]]
39905890	[1, [0.03953234685109286, 0.9604676531489071]]
76918362	[1, [2.836933955563392e-05, 0.9999716306604444]]
27455548	[1, [0.036337530749073865, 0.9636624692509261]]
14290646	[1, [0.007144599801216733, 0.9928554001987833]]
5648394	[1, [0.022730125625168074, 0.9772698743748319]]
29956358	[1, [0.006681049166526343, 0.9933189508334737]]
7384580	[1, [0.044961765835852985, 0.955038234164147]]
88466833	[1, [0.04329696500416136, 0.9567030349958386]]
7890856	[1, [0.02838337861113105, 0.971616621388869]]
9072685	[1, [0.024717840858507034, 0.975282159141493]]
96238179	[1, [0.04906178719902998, 0.95093821280097]]
32902574	[1, [0.03300307091765786, 0.9669969290823421]]
68441631	[1, [0.018680724075832433, 0.9813192759241676]]
68379224	[1, [0.0028201229184832144, 0.9971798770815168]]
7371628	[1, [9.351390584999564e-05, 0.99990648609415]]
7404664	[1, [0.0015123580489281307, 0.9984876419510719]]
76649682	[1, [0.007815454296185687, 0.9921845457038143]]
90816145	[1, [0.007294644254955185, 0.9927053557450448]]
44708426	[1, [0.0011785892268674214, 0.9988214107731326]]
44683343	[1, [0.039763688433133826, 0.9602363115668662]]
91371081	[1, [0.00976946567482695, 0.990230534325173]]
14025393	[1, [0.000914073878909738, 0.9990859261210903]]
64089616	[1, [0.004085654228628055, 0.995914345771372]]
7406030	[1, [0.0053235990730143845, 0.9946764009269856]]
5218902	[1, [0.00013151924830168138, 0.9998684807516983]]
45947733	[1, [0.025207776767954715, 0.9747922232320453]]
62100817	[1, [0.014183999935552416, 0.9858160000644476]]
7369036	[1, [0.0004643393087274683, 0.9995356606912725]]
96294585	[1, [0.018226742554644293, 0.9817732574453557]]
9111600	[1, [0.0053348434851263615, 0.9946651565148736]]
65170631	[1, [0.010437666691076375, 0.9895623333089236]]
65177329	[1, [0.026193600324312838, 0.9738063996756872]]
9126404	[1, [0.03176973840510999, 0.96823026159489]]
6431003	[1, [0.00844851682326353, 0.9915514831767365]]
36053949	[1, [0.006776070173686866, 0.9932239298263131]]
48826016	[1, [0.006568520589820159, 0.9934314794101798]]
9213583	[1, [0.005007363349706084, 0.9949926366502939]]
19279906	[1, [6.330492368700202e-05, 0.999936695076313]]
9126870	[1, [0.0473327189201157, 0.9526672810798843]]
21771048	[1, [0.00880453120498259, 0.9911954687950174]]
48953174	[1, [0.002575640120667022, 0.997424359879333]]
22199959	[1, [0.002037352512203938, 0.9979626474877961]]
42013602	[1, [0.004111491481688101, 0.9958885085183119]]
7351347	[1, [0.010783170406431397, 0.9892168295935686]]
73379461	[1, [0.029621458855514593, 0.9703785411444854]]
59128133	[1, [0.012144330854271579, 0.9878556691457284]]
5579483	[1, [0.047123019936546884, 0.9528769800634531]]
7354622	[1, [0.0028578132160193004, 0.9971421867839807]]
6435400	[1, [2.7561269070441874e-05, 0.9999724387309296]]
30806534	[1, [0.014938350933329847, 0.9850616490666702]]
6095762	[1, [0.011561778966192482, 0.9884382210338075]]
22600431	[1, [0.030126025133375922, 0.9698739748666241]]
7175840	[1, [0.0012341356575633622, 0.9987658643424366]]
56852389	[1, [0.005725208778919244, 0.9942747912210808]]
56335672	[1, [0.00012226866630304922, 0.999877731333697]]
41341013	[1, [0.0029764786254445896, 0.9970235213745554]]
6089152	[1, [0.01240060553055422, 0.9875993944694458]]
7970480	[1, [0.00555953272036902, 0.994440467279631]]
6095502	[1, [0.003362111544758517, 0.9966378884552415]]
7177114	[1, [0.006241148488866366, 0.9937588515111336]]
38590411	[1, [0.016653556209117792, 0.9833464437908822]]
6089445	[1, [2.750607574641961e-05, 0.9999724939242536]]
6094835	[1, [0.012857055191613398, 0.9871429448083866]]
7115026	[1, [0.009325143642860523, 0.9906748563571395]]
7970616	[1, [0.03881415278846423, 0.9611858472115358]]
7354376	[1, [0.018970256348602166, 0.9810297436513978]]
7115690	[1, [0.005704005716904548, 0.9942959942830955]]
7174158	[1, [0.0001582466882152911, 0.9998417533117847]]
6088903	[1, [0.012011845547808764, 0.9879881544521912]]
7644663	[1, [0.0007285411455580926, 0.9992714588544419]]
98188472	[1, [0.0014200120146496964, 0.9985799879853503]]
99242356	[1, [0.0013371578040668464, 0.9986628421959332]]
6095006	[1, [0.0003646202211923244, 0.9996353797788077]]
6094749	[1, [0.0028578132160193004, 0.9971421867839807]]
33974486	[1, [0.011533948359477741, 0.9884660516405223]]
7961560	[1, [0.01167846246903459, 0.9883215375309654]]
27176063	[1, [0.013982967687378167, 0.9860170323126218]]
58847020	[1, [0.003632726537721176, 0.9963672734622788]]
7963099	[1, [2.95344859679858e-10, 0.9999999997046551]]
34458476	[1, [0.03611848645427529, 0.9638815135457247]]
27150804	[1, [0.0015224320203879316, 0.9984775679796121]]
9251461	[1, [0.012095713490527848, 0.9879042865094722]]
7963499	[1, [0.02092716894226454, 0.9790728310577355]]
7961791	[1, [6.876787446929988e-06, 0.9999931232125531]]
6969086	[1, [0.0018581029245927638, 0.9981418970754072]]
33936388	[1, [0.029298427160293072, 0.9707015728397069]]
7744862	[1, [0.0006945275418350771, 0.9993054724581649]]
33932442	[1, [0.04461638929797718, 0.9553836107020228]]
6966088	[1, [0.0015705610042509033, 0.9984294389957491]]
6964520	[1, [0.008068307578804168, 0.9919316924211958]]
34450411	[1, [0.004520081858113034, 0.995479918141887]]
58802355	[1, [0.0009222900908194553, 0.9990777099091805]]
76369305	[1, [0.005648999409673894, 0.9943510005903261]]
9222730	[1, [0.01237185364600013, 0.9876281463539999]]
7963289	[1, [0.0057599973102872015, 0.9942400026897128]]
71513431	[1, [0.03516293091940503, 0.964837069080595]]
7743194	[1, [0.015183259456642895, 0.9848167405433571]]
7961878	[1, [0.015132646659551718, 0.9848673533404483]]
6154499	[1, [2.8483660719058612e-05, 0.9999715163392809]]
33220338	[1, [0.0024074798652911067, 0.9975925201347089]]
7122082	[1, [0.0027324820186729326, 0.9972675179813271]]
31841428	[1, [0.00789870757350375, 0.9921012924264963]]
33204295	[1, [0.031182638209490854, 0.9688173617905091]]
78847070	[1, [0.0008957525122275101, 0.9991042474877725]]
33230647	[1, [0.0005214768605773523, 0.9994785231394226]]
65243064	[1, [0.010576360649680483, 0.9894236393503195]]
17597408	[1, [0.033651685763787076, 0.9663483142362129]]
76158857	[1, [0.04589322383695671, 0.9541067761630433]]
6213746	[1, [0.0016381646166797603, 0.9983618353833202]]
6155418	[1, [8.551724145489104e-07, 0.9999991448275855]]
59934936	[1, [0.01017264869452461, 0.9898273513054754]]
29524494	[1, [0.005637530066742169, 0.9943624699332578]]
7958913	[1, [0.00016557162373476153, 0.9998344283762652]]
7738699	[1, [0.0013623296613493041, 0.9986376703386507]]
6286130	[1, [0.002814039239884103, 0.9971859607601159]]
9046075	[1, [0.01719027430450426, 0.9828097256954957]]
43644917	[1, [0.0015345069836314451, 0.9984654930163686]]
43648453	[1, [0.0014316322265165438, 0.9985683677734835]]
91712974	[1, [0.029667164722169015, 0.970332835277831]]
7998986	[1, [0.0006597653300060013, 0.999340234669994]]
85221534	[1, [0.004542353246015485, 0.9954576467539845]]
9209534	[1, [0.04416268637903453, 0.9558373136209655]]
5743514	[1, [0.0005383331709041261, 0.9994616668290959]]
9271427	[1, [0.00025986754544282675, 0.9997401324545572]]
9270405	[1, [0.007108710876038593, 0.9928912891239614]]
6842839	[1, [1.2740797751598087e-05, 0.9999872592022484]]
60859733	[1, [0.049459470993391985, 0.950540529006608]]
9046640	[1, [0.01163000411884485, 0.9883699958811552]]
6507983	[1, [0.017766557403310568, 0.9822334425966894]]
7681728	[1, [0.0003039157659159297, 0.9996960842340841]]
6424047	[1, [0.0008308221705149998, 0.999169177829485]]
6511389	[1, [3.4354874237307875e-05, 0.9999656451257627]]
6511959	[1, [0.0057730573732234225, 0.9942269426267766]]
9082278	[1, [0.032436766980945664, 0.9675632330190543]]
24884927	[1, [0.002866665239256161, 0.9971333347607438]]
7918395	[1, [0.0002482692999563607, 0.9997517307000436]]
31499187	[1, [0.004415901407126777, 0.9955840985928732]]
83573070	[1, [0.009396979683714335, 0.9906030203162857]]
6509821	[1, [0.018965834994375985, 0.981034165005624]]
7938829	[1, [0.04625523241310869, 0.9537447675868913]]
57239251	[1, [0.0380427533169706, 0.9619572466830294]]
24923381	[1, [0.021685836547059467, 0.9783141634529405]]
7989280	[1, [0.02045774919207355, 0.9795422508079265]]
7824250	[1, [0.0036515800227888695, 0.9963484199772111]]
9082099	[1, [0.0468294692739617, 0.9531705307260383]]
82529854	[1, [0.0009235003537999553, 0.9990764996462]]
9077991	[1, [0.010724407378755463, 0.9892755926212445]]
57239571	[1, [8.109934157340959e-06, 0.9999918900658427]]
75878818	[1, [0.0015611175230657581, 0.9984388824769342]]
6511207	[1, [0.005963915385978513, 0.9940360846140215]]
6512322	[1, [0.03171865138302221, 0.9682813486169778]]
75582364	[1, [0.011607958240627991, 0.988392041759372]]
48362257	[1, [0.0005674136522150208, 0.999432586347785]]
7021587	[1, [0.03588083060293146, 0.9641191693970685]]
9113904	[1, [0.01589267865325872, 0.9841073213467413]]
7790968	[1, [0.005493719441885481, 0.9945062805581145]]
57381420	[1, [0.01124047638354031, 0.9887595236164597]]
74470079	[1, [0.028891699207056254, 0.9711083007929437]]
9114684	[1, [0.0011326185326162586, 0.9988673814673837]]
55756753	[1, [0.02573475346637799, 0.974265246533622]]
63203644	[1, [0.006869940453835266, 0.9931300595461647]]
7791827	[1, [0.0018494351299529477, 0.998150564870047]]
56452782	[1, [0.00018126704088328172, 0.9998187329591167]]
22524557	[1, [0.013811596342455434, 0.9861884036575446]]
22517460	[1, [0.0029033728529962444, 0.9970966271470038]]
44809809	[1, [0.006050177141646129, 0.9939498228583539]]
22549065	[1, [0.007052933658084237, 0.9929470663419158]]
7027946	[1, [0.008154502235011685, 0.9918454977649883]]
6957421	[1, [0.04784730421764327, 0.9521526957823567]]
6954085	[1, [0.0008653972434395918, 0.9991346027565604]]
6957500	[1, [5.519846781876225e-07, 0.9999994480153218]]
94495106	[1, [0.008772493135519532, 0.9912275068644805]]
6525321	[1, [0.027649100730036902, 0.9723508992699631]]
45056467	[1, [0.002718514443037834, 0.9972814855569622]]
6823556	[1, [0.030488349457790442, 0.9695116505422096]]
42204198	[1, [0.0075187980944096955, 0.9924812019055903]]
61102386	[1, [0.02494060601725523, 0.9750593939827448]]
6957198	[1, [0.01631755054413775, 0.9836824494558623]]
6953684	[1, [0.008617400531064523, 0.9913825994689355]]
6955948	[1, [0.0008653972434395918, 0.9991346027565604]]
6529736	[1, [0.0020662711477730245, 0.997933728852227]]
7470981	[1, [8.654890061887688e-05, 0.9999134510993811]]
6033406	[1, [0.0038946501122743005, 0.9961053498877257]]
7599348	[1, [0.0027726008110441347, 0.9972273991889559]]
7596738	[1, [0.0016123053412567812, 0.9983876946587432]]
6164064	[1, [0.0007196678387373368, 0.9992803321612627]]
6034254	[1, [0.005355913549722091, 0.9946440864502779]]
7601088	[1, [0.010949481725024302, 0.9890505182749757]]
7491139	[1, [0.0008638491503455414, 0.9991361508496545]]
48593740	[1, [0.04309156210861054, 0.9569084378913895]]
46790074	[1, [0.0393895670008797, 0.9606104329991203]]
79006743	[1, [0.0023346557075331065, 0.9976653442924669]]
7723078	[1, [0.00021687429629346777, 0.9997831257037065]]
7600115	[1, [0.01004989264223366, 0.9899501073577663]]
7789049	[1, [0.0004942541823208524, 0.9995057458176791]]
9042720	[1, [0.00856450271639686, 0.9914354972836031]]
6036988	[1, [0.0072261595923373, 0.9927738404076627]]
6034790	[1, [0.0031999434866636367, 0.9968000565133364]]
6037283	[1, [5.545571340426214e-05, 0.9999445442865957]]
7562501	[1, [0.04600349594872022, 0.9539965040512798]]
7723008	[1, [0.002385900907984184, 0.9976140990920158]]
6037900	[1, [9.514582264280591e-07, 0.9999990485417736]]
51638907	[1, [0.0005751698162159702, 0.999424830183784]]
77108600	[1, [0.02370874129177636, 0.9762912587082236]]
7733837	[1, [0.01841265650983326, 0.9815873434901667]]
13111922	[1, [0.026884160356692943, 0.9731158396433071]]
23455146	[1, [0.04660018146279565, 0.9533998185372043]]
7733203	[1, [0.00013072949418313495, 0.9998692705058169]]
23487081	[1, [0.0008676842869792534, 0.9991323157130207]]
9236917	[1, [0.043798053973896134, 0.9562019460261039]]
68644525	[1, [0.027346904166569375, 0.9726530958334306]]
35266771	[1, [0.0016843964451145332, 0.9983156035548855]]
5795705	[1, [7.620544690989384e-05, 0.9999237945530901]]
7663502	[1, [0.027428029911774843, 0.9725719700882252]]
5511893	[1, [1.607037316553317e-06, 0.9999983929626834]]
48486984	[1, [0.010301078206626402, 0.9896989217933736]]
95626121	[1, [0.030557589556735265, 0.9694424104432647]]
5511898	[1, [0.0016582727902345606, 0.9983417272097654]]
23900588	[1, [0.005981338090274901, 0.9940186619097251]]
9054631	[1, [0.009160435085930452, 0.9908395649140695]]
81076886	[1, [0.034190626409524416, 0.9658093735904756]]
81087267	[1, [0.03898751340490769, 0.9610124865950923]]
9277926	[1, [0.04740449623050946, 0.9525955037694905]]
40643932	[1, [0.010345877146171745, 0.9896541228538283]]
5511497	[1, [0.005613970843940996, 0.994386029156059]]
6039357	[1, [0.0299261787894054, 0.9700738212105946]]
7951525	[1, [9.514582264280591e-07, 0.9999990485417736]]
69347869	[1, [0.004085654228628055, 0.995914345771372]]
6041584	[1, [0.013288299424682126, 0.9867117005753179]]
28229290	[1, [0.007857517392413915, 0.9921424826075861]]
6041365	[1, [0.0001439212089119346, 0.9998560787910881]]
6039266	[1, [0.001754161911657004, 0.998245838088343]]
55488489	[1, [0.012278770804700634, 0.9877212291952994]]
6039907	[1, [0.02380613714541857, 0.9761938628545814]]
99365707	[1, [0.04060945407846217, 0.9593905459215378]]
84807104	[1, [0.03842869383730163, 0.9615713061626984]]
98865604	[1, [0.005640349996592686, 0.9943596500034073]]
91216065	[1, [0.0009416270044543262, 0.9990583729955457]]
7068554	[1, [0.024585002420096203, 0.9754149975799038]]
6948433	[1, [0.0016356644473467519, 0.9983643355526532]]
9253749	[1, [0.015516456193929162, 0.9844835438060708]]
9118999	[1, [0.011316498353360571, 0.9886835016466394]]
9118346	[1, [0.004730850923912122, 0.9952691490760879]]
6948623	[1, [0.0008365338560899493, 0.99916346614391]]
6438908	[1, [0.00033177677324014443, 0.9996682232267599]]
7132547	[1, [1.3946244770135507e-07, 0.9999998605375523]]
6588097	[1, [0.002411357983038709, 0.9975886420169613]]
7512390	[1, [0.0011261120795155177, 0.9988738879204845]]
7512671	[1, [0.007827918980574222, 0.9921720810194258]]
51957485	[1, [0.009385434003768789, 0.9906145659962312]]
51904284	[1, [2.2046379033136e-05, 0.9999779536209669]]
36238389	[1, [0.0426624145392791, 0.9573375854607209]]
21425788	[1, [7.924677185022766e-06, 0.999992075322815]]
7014545	[1, [0.0024152863464448338, 0.9975847136535552]]
7133647	[1, [7.001967894382233e-10, 0.9999999992998032]]
7843178	[1, [0.00019277208332724172, 0.9998072279166728]]
36244570	[1, [0.03297240483512498, 0.967027595164875]]
7065050	[1, [0.019561734853571155, 0.9804382651464288]]
7014310	[1, [0.023040195444103184, 0.9769598045558968]]
7065647	[1, [0.00077196405043789, 0.9992280359495621]]
7135306	[1, [2.66619637478982e-09, 0.9999999973338036]]
86146814	[1, [0.00011733829342286395, 0.9998826617065771]]
9020623	[1, [0.008432510351359723, 0.9915674896486403]]
9044222	[1, [0.017939679732045466, 0.9820603202679545]]
44407967	[1, [0.03851238909355048, 0.9614876109064495]]
5921727	[1, [0.0345837496020881, 0.9654162503979119]]
42115642	[1, [0.007076206117344497, 0.9929237938826555]]
9044119	[1, [0.03298563684132516, 0.9670143631586748]]
9043926	[1, [0.021703908653025517, 0.9782960913469745]]
16543208	[1, [7.011307671223044e-06, 0.9999929886923288]]
5922619	[1, [0.030171629475915562, 0.9698283705240844]]
19885299	[1, [0.019435666553830666, 0.9805643334461693]]
83351601	[1, [0.0013377861217989118, 0.9986622138782011]]
9076833	[1, [0.029015053298498406, 0.9709849467015016]]
7620741	[1, [0.023682175844780495, 0.9763178241552195]]
53996625	[1, [0.008863827159874438, 0.9911361728401256]]
53982433	[1, [0.015673521732233686, 0.9843264782677663]]
5152582	[1, [0.0003196849252534717, 0.9996803150747465]]
5151217	[1, [0.005561072736898542, 0.9944389272631015]]
23638126	[1, [0.04913703324436969, 0.9508629667556303]]
20339676	[1, [0.0029417397925924904, 0.9970582602074075]]
9238813	[1, [0.04871818777551917, 0.9512818122244808]]
85481631	[1, [0.04167612356963224, 0.9583238764303678]]
38817621	[1, [0.005853298369809301, 0.9941467016301907]]
30436524	[1, [0.014234148766206434, 0.9857658512337936]]
68884397	[1, [0.006455116027823782, 0.9935448839721762]]
68934003	[1, [0.0002723662150240225, 0.999727633784976]]
70497878	[1, [0.023083847885609465, 0.9769161521143905]]
53981377	[1, [0.00785066440421911, 0.9921493355957809]]
46549834	[1, [0.036022330125216606, 0.9639776698747834]]
68807321	[1, [0.022624767573210303, 0.9773752324267897]]
5181020	[1, [6.254996520738132e-13, 0.9999999999993745]]
92660219	[1, [0.037616313363255216, 0.9623836866367448]]
5181350	[1, [0.001300733467983095, 0.9986992665320169]]
5186596	[1, [2.750607574641961e-05, 0.9999724939242536]]
5185708	[1, [0.03598196082101135, 0.9640180391789887]]
5186969	[1, [0.0015494475086211823, 0.9984505524913788]]
5957104	[1, [0.007154293654811905, 0.9928457063451881]]
5181384	[1, [0.0024711301465295543, 0.9975288698534704]]
77326779	[1, [0.004893923034184677, 0.9951060769658153]]
69829566	[1, [0.008262992977244976, 0.991737007022755]]
5180583	[1, [7.866197893058313e-08, 0.9999999213380211]]
34006080	[1, [0.0024252538337952156, 0.9975747461662048]]
5957315	[1, [0.033143831323754314, 0.9668561686762457]]
6571956	[1, [0.0129311590129495, 0.9870688409870505]]
59461268	[1, [0.000465975178684519, 0.9995340248213155]]
5175587	[1, [0.001492050233524056, 0.9985079497664759]]
64496971	[1, [0.037492147504114004, 0.962507852495886]]
6771252	[1, [0.000629691300529811, 0.9993703086994702]]
70363650	[1, [0.0030803444639310174, 0.996919655536069]]
9280798	[1, [0.00433148870138278, 0.9956685112986172]]
94338595	[1, [0.002752910554322918, 0.9972470894456771]]
5305929	[1, [0.03275531229950834, 0.9672446877004917]]
75068563	[1, [0.00045127851754112047, 0.9995487214824589]]
54512814	[1, [0.0063018656070829016, 0.9936981343929171]]
5652789	[1, [0.024367437252090562, 0.9756325627479094]]
74302777	[1, [0.016466965837243608, 0.9835330341627564]]
55527963	[1, [0.008396775334222006, 0.991603224665778]]
84922143	[1, [0.0012628583316750541, 0.998737141668325]]
39719831	[1, [0.049176250769272345, 0.9508237492307277]]
33855758	[1, [0.003535517969666002, 0.996464482030334]]
43787191	[1, [0.001811785336533589, 0.9981882146634664]]
72569506	[1, [8.111895445761519e-05, 0.9999188810455424]]
66213102	[1, [0.000769278303406784, 0.9992307216965932]]
5963506	[1, [5.024440569600941e-06, 0.9999949755594304]]
5771562	[1, [0.018397200782126255, 0.9816027992178737]]
74428181	[1, [0.004553452381579781, 0.9954465476184202]]
6364064	[1, [2.052533191188033e-07, 0.9999997947466809]]
6364927	[1, [0.00633364085266741, 0.9936663591473326]]
15516791	[1, [0.000972452468756213, 0.9990275475312438]]
9226953	[1, [0.023950523434802973, 0.976049476565197]]
66243831	[1, [0.03859442006054592, 0.9614055799394541]]
10253876	[1, [0.0076135907544579995, 0.992386409245542]]
66251240	[1, [1.7022173124603412e-05, 0.9999829778268754]]
9119604	[1, [0.002749482159672967, 0.997250517840327]]
9120005	[1, [0.0012279504950755138, 0.9987720495049245]]
76205621	[1, [0.041554270413610594, 0.9584457295863894]]
7981396	[1, [0.004993906696799333, 0.9950060933032007]]
7688030	[1, [0.03448222456279382, 0.9655177754372062]]
5238374	[1, [0.0032820071773937975, 0.9967179928226062]]
5469799	[1, [1.6482334808332055e-05, 0.9999835176651917]]
23511978	[1, [0.045884326100061434, 0.9541156738999386]]
56890470	[1, [0.03442256139279809, 0.9655774386072019]]
68684143	[1, [0.0013091372776270482, 0.998690862722373]]
7686747	[1, [1.4885099086647813e-07, 0.9999998511490091]]
7180935	[1, [0.000258999321075537, 0.9997410006789245]]
84066645	[1, [0.007054514990717298, 0.9929454850092827]]
86342530	[1, [0.0005279613118505111, 0.9994720386881495]]
5241217	[1, [1.0509210313092154e-07, 0.9999998949078969]]
7180481	[1, [1.685161777975619e-05, 0.9999831483822202]]
11930714	[1, [0.0017404031392492803, 0.9982595968607507]]
7880565	[1, [0.018107575437377288, 0.9818924245626227]]
23950156	[1, [0.020970468097818995, 0.979029531902181]]
31682471	[1, [0.02572666742321006, 0.9742733325767899]]
25182825	[1, [0.002530368057121146, 0.9974696319428789]]
9000871	[1, [0.015710503670662845, 0.9842894963293372]]
6081629	[1, [0.0063686571479552034, 0.9936313428520448]]
78749924	[1, [0.01549865556806973, 0.9845013444319303]]
11482193	[1, [0.025773631712218803, 0.9742263682877812]]
6431540	[1, [0.006322564547945775, 0.9936774354520542]]
6432257	[1, [0.030873191934667088, 0.9691268080653329]]
49436561	[1, [0.017964827134936967, 0.982035172865063]]
9001381	[1, [0.0013835243517694717, 0.9986164756482305]]
9079000	[1, [0.02972394782268928, 0.9702760521773107]]
61017337	[1, [0.0019925287006454795, 0.9980074712993545]]
53652302	[1, [0.02871761474827994, 0.9712823852517201]]
7998443	[1, [0.0008920506242970916, 0.9991079493757029]]
11962289	[1, [0.0008576676512539461, 0.999142332348746]]
81026402	[1, [0.0006218071023825766, 0.9993781928976174]]
6080216	[1, [4.9176045003873625e-06, 0.9999950823954996]]
6980199	[1, [4.202382314355546e-06, 0.9999957976176856]]
98672435	[1, [0.0010832718925404272, 0.9989167281074596]]
97314700	[1, [0.0048699353431983505, 0.9951300646568016]]
7931350	[1, [0.01200171333340505, 0.987998286666595]]
37983126	[1, [0.0006188431124938276, 0.9993811568875062]]
16680400	[1, [0.041030414593740905, 0.9589695854062591]]
16013975	[1, [0.0015786811434271852, 0.9984213188565728]]
9075242	[1, [0.011706504629063863, 0.9882934953709361]]
7726135	[1, [0.00029169128607986483, 0.9997083087139201]]
9286027	[1, [0.010380302887080362, 0.9896196971129196]]
98713551	[1, [0.00018530754115475556, 0.9998146924588452]]
45881736	[1, [0.0017711042277671618, 0.9982288957722328]]
32273941	[1, [0.027619756693426534, 0.9723802433065735]]
7045055	[1, [0.006012740977612285, 0.9939872590223877]]
7954097	[1, [4.732211810187792e-07, 0.999999526778819]]
21182382	[1, [0.012490880626568557, 0.9875091193734314]]
19240222	[1, [0.0458032500607608, 0.9541967499392392]]
21526889	[1, [0.04039852125887078, 0.9596014787411292]]
21211558	[1, [0.0005516363319806317, 0.9994483636680194]]
6144469	[1, [0.007459424067086995, 0.992540575932913]]
61170496	[1, [0.008431775103483696, 0.9915682248965163]]
7041479	[1, [4.120195724832687e-05, 0.9999587980427517]]
54146205	[1, [0.0013068091811867522, 0.9986931908188132]]
65659791	[1, [0.037006200386070276, 0.9629937996139297]]
36196743	[1, [0.0012377875636633284, 0.9987622124363367]]
7048548	[1, [0.015132646659551718, 0.9848673533404483]]
6949902	[1, [0.00029517572875137343, 0.9997048242712486]]
7506056	[1, [0.03891055142906241, 0.9610894485709376]]
87767797	[1, [0.04036407615276816, 0.9596359238472318]]
12334499	[1, [0.0012235397786516389, 0.9987764602213484]]
9042147	[1, [0.017765459871151967, 0.982234540128848]]
6986137	[1, [0.0019478477204037947, 0.9980521522795962]]
7436656	[1, [0.003485557914287951, 0.996514442085712]]
67613408	[1, [0.0009928500221234593, 0.9990071499778765]]
5767581	[1, [0.026119592138625913, 0.9738804078613741]]
6986770	[1, [0.005344859526174139, 0.9946551404738259]]
7960448	[1, [0.004996835374471376, 0.9950031646255286]]
6987120	[1, [0.0007012555242782437, 0.9992987444757218]]
66346015	[1, [5.1582521825355165e-05, 0.9999484174781746]]
5161253	[1, [2.516147290521076e-10, 0.9999999997483853]]
31405729	[1, [0.004974720680510858, 0.9950252793194891]]
38409509	[1, [0.011570936525290731, 0.9884290634747093]]
5765874	[1, [6.480065050551431e-06, 0.9999935199349494]]
5769311	[1, [0.04170627207388711, 0.9582937279261129]]
9283839	[1, [0.009063186459416617, 0.9909368135405834]]
5160193	[1, [0.0002064791839961888, 0.9997935208160038]]
5160141	[1, [0.0001593685821472679, 0.9998406314178527]]
77644691	[1, [0.0018233514482177693, 0.9981766485517822]]
5209247	[1, [0.031180738605190994, 0.968819261394809]]
18421935	[1, [0.0017261175941868379, 0.9982738824058132]]
7365682	[1, [0.000985160956242237, 0.9990148390437578]]
78325900	[1, [0.0056683580988536875, 0.9943316419011463]]
26311743	[1, [0.01618062101830775, 0.9838193789816922]]
6135566	[1, [0.015805839226211704, 0.9841941607737883]]
5211150	[1, [0.0009101572051773976, 0.9990898427948226]]
7875324	[1, [0.020003629550075952, 0.979996370449924]]
77930580	[1, [0.017619249368511225, 0.9823807506314888]]
91416812	[1, [0.04690586705556499, 0.953094132944435]]
37817555	[1, [0.005820808768231989, 0.994179191231768]]
6047517	[1, [1.3324674696946204e-11, 0.9999999999866753]]
9313840	[1, [0.000661585278082355, 0.9993384147219176]]
74622344	[1, [0.0011208235157452728, 0.9988791764842547]]
74662943	[1, [0.042174868089006945, 0.957825131910993]]
78324084	[1, [3.4101948676257265e-05, 0.9999658980513237]]
26295814	[1, [0.003146669348300102, 0.9968533306516999]]
9233446	[1, [0.04571143071386674, 0.9542885692861333]]
7898617	[1, [0.0052272394220713725, 0.9947727605779286]]
6782693	[1, [0.014087740757865896, 0.9859122592421341]]
46143746	[1, [0.027307134983895698, 0.9726928650161043]]
9215656	[1, [0.0001944187672611175, 0.9998055812327389]]
7605386	[1, [0.008946915525153143, 0.9910530844748469]]
7606778	[1, [0.010603939432609955, 0.98939606056739]]
32519799	[1, [0.008212259191587634, 0.9917877408084124]]
71555912	[1, [0.03993624795687711, 0.9600637520431229]]
7788738	[1, [7.344318626445467e-05, 0.9999265568137355]]
34949009	[1, [0.040058645468045495, 0.9599413545319545]]
5118904	[1, [0.009417518322473173, 0.9905824816775268]]
7606492	[1, [0.038772625091003654, 0.9612273749089963]]
7795812	[1, [0.0038518649470715705, 0.9961481350529284]]
75393911	[1, [7.5205508341946725e-06, 0.9999924794491658]]
7902780	[1, [0.03327553938298855, 0.9667244606170114]]
7902897	[1, [0.0003452567248025673, 0.9996547432751974]]
6971187	[1, [0.0010247385582480284, 0.998975261441752]]
74168127	[1, [5.2660700885387435e-05, 0.9999473392991146]]
6970400	[1, [0.0021329744480700352, 0.99786702555193]]
7958016	[1, [2.915007124570934e-08, 0.9999999708499288]]
74251200	[1, [0.03300307091765786, 0.9669969290823421]]
7079921	[1, [0.012603418560707347, 0.9873965814392927]]
18122856	[1, [0.03451798585840171, 0.9654820141415983]]
7887248	[1, [0.0010410539360544702, 0.9989589460639455]]
92186381	[1, [0.006800670946675025, 0.993199329053325]]
92969607	[1, [0.024778776455352536, 0.9752212235446475]]
10551939	[1, [0.011998002456978352, 0.9880019975430216]]
20693390	[1, [0.00724557875985099, 0.992754421240149]]
18108132	[1, [0.004074535373147392, 0.9959254646268526]]
7091806	[1, [0.0020545201986570394, 0.997945479801343]]
7088587	[1, [0.0032463705490146655, 0.9967536294509853]]
74282451	[1, [0.005911591802440053, 0.99408840819756]]
6972669	[1, [0.0014426661621667058, 0.9985573338378333]]
7957878	[1, [0.002919362906147027, 0.997080637093853]]
7078182	[1, [0.008051533816661571, 0.9919484661833384]]
92983122	[1, [0.04633510563041665, 0.9536648943695833]]
58642491	[1, [3.273215197518997e-05, 0.9999672678480248]]
80180051	[1, [0.020813123722287385, 0.9791868762777126]]
9003261	[1, [0.0008920506242970916, 0.9991079493757029]]
6973777	[1, [0.0019478477204037947, 0.9980521522795962]]
24782170	[1, [0.0006000922827630317, 0.999399907717237]]
7886845	[1, [1.8140229457674906e-05, 0.9999818597705423]]
24984067	[1, [0.0005768843386927403, 0.9994231156613073]]
51712863	[1, [0.005425929100055793, 0.9945740708999442]]
7785052	[1, [0.01085361356308956, 0.9891463864369104]]
18090570	[1, [0.009412755670270556, 0.9905872443297294]]
96414255	[1, [0.03281375170735812, 0.9671862482926419]]
9135318	[1, [0.0011363425677316519, 0.9988636574322683]]
43422435	[1, [0.035830632504118554, 0.9641693674958814]]
46693831	[1, [0.002318027417204771, 0.9976819725827952]]
7617883	[1, [0.010553686045108535, 0.9894463139548915]]
6997661	[1, [1.0216770962578892e-07, 0.9999998978322904]]
97495961	[1, [0.0008236167249832116, 0.9991763832750168]]
6999693	[1, [7.13763097515141e-08, 0.9999999286236902]]
6997949	[1, [4.202382314355546e-06, 0.9999957976176856]]
6997850	[1, [5.519846781876225e-07, 0.9999994480153218]]
76032360	[1, [0.0005819028892154465, 0.9994180971107846]]
7582560	[1, [0.03649083328163982, 0.9635091667183602]]
7618953	[1, [0.002554739711902565, 0.9974452602880974]]
11611028	[1, [5.12424604214301e-05, 0.9999487575395786]]
46095107	[1, [0.025583513869581687, 0.9744164861304183]]
9142230	[1, [0.00816623846938258, 0.9918337615306174]]
86816296	[1, [0.0025912476804751394, 0.9974087523195249]]
75983108	[1, [0.005957527817945785, 0.9940424721820542]]
7616580	[1, [0.03891055142906241, 0.9610894485709376]]
7617291	[1, [0.02765669304229834, 0.9723433069577017]]
7000796	[1, [0.00046448486436412306, 0.9995355151356359]]
11586996	[1, [0.0056683580988536875, 0.9943316419011463]]
57531768	[1, [0.00591724811507266, 0.9940827518849273]]
34529444	[1, [0.0065086841407097085, 0.9934913158592903]]
9243246	[1, [0.030372062564349878, 0.9696279374356501]]
51286048	[1, [3.454543430470025e-05, 0.9999654545656953]]
9243705	[1, [0.04227996779060106, 0.9577200322093989]]
9244039	[1, [0.03569665392907029, 0.9643033460709297]]
57480465	[1, [0.010038552337537143, 0.9899614476624629]]
7592519	[1, [0.026558800551658712, 0.9734411994483413]]
32847176	[1, [0.018277558380374703, 0.9817224416196253]]
73119901	[1, [0.02754224479541556, 0.9724577552045844]]
7685728	[1, [0.00038048987482919294, 0.9996195101251708]]
7684000	[1, [4.5081367527899374e-09, 0.9999999954918632]]
11341498	[1, [0.002964554553756882, 0.9970354454462431]]
52326197	[1, [0.011323770070835626, 0.9886762299291644]]
85656720	[1, [0.0041231254359271885, 0.9958768745640728]]
81735647	[1, [0.0013028907191766637, 0.9986971092808233]]
7195038	[1, [2.6480706516451846e-10, 0.9999999997351929]]
71629392	[1, [0.011286703156786593, 0.9887132968432134]]
47642787	[1, [0.012079808316697527, 0.9879201916833025]]
74790948	[1, [0.01898441883994617, 0.9810155811600538]]
75955659	[1, [0.004818573572936802, 0.9951814264270632]]
5846119	[1, [3.8958125878507666e-05, 0.9999610418741215]]
85640977	[1, [0.007052933658084237, 0.9929470663419158]]
7191054	[1, [0.0011491780068605406, 0.9988508219931395]]
9048867	[1, [0.012480305241732492, 0.9875196947582675]]
74768024	[1, [0.0003911506127856068, 0.9996088493872144]]
5219764	[1, [0.007620018805519657, 0.9923799811944803]]
7723878	[1, [1.1969628149199885e-05, 0.9999880303718508]]
5221337	[1, [0.02576264565912567, 0.9742373543408743]]
7724276	[1, [0.004703498002018747, 0.9952965019979813]]
16735047	[1, [0.0010644099568485332, 0.9989355900431515]]
47678186	[1, [0.005346347106475857, 0.9946536528935241]]
73223768	[1, [0.001838438139094678, 0.9981615618609053]]
6718482	[1, [0.0021417240567159768, 0.997858275943284]]
84181001	[1, [0.00030056795007271653, 0.9996994320499273]]
7144465	[1, [0.0023493064790971463, 0.9976506935209029]]
63547321	[1, [0.010763030935187046, 0.989236969064813]]
36631848	[1, [0.0005076500531460137, 0.999492349946854]]
14837416	[1, [0.000724603075026975, 0.999275396924973]]
14812483	[1, [0.008021864782233767, 0.9919781352177662]]
6845004	[1, [0.0005573224651672648, 0.9994426775348327]]
96337500	[1, [0.021597156621511737, 0.9784028433784883]]
7429661	[1, [0.00015367796731025063, 0.9998463220326897]]
7736082	[1, [0.010231565240154006, 0.989768434759846]]
9148499	[1, [0.0374816744879507, 0.9625183255120493]]
5140318	[1, [0.006854203912718959, 0.993145796087281]]
82312534	[1, [0.005752410017734855, 0.9942475899822651]]
7737128	[1, [0.013254751527987274, 0.9867452484720127]]
7794107	[1, [0.010998658923258686, 0.9890013410767413]]
7966794	[1, [0.027437590385867683, 0.9725624096141323]]
7149343	[1, [0.00046599772739197576, 0.999534002272608]]
7143403	[1, [2.749324305073575e-05, 0.9999725067569493]]
71800008	[1, [0.0073776495251163254, 0.9926223504748837]]
96331863	[1, [0.030208321741686417, 0.9697916782583136]]
7793620	[1, [0.0026585091819216755, 0.9973414908180783]]
69249936	[1, [0.0017714277978637671, 0.9982285722021362]]
7411283	[1, [0.008624259014101465, 0.9913757409858985]]
6083830	[1, [5.545571340426214e-05, 0.9999445442865957]]
52124117	[1, [0.01017264869452461, 0.9898273513054754]]
6088667	[1, [0.0021103277427011458, 0.9978896722572989]]
6084343	[1, [0.012103830543328087, 0.9878961694566719]]
9011118	[1, [0.010377886026661676, 0.9896221139733383]]
9010489	[1, [0.0028713597765653853, 0.9971286402234346]]
6099363	[1, [0.01260430641872734, 0.9873956935812727]]
29091441	[1, [0.024260963673043867, 0.9757390363269561]]
6085497	[1, [8.024566362507812e-07, 0.9999991975433637]]
33336681	[1, [0.0012573110273083055, 0.9987426889726917]]
6083009	[1, [0.002225188133617273, 0.9977748118663827]]
58288015	[1, [0.011418502667798092, 0.9885814973322019]]
5689229	[1, [3.032555955018168e-06, 0.999996967444045]]
6813008	[1, [0.007313182958611164, 0.9926868170413888]]
7409289	[1, [0.019443198624700564, 0.9805568013752994]]
75009694	[1, [0.024629534255886987, 0.975370465744113]]
9010495	[1, [0.00844851682326353, 0.9915514831767365]]
6088451	[1, [0.00010880732186335784, 0.9998911926781366]]
52219996	[1, [0.011931258799537381, 0.9880687412004626]]
7159282	[1, [0.032388228945881004, 0.967611771054119]]
6099352	[1, [0.03102017475384944, 0.9689798252461506]]
77765133	[1, [0.006549861939197599, 0.9934501380608024]]
92642326	[1, [0.034596027980764, 0.965403972019236]]
7208503	[1, [1.8567147819226193e-11, 0.9999999999814329]]
54241345	[1, [0.006153648511578846, 0.9938463514884212]]
7207558	[1, [0.009113619840423581, 0.9908863801595764]]
92602898	[1, [0.03887359961860637, 0.9611264003813936]]
6874811	[1, [0.02323161167970844, 0.9767683883202916]]
77700561	[1, [0.0006881512882743746, 0.9993118487117256]]
7208915	[1, [0.001955552124587867, 0.9980444478754121]]
49524493	[1, [1.7333811496489382e-05, 0.9999826661885035]]
7362956	[1, [0.0321438076344881, 0.9678561923655119]]
7962860	[1, [0.016079666697157324, 0.9839203333028427]]
53736156	[1, [0.012110740840645007, 0.987889259159355]]
7962652	[1, [0.002267619690906164, 0.9977323803090938]]
46469307	[1, [0.0023955865880669336, 0.9976044134119331]]
7413052	[1, [0.0039592395474873365, 0.9960407604525127]]
12867641	[1, [0.013060202408170074, 0.9869397975918299]]
49981746	[1, [0.0017344648881403302, 0.9982655351118597]]
42540605	[1, [0.007052933658084237, 0.9929470663419158]]
43934505	[1, [0.001970426893115107, 0.9980295731068849]]
81971970	[1, [0.04556081981789062, 0.9544391801821094]]
34254880	[1, [0.014343362574586238, 0.9856566374254138]]
21343679	[1, [0.0053154325064702634, 0.9946845674935297]]
75345927	[1, [0.02434918390454155, 0.9756508160954585]]
88651708	[1, [0.0001466118755566459, 0.9998533881244434]]
9229959	[1, [0.0009320462013797659, 0.9990679537986202]]
5913474	[1, [0.026358912401051482, 0.9736410875989485]]
18867276	[1, [0.02401149553635451, 0.9759885044636455]]
65069053	[1, [0.03251043290922906, 0.9674895670907709]]
7574155	[1, [0.00047906571384037644, 0.9995209342861596]]
44843497	[1, [0.02638894523021096, 0.973611054769789]]
18902679	[1, [0.013996790055486708, 0.9860032099445133]]
44903083	[1, [0.003048963249794645, 0.9969510367502054]]
7727395	[1, [0.0015269990639885656, 0.9984730009360114]]
7167303	[1, [0.008714704963660114, 0.9912852950363399]]
60627727	[1, [0.004434515221208968, 0.995565484778791]]
44889494	[1, [0.0038117287698617996, 0.9961882712301382]]
50426929	[1, [0.014448860729462276, 0.9855511392705377]]
90442396	[1, [0.0021467207687428935, 0.9978532792312571]]
7729104	[1, [1.8859184677144647e-05, 0.9999811408153229]]
27771757	[1, [0.0002995067958696529, 0.9997004932041303]]
7964457	[1, [4.710146539466109e-08, 0.9999999528985346]]
98490544	[1, [4.9277386847568216e-05, 0.9999507226131524]]
48534505	[1, [0.04069139172675551, 0.9593086082732445]]
98440932	[1, [0.0006832471765900738, 0.9993167528234099]]
85032778	[1, [0.022076312905577877, 0.9779236870944221]]
35350795	[1, [0.004758816377181452, 0.9952411836228185]]
5534365	[1, [0.001041036420062591, 0.9989589635799374]]
7038691	[1, [0.011749762477560877, 0.9882502375224391]]
91537128	[1, [0.0001915537755825536, 0.9998084462244174]]
48544650	[1, [0.00014812981361356226, 0.9998518701863864]]
38266518	[1, [0.004953762524364302, 0.9950462374756357]]
68072171	[1, [0.005462633263238481, 0.9945373667367615]]
7897120	[1, [0.0003452567248025673, 0.9996547432751974]]
7893953	[1, [0.0018769215044484033, 0.9981230784955516]]
70110185	[1, [0.002059940451544673, 0.9979400595484553]]
30218204	[1, [0.02018481932146332, 0.9798151806785367]]
6627499	[1, [0.00035496002601898, 0.999645039973981]]
6995037	[1, [0.0015705610042509033, 0.9984294389957491]]
6993083	[1, [0.0011535558995112716, 0.9988464441004887]]
7976474	[1, [3.584571211079357e-06, 0.9999964154287889]]
6241277	[1, [0.047651646234357026, 0.952348353765643]]
9239369	[1, [0.04945703058311357, 0.9505429694168864]]
91589793	[1, [0.007405857301827412, 0.9925941426981726]]
9240107	[1, [0.03463708554370082, 0.9653629144562992]]
6992608	[1, [0.0019478477204037947, 0.9980521522795962]]
43096973	[1, [0.015567465953885251, 0.9844325340461147]]
6995260	[1, [0.0006582257199968522, 0.9993417742800031]]
81159178	[1, [0.020421807450038187, 0.9795781925499618]]
78043307	[1, [0.006625186389189741, 0.9933748136108103]]
6991790	[1, [0.0025922981242535448, 0.9974077018757465]]
78578947	[1, [0.00044122847384087116, 0.9995587715261591]]
9239191	[1, [0.012095713490527848, 0.9879042865094722]]
5750329	[1, [0.019937520360770344, 0.9800624796392297]]
6626828	[1, [0.00030224052179195215, 0.999697759478208]]
75120018	[1, [0.03833410156584949, 0.9616658984341505]]
30231321	[1, [0.004059636632821606, 0.9959403633671784]]
6995064	[1, [0.0023999427820282637, 0.9976000572179717]]
56251340	[1, [0.030825597896113832, 0.9691744021038862]]
28384134	[1, [0.01967864843788858, 0.9803213515621114]]
79300684	[1, [0.03659543251827546, 0.9634045674817245]]
76124836	[1, [0.005204510135747742, 0.9947954898642523]]
7585657	[1, [0.004287155969720735, 0.9957128440302793]]
82176524	[1, [0.0006317136616291741, 0.9993682863383708]]
7583722	[1, [7.020828103554422e-05, 0.9999297917189645]]
67236108	[1, [0.001355601991627875, 0.9986443980083721]]
47627627	[1, [0.035771014384811894, 0.9642289856151881]]
13958390	[1, [0.015680601180565357, 0.9843193988194346]]
6963020	[1, [0.00338644936972754, 0.9966135506302725]]
48143259	[1, [0.010846182381838099, 0.9891538176181619]]
67190539	[1, [0.021480141063307423, 0.9785198589366926]]
9199908	[1, [0.030725240037313806, 0.9692747599626862]]
13934198	[1, [8.869266829658606e-05, 0.9999113073317034]]
47636476	[1, [0.004389178273140781, 0.9956108217268592]]
7588414	[1, [0.001439342050071124, 0.9985606579499289]]
9019891	[1, [0.0062150822180706555, 0.9937849177819293]]
37904424	[1, [0.02368170817404902, 0.976318291825951]]
6959864	[1, [0.0010546037483751824, 0.9989453962516248]]
5473119	[1, [0.019511986597695596, 0.9804880134023044]]
7999809	[1, [0.016268028024044145, 0.9837319719759559]]
5475348	[1, [0.0007616877659837318, 0.9992383122340163]]
7584445	[1, [0.03172227194166799, 0.968277728058332]]
5230069	[1, [0.026459739340515376, 0.9735402606594846]]
7844045	[1, [0.022573057448573963, 0.977426942551426]]
6513248	[1, [0.003990987073472674, 0.9960090129265273]]
7926428	[1, [0.024923355652263002, 0.975076644347737]]
7926234	[1, [0.038213239736257454, 0.9617867602637425]]
91005062	[1, [8.853051311608073e-05, 0.9999114694868839]]
6878223	[1, [0.006072371061602522, 0.9939276289383975]]
98803263	[1, [0.0014251995261765904, 0.9985748004738234]]
7926177	[1, [0.008558265154982148, 0.9914417348450179]]
5229963	[1, [0.007620018805519657, 0.9923799811944803]]
6518272	[1, [0.011760702514585053, 0.988239297485415]]
41528467	[1, [8.484927417329313e-05, 0.9999151507258267]]
39070220	[1, [0.03009698692225582, 0.9699030130777442]]
23080259	[1, [0.007571037817426629, 0.9924289621825734]]
55150985	[1, [0.01820134778927951, 0.9817986522107205]]
52372072	[1, [0.00019615899954961158, 0.9998038410004504]]
6518419	[1, [0.014818861324122912, 0.9851811386758771]]
7111003	[1, [0.009144222503440491, 0.9908557774965595]]
7111345	[1, [0.012505649001219976, 0.98749435099878]]
37719484	[1, [0.025164979718083957, 0.974835020281916]]
74035124	[1, [0.0075345377522957335, 0.9924654622477043]]
5526221	[1, [0.0018365573432398419, 0.9981634426567602]]
7098379	[1, [0.006522297349478845, 0.9934777026505212]]
84643036	[1, [0.003048963249794645, 0.9969510367502054]]
23257858	[1, [0.0045829471785175935, 0.9954170528214824]]
7925021	[1, [0.0024212865910752113, 0.9975787134089248]]
23706127	[1, [0.04597939769110715, 0.9540206023088929]]
5526281	[1, [0.04165911344145967, 0.9583408865585403]]
7112026	[1, [0.04842154316254954, 0.9515784568374505]]
7925253	[1, [0.00016280357019526903, 0.9998371964298047]]
7137447	[1, [0.014922674297594085, 0.9850773257024059]]
6523769	[1, [0.03565870149687722, 0.9643412985031228]]
6871917	[1, [0.00012561094829510733, 0.9998743890517049]]
5524539	[1, [5.545571340426214e-05, 0.9999445442865957]]
9005100	[1, [0.006331595895144981, 0.993668404104855]]
6523642	[1, [0.00023793517368597694, 0.999762064826314]]
25073700	[1, [0.0023364012557033353, 0.9976635987442967]]
31981223	[1, [0.03237357817153219, 0.9676264218284678]]
5523428	[1, [0.009628936834138568, 0.9903710631658614]]
7095072	[1, [0.0021678402933738017, 0.9978321597066262]]
7924907	[1, [0.0016146510520502755, 0.9983853489479497]]
6520022	[1, [0.01119972854933593, 0.9888002714506641]]
7111908	[1, [0.01542417227676951, 0.9845758277232305]]
7925010	[1, [0.03266871934008919, 0.9673312806599108]]
7925015	[1, [0.0008485137109185414, 0.9991514862890815]]
37736044	[1, [0.002527699339262335, 0.9974723006607377]]
40977882	[1, [0.023269904320024515, 0.9767300956799755]]
31215675	[1, [0.003265900528582555, 0.9967340994714174]]
37741615	[1, [0.015663351144449056, 0.9843366488555509]]
6519284	[1, [0.0020876995397617337, 0.9979123004602383]]
7925207	[1, [0.0039078655415679675, 0.996092134458432]]
43177468	[1, [5.792574784280191e-07, 0.9999994207425216]]
11025232	[1, [0.006697554900793712, 0.9933024450992063]]
15313655	[1, [4.36812112813989e-07, 0.9999995631878872]]
7184611	[1, [0.0029739865202099702, 0.99702601347979]]
26680663	[1, [0.00045134833506210725, 0.9995486516649379]]
28161757	[1, [0.024617712533639424, 0.9753822874663606]]
43549604	[1, [0.018908776989566944, 0.9810912230104331]]
7648466	[1, [0.005974571701136466, 0.9940254282988635]]
99838312	[1, [0.011288684379833436, 0.9887113156201666]]
87583181	[1, [0.028330299350309507, 0.9716697006496905]]
9267377	[1, [0.002113798552670243, 0.9978862014473298]]
5738775	[1, [0.021528358527571068, 0.9784716414724289]]
7185712	[1, [0.03537679238459013, 0.9646232076154099]]
5102795	[1, [0.014177544261968711, 0.9858224557380313]]
6538567	[1, [0.03851560703891055, 0.9614843929610895]]
37105501	[1, [0.012072523778913324, 0.9879274762210867]]
7834059	[1, [0.0027482067773817453, 0.9972517932226183]]
69718324	[1, [0.030198793457193673, 0.9698012065428063]]
6538965	[1, [0.005378979758177693, 0.9946210202418223]]
7835639	[1, [0.0027482067773817453, 0.9972517932226183]]
6547065	[1, [0.001965180037295844, 0.9980348199627042]]
5984435	[1, [0.012607931803028882, 0.9873920681969711]]
11267287	[1, [0.02380234341463261, 0.9761976565853674]]
37079472	[1, [0.04140845928002845, 0.9585915407199715]]
69429561	[1, [2.132112591768376e-05, 0.9999786788740823]]
6544298	[1, [0.0024212865910752113, 0.9975787134089248]]
5981527	[1, [0.0008578280193960452, 0.999142171980604]]
11419921	[1, [0.020415880511900464, 0.9795841194880995]]
6045554	[1, [0.0143325517218309, 0.9856674482781691]]
58560729	[1, [0.03842338661640665, 0.9615766133835933]]
86446700	[1, [0.034429323133198575, 0.9655706768668014]]
5331937	[1, [0.0010741230173323402, 0.9989258769826677]]
83849068	[1, [0.009327708643987132, 0.9906722913560129]]
37242840	[1, [0.014351586909112424, 0.9856484130908876]]
24505164	[1, [0.014821486072486345, 0.9851785139275137]]
69659413	[1, [0.003476583980121073, 0.9965234160198789]]
32985531	[1, [0.03293025751926204, 0.967069742480738]]
81420707	[1, [0.0049200280796520834, 0.9950799719203479]]
5128636	[1, [0.0010994277800525643, 0.9989005722199474]]
63305717	[1, [0.04812134603403251, 0.9518786539659675]]
9124320	[1, [0.0007500037044144703, 0.9992499962955855]]
5541992	[1, [0.023747068005245286, 0.9762529319947547]]
29365956	[1, [0.028684227660382255, 0.9713157723396177]]
93210022	[1, [0.04972786264758, 0.95027213735242]]
77060084	[1, [0.00845878498555619, 0.9915412150144438]]
7838166	[1, [0.01960124186408163, 0.9803987581359184]]
7957418	[1, [8.284818053816423e-09, 0.999999991715182]]
59687188	[1, [0.03931691154100314, 0.9606830884589969]]
80801541	[1, [0.029185906512288473, 0.9708140934877115]]
9087950	[1, [0.03502718211707634, 0.9649728178829237]]
7487251	[1, [2.2558972528452514e-05, 0.9999774410274715]]
6481056	[1, [0.00648099041185779, 0.9935190095881422]]
38018741	[1, [0.02160550607742484, 0.9783944939225752]]
9115473	[1, [0.043127841914487375, 0.9568721580855126]]
7400966	[1, [0.004489787310766102, 0.9955102126892339]]
7783999	[1, [0.0005440584995279885, 0.999455941500472]]
7484886	[1, [0.006554448064657881, 0.9934455519353421]]
25255499	[1, [0.006304654029765544, 0.9936953459702345]]
38012992	[1, [0.03574309883194704, 0.964256901168053]]
7780790	[1, [0.0036808709857708566, 0.9963191290142291]]
7815414	[1, [4.152537147583679e-06, 0.9999958474628524]]
7815534	[1, [0.004904424694552545, 0.9950955753054475]]
59374418	[1, [0.03307476090863348, 0.9669252390913665]]
7779537	[1, [0.03266871934008919, 0.9673312806599108]]
7486730	[1, [0.0044948976528200735, 0.9955051023471799]]
7577481	[1, [0.04077717759881638, 0.9592228224011836]]
7398245	[1, [0.0015147764386336249, 0.9984852235613664]]
40500520	[1, [0.0016411099226734116, 0.9983588900773266]]
7394524	[1, [0.000985160956242237, 0.9990148390437578]]
7972821	[1, [2.959758129361667e-06, 0.9999970402418706]]
40513887	[1, [0.010327648553758895, 0.9896723514462411]]
15960069	[1, [0.0010073838977219252, 0.9989926161022781]]
5997547	[1, [0.005394240592080934, 0.9946057594079191]]
6004202	[1, [0.018413108782075915, 0.9815868912179241]]
59171771	[1, [0.023044924316190096, 0.9769550756838099]]
82077535	[1, [0.009689390701611234, 0.9903106092983888]]
7607316	[1, [0.001653098034022804, 0.9983469019659772]]
6031883	[1, [0.00581687668963482, 0.9941831233103652]]
7609974	[1, [0.028435774341647346, 0.9715642256583527]]
40779375	[1, [0.026007584035925846, 0.9739924159640742]]
64536377	[1, [0.02582786445282803, 0.974172135547172]]
92882900	[1, [0.001617678077177609, 0.9983823219228224]]
59159581	[1, [0.009061719243463773, 0.9909382807565362]]
64588799	[1, [0.0007522821327088369, 0.9992477178672912]]
7608580	[1, [0.011287819474424476, 0.9887121805255755]]
63797434	[1, [0.0014113433787383833, 0.9985886566212616]]
15629449	[1, [0.014027943390399367, 0.9859720566096006]]
36983530	[1, [0.01023014412635248, 0.9897698558736475]]
70966562	[1, [0.005228216295114496, 0.9947717837048855]]
53280034	[1, [0.032991389063694254, 0.9670086109363057]]
6851761	[1, [0.02126613974632141, 0.9787338602536786]]
29685183	[1, [0.0012776479850062916, 0.9987223520149937]]
5973420	[1, [0.01153260333530115, 0.9884673966646988]]
7781636	[1, [0.0016578729454003183, 0.9983421270545997]]
7783383	[1, [0.04411829569634984, 0.9558817043036502]]
7113588	[1, [0.014957849467493789, 0.9850421505325062]]
7482726	[1, [0.02765669304229834, 0.9723433069577017]]
45509288	[1, [0.007709043230923696, 0.9922909567690763]]
72753039	[1, [0.0004885587497922561, 0.9995114412502077]]
73098458	[1, [0.028373884524880766, 0.9716261154751192]]
73062123	[1, [0.027867170854193324, 0.9721328291458067]]
7386062	[1, [0.00045276681965578103, 0.9995472331803442]]
7324453	[1, [0.012064912567011032, 0.987935087432989]]
22209595	[1, [0.04683056271217301, 0.953169437287827]]
5969867	[1, [0.002443313911255629, 0.9975566860887444]]
7781464	[1, [0.04775532908489466, 0.9522446709151053]]
7782035	[1, [0.03635409613115348, 0.9636459038688465]]
7391031	[1, [0.0014403782267500276, 0.99855962177325]]
7783455	[1, [0.004904424694552545, 0.9950955753054475]]
7781457	[1, [0.04143456874782314, 0.9585654312521769]]
7475995	[1, [0.0037874509597735084, 0.9962125490402265]]
42322114	[1, [0.0171640234806697, 0.9828359765193303]]
6555779	[1, [0.000725418574388681, 0.9992745814256113]]
60573541	[1, [0.00785066440421911, 0.9921493355957809]]
9256030	[1, [0.042218128784492714, 0.9577818712155073]]
51516407	[1, [0.010014533939039838, 0.9899854660609602]]
7887795	[1, [0.020641084841447777, 0.9793589151585522]]
6983326	[1, [2.632732698515383e-09, 0.9999999973672673]]
7887627	[1, [0.0026239063618829217, 0.9973760936381171]]
7568150	[1, [0.003174959466787697, 0.9968250405332123]]
7914100	[1, [0.010375445632546443, 0.9896245543674536]]
7889098	[1, [8.394819044355017e-07, 0.9999991605180956]]
6983340	[1, [0.004105145438617064, 0.9958948545613829]]
60609233	[1, [0.0032717118837535253, 0.9967282881162465]]
93785516	[1, [0.00860593099552509, 0.9913940690044749]]
7968738	[1, [0.00039655061758681054, 0.9996034493824132]]
88600970	[1, [0.017482720318466982, 0.982517279681533]]
7567810	[1, [0.0010823231268903832, 0.9989176768731096]]
6982487	[1, [0.00338644936972754, 0.9966135506302725]]
6556822	[1, [0.012064912567011032, 0.987935087432989]]
56527253	[1, [0.003214167240494503, 0.9967858327595055]]
97512529	[1, [0.0030458814117544364, 0.9969541185882456]]
97528598	[1, [0.004023774937451985, 0.995976225062548]]
