6628344	[1, [0.02373733248355303, 0.976262667516447]]
6400374	[1, [0.002868863112193476, 0.9971311368878065]]
43130200	[1, [0.030738816797001856, 0.9692611832029981]]
6628788	[1, [0.04377969291089978, 0.9562203070891002]]
6996002	[1, [0.02641516586530024, 0.9735848341346998]]
9080634	[1, [0.005617587475928998, 0.994382412524071]]
6622615	[1, [0.020256391819713615, 0.9797436081802864]]
5746367	[1, [0.021224575433274162, 0.9787754245667258]]
6620057	[1, [0.017306717246264758, 0.9826932827537352]]
6629629	[1, [0.029466554608206796, 0.9705334453917932]]
6628878	[1, [0.016036264660784227, 0.9839637353392158]]
9303836	[1, [0.030587114122683, 0.969412885877317]]
6993643	[1, [0.04142394932600424, 0.9585760506739958]]
54933719	[1, [0.018304775214387226, 0.9816952247856128]]
75162442	[1, [0.018401073811548985, 0.981598926188451]]
6994394	[1, [0.01730653965974205, 0.982693460340258]]
6241461	[1, [0.0010644281990322968, 0.9989355718009677]]
94704682	[1, [0.001322336418096981, 0.998677663581903]]
9079984	[1, [0.023681133040481472, 0.9763188669595185]]
75103861	[1, [0.019734280451455866, 0.9802657195485441]]
9080753	[1, [0.0032242384610380315, 0.996775761538962]]
72184054	[1, [0.02059919597060078, 0.9794008040293992]]
30217653	[1, [0.01471450068514668, 0.9852854993148533]]
54919277	[1, [0.016901338405408972, 0.983098661594591]]
9036138	[1, [0.00964491083705099, 0.990355089162949]]
6243544	[1, [0.012142561344712144, 0.9878574386552879]]
6994441	[1, [0.019462233858089206, 0.9805377661419108]]
35527243	[1, [0.015604291852585161, 0.9843957081474148]]
13074448	[1, [0.0024314723915263015, 0.9975685276084737]]
6563139	[1, [0.03955454001765113, 0.9604454599823489]]
14137298	[1, [0.016480040878801283, 0.9835199591211987]]
39594882	[1, [0.0020305796162370937, 0.9979694203837629]]
14158927	[1, [0.015604291852585161, 0.9843957081474148]]
5261678	[1, [0.006196944794971571, 0.9938030552050284]]
6560686	[1, [0.003391639342163133, 0.9966083606578369]]
6559055	[1, [0.03204646687350898, 0.967953533126491]]
49715500	[1, [0.016187981790073525, 0.9838120182099265]]
66209750	[1, [0.016190085769176465, 0.9838099142308235]]
96412342	[1, [0.00013209938555691636, 0.9998679006144431]]
9135797	[1, [0.015351116647837837, 0.9846488833521622]]
81819207	[1, [0.002575173702329847, 0.9974248262976702]]
7268313	[1, [0.03425639876274533, 0.9657436012372547]]
5583123	[1, [0.03882755555162065, 0.9611724444483793]]
9055390	[1, [0.03717914929384403, 0.962820850706156]]
24986431	[1, [0.04442575423311279, 0.9555742457668872]]
39627960	[1, [0.027038207457207974, 0.972961792542792]]
12525228	[1, [0.014816491812665977, 0.985183508187334]]
9231075	[1, [0.011902214551133605, 0.9880977854488664]]
87408252	[1, [0.04832126891686017, 0.9516787310831398]]
86610957	[1, [0.03276529374175896, 0.967234706258241]]
65093886	[1, [0.0024083708216292576, 0.9975916291783707]]
6742777	[1, [0.0040380426304278405, 0.9959619573695722]]
27081459	[1, [0.03338587436159102, 0.966614125638409]]
92328967	[1, [0.00491199464798131, 0.9950880053520187]]
6298653	[1, [0.04513703853776807, 0.9548629614622319]]
5813511	[1, [0.022891278889416444, 0.9771087211105836]]
5914169	[1, [0.030033263314897196, 0.9699667366851028]]
5813881	[1, [0.019575418265500022, 0.9804245817345]]
72644294	[1, [0.018236176838786533, 0.9817638231612135]]
5812801	[1, [0.02225557623694996, 0.97774442376305]]
87394958	[1, [0.008579212396395364, 0.9914207876036046]]
43942897	[1, [0.0025590653835383392, 0.9974409346164617]]
92301747	[1, [0.005450697466414356, 0.9945493025335856]]
62687655	[1, [0.017110277854733846, 0.9828897221452662]]
66337080	[1, [0.005455592008896448, 0.9945444079911036]]
38416230	[1, [0.031236028240495095, 0.9687639717595049]]
7959606	[1, [0.010527298950454345, 0.9894727010495457]]
74950759	[1, [0.02426476082076845, 0.9757352391792316]]
47166398	[1, [0.02429876753146276, 0.9757012324685372]]
85786303	[1, [0.04534013968910733, 0.9546598603108927]]
38388239	[1, [0.003338991562604088, 0.9966610084373959]]
5528854	[1, [5.3020298345640704e-05, 0.9999469797016544]]
6875543	[1, [0.0021819669563541977, 0.9978180330436458]]
7205611	[1, [0.02160144575868883, 0.9783985542413112]]
7962531	[1, [0.013213813990696877, 0.9867861860093031]]
44475391	[1, [0.002383557933250069, 0.9976164420667499]]
7928641	[1, [0.02641516586530024, 0.9735848341346998]]
9059201	[1, [0.04001648624478116, 0.9599835137552188]]
7928681	[1, [0.03408079204876002, 0.96591920795124]]
11850645	[1, [0.01607619023382978, 0.9839238097661702]]
26606393	[1, [0.010609019652712881, 0.9893909803472871]]
54212748	[1, [0.004619003311638559, 0.9953809966883614]]
7962553	[1, [0.006900865149235269, 0.9930991348507647]]
6577151	[1, [0.023220058068824212, 0.9767799419311758]]
91964353	[1, [0.03319944022066845, 0.9668005597793315]]
9141914	[1, [0.042557654551277024, 0.957442345448723]]
62043199	[1, [0.0048921132595705075, 0.9951078867404295]]
7921286	[1, [0.030736702671329774, 0.9692632973286702]]
80034743	[1, [0.041261188978153784, 0.9587388110218462]]
11136343	[1, [0.00830590684113841, 0.9916940931588616]]
83203855	[1, [0.029457231045299626, 0.9705427689547004]]
12767739	[1, [0.036396556080232956, 0.963603443919767]]
7001193	[1, [0.020192088453679924, 0.9798079115463201]]
90929269	[1, [0.004806532672692709, 0.9951934673273073]]
5798470	[1, [0.006249875148964579, 0.9937501248510354]]
20074782	[1, [0.031448340743526204, 0.9685516592564738]]
5137133	[1, [0.0032927613975848313, 0.9967072386024152]]
17792556	[1, [0.013515455415576971, 0.986484544584423]]
6543098	[1, [0.016036264660784227, 0.9839637353392158]]
5136978	[1, [0.016295987711767435, 0.9837040122882326]]
6544380	[1, [0.04103446247376763, 0.9589655375262324]]
7977604	[1, [0.02872119882273494, 0.9712788011772651]]
69456449	[1, [2.2120283580062683e-05, 0.9999778797164199]]
6539168	[1, [0.03241201353951906, 0.9675879864604809]]
5303035	[1, [0.012692795971460447, 0.9873072040285396]]
5303611	[1, [0.016395223768020162, 0.9836047762319798]]
5138055	[1, [0.027043190545761986, 0.972956809454238]]
5303520	[1, [0.006251331751875755, 0.9937486682481242]]
5979678	[1, [0.013999036108555352, 0.9860009638914446]]
5136872	[1, [0.034782367633810374, 0.9652176323661896]]
6693274	[1, [7.531214024081301e-06, 0.9999924687859759]]
5135552	[1, [0.024468318596146177, 0.9755316814038538]]
88378134	[1, [0.04717389327455146, 0.9528261067254485]]
5137156	[1, [0.03036245434779472, 0.9696375456522053]]
6109382	[1, [0.01058218204949446, 0.9894178179505055]]
61695686	[1, [0.0048711028684915725, 0.9951288971315084]]
7113529	[1, [0.006012449468857151, 0.9939875505311428]]
5477384	[1, [6.555222397341964e-06, 0.9999934447776027]]
6107838	[1, [0.043765660462813494, 0.9562343395371865]]
58127297	[1, [0.023071639920596354, 0.9769283600794036]]
87204142	[1, [0.027080514920013288, 0.9729194850799867]]
5477325	[1, [0.025947014235167543, 0.9740529857648325]]
5476033	[1, [0.0420277598461718, 0.9579722401538282]]
22250452	[1, [0.0008766971497783382, 0.9991233028502217]]
7112465	[1, [0.0036427078917175004, 0.9963572921082825]]
6108608	[1, [0.036615583707481414, 0.9633844162925186]]
5969495	[1, [0.003150503700741658, 0.9968494962992583]]
9066848	[1, [0.027537842366333165, 0.9724621576336668]]
9199783	[1, [0.023070789645411205, 0.9769292103545888]]
55848010	[1, [0.00413056961231173, 0.9958694303876883]]
7775133	[1, [0.04477805833972337, 0.9552219416602766]]
5474019	[1, [0.02357981160802236, 0.9764201883919776]]
45204239	[1, [0.018167250356592723, 0.9818327496434073]]
5859597	[1, [0.003345267810340502, 0.9966547321896595]]
9199790	[1, [0.014894409247226736, 0.9851055907527733]]
7774480	[1, [0.04618228076343789, 0.9538177192365621]]
9018909	[1, [0.018304462420992706, 0.9816955375790073]]
6503128	[1, [0.01928566415013122, 0.9807143358498688]]
9018915	[1, [0.029651129238626228, 0.9703488707613738]]
6103152	[1, [0.022287176320490487, 0.9777128236795095]]
5473810	[1, [0.026481878963808825, 0.9735181210361912]]
6103108	[1, [0.006001044999290217, 0.9939989550007098]]
6104618	[1, [0.03052528447728209, 0.9694747155227179]]
17115556	[1, [0.007742149291985023, 0.992257850708015]]
23342820	[1, [0.0406167160680696, 0.9593832839319304]]
9131226	[1, [0.04990459356427179, 0.9500954064357282]]
85569034	[1, [0.01761376460246611, 0.9823862353975339]]
6794369	[1, [0.004742604845594189, 0.9952573951544058]]
5472478	[1, [0.00022277368498224703, 0.9997772263150178]]
85599387	[1, [0.024237411396781927, 0.9757625886032181]]
56873389	[1, [0.01562669246662629, 0.9843733075333737]]
9062923	[1, [0.041476176711650936, 0.9585238232883491]]
5357247	[1, [0.009270853015626912, 0.9907291469843731]]
7626463	[1, [0.0002699836000931155, 0.9997300163999069]]
5470409	[1, [0.03946643680789086, 0.9605335631921091]]
72392206	[1, [0.031820546163930374, 0.9681794538360696]]
40301646	[1, [0.04374085930626492, 0.9562591406937351]]
9022799	[1, [0.023699656173038597, 0.9763003438269614]]
15321262	[1, [0.03418874947619088, 0.9658112505238091]]
55275261	[1, [0.016860014823265712, 0.9831399851767343]]
91087188	[1, [0.00011495460677979352, 0.9998850453932202]]
43208977	[1, [0.02341419962950675, 0.9765858003704933]]
7646923	[1, [0.03148042886236968, 0.9685195711376303]]
38294674	[1, [0.023873826616128246, 0.9761261733838718]]
56159693	[1, [0.0010424380472089378, 0.9989575619527911]]
38321423	[1, [0.043381112895397256, 0.9566188871046027]]
70817167	[1, [0.005304686676383064, 0.9946953133236169]]
6371679	[1, [0.021673861394750804, 0.9783261386052492]]
34486097	[1, [0.044430295952162524, 0.9555697040478375]]
7966183	[1, [0.020426611159352848, 0.9795733888406472]]
29122881	[1, [0.03741512302285621, 0.9625848769771438]]
6419311	[1, [0.02864714530381718, 0.9713528546961828]]
5701353	[1, [0.0022150912211427176, 0.9977849087788573]]
4101229	[1, [0.0006334461808027436, 0.9993665538191973]]
5100004	[1, [0.005822175971247456, 0.9941778240287525]]
4101232	[1, [0.0011185089664407233, 0.9988814910335593]]
5100466	[1, [0.028585606855005885, 0.9714143931449941]]
5610250	[1, [0.027749884158280946, 0.972250115841719]]
5852299	[1, [0.025121975553350384, 0.9748780244466496]]
54165464	[1, [0.017684858200933906, 0.9823151417990661]]
5610814	[1, [0.031000754392826235, 0.9689992456071738]]
19182013	[1, [0.0013322455448180337, 0.998667754455182]]
36191001	[1, [0.04087799439291684, 0.9591220056070832]]
5810991	[1, [0.04918583870329274, 0.9508141612967073]]
7950984	[1, [0.04773084705671826, 0.9522691529432817]]
5852296	[1, [0.03324783785637575, 0.9667521621436242]]
9112452	[1, [0.04641256007997152, 0.9535874399200285]]
5614248	[1, [0.02081387634981291, 0.9791861236501871]]
5610687	[1, [0.009251021949887028, 0.990748978050113]]
38955122	[1, [0.0076223308018408265, 0.9923776691981592]]
5613645	[1, [0.030063354091773964, 0.969936645908226]]
38960452	[1, [0.015359061711198385, 0.9846409382888016]]
5614155	[1, [0.026481878963808825, 0.9735181210361912]]
23403902	[1, [0.020985870926602312, 0.9790141290733977]]
6953560	[1, [0.026718876551978576, 0.9732811234480214]]
6147860	[1, [0.03010454453190259, 0.9698954554680974]]
60745816	[1, [0.00847390672549242, 0.9915260932745076]]
5868327	[1, [4.239857162935401e-05, 0.9999576014283706]]
33590092	[1, [0.026608201405675658, 0.9733917985943243]]
56533510	[1, [0.022648239594729613, 0.9773517604052704]]
7676652	[1, [0.01586697779235724, 0.9841330222076428]]
97523836	[1, [0.04585858583296054, 0.9541414141670395]]
6551319	[1, [0.027921943693911433, 0.9720780563060886]]
7847293	[1, [0.042074957108692024, 0.957925042891308]]
97515472	[1, [0.022115143094278866, 0.9778848569057211]]
6984931	[1, [0.03285033748587074, 0.9671496625141293]]
7568593	[1, [0.030643480417542945, 0.969356519582457]]
7847277	[1, [0.006900865149235269, 0.9930991348507647]]
73839433	[1, [0.04959832741013026, 0.9504016725898697]]
7979187	[1, [0.04712175449631428, 0.9528782455036857]]
9081015	[1, [0.0377630567001066, 0.9622369432998934]]
7979149	[1, [0.017913921844673775, 0.9820860781553262]]
7942523	[1, [0.0018232373790108003, 0.9981767626209892]]
7119125	[1, [0.00591703414311584, 0.9940829658568842]]
7119527	[1, [0.03509273156973003, 0.96490726843027]]
5213672	[1, [0.011780375829606782, 0.9882196241703932]]
32162687	[1, [0.049115597710868264, 0.9508844022891317]]
63210799	[1, [0.003439187119506082, 0.9965608128804939]]
18430202	[1, [0.003991223970330915, 0.9960087760296691]]
5210688	[1, [0.007446991263018843, 0.9925530087369812]]
73827738	[1, [0.03406476274402148, 0.9659352372559785]]
32198749	[1, [0.03944923571583259, 0.9605507642841674]]
9229669	[1, [0.02220867004818483, 0.9777913299518152]]
37776124	[1, [0.049869253532782376, 0.9501307464672176]]
7120103	[1, [0.03083218681467992, 0.9691678131853201]]
7363291	[1, [0.003419986039433276, 0.9965800139605667]]
44833831	[1, [0.019226493477170314, 0.9807735065228297]]
34369403	[1, [0.001323505702800598, 0.9986764942971994]]
7729178	[1, [0.020228169344280955, 0.979771830655719]]
49556538	[1, [0.024530362723779175, 0.9754696372762208]]
7728014	[1, [0.015832254530094625, 0.9841677454699054]]
7778368	[1, [0.006840960799343154, 0.9931590392006568]]
5401331	[1, [0.029891428973670586, 0.9701085710263294]]
7636956	[1, [0.005912637716814051, 0.994087362283186]]
6374827	[1, [0.04032709444032878, 0.9596729055596712]]
75705122	[1, [0.048049173130165546, 0.9519508268698345]]
5401302	[1, [0.005714595688001367, 0.9942854043119986]]
63378132	[1, [0.00961307365879105, 0.990386926341209]]
7729510	[1, [0.03803936867095126, 0.9619606313290487]]
6375595	[1, [0.0005661648805709296, 0.9994338351194291]]
6378440	[1, [0.02822165825328693, 0.9717783417467131]]
6374791	[1, [0.008703852781010712, 0.9912961472189893]]
5402328	[1, [0.030744273358318197, 0.9692557266416818]]
26451378	[1, [0.03699915666824938, 0.9630008433317506]]
6515941	[1, [0.04223643478736572, 0.9577635652126343]]
61332096	[1, [0.003978822753367917, 0.9960211772466321]]
78409213	[1, [0.03246146631897817, 0.9675385336810218]]
9273108	[1, [0.023189033204336518, 0.9768109667956635]]
5230238	[1, [0.03317883155774026, 0.9668211684422597]]
33293777	[1, [0.03739590942083759, 0.9626040905791624]]
68217643	[1, [0.018100020131421646, 0.9818999798685784]]
61299762	[1, [0.008165661266716251, 0.9918343387332837]]
67092758	[1, [0.004929992752490064, 0.9950700072475099]]
9158484	[1, [0.013719049403947636, 0.9862809505960524]]
5230280	[1, [0.04698622941017683, 0.9530137705898232]]
34884955	[1, [0.0027986008152466324, 0.9972013991847534]]
5230282	[1, [0.02805586936528537, 0.9719441306347146]]
5228206	[1, [0.02865507118421584, 0.9713449288157842]]
7222455	[1, [0.021271579219355408, 0.9787284207806446]]
58019129	[1, [0.025537210485617523, 0.9744627895143825]]
5128048	[1, [0.0019796696245942824, 0.9980203303754057]]
6471557	[1, [0.009182402202073114, 0.9908175977979269]]
32694074	[1, [0.030081036762260482, 0.9699189632377395]]
5133067	[1, [0.029456172160695293, 0.9705438278393047]]
32741712	[1, [0.01152281640910724, 0.9884771835908928]]
6240697	[1, [0.00586190199251968, 0.9941380980074803]]
5543110	[1, [2.0345280440370317e-06, 0.999997965471956]]
21961044	[1, [0.021548384383025976, 0.978451615616974]]
6473838	[1, [0.005373355907026811, 0.9946266440929732]]
63333837	[1, [0.0026753164317087075, 0.9973246835682913]]
5616444	[1, [0.037224223877068585, 0.9627757761229314]]
68219739	[1, [0.03192339844765646, 0.9680766015523435]]
32724183	[1, [0.0004820395785187781, 0.9995179604214812]]
15206131	[1, [0.04793152462920647, 0.9520684753707935]]
6239280	[1, [0.003630221275966683, 0.9963697787240333]]
93207044	[1, [0.00031901872162354294, 0.9996809812783765]]
9157283	[1, [0.045984771821186654, 0.9540152281788133]]
5615259	[1, [0.02985093357994728, 0.9701490664200527]]
6239310	[1, [0.00867370820415514, 0.9913262917958449]]
95774509	[1, [0.00995361125142824, 0.9900463887485718]]
52257736	[1, [0.008438761663841832, 0.9915612383361582]]
6083121	[1, [0.009819614716161995, 0.990180385283838]]
95734641	[1, [0.010807633792801141, 0.9891923662071989]]
80351028	[1, [0.013111934114506396, 0.9868880658854936]]
5603181	[1, [0.0010359638263678361, 0.9989640361736322]]
6096833	[1, [0.00025155753343153453, 0.9997484424665685]]
5593091	[1, [0.016902764561054884, 0.9830972354389451]]
9109279	[1, [0.04587666063291029, 0.9541233393670897]]
7165542	[1, [0.041935973278463656, 0.9580640267215363]]
6084793	[1, [4.776505938108855e-06, 0.9999952234940619]]
6082743	[1, [0.005880971550939362, 0.9941190284490606]]
48293601	[1, [0.025448849271964225, 0.9745511507280358]]
5601964	[1, [0.009944033904957572, 0.9900559660950424]]
69188979	[1, [0.0438093169398025, 0.9561906830601975]]
41864174	[1, [0.0486782828522615, 0.9513217171477385]]
5600889	[1, [0.009944033904957572, 0.9900559660950424]]
12921552	[1, [0.023234536167960895, 0.9767654638320391]]
5603105	[1, [0.02932090330180437, 0.9706790966981956]]
80364305	[1, [0.010219882108128298, 0.9897801178918717]]
24582438	[1, [0.034552101215435504, 0.9654478987845645]]
7459301	[1, [0.0424055167741354, 0.9575944832258646]]
9029479	[1, [0.011031063471354408, 0.9889689365286456]]
86677726	[1, [0.009267607132243616, 0.9907323928677564]]
6567503	[1, [0.021646109235345934, 0.9783538907646541]]
81317165	[1, [0.024661838764961863, 0.9753381612350381]]
6396878	[1, [0.007185107650112266, 0.9928148923498877]]
17100309	[1, [0.005414161922549732, 0.9945858380774503]]
5119490	[1, [0.005870318992878154, 0.9941296810071218]]
32514875	[1, [0.0015448548059804335, 0.9984551451940196]]
5119493	[1, [0.001110445351765521, 0.9988895546482345]]
84217312	[1, [0.006853524640438979, 0.993146475359561]]
9232255	[1, [0.01659861187454692, 0.9834013881254531]]
21795496	[1, [0.014975661961880826, 0.9850243380381192]]
6945932	[1, [0.0158271921952291, 0.9841728078047709]]
5119796	[1, [0.0009163971452744724, 0.9990836028547255]]
9259771	[1, [0.03763874269294343, 0.9623612573070566]]
9105211	[1, [0.03747720022389034, 0.9625227997761097]]
27187099	[1, [0.002306425204175011, 0.997693574795825]]
62412294	[1, [0.0036463821687005016, 0.9963536178312995]]
7899157	[1, [0.003909335552578552, 0.9960906644474214]]
7900300	[1, [0.00514654263261527, 0.9948534573673847]]
6775383	[1, [0.02933889389727906, 0.9706611061027209]]
5116210	[1, [0.006179097006466683, 0.9938209029935333]]
9216526	[1, [0.02807922228354609, 0.9719207777164539]]
50922858	[1, [0.017110277854733846, 0.9828897221452662]]
81532054	[1, [3.245008342367406e-06, 0.9999967549916576]]
6149475	[1, [0.046990193740744424, 0.9530098062592556]]
7735586	[1, [0.030370321886838747, 0.9696296781131613]]
36651135	[1, [0.008017461852490748, 0.9919825381475093]]
7498379	[1, [0.020822239817509636, 0.9791777601824904]]
36600572	[1, [0.046187313288712284, 0.9538126867112877]]
7146300	[1, [0.02061903072591431, 0.9793809692740857]]
5142535	[1, [0.04543454454289597, 0.954565455457104]]
6151058	[1, [0.0003268097050748153, 0.9996731902949252]]
5927191	[1, [0.0033996799067586014, 0.9966003200932414]]
62981968	[1, [0.008759333704599803, 0.9912406662954002]]
5694534	[1, [0.0036446765208634213, 0.9963553234791366]]
7737513	[1, [0.04321494864124431, 0.9567850513587557]]
65949356	[1, [2.006647302765785e-07, 0.9999997993352697]]
7966935	[1, [0.03677615277723345, 0.9632238472227665]]
5681084	[1, [0.037736495041005846, 0.9622635049589942]]
6846719	[1, [0.024850638545535375, 0.9751493614544646]]
5929214	[1, [0.00633431634899706, 0.9936656836510029]]
7966466	[1, [0.005591147983628808, 0.9944088520163712]]
63904418	[1, [0.01301728265748714, 0.9869827173425129]]
5142567	[1, [0.013301877676750729, 0.9866981223232493]]
5142560	[1, [0.025720031510043317, 0.9742799684899567]]
87476778	[1, [0.011539176254541927, 0.9884608237454581]]
5142583	[1, [0.004700718191267272, 0.9952992818087327]]
63870364	[1, [0.03528057634610138, 0.9647194236538986]]
5142949	[1, [0.029499539083219117, 0.9705004609167809]]
5647343	[1, [0.02193411059223571, 0.9780658894077643]]
5880925	[1, [0.024809561564525295, 0.9751904384354747]]
5883060	[1, [1.4226031197606126e-05, 0.9999857739688024]]
31074117	[1, [0.001899325522487838, 0.9981006744775122]]
34069871	[1, [0.014911082872662074, 0.9850889171273379]]
7949917	[1, [0.0003797755310550599, 0.9996202244689449]]
7924625	[1, [0.03531079500437284, 0.9646892049956272]]
72933675	[1, [0.0001287993592670178, 0.999871200640733]]
82868986	[1, [0.03538824038701405, 0.964611759612986]]
7996264	[1, [0.02661909621646741, 0.9733809037835326]]
6391450	[1, [0.018523385740913056, 0.9814766142590869]]
9288926	[1, [0.004921152228654968, 0.995078847771345]]
16294381	[1, [0.02456792223923221, 0.9754320777607678]]
66397311	[1, [0.023143884556695693, 0.9768561154433043]]
5881047	[1, [1.5179688870881058e-05, 0.9999848203111291]]
6596767	[1, [0.013840673974579554, 0.9861593260254204]]
6391985	[1, [0.030386607607131966, 0.969613392392868]]
7125195	[1, [0.004813062092262843, 0.9951869379077372]]
6412718	[1, [0.027185764998560846, 0.9728142350014392]]
86917616	[1, [0.0018096004783855202, 0.9981903995216145]]
6412614	[1, [0.039819516840460034, 0.96018048315954]]
6413807	[1, [0.006108728666603502, 0.9938912713333965]]
36149672	[1, [0.005719318507283688, 0.9942806814927163]]
5665011	[1, [0.007564107316255342, 0.9924358926837447]]
9341742	[1, [0.040822792628527726, 0.9591772073714723]]
94954087	[1, [0.044612222222918385, 0.9553877777770816]]
39495125	[1, [0.023500940796592262, 0.9764990592034077]]
16464550	[1, [0.03653223271103789, 0.9634677672889621]]
53318128	[1, [0.003338991562604088, 0.9966610084373959]]
6236150	[1, [0.0004817006398767365, 0.9995182993601233]]
28349567	[1, [0.031510771938576654, 0.9684892280614233]]
5752622	[1, [0.036375785137287564, 0.9636242148627124]]
6412236	[1, [0.010055634281737391, 0.9899443657182626]]
39458687	[1, [0.004064073723344719, 0.9959359262766553]]
7846554	[1, [0.002011232666096152, 0.9979887673339038]]
7845539	[1, [0.01536557905939362, 0.9846344209406064]]
5753880	[1, [0.03289228658851184, 0.9671077134114882]]
6408351	[1, [0.0387752176825823, 0.9612247823174177]]
7960671	[1, [0.017767181368333884, 0.9822328186316661]]
5664733	[1, [0.02751815677009295, 0.972481843229907]]
5215082	[1, [0.04419218262726243, 0.9558078173727376]]
50161610	[1, [0.002015529937735905, 0.9979844700622641]]
97428007	[1, [0.04091517297308711, 0.9590848270269129]]
5216193	[1, [0.0439279671478322, 0.9560720328521678]]
64062870	[1, [0.026762432126880897, 0.9732375678731191]]
77303322	[1, [0.01361154240999507, 0.9863884575900049]]
84853239	[1, [0.0003078530861583273, 0.9996921469138417]]
45951257	[1, [4.9572537905273606e-05, 0.9999504274620947]]
5215116	[1, [0.010620034206531126, 0.9893799657934689]]
41222850	[1, [0.029310587747276795, 0.9706894122527232]]
5857000	[1, [0.017166578880097316, 0.9828334211199027]]
7367629	[1, [0.01674818581232962, 0.9832518141876704]]
62166614	[1, [0.009870487914752757, 0.9901295120852472]]
5857892	[1, [0.009791573699194922, 0.9902084263008051]]
5648274	[1, [0.01516030086289244, 0.9848396991371076]]
5107804	[1, [0.023169750917269916, 0.9768302490827301]]
5106891	[1, [0.011534959009007473, 0.9884650409909925]]
17038883	[1, [0.021539065593701445, 0.9784609344062986]]
5107946	[1, [0.019028130958121614, 0.9809718690418784]]
5107539	[1, [0.018860695344503742, 0.9811393046554963]]
5107365	[1, [0.005924639000372434, 0.9940753609996276]]
5107148	[1, [0.007516909017555751, 0.9924830909824442]]
49308444	[1, [0.024503166775295182, 0.9754968332247048]]
86889587	[1, [0.022155442354769517, 0.9778445576452305]]
5107324	[1, [0.022474085610070582, 0.9775259143899294]]
5106886	[1, [0.011169531542787436, 0.9888304684572126]]
7892681	[1, [0.0012101126510657423, 0.9987898873489343]]
9052057	[1, [0.014988462751408638, 0.9850115372485914]]
5108043	[1, [0.041739022983885765, 0.9582609770161142]]
5107548	[1, [0.01022441129445828, 0.9897755887055417]]
5107547	[1, [0.011685833434865955, 0.988314166565134]]
26929432	[1, [5.812473368849158e-05, 0.9999418752663115]]
6642077	[1, [0.0026075256881812336, 0.9973924743118188]]
88438357	[1, [0.049183719784405944, 0.9508162802155941]]
14258329	[1, [0.0010854509176655425, 0.9989145490823345]]
5107981	[1, [0.021506093212566912, 0.9784939067874331]]
29019242	[1, [0.041582718148968745, 0.9584172818510313]]
5106247	[1, [0.01713362340382929, 0.9828663765961707]]
6093858	[1, [0.00024667191475136185, 0.9997533280852486]]
6089104	[1, [0.0009672035314786109, 0.9990327964685214]]
56286571	[1, [0.014440782666133689, 0.9855592173338663]]
9292414	[1, [0.005336556597225539, 0.9946634434027745]]
56337894	[1, [0.022410326978944628, 0.9775896730210554]]
6094927	[1, [2.613008179830345e-07, 0.999999738699182]]
7116350	[1, [0.0053253660948084924, 0.9946746339051915]]
6092501	[1, [2.935328848652219e-06, 0.9999970646711513]]
6089838	[1, [0.004939833178533304, 0.9950601668214667]]
22838481	[1, [0.013200975367363532, 0.9867990246326365]]
6090651	[1, [0.0008985277032643735, 0.9991014722967356]]
76701567	[1, [0.02823991420737626, 0.9717600857926237]]
30820020	[1, [0.015265765117163488, 0.9847342348828365]]
7646421	[1, [0.004968944038820422, 0.9950310559611796]]
6090615	[1, [0.01774201472265058, 0.9822579852773494]]
84702365	[1, [0.029911577364603592, 0.9700884226353964]]
6232393	[1, [0.01669149266742964, 0.9833085073325704]]
7826974	[1, [0.0421875386176257, 0.9578124613823743]]
88104639	[1, [0.011838555695484865, 0.9881614443045151]]
7116516	[1, [0.03903684529680851, 0.9609631547031915]]
6092380	[1, [0.007171487295300816, 0.9928285127046992]]
6092904	[1, [0.0027937549661929406, 0.9972062450338071]]
7174665	[1, [9.920125210505226e-06, 0.9999900798747895]]
62182397	[1, [0.041755990190593395, 0.9582440098094066]]
6089160	[1, [0.00027737463712318444, 0.9997226253628768]]
6089677	[1, [0.008092997744226227, 0.9919070022557738]]
48009634	[1, [0.002341676246030544, 0.9976583237539695]]
90046627	[1, [0.025628618504642153, 0.9743713814953578]]
50630203	[1, [0.015458959076930956, 0.984541040923069]]
45409006	[1, [0.00031722994546312666, 0.9996827700545369]]
7801799	[1, [0.023458400896351095, 0.9765415991036489]]
56004870	[1, [0.046201770713252155, 0.9537982292867478]]
19597196	[1, [0.0002911583556055586, 0.9997088416443944]]
55945580	[1, [0.0313112636597912, 0.9686887363402088]]
24262979	[1, [0.028211334744448036, 0.971788665255552]]
79395808	[1, [0.025636688907977878, 0.9743633110920221]]
95383088	[1, [0.00013199981043632292, 0.9998680001895637]]
17991622	[1, [0.03386955053900709, 0.9661304494609929]]
9007050	[1, [0.036367774161636834, 0.9636322258383632]]
94113645	[1, [0.000386767169693214, 0.9996132328303068]]
45392888	[1, [0.018956282752292775, 0.9810437172477072]]
17374731	[1, [0.0008960106517214017, 0.9991039893482786]]
7691643	[1, [0.01926991086472396, 0.980730089135276]]
7806534	[1, [0.033541892229546844, 0.9664581077704532]]
9221999	[1, [0.017038742176154642, 0.9829612578238454]]
9214104	[1, [0.04803336467106445, 0.9519666353289356]]
70149106	[1, [0.02808705112708898, 0.971912948872911]]
92019946	[1, [0.02535259329194295, 0.974647406708057]]
7690598	[1, [0.0036742181910343064, 0.9963257818089657]]
71514602	[1, [0.04732642921245522, 0.9526735707875448]]
7942231	[1, [0.001462385328091953, 0.998537614671908]]
7749073	[1, [0.021728343018673546, 0.9782716569813265]]
7941834	[1, [0.023061663121333953, 0.976938336878666]]
7652851	[1, [0.01648673053143257, 0.9835132694685674]]
71476279	[1, [0.027473874852458446, 0.9725261251475416]]
7963614	[1, [0.003576307794141975, 0.996423692205858]]
85940448	[1, [0.046334113368498464, 0.9536658866315015]]
5755932	[1, [0.04540273154736296, 0.954597268452637]]
7749407	[1, [0.03685021379883091, 0.9631497862011691]]
7283283	[1, [0.011639985558518307, 0.9883600144414817]]
6964551	[1, [0.038959992982860125, 0.9610400070171399]]
6924348	[1, [0.005951433454345567, 0.9940485665456544]]
7744017	[1, [0.022114880752695187, 0.9778851192473048]]
6965427	[1, [0.04286510587766579, 0.9571348941223342]]
9251077	[1, [0.03297221984887566, 0.9670277801511243]]
7230511	[1, [0.03370770750520646, 0.9662922924947935]]
5628173	[1, [6.696869419009488e-07, 0.9999993303130581]]
37979610	[1, [0.02261893874626464, 0.9773810612537354]]
7660879	[1, [0.02142147923786819, 0.9785785207621318]]
64638506	[1, [0.0036873359422877616, 0.9963126640577122]]
6139558	[1, [0.001975089547158193, 0.9980249104528418]]
52969880	[1, [0.02698496857661048, 0.9730150314233895]]
9074729	[1, [0.007576541454629715, 0.9924234585453703]]
37922460	[1, [0.034378999518007824, 0.9656210004819922]]
5626300	[1, [0.03481798093235544, 0.9651820190676446]]
6058530	[1, [0.01446189331641401, 0.985538106683586]]
87864477	[1, [0.038011001220418006, 0.961988998779582]]
7726430	[1, [0.03773937485065826, 0.9622606251493417]]
25483338	[1, [0.0273838966866381, 0.9726161033133619]]
72488736	[1, [0.02218278004067964, 0.9778172199593204]]
5878108	[1, [4.239857162935401e-05, 0.9999576014283706]]
7323418	[1, [0.043387463177202656, 0.9566125368227973]]
6534055	[1, [0.028577476930234602, 0.9714225230697654]]
5285119	[1, [0.008751325167362989, 0.991248674832637]]
7660427	[1, [0.03567472186742049, 0.9643252781325795]]
7320750	[1, [0.0005874433569388327, 0.9994125566430612]]
7662386	[1, [0.007287534170432486, 0.9927124658295675]]
7941135	[1, [0.03127173063535249, 0.9687282693646475]]
6534126	[1, [0.005713184123772974, 0.994286815876227]]
5878176	[1, [0.03737915719635243, 0.9626208428036476]]
12264879	[1, [0.006247102902553481, 0.9937528970974465]]
72435996	[1, [0.01640994613497193, 0.9835900538650281]]
53544670	[1, [0.02917029234738322, 0.9708297076526168]]
9132900	[1, [0.03369377057880618, 0.9663062294211938]]
30983163	[1, [0.006666784013791394, 0.9933332159862086]]
36472483	[1, [0.04545976223413295, 0.954540237765867]]
5152581	[1, [0.003244480717363163, 0.9967555192826368]]
5153904	[1, [0.021988000016805898, 0.9780119999831941]]
23580345	[1, [0.00455774445295265, 0.9954422555470473]]
23586923	[1, [0.04302613849923809, 0.9569738615007619]]
7935351	[1, [0.038010753164103406, 0.9619892468358966]]
5150014	[1, [0.0495509436016891, 0.9504490563983109]]
30904684	[1, [0.025500439586280232, 0.9744995604137198]]
30885516	[1, [0.0010449860908450237, 0.998955013909155]]
36460367	[1, [0.02626996773396606, 0.9737300322660339]]
6190098	[1, [0.035236390336141676, 0.9647636096638583]]
30890285	[1, [0.027296870561653197, 0.9727031294383468]]
6190954	[1, [0.02837426885546046, 0.9716257311445395]]
7934856	[1, [0.043127955202687196, 0.9568720447973128]]
85530087	[1, [0.04271902798027305, 0.957280972019727]]
66817557	[1, [0.019487065270345494, 0.9805129347296545]]
73663254	[1, [0.01670580109682218, 0.9832941989031778]]
7396809	[1, [0.0495509436016891, 0.9504490563983109]]
17251812	[1, [0.0300903714702343, 0.9699096285297657]]
5311390	[1, [0.0008623385577518627, 0.9991376614422481]]
6649938	[1, [0.000499574172953543, 0.9995004258270465]]
5310326	[1, [0.01001395366684854, 0.9899860463331515]]
77055841	[1, [0.00163943609464956, 0.9983605639053504]]
7576349	[1, [0.039614290730565216, 0.9603857092694348]]
5311788	[1, [0.0041330720152529254, 0.9958669279847471]]
17208980	[1, [0.022886739653947386, 0.9771132603460526]]
7814971	[1, [0.0013830829208107964, 0.9986169170791892]]
5311085	[1, [0.003239510996134398, 0.9967604890038656]]
9037745	[1, [0.0017316037198437106, 0.9982683962801563]]
80827398	[1, [0.025315201235420193, 0.9746847987645798]]
6648685	[1, [0.005000656696950823, 0.9949993433030492]]
65611921	[1, [0.013207258967130597, 0.9867927410328694]]
32779389	[1, [0.0072292447184286734, 0.9927707552815713]]
5344995	[1, [0.0024911126140633177, 0.9975088873859367]]
10936357	[1, [0.006740605843201131, 0.9932593941567989]]
5569568	[1, [0.01731304739035533, 0.9826869526096447]]
40760332	[1, [0.043285519709224785, 0.9567144802907752]]
7536625	[1, [0.0030583023938166587, 0.9969416976061833]]
5668948	[1, [0.006203257660590045, 0.99379674233941]]
7546320	[1, [0.028174943699072585, 0.9718250563009274]]
89975080	[1, [0.045990290812028545, 0.9540097091879715]]
32795063	[1, [0.02493640518159257, 0.9750635948184074]]
9340005	[1, [0.013317401992074207, 0.9866825980079258]]
5373517	[1, [0.047849778683872635, 0.9521502213161274]]
43275606	[1, [0.040382894108384804, 0.9596171058916152]]
9203368	[1, [0.023364589845213835, 0.9766354101547862]]
7952172	[1, [0.0013021912821952197, 0.9986978087178048]]
17588016	[1, [0.0004783359399861409, 0.9995216640600139]]
5373549	[1, [0.010818288616467386, 0.9891817113835326]]
73298131	[1, [0.020614545887939206, 0.9793854541120608]]
20986543	[1, [0.04164810065064262, 0.9583518993493574]]
21473278	[1, [0.006589562290503226, 0.9934104377094968]]
7123200	[1, [0.0145068580834401, 0.9854931419165599]]
6286483	[1, [0.019973800201642633, 0.9800261997983574]]
6282301	[1, [0.0010188925068753685, 0.9989811074931246]]
31822321	[1, [0.023431302544041466, 0.9765686974559585]]
7959021	[1, [0.025229163885104877, 0.9747708361148951]]
7741224	[1, [0.041676402932899426, 0.9583235970671006]]
9110146	[1, [0.04641256007997152, 0.9535874399200285]]
6216810	[1, [0.019575418265500022, 0.9804245817345]]
17609827	[1, [0.0003486772740950439, 0.999651322725905]]
7124228	[1, [0.001750269897942247, 0.9982497301020578]]
29533982	[1, [0.02633633589972706, 0.9736636641002729]]
55547641	[1, [0.0033154273327082873, 0.9966845726672917]]
50865708	[1, [0.0014517635756557956, 0.9985482364243442]]
5308104	[1, [0.008646225768152216, 0.9913537742318478]]
5304133	[1, [0.046183714783413765, 0.9538162852165862]]
5468394	[1, [0.005434523092746946, 0.994565476907253]]
63613190	[1, [0.0335400472511832, 0.9664599527488168]]
5304536	[1, [0.025670333358243425, 0.9743296666417566]]
5725087	[1, [0.038284564853424685, 0.9617154351465753]]
5304759	[1, [0.00466671743659397, 0.995333282563406]]
9335935	[1, [0.041718467041123364, 0.9582815329588766]]
32394882	[1, [0.04530927971627108, 0.9546907202837289]]
54524717	[1, [6.73680687526268e-05, 0.9999326319312474]]
5307564	[1, [0.033119287268644104, 0.9668807127313559]]
15597579	[1, [0.039991256760953386, 0.9600087432390466]]
71017562	[1, [0.03598663400044999, 0.96401336599955]]
50109171	[1, [0.027928343754186402, 0.9720716562458136]]
6599748	[1, [0.04031991482945052, 0.9596800851705495]]
52453419	[1, [0.02387526540793672, 0.9761247345920633]]
36992297	[1, [0.047830125558769976, 0.95216987444123]]
9044224	[1, [0.029025308609313738, 0.9709746913906863]]
5922810	[1, [0.02220867004818483, 0.9777913299518152]]
81267565	[1, [0.03182479353737755, 0.9681752064626225]]
7910542	[1, [0.03942790767200621, 0.9605720923279938]]
9246561	[1, [0.010653147803961649, 0.9893468521960384]]
9044509	[1, [0.03580253854897819, 0.9641974614510218]]
7971379	[1, [0.019480892607823486, 0.9805191073921765]]
6384614	[1, [0.007620129991830704, 0.9923798700081693]]
42173534	[1, [0.000381816802093371, 0.9996181831979066]]
44445349	[1, [0.0290748932556405, 0.9709251067443595]]
6384903	[1, [0.01501136656037394, 0.9849886334396261]]
5271325	[1, [0.024105543606119273, 0.9758944563938807]]
5923883	[1, [0.0009654300604942101, 0.9990345699395058]]
70898718	[1, [0.0025246543943426847, 0.9974753456056573]]
6675530	[1, [0.013904779936694145, 0.9860952200633059]]
5929497	[1, [0.004413041238499171, 0.9955869587615008]]
5322639	[1, [0.03477409993453384, 0.9652259000654662]]
5271735	[1, [0.04338921066093859, 0.9566107893390614]]
70583296	[1, [0.018336938624842536, 0.9816630613751575]]
80692270	[1, [0.025399106020833062, 0.9746008939791669]]
5604723	[1, [0.047429217379028166, 0.9525707826209718]]
7855660	[1, [0.02197279870298774, 0.9780272012970123]]
5510043	[1, [0.007451828839172392, 0.9925481711608276]]
5510066	[1, [0.014873795703241877, 0.9851262042967581]]
5510067	[1, [0.004570486632516468, 0.9954295133674835]]
5510062	[1, [0.005033511700942461, 0.9949664882990575]]
5510060	[1, [0.0053908918904636005, 0.9946091081095364]]
59269482	[1, [0.01592585105008204, 0.984074148949918]]
7296003	[1, [0.03958688249980913, 0.9604131175001909]]
6942545	[1, [0.028400583656961742, 0.9715994163430383]]
5605391	[1, [0.031000754392826235, 0.9689992456071738]]
98362147	[1, [0.039936274977016906, 0.9600637250229831]]
5510099	[1, [0.0010047044772298896, 0.9989952955227701]]
68336515	[1, [0.013468952638213127, 0.9865310473617869]]
5607230	[1, [0.02426694074478364, 0.9757330592552164]]
5510048	[1, [0.020400165818702076, 0.9795998341812979]]
5510055	[1, [0.016830330357248124, 0.9831696696427519]]
5606030	[1, [0.0003740719872719067, 0.9996259280127281]]
6943168	[1, [0.04919646151990087, 0.9508035384800991]]
5510052	[1, [0.020721538890113966, 0.979278461109886]]
80898576	[1, [0.018151557760258785, 0.9818484422397412]]
7983064	[1, [0.04464696848921634, 0.9553530315107837]]
7193875	[1, [0.03023739399664016, 0.9697626060033598]]
7752911	[1, [0.01889294331356428, 0.9811070566864357]]
5844960	[1, [0.025376292149158264, 0.9746237078508417]]
6166316	[1, [0.03677284786531676, 0.9632271521346832]]
6013510	[1, [0.008237598360280263, 0.9917624016397197]]
7098517	[1, [0.04200623895885758, 0.9579937610411424]]
23237236	[1, [0.004082760908769134, 0.9959172390912309]]
34637313	[1, [0.009648428571188639, 0.9903515714288114]]
36945095	[1, [0.02250751893945624, 0.9774924810605438]]
25020588	[1, [0.00047237624006390977, 0.9995276237599361]]
31179302	[1, [0.04742402976367155, 0.9525759702363285]]
19355908	[1, [0.015735580909005398, 0.9842644190909946]]
37717984	[1, [0.024661838764961863, 0.9753381612350381]]
40939479	[1, [0.009637701840265356, 0.9903622981597346]]
74050513	[1, [0.010216926124747783, 0.9897830738752522]]
6119739	[1, [0.043068453402145934, 0.9569315465978541]]
6523024	[1, [0.022244987888254464, 0.9777550121117455]]
68621996	[1, [0.014085037807017975, 0.985914962192982]]
7907500	[1, [0.033219578869962296, 0.9667804211300377]]
7732026	[1, [0.046275564194642294, 0.9537244358053577]]
54885705	[1, [0.008857279842641841, 0.9911427201573582]]
7655602	[1, [0.00345788198199104, 0.996542118018009]]
7655708	[1, [0.019390845703196935, 0.9806091542968031]]
7656307	[1, [0.019427730829242984, 0.980572269170757]]
7907495	[1, [0.005591147983628808, 0.9944088520163712]]
13137725	[1, [0.025003554622405222, 0.9749964453775948]]
28777540	[1, [0.01522507442588461, 0.9847749255741154]]
64851363	[1, [0.024121334564603525, 0.9758786654353965]]
33534225	[1, [0.002984304872450383, 0.9970156951275496]]
54841971	[1, [0.004198368856154322, 0.9958016311438457]]
5558557	[1, [0.028908355663615715, 0.9710916443363843]]
63676603	[1, [0.041945134317864397, 0.9580548656821356]]
70377022	[1, [0.03477439632945978, 0.9652256036705402]]
77866754	[1, [0.04065817000359462, 0.9593418299964054]]
85150140	[1, [0.004411066437064792, 0.9955889335629352]]
56059705	[1, [0.0160496629011202, 0.9839503370988798]]
94780083	[1, [0.020691711873278562, 0.9793082881267214]]
5236111	[1, [0.04186091815414539, 0.9581390818458546]]
5894272	[1, [0.0371280424055227, 0.9628719575944773]]
72805369	[1, [0.003642684388723949, 0.996357315611276]]
87551552	[1, [0.009346035388378748, 0.9906539646116213]]
26800546	[1, [0.0012859286115863844, 0.9987140713884136]]
85228130	[1, [0.023201094101113928, 0.9767989058988861]]
5237104	[1, [0.007567288630615843, 0.9924327113693842]]
7933371	[1, [0.04101719190909181, 0.9589828080909082]]
7955882	[1, [0.00023173565369305482, 0.999768264346307]]
9210196	[1, [0.002999207308986729, 0.9970007926910133]]
7999261	[1, [0.028227554387208365, 0.9717724456127916]]
6840628	[1, [0.0010999775587089422, 0.9989000224412911]]
9078290	[1, [0.00412185433662926, 0.9958781456633707]]
12677691	[1, [0.042895156325789774, 0.9571048436742102]]
9033830	[1, [0.023970544359410262, 0.9760294556405897]]
50305237	[1, [0.010974434250146214, 0.9890255657498538]]
6507016	[1, [0.009474251201079698, 0.9905257487989203]]
7747780	[1, [0.002425810608529644, 0.9975741893914704]]
85369573	[1, [0.00847570758397842, 0.9915242924160216]]
6379069	[1, [0.02978720891283093, 0.9702127910871691]]
6380399	[1, [0.0009672035314786109, 0.9990327964685214]]
9034151	[1, [0.03895102068358092, 0.9610489793164191]]
6379498	[1, [0.029365974971329756, 0.9706340250286702]]
9033642	[1, [0.021478655116308865, 0.9785213448836911]]
9034696	[1, [0.04257783378025892, 0.9574221662197411]]
9068184	[1, [0.024107110154125255, 0.9758928898458747]]
75879355	[1, [0.0029807823882567197, 0.9970192176117433]]
6272022	[1, [0.038052511598774985, 0.961947488401225]]
48417502	[1, [0.01937495628304753, 0.9806250437169525]]
64163583	[1, [0.03465657498986319, 0.9653434250101368]]
98733600	[1, [0.023873826616128246, 0.9761261733838718]]
89737370	[1, [0.0031977608422338877, 0.9968022391577661]]
6043153	[1, [0.04292206829281853, 0.9570779317071815]]
86534067	[1, [0.0064075559484203515, 0.9935924440515796]]
6278299	[1, [0.000821031974682751, 0.9991789680253172]]
18635970	[1, [0.037929342479020356, 0.9620706575209796]]
66948094	[1, [0.019029351946066142, 0.9809706480539339]]
6268701	[1, [0.039237929416648276, 0.9607620705833517]]
7917694	[1, [0.02869766294033138, 0.9713023370596686]]
7917695	[1, [0.02869766294033138, 0.9713023370596686]]
7917693	[1, [0.011214379993058299, 0.9887856200069417]]
7954905	[1, [0.013343705815973772, 0.9866562941840262]]
53655137	[1, [0.010592666946622309, 0.9894073330533777]]
78751244	[1, [0.005735675888485781, 0.9942643241115142]]
9078771	[1, [0.00955779039805471, 0.9904422096019453]]
31666328	[1, [2.564684800254735e-05, 0.9999743531519975]]
6464374	[1, [0.043068453402145934, 0.9569315465978541]]
24391845	[1, [0.029142596239689733, 0.9708574037603103]]
5480238	[1, [0.0226258695170356, 0.9773741304829644]]
6171761	[1, [0.003817831818255457, 0.9961821681817445]]
85864920	[1, [0.0032048688719206186, 0.9967951311280794]]
42756132	[1, [0.049678265821877954, 0.950321734178122]]
23998462	[1, [0.024745659786137963, 0.975254340213862]]
9079262	[1, [0.0032242384610380315, 0.996775761538962]]
5481053	[1, [0.013905865527886418, 0.9860941344721136]]
63083928	[1, [0.0165451412019616, 0.9834548587980384]]
6464182	[1, [0.006196944794971571, 0.9938030552050284]]
6980166	[1, [0.002495814855388745, 0.9975041851446113]]
6080223	[1, [0.018476910518879675, 0.9815230894811203]]
9334472	[1, [0.02334026737588968, 0.9766597326241103]]
7879094	[1, [0.03371131593652488, 0.9662886840634751]]
5480770	[1, [0.01138036777298268, 0.9886196322270173]]
54803731	[1, [7.432410557495217e-05, 0.999925675894425]]
67109468	[1, [0.03127985202841155, 0.9687201479715885]]
5169127	[1, [0.015854854077012703, 0.9841451459229873]]
5258633	[1, [0.024578240542363794, 0.9754217594576362]]
7658123	[1, [0.023103757318758467, 0.9768962426812415]]
61242003	[1, [0.00597579852223995, 0.99402420147776]]
7658516	[1, [0.039802079426247805, 0.9601979205737522]]
57583281	[1, [0.011836105466289992, 0.98816389453371]]
82958480	[1, [0.0021646026165087484, 0.9978353973834913]]
7707965	[1, [0.044023479374413976, 0.955976520625586]]
7707911	[1, [0.01855159390592498, 0.981448406094075]]
7710940	[1, [0.009043736246581724, 0.9909562637534183]]
5169001	[1, [0.03249034481190427, 0.9675096551880957]]
82959120	[1, [0.013971142587989815, 0.9860288574120102]]
7644133	[1, [0.03899473702630052, 0.9610052629736995]]
56384721	[1, [0.006948685706966051, 0.993051314293034]]
7133528	[1, [0.004813062092262843, 0.9951869379077372]]
30643221	[1, [0.012419537368835054, 0.987580462631165]]
6439343	[1, [0.026451105775030403, 0.9735488942249696]]
4035747	[1, [0.04659660530479126, 0.9534033946952087]]
9118364	[1, [0.032512154842512464, 0.9674878451574875]]
98871729	[1, [0.03980587215415077, 0.9601941278458492]]
57953872	[1, [0.033546837100981164, 0.9664531628990188]]
6704987	[1, [0.02933889389727906, 0.9706611061027209]]
24843178	[1, [0.014225826511208961, 0.985774173488791]]
7056749	[1, [0.026137796654087997, 0.973862203345912]]
6873375	[1, [0.048553576963616396, 0.9514464230363836]]
73732144	[1, [0.025826769688719997, 0.97417323031128]]
10221999	[1, [0.039420628145201864, 0.9605793718547981]]
9146749	[1, [0.030974845946825647, 0.9690251540531744]]
10238040	[1, [0.0029241389234933024, 0.9970758610765067]]
5773153	[1, [0.01918295081864252, 0.9808170491813575]]
9151313	[1, [0.006185168242612393, 0.9938148317573876]]
6366982	[1, [0.0333934135915428, 0.9666065864084572]]
9117613	[1, [0.0017910950285765503, 0.9982089049714234]]
7705301	[1, [0.024246334666800484, 0.9757536653331995]]
27659462	[1, [0.017425235066924172, 0.9825747649330758]]
90747564	[1, [0.0004420151573448772, 0.9995579848426551]]
33895609	[1, [0.00013480247194208594, 0.9998651975280579]]
6873964	[1, [0.005502937923985041, 0.994497062076015]]
15566732	[1, [0.04863397967192884, 0.9513660203280712]]
7670765	[1, [0.026693952235204987, 0.973306047764795]]
7077339	[1, [0.019396606773035563, 0.9806033932269644]]
6913480	[1, [0.00046275829738551266, 0.9995372417026145]]
87098751	[1, [0.04824425532205978, 0.9517557446779402]]
74228940	[1, [0.035468261011365354, 0.9645317389886346]]
7088877	[1, [0.019852979088483602, 0.9801470209115164]]
7076135	[1, [0.01494109614205108, 0.9850589038579489]]
6616468	[1, [0.012492298045108763, 0.9875077019548912]]
21908252	[1, [0.013109888422386917, 0.9868901115776131]]
5270182	[1, [0.022818170773796442, 0.9771818292262036]]
5874696	[1, [2.2165427406739546e-05, 0.9999778345725933]]
6970294	[1, [0.029114831947564812, 0.9708851680524352]]
58697440	[1, [0.004569143008467669, 0.9954308569915323]]
7886729	[1, [0.035732164923065524, 0.9642678350769345]]
92659434	[1, [0.018728381686936912, 0.9812716183130631]]
30143356	[1, [0.041198622157900266, 0.9588013778420997]]
56605473	[1, [0.015098405924827585, 0.9849015940751724]]
7640632	[1, [0.0025541186479685063, 0.9974458813520315]]
17311391	[1, [0.049255565141557045, 0.950744434858443]]
64513063	[1, [0.035242392060824024, 0.964757607939176]]
7693347	[1, [0.04566074385525576, 0.9543392561447442]]
84320610	[1, [0.0011783025161614669, 0.9988216974838385]]
69793189	[1, [0.02326188609299429, 0.9767381139070057]]
53471510	[1, [0.0175440963774528, 0.9824559036225472]]
5182699	[1, [0.01888828861510583, 0.9811117113848942]]
7640840	[1, [0.02452457989764456, 0.9754754201023554]]
5836608	[1, [0.013187552489722143, 0.9868124475102779]]
