24246884	1
33790389	1
94090570	1
54263214	1
48069260	1
39992595	1
79372464	1
50634777	1
22313187	1
97188830	1
22343344	1
80926887	1
7802575	1
9219059	1
80925125	1
7424390	1
55973329	1
6075693	1
7802857	1
53813764	1
39961864	1
9225692	1
9224649	1
9061016	1
90034463	1
79375402	1
73572351	1
17992185	1
55981212	1
97166731	1
33760964	1
19531346	1
6072413	1
48042937	1
95401227	1
96121077	1
31547728	1
31563146	1
98318122	1
80954753	1
33823844	1
22303742	1
94087796	1
80941955	1
95334869	1
7991863	1
59556657	1
96126780	1
9219530	1
48020472	1
9225712	1
31514355	1
19590038	1
95333615	1
55954432	1
98297027	1
17977658	1
73614756	1
96084066	1
19534029	1
96119802	1
59533804	1
79361342	1
19600470	1
9219822	1
98283086	1
97177512	1
40000571	1
7802874	1
9218653	1
73596261	1
45393324	1
19562563	1
9225688	1
90016602	1
9007793	1
53824774	1
73600218	1
80951745	1
55970735	1
90025321	1
40020647	1
95387134	1
98300537	1
79431557	1
54273814	1
96088078	1
90048063	1
45377592	1
7802240	1
56017040	1
59527473	1
96087364	1
39989683	1
24229272	1
60511646	1
56041207	1
7991855	1
9225352	1
73604604	1
7801707	1
7802335	1
19596816	1
53879469	1
60490580	1
31523340	1
27824621	1
33783723	1
18008066	1
18013002	1
97205491	1
6444313	1
96077129	1
7801483	1
90089144	1
24291806	1
17980687	1
33786464	1
59567291	1
17973283	1
97151355	1
33764191	1
6445535	1
94102329	1
19591469	1
96128817	1
9219664	1
96089903	1
80922993	1
79433441	1
33828222	1
59557558	1
55947244	1
56026924	1
7419764	1
27868711	1
80958209	1
98292726	1
56039771	1
18010857	1
95337974	1
6073733	1
5352483	1
54265974	1
7802237	1
33783748	1
53874365	1
80965579	1
95382833	1
29327393	1
41601630	1
81492484	1
34163341	1
60026095	1
54662790	1
69635514	1
5618626	1
22464597	1
58027094	1
81405783	1
32739883	1
54657136	1
81499680	1
58030862	1
94061251	1
9124294	1
69629390	1
9158307	1
83839169	1
94005256	1
68226021	1
69680859	1
86453673	1
33454984	1
34184583	1
6044244	1
24503004	1
63349507	1
81450675	1
41635554	1
54633459	1
37216435	1
60081801	1
32985905	1
69661533	1
41642544	1
47998347	1
69670528	1
58601979	1
5127843	1
32683079	1
5132936	1
29354245	1
69630045	1
37261350	1
9157599	1
60035400	1
21948198	1
63300055	1
58031785	1
32700428	1
9158012	1
9014225	1
22445233	1
32681643	1
60091879	1
5618842	1
63313324	1
42353304	1
42390221	1
21978098	1
63341732	1
42398093	1
6681728	1
94027632	1
94056227	1
47949879	1
41597689	1
69658689	1
9014088	1
15161675	1
41588751	1
57986901	1
60050462	1
33443267	1
47991955	1
68279399	1
5730909	1
33412840	1
5122132	1
37215940	1
5125501	1
81494052	1
81373880	1
29358894	1
5538363	1
33466339	1
83855865	1
33458298	1
81457615	1
6474767	1
63344739	1
24468122	1
86399260	1
33441146	1
86434150	1
47997541	1
86458179	1
32737061	1
63315599	1
34158480	1
94011149	1
63356498	1
93222453	1
63315558	1
86413073	1
58557814	1
54654381	1
21976989	1
42375143	1
33039060	1
21941787	1
54646874	1
5128129	1
58579364	1
6044439	1
69628294	1
68282913	1
63307619	1
69637446	1
29344742	1
7953666	1
19241693	1
19213490	1
6952365	1
43661131	1
61202851	1
7048925	1
79877019	1
23414092	1
7950596	1
79782087	1
37653050	1
70019741	1
7050765	1
19232050	1
43691332	1
7954236	1
61158278	1
53754959	1
21158754	1
79765640	1
23425112	1
5811546	1
16936523	1
30561908	1
54565339	1
6953065	1
54146205	1
79794318	1
16928719	1
87769784	1
43687182	1
79573281	1
16918094	1
6951551	1
7051603	1
36202420	1
37683406	1
61184933	1
36196743	1
37684639	1
99678334	1
79546428	1
79579624	1
21166699	1
5713756	1
38973608	1
70017682	1
21538907	1
21542458	1
5812187	1
7951018	1
36216660	1
53146288	1
36188079	1
6949907	1
21147557	1
7053746	1
87786237	1
21537153	1
37694661	1
65684601	1
7953936	1
79815891	1
70030676	1
43684070	1
53762765	1
9112461	1
37678006	1
61176143	1
54601419	1
43735103	1
65657966	1
65636587	1
61158014	1
53748603	1
79513127	1
65631724	1
7050125	1
37648479	1
7043587	1
99637369	1
5811386	1
9103728	1
53798627	1
14355593	1
37645276	1
5810901	1
54156068	1
70030338	1
79880539	1
21567716	1
54581446	1
30630094	1
79804192	1
87776493	1
21143298	1
54593331	1
6952696	1
53795855	1
7953679	1
6950731	1
5811327	1
79839565	1
43683006	1
53129273	1
79517447	1
30602249	1
7950936	1
7044200	1
9112621	1
79854567	1
19176025	1
53785048	1
7055268	1
87773088	1
87761493	1
37672627	1
54603663	1
61191503	1
9103510	1
54579374	1
36159794	1
7954079	1
71760754	1
79553348	1
97492843	1
62039139	1
62078779	1
86806727	1
9153381	1
26138197	1
6817083	1
6998683	1
46095107	1
83176829	1
11090011	1
90937019	1
80030619	1
9107303	1
80016920	1
96643486	1
9106893	1
14214231	1
7000796	1
6999354	1
6997949	1
62034559	1
97437928	1
83177933	1
6996875	1
14241973	1
7921273	1
84363427	1
11133067	1
62048298	1
53926043	1
7850700	1
88223475	1
7849812	1
6998681	1
9296775	1
99212797	1
88246804	1
6997295	1
76036408	1
9153440	1
7580876	1
12799821	1
91954806	1
89129866	1
90942395	1
62069474	1
72295855	1
84422373	1
46056153	1
7579126	1
89114597	1
25724209	1
97466940	1
7615424	1
83179587	1
90981844	1
99214924	1
84384682	1
26336663	1
11607155	1
25692517	1
46094697	1
99197910	1
83174755	1
84415694	1
99190206	1
9153769	1
26333178	1
76003114	1
72310008	1
26401416	1
7851454	1
9106971	1
12763314	1
11605988	1
25726703	1
80011616	1
9106945	1
97498310	1
46056623	1
83235272	1
84353664	1
91928185	1
72304188	1
72332952	1
53932172	1
26370427	1
84391100	1
9106787	1
76050350	1
86781777	1
9345276	1
26152448	1
99169439	1
26396819	1
26123014	1
26402096	1
90953373	1
75988599	1
25727719	1
7916321	1
6996931	1
89089388	1
83204515	1
11083358	1
62028183	1
80000648	1
62045531	1
26332940	1
9296859	1
9106968	1
97471972	1
80032666	1
7580826	1
89092574	1
53900969	1
7618329	1
11611444	1
72323195	1
12782540	1
11586996	1
99184311	1
9153823	1
62046259	1
91979100	1
7851239	1
11094492	1
84388007	1
91963956	1
91910029	1
62032271	1
58193461	1
53947014	1
62056683	1
11123892	1
84391485	1
58235414	1
6999324	1
97460048	1
9106595	1
25699755	1
91129031	1
55272606	1
28132283	1
7786003	1
55718715	1
43563248	1
7787281	1
19878765	1
7186222	1
55732162	1
19828462	1
43180397	1
7832004	1
14749204	1
7829891	1
11053203	1
7786951	1
55727127	1
49663541	1
28528790	1
49645098	1
7831371	1
43575433	1
7830697	1
6065232	1
37373265	1
26093795	1
68056379	1
6867578	1
7830662	1
6062007	1
37376279	1
68005742	1
7831670	1
11022593	1
37382287	1
9267905	1
57082809	1
43067629	1
70841357	1
7831406	1
87652496	1
99842096	1
28112722	1
5738775	1
13831847	1
19863336	1
43068567	1
37384656	1
99900796	1
9267554	1
28172007	1
26639309	1
43530412	1
87631882	1
15354878	1
7833569	1
93995997	1
19849840	1
70853976	1
7184309	1
89845026	1
7833546	1
89845708	1
9266840	1
57121577	1
14732252	1
43595691	1
7786468	1
26088751	1
43038067	1
70829030	1
26675266	1
69066068	1
43041847	1
6865139	1
26058749	1
93974798	1
7198211	1
69100352	1
7786024	1
55227277	1
26110910	1
43589314	1
56157167	1
93993631	1
55727954	1
26623567	1
28125830	1
43519066	1
55289550	1
4002464	1
7187668	1
4003286	1
55237976	1
4002463	1
93955329	1
6063541	1
7187185	1
7833405	1
26629312	1
26097633	1
9266940	1
11025232	1
70851744	1
38309559	1
14792861	1
9267421	1
55673058	1
70833381	1
56153129	1
11066764	1
69068516	1
37371286	1
57150684	1
43576737	1
7831543	1
19812914	1
55247055	1
55235585	1
49634042	1
19850921	1
28112131	1
7832309	1
56159866	1
57142936	1
87583181	1
56124481	1
55686146	1
57130028	1
7830979	1
9344564	1
14792898	1
7786639	1
55716996	1
93929241	1
43040314	1
55290424	1
43061003	1
7829921	1
26680663	1
28130995	1
99857089	1
26053409	1
11020898	1
99901985	1
93944148	1
69049797	1
7830928	1
7648617	1
89797995	1
43175915	1
43211377	1
38350853	1
38321423	1
19867513	1
6063804	1
7829852	1
13871863	1
6862307	1
19823872	1
89850971	1
91112629	1
87636148	1
6864726	1
7833465	1
7832474	1
26674570	1
89862065	1
6417181	1
59628025	1
55431937	1
73991997	1
57473875	1
73128180	1
95805230	1
30388810	1
42990433	1
7592542	1
30357933	1
17449296	1
7020361	1
42940589	1
57467936	1
54053596	1
11336588	1
34753462	1
6417944	1
54059046	1
51302174	1
30361912	1
95228507	1
57523130	1
73118037	1
59601232	1
73127325	1
17415424	1
7685799	1
7966312	1
7965924	1
30410728	1
55420894	1
34735595	1
9288068	1
34734226	1
9244329	1
9243386	1
7016914	1
32829211	1
92125915	1
59609549	1
57512518	1
97798750	1
9127777	1
7017175	1
59641182	1
7319655	1
73130422	1
51252221	1
7019276	1
97758761	1
29180443	1
51275723	1
9127705	1
95253039	1
11288941	1
6417719	1
97770920	1
97792716	1
92128246	1
34480637	1
9243636	1
32843812	1
42974108	1
29112491	1
29131310	1
32828127	1
57489830	1
42958034	1
95842995	1
93661934	1
5318527	1
30379845	1
7018125	1
7965766	1
17459532	1
57500855	1
29161020	1
54087811	1
7017330	1
7019893	1
9120595	1
42959363	1
5357926	1
9121036	1
51245036	1
34732767	1
73991669	1
51273651	1
59651723	1
6371575	1
95242722	1
7611294	1
95218739	1
9243085	1
7018986	1
73999236	1
92097899	1
95202521	1
73151023	1
11341498	1
7020005	1
32842574	1
29147291	1
34485081	1
7686100	1
45702822	1
34516535	1
7017692	1
73961277	1
52289646	1
95206022	1
17448130	1
95791398	1
9288134	1
5101201	1
7018851	1
34488980	1
6893968	1
55383207	1
52342802	1
93646112	1
7019721	1
30408328	1
97766379	1
29111690	1
73988324	1
7614014	1
34535296	1
54104286	1
97784893	1
30404054	1
52295496	1
7019262	1
7017380	1
73143116	1
9120879	1
43397442	1
49716770	1
9128517	1
7785450	1
71281213	1
79937650	1
66182583	1
96404195	1
67829953	1
18051424	1
7784962	1
79932750	1
18090320	1
80101586	1
14141933	1
39622234	1
92417797	1
13051566	1
22775541	1
13096277	1
22736008	1
9129337	1
81845315	1
79931413	1
6561809	1
46334252	1
67787325	1
46341439	1
7785130	1
24954326	1
46327579	1
35509914	1
67803380	1
80071906	1
67803393	1
9204202	1
18104825	1
43420879	1
24977792	1
14120253	1
9205606	1
18104656	1
12513315	1
49738614	1
39593380	1
71313470	1
88747104	1
35555041	1
46354978	1
80046876	1
13099017	1
71285997	1
24997010	1
51689882	1
43406853	1
9205083	1
67800126	1
66188311	1
39638406	1
12549616	1
49764412	1
96447788	1
81863984	1
71276032	1
81848234	1
35505500	1
46379343	1
12445314	1
24994486	1
51722535	1
13067359	1
22726988	1
12450584	1
9129499	1
51720105	1
9135888	1
92401297	1
9135458	1
24956572	1
49721700	1
24951532	1
88762419	1
46933893	1
12532457	1
12443321	1
22987822	1
35536450	1
9204386	1
22968652	1
88748517	1
71267585	1
12530525	1
79916411	1
39598907	1
22757718	1
18101789	1
88712814	1
35509579	1
67829526	1
39661850	1
35562534	1
7997850	1
92381471	1
67814670	1
9128861	1
12453232	1
49760667	1
66185560	1
46690553	1
14113399	1
39600074	1
43413693	1
24945464	1
12496614	1
5633188	1
22982058	1
25009156	1
43401629	1
13072056	1
9135318	1
46694514	1
12516136	1
7785713	1
67789075	1
12550742	1
81860211	1
43400430	1
92419124	1
51744040	1
81858667	1
92369003	1
79957520	1
43384720	1
39610836	1
49750167	1
88713291	1
71313843	1
51689178	1
5567181	1
7785052	1
96420820	1
5568190	1
9193434	1
60347703	1
80484732	1
5527667	1
47428734	1
46186138	1
49539129	1
54251451	1
71904662	1
38889797	1
47423680	1
54397843	1
7208503	1
19767458	1
9193436	1
49536772	1
46190269	1
7360743	1
49524493	1
54187047	1
9010081	1
5565207	1
54356651	1
9193467	1
92585260	1
80542877	1
19773352	1
45490612	1
47433606	1
45461448	1
47453904	1
60363189	1
45629123	1
33125843	1
9194100	1
26582900	1
7760958	1
5528248	1
26558849	1
54341576	1
54217035	1
60355723	1
9193435	1
47437780	1
7416366	1
92609440	1
18568393	1
47464860	1
9193106	1
9009818	1
47431555	1
9193110	1
7414026	1
11902046	1
6874811	1
53726205	1
9193289	1
92622702	1
9193284	1
80528714	1
33168339	1
49510860	1
84457099	1
47428747	1
45494713	1
9195677	1
44478469	1
46491501	1
26577225	1
54241041	1
47421021	1
45442497	1
80541077	1
46180634	1
44480841	1
7762436	1
54251443	1
92605751	1
46520157	1
53736156	1
49513656	1
7929184	1
11875788	1
46181383	1
12844827	1
9009704	1
92585608	1
9010293	1
18539377	1
44519366	1
33181561	1
7963044	1
7208839	1
45472564	1
80533270	1
96720227	1
49518382	1
11904161	1
38860008	1
46484792	1
47441733	1
84487720	1
12833938	1
7928567	1
96728118	1
44475075	1
7416647	1
44489522	1
60359030	1
12888885	1
9059969	1
19806581	1
26545493	1
7939816	1
54329849	1
77751078	1
7928547	1
84452344	1
45483786	1
9010301	1
12834736	1
46183585	1
45636867	1
12870278	1
46470265	1
7206660	1
9059406	1
45457475	1
12868066	1
53729939	1
77725752	1
45506306	1
92596133	1
44524874	1
45433197	1
45496169	1
9059030	1
92630212	1
92612126	1
44484893	1
84066106	1
90207098	1
7178288	1
9011941	1
23326094	1
27028504	1
40254103	1
68662552	1
5238374	1
9131289	1
86355022	1
27013189	1
9040815	1
68723915	1
9011919	1
5241217	1
9011633	1
14069240	1
68703810	1
9011407	1
17119741	1
85617271	1
86344098	1
27006324	1
23368206	1
26971529	1
33648357	1
96775547	1
52759190	1
14908479	1
14094008	1
7686626	1
7981214	1
7809517	1
7809406	1
9012014	1
76207882	1
5356592	1
86344982	1
5241333	1
23300719	1
84065784	1
76211027	1
7809053	1
95313136	1
9011345	1
65260388	1
84073078	1
84061009	1
33618803	1
5238180	1
85587677	1
17148241	1
23368261	1
52745249	1
7809733	1
7809931	1
27002231	1
23299662	1
84059142	1
56871900	1
6790354	1
14080983	1
86391335	1
56922823	1
5241504	1
7810345	1
40270437	1
33633847	1
76252182	1
9131317	1
96770503	1
7937461	1
40294917	1
9063505	1
7625976	1
76251609	1
65276939	1
84078538	1
23350923	1
7810041	1
7686761	1
23355324	1
5469799	1
96797044	1
7180481	1
9040651	1
65272525	1
76250296	1
7809506	1
9063145	1
14072442	1
17167583	1
14936639	1
7678667	1
5238181	1
68724926	1
95326080	1
56864623	1
17180205	1
56877631	1
29205852	1
7937921	1
96826548	1
9332445	1
96774217	1
23514019	1
7688827	1
96825243	1
52757966	1
9011741	1
6049923	1
5240727	1
29214563	1
65270432	1
7808984	1
9331631	1
76220930	1
68692369	1
52735305	1
96817879	1
52719290	1
40278896	1
95283692	1
14051381	1
33658417	1
52782267	1
9011437	1
38518872	1
58147259	1
7819490	1
89594777	1
12096065	1
9132721	1
73075236	1
50680592	1
12096870	1
76526197	1
7482770	1
7818927	1
7818727	1
45577413	1
76530395	1
14948568	1
5969602	1
22257879	1
14996049	1
12080796	1
38551003	1
45567017	1
7816698	1
87170870	1
19426116	1
34597631	1
61679384	1
9067853	1
12076293	1
38567963	1
7387501	1
38535687	1
73102016	1
58394007	1
87200565	1
58137615	1
29678725	1
43970566	1
58147021	1
44024292	1
14965012	1
58386763	1
51786094	1
7523211	1
7818137	1
7783335	1
25616735	1
7391579	1
43976004	1
7817200	1
11210670	1
52649597	1
87195334	1
42791378	1
45560949	1
11166993	1
51772213	1
89590109	1
72759691	1
29685118	1
5969096	1
7385935	1
58379637	1
42806990	1
76533315	1
87143634	1
45531918	1
22243655	1
9201685	1
43957555	1
76535327	1
9201126	1
25632746	1
72772260	1
7817789	1
12071205	1
72732251	1
76564876	1
11170898	1
45549870	1
51761651	1
45582240	1
52671938	1
9201117	1
45529670	1
87203577	1
42797638	1
87182517	1
7392628	1
19418286	1
7783455	1
14989174	1
11200214	1
7386412	1
14946995	1
58368381	1
9067775	1
38526450	1
7391031	1
34595110	1
25613732	1
34568639	1
7386062	1
6669800	1
51784040	1
11173909	1
50660124	1
58125557	1
7324453	1
87150271	1
7385626	1
45525681	1
19434291	1
50690050	1
52654420	1
38519259	1
5478417	1
89633614	1
50707627	1
12376559	1
9201873	1
19390503	1
12097567	1
52668009	1
27912374	1
9107766	1
34555663	1
89610787	1
58359790	1
29679457	1
58158718	1
73057235	1
9132191	1
58397779	1
7818505	1
6670778	1
27931667	1
5973524	1
52655269	1
43990128	1
52684171	1
51114990	1
16275518	1
65164894	1
64078641	1
16251526	1
50138087	1
20403270	1
84880027	1
5621352	1
68370400	1
99915776	1
41255758	1
93128102	1
77314959	1
90779114	1
90823288	1
20395678	1
90818771	1
41206790	1
62157043	1
51117977	1
41256764	1
7406756	1
16269506	1
35962010	1
77285136	1
14004820	1
90517696	1
5620052	1
7803875	1
62168329	1
64056186	1
64013319	1
77291250	1
9111491	1
16262498	1
9111685	1
76652879	1
68433338	1
90515442	1
44745406	1
51141974	1
62169079	1
30077293	1
7372232	1
68428519	1
51122189	1
9111649	1
50144241	1
50516241	1
16246514	1
62117007	1
91343130	1
51121450	1
77301977	1
84853936	1
20390419	1
90508593	1
7370320	1
50134910	1
16268753	1
41270964	1
84849694	1
9083254	1
7805148	1
45988058	1
45986411	1
44720599	1
62103629	1
90822117	1
32897520	1
90487964	1
7403089	1
7371858	1
76642882	1
44719584	1
50201168	1
16254794	1
84872006	1
5623244	1
50151127	1
77315783	1
50516486	1
99945405	1
96293057	1
7405476	1
5623701	1
77309872	1
7369036	1
20427409	1
50188243	1
5622720	1
7404664	1
41233662	1
90823947	1
77322231	1
45954177	1
7804387	1
7404533	1
90485890	1
77313847	1
13995741	1
50196769	1
5624207	1
93107484	1
76588208	1
41245229	1
84859431	1
64078564	1
9083355	1
45983538	1
96268826	1
50555123	1
62144943	1
51127542	1
51128126	1
51149573	1
7551649	1
90533459	1
50181830	1
64052849	1
64057847	1
65179871	1
99927467	1
51137298	1
5623840	1
9112209	1
84832089	1
84866343	1
91363681	1
99929820	1
9276120	1
50179508	1
5621497	1
9083666	1
32943159	1
44724501	1
76630861	1
14020035	1
68403701	1
90821435	1
65134616	1
51121506	1
20426422	1
77315081	1
77275930	1
7803986	1
90832101	1
64026710	1
9275813	1
50531800	1
97385113	1
77254682	1
41213921	1
9083845	1
9277284	1
16242603	1
5620962	1
68407812	1
41257286	1
32950469	1
51152753	1
9083258	1
7372416	1
53354505	1
93028711	1
7960484	1
23807529	1
51165057	1
77207402	1
7947609	1
60202015	1
30502244	1
30535859	1
9032724	1
51229015	1
39508433	1
50231445	1
30517107	1
62258312	1
30518515	1
95691668	1
93039152	1
7960994	1
5755178	1
86926336	1
9342139	1
5753949	1
44226849	1
9033438	1
86976298	1
86979640	1
86987595	1
23847100	1
53351394	1
44053927	1
15834956	1
39471798	1
93044890	1
89659044	1
62304466	1
93047574	1
53372019	1
15830033	1
51168549	1
7845718	1
53336359	1
53365242	1
95656680	1
39505546	1
60183043	1
95102160	1
28346678	1
89664919	1
39279744	1
39285539	1
35898994	1
62250223	1
15832338	1
23834625	1
39264104	1
60232519	1
39483347	1
36116676	1
36112368	1
35915059	1
62304823	1
35901484	1
67582858	1
86965153	1
35911297	1
7960792	1
95046850	1
53358273	1
7932965	1
16428216	1
93083195	1
95051478	1
62267254	1
16475760	1
53358229	1
6236458	1
95634296	1
86981142	1
28346247	1
44050420	1
39236071	1
23833799	1
9342310	1
86936535	1
30544597	1
86974382	1
94947682	1
86929575	1
6403057	1
94932096	1
55084594	1
51211970	1
7846619	1
35911743	1
39464503	1
53330191	1
86944039	1
93080904	1
94940143	1
89656416	1
52088500	1
9032716	1
30555743	1
89645077	1
5754138	1
62315351	1
67562879	1
5944759	1
62278907	1
89703916	1
44033010	1
7932879	1
53331741	1
62274215	1
39507015	1
50208989	1
39275561	1
9032589	1
55068088	1
52084975	1
7960496	1
5666252	1
7933104	1
52083615	1
28324454	1
23840049	1
95649213	1
67548063	1
50272366	1
39789586	1
88153931	1
18785486	1
7971167	1
47767274	1
18761252	1
7828784	1
88168483	1
6435400	1
84675027	1
75205476	1
7988678	1
7355617	1
7826547	1
6435976	1
75217129	1
99270106	1
9235240	1
17863737	1
17859768	1
76674075	1
7114512	1
98149309	1
6225783	1
58494606	1
88156624	1
62237462	1
39228387	1
76699555	1
30781615	1
22600431	1
6091624	1
38603329	1
58511002	1
99242356	1
5253428	1
30841468	1
38627568	1
41313380	1
7828700	1
30796881	1
75215093	1
7826452	1
98119426	1
17862433	1
30811283	1
5256213	1
62178867	1
98123086	1
56791383	1
46285061	1
47720330	1
7829566	1
7238203	1
22593540	1
39163805	1
39744224	1
5341216	1
22835234	1
6438090	1
7828254	1
88130718	1
62172403	1
7970649	1
6436556	1
30787975	1
7173651	1
38625418	1
39788605	1
98134597	1
22849940	1
9122724	1
22632483	1
7828437	1
47787900	1
22568716	1
6093151	1
7356391	1
98165403	1
5251459	1
7970856	1
9122051	1
7827919	1
46257545	1
39736235	1
62236574	1
58531519	1
98123192	1
7828140	1
88159589	1
7176970	1
75249328	1
6228398	1
56278781	1
17863926	1
62227141	1
84675971	1
84681788	1
88172208	1
98158492	1
39196668	1
56303623	1
39216997	1
7239789	1
41298715	1
7970431	1
9233870	1
98152155	1
38602689	1
7828056	1
22634927	1
7115624	1
58504347	1
7827744	1
56278681	1
7828252	1
22636995	1
7828652	1
56335666	1
9233634	1
76670178	1
47731411	1
75212460	1
38595461	1
7826455	1
7174855	1
9122345	1
22587562	1
98188472	1
56841654	1
46298881	1
58513356	1
62176751	1
7988212	1
7173213	1
5256209	1
46274270	1
88144620	1
58538293	1
6092175	1
62224664	1
58518944	1
23166564	1
88867195	1
29943364	1
23165120	1
5662941	1
17009625	1
65475214	1
88901736	1
97603006	1
7893131	1
7891862	1
86847305	1
86897503	1
7380235	1
88490245	1
39932476	1
5106895	1
69305200	1
7380962	1
39947218	1
5244134	1
34320479	1
25351657	1
7893272	1
26900084	1
29308346	1
7379088	1
91622988	1
69304064	1
78245220	1
93888417	1
5734628	1
5105541	1
39896659	1
49250227	1
76889537	1
14307410	1
88892380	1
25331725	1
26939069	1
7890856	1
39937397	1
9051831	1
9009327	1
91642675	1
39312545	1
76941111	1
5648637	1
69294613	1
64994656	1
34289530	1
17012146	1
93886026	1
7891377	1
49305982	1
69275351	1
5662147	1
65432897	1
7379458	1
49273429	1
7892172	1
14299570	1
69256467	1
76929989	1
34323964	1
93857075	1
5244151	1
65445103	1
17010690	1
65459395	1
39920199	1
26926205	1
64992504	1
93875230	1
9009267	1
65009633	1
27400577	1
65421147	1
88869620	1
49258808	1
26965516	1
91630714	1
9009519	1
25316119	1
88466994	1
6644479	1
88420189	1
9008960	1
26959676	1
34324563	1
29951362	1
88889112	1
65026126	1
49278732	1
39949482	1
88496814	1
88916429	1
16995683	1
88414926	1
5552632	1
29921795	1
27459505	1
86850858	1
27453080	1
7381929	1
5105900	1
25373511	1
88483473	1
7379017	1
26923624	1
86884829	1
28995031	1
39338561	1
14248331	1
14258329	1
39903103	1
93913942	1
76888722	1
27460730	1
7890964	1
9039601	1
6642611	1
25332448	1
26910565	1
78251453	1
26934114	1
29297492	1
64976861	1
29024110	1
76897364	1
88414067	1
7893251	1
5733805	1
29031710	1
93873068	1
88466743	1
29308261	1
65422817	1
39314206	1
29927836	1
29000953	1
69292756	1
39313248	1
29910225	1
78255749	1
7891122	1
26926868	1
7384753	1
6643274	1
88470021	1
5244158	1
78243340	1
5733690	1
69267852	1
71530019	1
34452063	1
61773564	1
93281633	1
93316678	1
9248844	1
92816447	1
52522892	1
36549741	1
9013867	1
18992309	1
63953931	1
77823876	1
63967217	1
9013677	1
6966770	1
7961896	1
6964418	1
7963778	1
9248982	1
58815140	1
71479802	1
34408946	1
93322054	1
9222847	1
7963372	1
52510685	1
9224041	1
58865026	1
18984794	1
9013669	1
6966251	1
36557304	1
63959835	1
58850292	1
52503847	1
9249769	1
7357694	1
18979290	1
9251394	1
63980061	1
76394127	1
85963560	1
7963348	1
6489712	1
7983750	1
19008185	1
9224121	1
63994407	1
6491503	1
7357299	1
25984467	1
6966088	1
63985277	1
58856080	1
6967231	1
18982460	1
25969214	1
58919666	1
92827944	1
27118037	1
5760075	1
63997284	1
85981876	1
71540596	1
61786130	1
77801567	1
25982093	1
9013667	1
94216877	1
93258380	1
7963099	1
27166626	1
6964520	1
33943662	1
25970598	1
19016824	1
63990367	1
27175324	1
58800303	1
94204598	1
7229563	1
33930522	1
33959074	1
5756566	1
58788716	1
27174922	1
52516796	1
63951973	1
63945733	1
9249959	1
6927021	1
94188586	1
7750091	1
5764092	1
86008196	1
7961791	1
7983820	1
5761080	1
58794324	1
25999643	1
9249953	1
76366322	1
63941266	1
6967914	1
33976830	1
85967837	1
58892238	1
6968410	1
94168198	1
18977892	1
6488304	1
6490995	1
58890095	1
6965592	1
9013694	1
58836207	1
92819855	1
6967678	1
9224076	1
63944726	1
9251689	1
76384789	1
6968508	1
6967499	1
25998517	1
7744488	1
7653665	1
6933195	1
58907524	1
34427806	1
58876369	1
9013425	1
6969086	1
85976521	1
27173268	1
71485356	1
52534219	1
6967627	1
9223598	1
63749268	1
6691527	1
83523388	1
57824871	1
11371996	1
11374364	1
82724031	1
83491741	1
17819275	1
76338071	1
7834579	1
83517079	1
9154739	1
93393755	1
82726562	1
76287908	1
82740411	1
7835907	1
6542520	1
9116645	1
88384284	1
5139286	1
9154761	1
59754684	1
5136380	1
67878382	1
67862277	1
63768042	1
93324454	1
63747554	1
88355033	1
69719937	1
57760057	1
76310746	1
82735117	1
7978345	1
17775177	1
67882710	1
82779329	1
7834874	1
11222833	1
88375556	1
35069051	1
59734560	1
17813466	1
76327459	1
93581989	1
5137628	1
5303347	1
69742820	1
69423584	1
76340270	1
31275763	1
57787690	1
9144859	1
93616191	1
31276139	1
25450939	1
11248591	1
57793179	1
57804257	1
20085084	1
65704828	1
11380523	1
63763695	1
7835201	1
35106595	1
25378733	1
11267528	1
5302231	1
20050159	1
25400158	1
11250705	1
7834096	1
11250965	1
63774567	1
69739410	1
5101933	1
20061628	1
9145366	1
9116712	1
59731936	1
31264292	1
5303664	1
6695750	1
93565502	1
83478994	1
59784129	1
5104344	1
83511532	1
82774724	1
9116459	1
76358880	1
6788195	1
35063299	1
7834059	1
7836696	1
31288868	1
37092629	1
65715156	1
82723796	1
11398729	1
5105025	1
11238091	1
69452924	1
93556929	1
63722414	1
17773081	1
7837100	1
17809405	1
11275507	1
88401058	1
7978382	1
88385441	1
7835812	1
5102795	1
69717582	1
31263260	1
31283326	1
5139431	1
93392016	1
37046255	1
7835868	1
6693009	1
11370476	1
7835639	1
6538796	1
98490888	1
7031065	1
7897120	1
24612742	1
59974510	1
59951326	1
98544193	1
81362973	1
81346601	1
81294491	1
44648228	1
24596730	1
46657340	1
68105448	1
35316769	1
66663603	1
44630109	1
48563086	1
7455491	1
95919741	1
9140998	1
31742891	1
98458198	1
6396186	1
46607172	1
87244732	1
97879813	1
35276832	1
7030033	1
38232444	1
98518804	1
9140258	1
44656778	1
60254179	1
81355751	1
84991269	1
66674604	1
98535728	1
86673456	1
37489985	1
98489347	1
44624656	1
95856804	1
6128732	1
9141171	1
91535001	1
6397973	1
46648931	1
44668981	1
87252518	1
47509579	1
97855702	1
44657994	1
98470580	1
7040668	1
85009870	1
7040252	1
46622948	1
81306199	1
87269038	1
81341075	1
9029512	1
7897893	1
31742515	1
7897304	1
44660496	1
7963961	1
24629051	1
24614646	1
66699354	1
31756512	1
48508958	1
81367785	1
48555336	1
97874084	1
35321496	1
98514481	1
85032778	1
87250835	1
35350795	1
24610421	1
98460961	1
98489017	1
38236468	1
68083331	1
48509525	1
97820467	1
87238407	1
7669254	1
91485621	1
70709874	1
98556896	1
7964493	1
95857156	1
44636777	1
98428354	1
37489849	1
7964664	1
66663609	1
86637412	1
95870686	1
98459377	1
7964501	1
48534599	1
98490544	1
60288409	1
98425969	1
70684545	1
59961845	1
81332059	1
7455671	1
87278651	1
48529491	1
24640114	1
59964973	1
86665553	1
70726071	1
7898046	1
7457777	1
7036805	1
38267481	1
38245527	1
98475259	1
7463084	1
70701009	1
98529318	1
68125935	1
7964103	1
85023810	1
7332805	1
7331132	1
48534505	1
7894753	1
60267540	1
7897108	1
68104888	1
9140281	1
44653008	1
81292192	1
38228256	1
48545280	1
59999381	1
46612215	1
9028659	1
97817465	1
12270883	1
85783855	1
31438312	1
83029662	1
40552101	1
86264840	1
47156389	1
27335969	1
62649318	1
7436656	1
5768135	1
6986137	1
57889534	1
87012600	1
61488623	1
86305891	1
57848875	1
7730073	1
27393769	1
35036903	1
45826228	1
9042367	1
31427346	1
7729641	1
12293219	1
61448053	1
86996714	1
61502583	1
12278310	1
47158331	1
45832451	1
67629492	1
97946280	1
7438464	1
18682982	1
83060789	1
86285387	1
5160971	1
7960044	1
85777805	1
9283606	1
12334499	1
5160141	1
47171768	1
40600648	1
18735479	1
85736494	1
40230180	1
38387418	1
9016958	1
85805918	1
6986549	1
40569026	1
57888602	1
45820572	1
63455477	1
85705258	1
74894481	1
40570938	1
66315211	1
63428857	1
18695844	1
87043268	1
20904933	1
85802633	1
40239946	1
66317914	1
12317268	1
85837801	1
87025831	1
31426678	1
85744048	1
6986057	1
5160956	1
7433098	1
85769280	1
45806804	1
74906538	1
74950266	1
66352910	1
7959643	1
85842155	1
86306241	1
7434642	1
57888957	1
67630302	1
64106674	1
5765839	1
5767581	1
45839645	1
6987120	1
61472159	1
83021026	1
97947980	1
5161020	1
85734003	1
86307546	1
6990572	1
38361751	1
12325003	1
62618990	1
40170069	1
7968331	1
7435922	1
27373535	1
12313723	1
61441322	1
7960190	1
40610738	1
9284688	1
85708566	1
40570723	1
7960104	1
38421075	1
47165370	1
31373203	1
86998940	1
6988121	1
9311954	1
6986770	1
85812598	1
57878393	1
6988749	1
47164300	1
40229654	1
18721684	1
40233923	1
61444176	1
87048371	1
64125534	1
18678754	1
21061402	1
87057057	1
62668018	1
87020338	1
97939591	1
9041962	1
86272745	1
85819167	1
9284890	1
97910705	1
27361287	1
61479849	1
85720407	1
83026538	1
20861210	1
5160143	1
67623586	1
38414105	1
67630778	1
66294564	1
66340820	1
74925536	1
20903202	1
40566646	1
9041801	1
6990518	1
66305392	1
74909943	1
9284300	1
83086334	1
40170092	1
21001997	1
9283839	1
20883544	1
18696832	1
95722589	1
49906504	1
69203857	1
9010588	1
80344330	1
25753738	1
59038803	1
88978041	1
90682609	1
95743161	1
74975382	1
6085497	1
33374430	1
15391676	1
33344233	1
49843318	1
22676930	1
22700024	1
33388929	1
5690167	1
43323543	1
80353974	1
90665027	1
41807686	1
90662213	1
99129503	1
59040569	1
48281180	1
69212596	1
88980522	1
9010804	1
7411924	1
81644953	1
22679319	1
15402932	1
88983899	1
69200896	1
80392413	1
25552516	1
29048316	1
59004162	1
6809883	1
43291516	1
10479000	1
81664456	1
5689229	1
80364471	1
99126362	1
25606851	1
81638388	1
95738519	1
15417459	1
7916711	1
75017855	1
26846326	1
81642166	1
49897201	1
52168646	1
90686036	1
25600958	1
9010696	1
67720587	1
59030836	1
9104195	1
9109826	1
25800732	1
26872331	1
58995502	1
33383385	1
43337020	1
22654271	1
43344779	1
9109854	1
22677017	1
25539369	1
9104265	1
58309628	1
52163560	1
99139825	1
7160801	1
22672319	1
33371002	1
69206253	1
9104743	1
69210817	1
29099744	1
33376499	1
15406902	1
25786241	1
22706151	1
41829836	1
25773662	1
9104756	1
48276559	1
7407739	1
9010991	1
69227891	1
74982016	1
9109782	1
7159481	1
90667113	1
9010511	1
52218848	1
69214415	1
95732579	1
49884058	1
7409289	1
22665989	1
25593570	1
58314107	1
69184494	1
74588191	1
88963885	1
33368676	1
9108738	1
99152386	1
43351173	1
9104048	1
7164332	1
10495144	1
9010577	1
67731303	1
99107956	1
99139053	1
88968204	1
99148726	1
15388838	1
58266732	1
80330699	1
6086947	1
74540131	1
95714699	1
95727711	1
35585138	1
7952806	1
32045623	1
61557563	1
7798508	1
99487937	1
66418696	1
10666786	1
6449799	1
7924639	1
61521383	1
6390296	1
16287617	1
94252531	1
5883308	1
99464332	1
45287133	1
10681184	1
82871021	1
94228942	1
72951291	1
45301477	1
82869811	1
6597074	1
32019110	1
34117381	1
99500061	1
7799090	1
72951286	1
6597418	1
10703661	1
7952747	1
6448960	1
62886910	1
80580127	1
82807957	1
66384106	1
47042527	1
16330813	1
32034873	1
6392551	1
99465438	1
7126008	1
78443052	1
7952923	1
65548690	1
7797052	1
10659390	1
31090045	1
82870136	1
16350322	1
4013165	1
7127977	1
78474905	1
61571242	1
45329923	1
45354384	1
64437650	1
7798465	1
31133985	1
28298039	1
7798072	1
78516648	1
72929510	1
64425105	1
7949754	1
72922221	1
45335725	1
6450684	1
7797627	1
66394411	1
7799018	1
7996598	1
7799153	1
39880698	1
16317063	1
65482372	1
66393583	1
80588720	1
66422541	1
34072050	1
78518686	1
82858929	1
9337987	1
58089477	1
82845205	1
72925404	1
62839320	1
7797288	1
32059588	1
6448044	1
39839101	1
45327406	1
58053392	1
6393593	1
62857078	1
32069098	1
35590757	1
94275481	1
72891113	1
61575468	1
6388506	1
16310302	1
58050740	1
47007006	1
39820151	1
28285223	1
58094453	1
62884557	1
64429018	1
10667732	1
80565897	1
4024369	1
31103127	1
64436144	1
35601693	1
16317143	1
62887419	1
72939907	1
7797409	1
10717308	1
7797980	1
5986137	1
34093584	1
28291267	1
62874776	1
80576325	1
82840775	1
94277019	1
7126956	1
7996546	1
94223768	1
15274666	1
60812320	1
82335464	1
78904360	1
65921957	1
6845884	1
44586194	1
96321877	1
87482907	1
87447143	1
60769026	1
59328594	1
6149807	1
59316546	1
65978127	1
87447425	1
7793376	1
96327201	1
60973072	1
71816701	1
87433497	1
5929334	1
14876796	1
9152719	1
87455059	1
7430517	1
7150352	1
5646828	1
7794475	1
96330135	1
5681869	1
63548770	1
59327032	1
39443986	1
60949050	1
88074972	1
7793972	1
96331332	1
5683623	1
81551433	1
5680909	1
96357838	1
7429079	1
90886302	1
5684501	1
44594639	1
9148351	1
39412285	1
7431994	1
71819241	1
59328767	1
39432497	1
87432503	1
5648011	1
71820128	1
62950064	1
24574706	1
88032695	1
7148596	1
6851554	1
7792831	1
9148268	1
71812594	1
7149343	1
90898462	1
81549404	1
14808509	1
65948952	1
6845004	1
62929649	1
62965265	1
62970575	1
96328641	1
7429379	1
5143063	1
7793119	1
65988693	1
5647209	1
7794215	1
5682650	1
5143067	1
5637835	1
78966448	1
44589345	1
5647858	1
39394488	1
59326581	1
7736985	1
90896038	1
39437528	1
59292066	1
7994724	1
87447079	1
94517586	1
36622493	1
9148033	1
24520342	1
87471261	1
24542992	1
60786463	1
65985960	1
7427170	1
87489648	1
78955883	1
59351252	1
59327730	1
60798370	1
94534973	1
59332659	1
5919697	1
5143512	1
87431051	1
88084996	1
60968389	1
62954671	1
7736657	1
82330208	1
39410413	1
59134367	1
7807150	1
19083037	1
73912487	1
19273318	1
41983167	1
9220825	1
56647412	1
9213817	1
21782903	1
13804184	1
9213173	1
17378060	1
22137404	1
13765226	1
56643112	1
9220726	1
73895021	1
21786557	1
41963563	1
19279906	1
48842436	1
73891638	1
22091926	1
19265990	1
6319955	1
7692367	1
83105712	1
17357648	1
22199819	1
92047873	1
7806987	1
36012120	1
21742586	1
73345002	1
7805813	1
87685250	1
22079473	1
83151505	1
82243741	1
19269757	1
32636232	1
17382479	1
7805720	1
34773544	1
92031059	1
22073280	1
73907365	1
87666536	1
54997979	1
70194277	1
82248669	1
6320473	1
82206278	1
22162786	1
6431042	1
55040726	1
9213538	1
6430211	1
22132856	1
87701298	1
22179465	1
9126819	1
73913101	1
36057152	1
7807212	1
21755163	1
87686772	1
22159142	1
73390219	1
92033775	1
73342645	1
9213673	1
9221026	1
22150523	1
59136807	1
19085048	1
19740496	1
9126611	1
13795215	1
59128133	1
32661024	1
9220519	1
13810769	1
73411133	1
34785666	1
82199533	1
48817503	1
56674079	1
56690031	1
82200904	1
55026851	1
73904861	1
7353667	1
76956826	1
19060388	1
17345456	1
48827931	1
9221735	1
49007337	1
22196024	1
17349364	1
9126855	1
41986078	1
66503704	1
32631008	1
59072941	1
48847465	1
48991684	1
56691574	1
7806146	1
51052371	1
17347744	1
73374604	1
51044598	1
76995822	1
59086405	1
17386838	1
48806575	1
5579483	1
48953867	1
9127157	1
51052294	1
32603647	1
22124642	1
87723977	1
73879234	1
32642809	1
56700012	1
76997006	1
73368350	1
6315942	1
9214401	1
36017893	1
70181866	1
41960451	1
19046948	1
22128862	1
48801300	1
32669618	1
9214002	1
59131506	1
41978296	1
9213939	1
42013602	1
70205474	1
66447245	1
51034942	1
21746938	1
66479906	1
7787868	1
38707974	1
9264472	1
62020145	1
9215869	1
66910912	1
9260951	1
7900871	1
84264131	1
9264049	1
9260145	1
27202949	1
9295222	1
82585485	1
7794688	1
84234046	1
34915201	1
9106010	1
80189473	1
9215414	1
7788387	1
66879518	1
9216248	1
7796441	1
35857876	1
7903102	1
27230520	1
9233446	1
79685984	1
6945345	1
62400470	1
7927369	1
27245935	1
42653973	1
66900241	1
9232207	1
62009048	1
66900282	1
7898210	1
61978684	1
6653955	1
75430926	1
82572474	1
7795026	1
9233120	1
50907586	1
6908997	1
7795812	1
41927390	1
34985763	1
7788318	1
7902780	1
75417450	1
7902897	1
34925792	1
66927108	1
7981866	1
7795451	1
7795709	1
62445465	1
62004146	1
21802029	1
7796108	1
9232619	1
42660055	1
7795380	1
84253567	1
32475166	1
7795247	1
7788105	1
7899056	1
9105812	1
66927655	1
9215107	1
7795560	1
7796933	1
46106108	1
7788738	1
66913285	1
7794798	1
32466631	1
27224220	1
7788082	1
75441399	1
79737987	1
6912124	1
79084722	1
79069465	1
62438824	1
7796449	1
41894442	1
7903005	1
9233135	1
82583824	1
34969386	1
75393911	1
62396232	1
61984124	1
9105896	1
66892838	1
80195525	1
9215061	1
71608405	1
7606778	1
82629716	1
7788083	1
9263460	1
79090879	1
62008583	1
50932422	1
71606560	1
62411242	1
75394910	1
7898915	1
5116031	1
46143908	1
7795951	1
5117066	1
7788119	1
84222137	1
82594144	1
50900411	1
9105771	1
75420323	1
59806661	1
34946807	1
7982304	1
41948455	1
32467550	1
79704941	1
38701498	1
61987264	1
61999778	1
41887500	1
32480742	1
9105895	1
71562393	1
9216293	1
5869379	1
88602073	1
7887788	1
99060333	1
7969208	1
60599062	1
88625874	1
99023240	1
33553959	1
16820654	1
51464668	1
61391032	1
62368001	1
16797437	1
7813372	1
61426580	1
88600970	1
16777635	1
61401245	1
29589781	1
9256200	1
7847775	1
99021565	1
56517477	1
42273351	1
6983779	1
6982390	1
61419847	1
33574283	1
7889334	1
42284005	1
20006040	1
30317635	1
82912940	1
88581505	1
30283106	1
9256729	1
62378822	1
89559870	1
16835118	1
6984455	1
16773480	1
19999092	1
89511980	1
99080042	1
16804189	1
51528985	1
30292962	1
30322011	1
24672429	1
6983326	1
61389149	1
7811944	1
20738200	1
60573119	1
5867262	1
60599642	1
90595691	1
6985232	1
19158832	1
16809330	1
33549069	1
42280956	1
7889450	1
61371421	1
24658171	1
42323824	1
19993436	1
62351996	1
73489158	1
16814382	1
41430182	1
91818074	1
30289194	1
42318519	1
19153709	1
9257289	1
33585175	1
30293937	1
19167238	1
60601474	1
88575499	1
56539982	1
60589001	1
7810661	1
7847375	1
91781460	1
16781804	1
7889041	1
62326766	1
7677495	1
7567810	1
41489846	1
51481596	1
61404389	1
7812156	1
7811631	1
30266737	1
42277627	1
56542047	1
60586669	1
41498817	1
16798059	1
9256233	1
42254660	1
41485924	1
7813401	1
16839160	1
56542807	1
6982487	1
41488095	1
61364553	1
7811130	1
56503697	1
6983604	1
60715875	1
16837650	1
9256030	1
7811233	1
51501649	1
7812465	1
91768015	1
6556822	1
97528598	1
29582955	1
24659672	1
62367857	1
60102525	1
9257152	1
7969114	1
82904037	1
6983340	1
61365321	1
82942942	1
6982246	1
7810906	1
9290941	1
41465214	1
40687876	1
52035722	1
95570413	1
9278098	1
7973397	1
81086704	1
85083353	1
5784177	1
44125535	1
40622014	1
95575691	1
7857410	1
68342403	1
29906635	1
80898133	1
16106260	1
7344078	1
95570644	1
47247257	1
81791044	1
27550636	1
80660856	1
95567746	1
48468228	1
70548886	1
80652993	1
68356571	1
68340758	1
81806169	1
93702115	1
70534269	1
85043696	1
44161168	1
38757151	1
52046656	1
85045744	1
85062602	1
44114297	1
27538932	1
38756644	1
6068930	1
44119057	1
47262826	1
78669665	1
5784186	1
51983131	1
51973866	1
51982290	1
93738174	1
40620695	1
48486984	1
5511898	1
81747455	1
81123381	1
81092517	1
23902526	1
47244975	1
80876475	1
70570974	1
9278266	1
85073159	1
48460059	1
82697725	1
47208507	1
23898789	1
38781011	1
5511893	1
9279339	1
27552370	1
16081054	1
40642585	1
38770333	1
5523076	1
40667109	1
23871633	1
80623799	1
38766345	1
82690127	1
29884182	1
16084651	1
68296625	1
82710307	1
85058758	1
98379359	1
51990062	1
5784176	1
6943045	1
80891310	1
9054356	1
81762374	1
78631348	1
29861345	1
93768287	1
7856368	1
51845345	1
7855270	1
27571088	1
5784173	1
38758656	1
47239052	1
59247339	1
81750731	1
32322522	1
5784187	1
27545855	1
52019530	1
5784174	1
47264709	1
6942805	1
23929765	1
70546344	1
7664276	1
78635583	1
51848326	1
27583328	1
81076886	1
9084748	1
38717326	1
81126073	1
93725844	1
6068768	1
98407580	1
5784317	1
9279219	1
95626121	1
85068944	1
38763449	1
81786377	1
59216742	1
9278177	1
81777343	1
27554781	1
5784315	1
78429711	1
7925987	1
89215414	1
92549680	1
35354830	1
35419328	1
82412924	1
79275860	1
11711717	1
41565964	1
52408519	1
71948490	1
71952639	1
6877671	1
78375587	1
67074510	1
7844387	1
35425042	1
26466070	1
79229433	1
78418213	1
6114550	1
74837189	1
68170467	1
89273653	1
67044175	1
61297969	1
9272454	1
74814972	1
5229963	1
11767954	1
7985418	1
23009749	1
61285482	1
6878027	1
78372192	1
89231685	1
78383242	1
52363322	1
9189422	1
9073907	1
28720646	1
68195159	1
6638610	1
6878223	1
6114408	1
35408510	1
26461917	1
89278698	1
92506509	1
39075262	1
89247093	1
23009772	1
45081014	1
7844045	1
33298788	1
9273401	1
82344675	1
26451477	1
40371975	1
74863654	1
79253733	1
23052815	1
26456541	1
67056722	1
74814782	1
11767397	1
52383239	1
18377568	1
74866286	1
6879985	1
28673200	1
55147446	1
91021985	1
40353440	1
92527893	1
6877025	1
67090723	1
11763055	1
92538335	1
92561238	1
6515979	1
98786261	1
52397953	1
91000315	1
79219992	1
6111257	1
71928349	1
78407090	1
79240839	1
7985488	1
52367487	1
28712275	1
91056619	1
55150985	1
40325303	1
26445688	1
82406916	1
28698265	1
46419088	1
46422713	1
92544265	1
34874483	1
82369059	1
92510345	1
40337256	1
46414221	1
18338197	1
79265946	1
89236339	1
28676545	1
71972391	1
28714155	1
71980126	1
41551237	1
45078396	1
67095565	1
18337326	1
79239105	1
41567289	1
91005062	1
46418875	1
6516536	1
79255147	1
55151496	1
9272300	1
41567530	1
9048498	1
98782843	1
11760735	1
7925826	1
55156354	1
74860872	1
18326118	1
55200244	1
55214019	1
91063854	1
33256139	1
34863107	1
34903646	1
33268739	1
61331655	1
98786682	1
92544261	1
45114467	1
35374031	1
28685391	1
9158378	1
7985248	1
61292607	1
71950495	1
92525086	1
74829323	1
55205528	1
71948949	1
46406468	1
92519670	1
92503645	1
23028775	1
34893980	1
7912316	1
98621613	1
86482096	1
16197463	1
42090742	1
27262707	1
16191295	1
18620692	1
27297917	1
69342987	1
84766446	1
27298072	1
98607807	1
77532640	1
84745664	1
69374612	1
84759213	1
98582910	1
28202910	1
64223862	1
42099446	1
64202855	1
64749190	1
64795087	1
98753497	1
7951167	1
7912029	1
55483060	1
7912130	1
9005890	1
24094223	1
72250085	1
98716021	1
86539291	1
77534923	1
9254634	1
67009902	1
48426374	1
18669516	1
98643373	1
27260104	1
86507604	1
7912129	1
5347561	1
7912090	1
7954441	1
55449761	1
72271935	1
24129348	1
7951736	1
7951435	1
42061288	1
64201742	1
9309323	1
77493148	1
77532864	1
55464536	1
64763656	1
72261947	1
24137254	1
42080844	1
72270317	1
6882557	1
24126496	1
24098677	1
86500882	1
86496777	1
66995759	1
96500926	1
7912114	1
66950901	1
6608813	1
96494941	1
6277418	1
9323040	1
77535335	1
9255083	1
28213972	1
98725592	1
24104630	1
24103529	1
9254736	1
84785094	1
9308022	1
84804113	1
98612249	1
5671163	1
96473246	1
72210806	1
18644375	1
7951525	1
66981564	1
64169934	1
9322687	1
28243045	1
55505774	1
64770182	1
6041584	1
89781090	1
7912125	1
98569226	1
69394426	1
6276964	1
27301497	1
7918160	1
28200625	1
5673012	1
77488215	1
86504472	1
48437361	1
55480438	1
86534682	1
64179388	1
82513189	1
9015501	1
28603584	1
7824621	1
75846439	1
7918395	1
57258498	1
82503242	1
83628860	1
5789137	1
82512748	1
83563650	1
88284092	1
88276830	1
44912759	1
50345519	1
83637446	1
9082534	1
7824250	1
9012931	1
9077770	1
83299808	1
7824414	1
7823745	1
83969352	1
75904442	1
6254618	1
9069153	1
88271980	1
69152498	1
88313710	1
83259003	1
31450392	1
85371282	1
31475555	1
9069178	1
44966607	1
83960381	1
7682480	1
24925224	1
6254529	1
9033785	1
83611698	1
6253386	1
7823571	1
83648736	1
88277186	1
9083039	1
9077954	1
50283737	1
83655932	1
6511378	1
9012760	1
88263724	1
9015726	1
5789263	1
9033622	1
63056454	1
63052405	1
5787291	1
6379609	1
83592380	1
63029528	1
83612931	1
7989280	1
5787362	1
7771470	1
69144830	1
82505901	1
85388484	1
88310655	1
24911678	1
97693530	1
63045882	1
83291657	1
31448455	1
44967122	1
88266594	1
9015971	1
9033934	1
36678198	1
7824057	1
83666299	1
36707781	1
6381712	1
6264158	1
97689615	1
28612029	1
69172085	1
9082987	1
5788239	1
82568948	1
57271202	1
7771435	1
63035062	1
36728165	1
97683322	1
83665217	1
57265688	1
5790033	1
85379190	1
83954147	1
85368023	1
57239890	1
44945751	1
83307726	1
7825929	1
28178529	1
7773047	1
53982433	1
80748342	1
9246143	1
30882694	1
38839600	1
5148724	1
58946108	1
23604298	1
20337089	1
51400247	1
68935265	1
52928257	1
9282818	1
30960750	1
53546863	1
9133345	1
9283076	1
9133132	1
68889891	1
30455318	1
9123040	1
9126218	1
7993118	1
17683095	1
55330041	1
66644337	1
53536202	1
30904703	1
54007211	1
68930217	1
51425538	1
52886497	1
70522020	1
38822009	1
54020250	1
80724592	1
9035780	1
23607095	1
58973953	1
58985743	1
23625328	1
66595302	1
80708576	1
80756822	1
46576210	1
51425276	1
51427381	1
30423722	1
9058693	1
85518636	1
58936416	1
54012308	1
9238158	1
52873758	1
9265796	1
9238819	1
54023711	1
30885516	1
23622776	1
53985822	1
9034780	1
68835332	1
6585636	1
17682944	1
6130948	1
70448413	1
66602211	1
85482776	1
77607936	1
85519009	1
5152582	1
53578027	1
38843105	1
77552946	1
9266506	1
66647482	1
9266355	1
80740443	1
77606242	1
23603461	1
9123572	1
30969322	1
9266525	1
9282555	1
58921671	1
51431717	1
36518361	1
23629627	1
85508688	1
51448787	1
9123120	1
30858142	1
9125091	1
66599306	1
17650496	1
55341495	1
30977225	1
55340273	1
68847585	1
9265915	1
20365480	1
21366138	1
9122876	1
58920663	1
9245892	1
68936311	1
21373510	1
70479485	1
77600431	1
30470654	1
58966186	1
7935202	1
17632242	1
17655774	1
70503874	1
68807321	1
68918008	1
17677280	1
68849529	1
17627018	1
30478292	1
52866899	1
68944835	1
38822112	1
9239005	1
77601754	1
52921606	1
36472746	1
80748865	1
7013728	1
12026799	1
9253347	1
11663056	1
11650870	1
11684380	1
58755890	1
82488043	1
57949531	1
36267899	1
7072813	1
82482349	1
5556024	1
9253502	1
51923639	1
9321026	1
9119304	1
20106494	1
77406780	1
30651991	1
35724021	1
30660747	1
91227278	1
7843480	1
9118728	1
91189882	1
98862226	1
20113657	1
31000082	1
56387686	1
9328511	1
7014648	1
7071914	1
91201906	1
7134765	1
36289112	1
7015876	1
20157057	1
91160416	1
30650513	1
7014624	1
12053816	1
91172486	1
36273962	1
7843588	1
12049064	1
57936229	1
30643089	1
20097419	1
6947183	1
6703306	1
30655342	1
58752956	1
82460586	1
86096355	1
20099894	1
21410135	1
9119205	1
6948623	1
41804632	1
9269936	1
98863597	1
20096451	1
5660870	1
98879537	1
30676278	1
31059340	1
56357608	1
7841926	1
51939670	1
58723630	1
31006217	1
6948535	1
6947979	1
7014193	1
20129397	1
7930226	1
36229457	1
7059145	1
21425788	1
86154858	1
24806110	1
24793866	1
11682647	1
9118568	1
9320829	1
41734832	1
11695362	1
12023893	1
77472414	1
9253773	1
82445087	1
7842867	1
36280649	1
6948433	1
30682655	1
6589804	1
9328926	1
57962733	1
82462952	1
30998902	1
12002550	1
82490252	1
7015325	1
20132762	1
82489442	1
30682567	1
9252484	1
5658777	1
12023545	1
7016791	1
7843266	1
11682127	1
21407795	1
77429832	1
41759745	1
6948089	1
6946707	1
9253682	1
7843542	1
31013252	1
7843280	1
6948980	1
57916679	1
7843571	1
24844735	1
41735117	1
6946652	1
30677762	1
7014562	1
99801567	1
11990164	1
56378287	1
56376618	1
58718381	1
7015970	1
86160773	1
7135598	1
6946786	1
91195861	1
56402311	1
40457123	1
5192841	1
9241302	1
44852966	1
79164787	1
9242568	1
40429377	1
60650141	1
34345999	1
64290884	1
64260422	1
30005734	1
9241063	1
50490646	1
7729507	1
50439810	1
50444010	1
79171287	1
34391101	1
9242547	1
79136311	1
90429303	1
9242396	1
29981832	1
30039663	1
49574259	1
7990508	1
49085906	1
30029854	1
49552602	1
18282636	1
84559527	1
81922603	1
49039711	1
75725347	1
9242582	1
78806441	1
69974304	1
9084676	1
40438284	1
49595041	1
44883236	1
50477540	1
27773130	1
40437512	1
30039093	1
81938874	1
50489875	1
9084237	1
64233749	1
64270781	1
69972213	1
90439007	1
18251700	1
27765244	1
84548670	1
5192935	1
60685202	1
75747456	1
81935701	1
7729298	1
6701568	1
62573761	1
69971088	1
50394858	1
60634015	1
49026437	1
18903770	1
78789336	1
75754485	1
9084086	1
9242599	1
9084025	1
9084620	1
40409223	1
9084298	1
60665148	1
69546225	1
78786228	1
75702330	1
57408066	1
9084628	1
49049031	1
57404686	1
79138334	1
60627727	1
78774518	1
18274667	1
69909498	1
85409193	1
34388997	1
69977010	1
7728607	1
63415997	1
60621235	1
6699204	1
9026725	1
49059648	1
44906504	1
27793954	1
84517451	1
62599734	1
63409581	1
90436368	1
79198036	1
78798191	1
75750225	1
81894064	1
81923789	1
7574155	1
50429742	1
85411728	1
7990503	1
69955589	1
7167303	1
62581235	1
84537004	1
7727395	1
50980356	1
59381578	1
38026310	1
77085201	1
39570570	1
71140842	1
39564461	1
25259410	1
5311348	1
24181007	1
6635532	1
6648435	1
69872490	1
77076611	1
39589167	1
7839776	1
40522521	1
65558398	1
65580677	1
86737503	1
86759487	1
7815082	1
7814158	1
69884304	1
6475480	1
40470024	1
59723429	1
73680378	1
86742228	1
50973475	1
71138580	1
24223533	1
78094207	1
25261032	1
7779585	1
69873627	1
65992160	1
24156467	1
6478805	1
7577142	1
39566568	1
7815414	1
66836158	1
59680226	1
71151436	1
5312884	1
64321663	1
80769673	1
7399005	1
9037886	1
7398245	1
17205423	1
24204507	1
78072619	1
7815191	1
38032667	1
59701647	1
24185308	1
77041424	1
77077164	1
37595408	1
7394524	1
66041250	1
86748887	1
64340115	1
24157828	1
7399643	1
5311540	1
6479856	1
7398798	1
9037337	1
71110357	1
25239199	1
59388116	1
64356108	1
37590995	1
50992657	1
59657315	1
59420448	1
77038627	1
66838115	1
7957579	1
37549241	1
6481144	1
38016841	1
66018892	1
78070453	1
50944925	1
7400393	1
37594278	1
14728070	1
64341146	1
86714727	1
66018605	1
66838151	1
66816889	1
7399796	1
66809540	1
7972869	1
59383263	1
39520902	1
80803674	1
7840350	1
25249069	1
7840484	1
9115516	1
38028910	1
7837781	1
65990921	1
7814161	1
64311561	1
51001636	1
39522445	1
7815985	1
25249880	1
7837772	1
7488857	1
7814543	1
7839852	1
6475287	1
7972821	1
7784450	1
7840782	1
7837594	1
64352648	1
66834733	1
6633710	1
50974860	1
59705156	1
7783764	1
59384841	1
50982702	1
78123309	1
86740683	1
78142229	1
5309790	1
6482311	1
50967978	1
50966431	1
14680376	1
7837386	1
73634879	1
37612702	1
80823311	1
59378178	1
66830133	1
7395469	1
6484833	1
7784221	1
40532148	1
78117739	1
7815534	1
66030266	1
78102074	1
24204942	1
88638554	1
5812854	1
49934839	1
94591659	1
42510996	1
72676193	1
7819906	1
5812889	1
7820676	1
87394760	1
7820875	1
49955999	1
18853474	1
9205914	1
9230343	1
42920610	1
10812040	1
5917166	1
43944381	1
88689020	1
72717615	1
51387746	1
42475619	1
13498610	1
10320577	1
86556327	1
75380905	1
18853241	1
7821109	1
67960527	1
86619131	1
88643552	1
5705917	1
82013833	1
88696502	1
13467325	1
13527226	1
6121956	1
9206585	1
75383967	1
82000415	1
72724306	1
42505186	1
9206858	1
7822325	1
6120395	1
81987058	1
86613874	1
7822360	1
5705916	1
9206991	1
42903663	1
72715968	1
42904687	1
88635340	1
86550452	1
20217111	1
7819946	1
88683651	1
9231518	1
27052680	1
13531166	1
5705720	1
94596867	1
5812606	1
43922961	1
51348447	1
67974900	1
67963327	1
82021810	1
5812920	1
51384921	1
72633390	1
5916376	1
72702861	1
18834947	1
82026294	1
7820379	1
10343347	1
92343231	1
9317774	1
9206397	1
88651708	1
6297553	1
5914919	1
9142745	1
95112664	1
81973807	1
75357084	1
13534741	1
67932706	1
10327041	1
7822585	1
42871185	1
95145214	1
5813377	1
10862207	1
72647430	1
86562074	1
95141338	1
21291901	1
34215559	1
43940562	1
92299692	1
9146514	1
43942836	1
65080866	1
72663763	1
49976676	1
7822095	1
42877308	1
34225470	1
65097759	1
95150230	1
65073092	1
7820635	1
42866944	1
72711956	1
21345026	1
18825087	1
34217136	1
9230552	1
20187715	1
5813282	1
27087475	1
9142675	1
7822584	1
9143156	1
6303044	1
92302332	1
42899932	1
42543318	1
7820101	1
88649882	1
7820914	1
18836475	1
67919574	1
42485089	1
86176975	1
17957575	1
7007702	1
7007101	1
25032652	1
23714817	1
85287530	1
40924174	1
7005795	1
37737447	1
28457422	1
36965030	1
31193950	1
7009252	1
7005725	1
32569566	1
7008408	1
7005574	1
9192364	1
17962087	1
85304819	1
85291453	1
23229730	1
16885914	1
40944514	1
31185974	1
28468579	1
7100369	1
7985038	1
7009748	1
78216274	1
19383099	1
84635770	1
40962987	1
40921735	1
31978142	1
12557697	1
6119636	1
34632867	1
17933749	1
7004551	1
36919680	1
74017058	1
6871917	1
7007033	1
54719532	1
36926670	1
17949779	1
25072528	1
74072991	1
40971203	1
23231053	1
28497266	1
25071548	1
7007398	1
40959816	1
17924061	1
7007214	1
34693934	1
36946975	1
23228905	1
31981950	1
9192408	1
16898165	1
9155152	1
9004855	1
7006291	1
7008770	1
12599253	1
7006728	1
25048617	1
74046759	1
84646242	1
84638774	1
7007497	1
31152279	1
7008485	1
16872753	1
37734043	1
36961397	1
86196528	1
74069502	1
6117855	1
40981494	1
17923190	1
7007731	1
37759074	1
7006734	1
7004833	1
7111102	1
17912982	1
7009459	1
7006589	1
7008139	1
6868842	1
54734700	1
31180603	1
32568405	1
7008148	1
37710222	1
25022810	1
7008973	1
17951885	1
7095330	1
37705259	1
7984991	1
34659527	1
12577713	1
9192406	1
7008403	1
7006834	1
36899942	1
7005428	1
15461724	1
32536825	1
17901575	1
36958794	1
15503690	1
40969792	1
86209048	1
7097592	1
7141698	1
15482857	1
19364569	1
7007186	1
40960149	1
85289827	1
37738222	1
32545153	1
7925015	1
19365206	1
25039216	1
6521004	1
40914626	1
17495003	1
5472695	1
6960300	1
48105586	1
43487069	1
69522575	1
47608819	1
10588947	1
55867987	1
23111262	1
10627698	1
82124803	1
96554827	1
92758496	1
55863847	1
43436100	1
64737753	1
64695457	1
17522905	1
38077981	1
22370480	1
48888843	1
55890679	1
9198915	1
10623854	1
36345118	1
23095612	1
10649315	1
67331630	1
48931320	1
37870689	1
67195772	1
6959864	1
70637857	1
64722635	1
92754000	1
7587741	1
71031139	1
27534297	1
5786047	1
43476670	1
17472645	1
96597505	1
13946992	1
67369442	1
27534564	1
71043372	1
9000807	1
22394917	1
48912049	1
36346775	1
6730484	1
55871165	1
55830258	1
80263172	1
67343758	1
55875183	1
51322961	1
9200340	1
55889229	1
5473119	1
38075938	1
96557118	1
17475591	1
36355283	1
7774017	1
84032619	1
51318007	1
36374611	1
5859877	1
70626082	1
47636628	1
6101212	1
80324252	1
80322569	1
71047958	1
22358890	1
23084194	1
67381228	1
84029714	1
67202911	1
7583374	1
55852871	1
45198948	1
6963020	1
22374660	1
9102457	1
45163810	1
37851294	1
23147448	1
43445442	1
82186820	1
6959269	1
64696199	1
70636515	1
48937024	1
51318521	1
17543155	1
9199970	1
48133835	1
69485410	1
23123916	1
84000904	1
6959449	1
67351735	1
69490408	1
6733504	1
38104188	1
47641390	1
69492730	1
22369692	1
17526013	1
92726909	1
6962611	1
6960602	1
9019463	1
38085600	1
23113149	1
83992985	1
10582194	1
22404742	1
43501755	1
13926594	1
27506429	1
10644839	1
7774661	1
5861054	1
43455791	1
92761343	1
48138606	1
55823998	1
23126290	1
22374332	1
69500358	1
27524718	1
84032849	1
45143504	1
84045688	1
7775138	1
64702401	1
47577245	1
6501651	1
67195501	1
13916820	1
15028125	1
59487383	1
7995195	1
5186493	1
18524553	1
56576222	1
5187122	1
83771726	1
5546059	1
5829201	1
92660824	1
75311502	1
33993985	1
5181384	1
83791628	1
99538829	1
48689692	1
53496513	1
75297834	1
15052685	1
69823912	1
10129256	1
10999800	1
25874815	1
6571316	1
99578268	1
96222496	1
10115500	1
53393280	1
6772554	1
7695379	1
33988984	1
59486867	1
96157596	1
25839060	1
84284444	1
18500480	1
34042147	1
92706924	1
69815194	1
69796908	1
5185278	1
17267781	1
92662030	1
17314487	1
17274165	1
6370574	1
64456797	1
64448261	1
6368524	1
84290453	1
92699433	1
53423164	1
25876829	1
5186496	1
5176448	1
15041806	1
56571723	1
10112839	1
15048760	1
96204835	1
48722418	1
83759308	1
48686275	1
53382380	1
64479756	1
10133841	1
49342690	1
64445729	1
99600305	1
6571956	1
59502581	1
10945762	1
96198055	1
6367717	1
17320310	1
53501208	1
77341755	1
53397157	1
49321912	1
30164088	1
96176019	1
59503839	1
77338071	1
64465755	1
17299525	1
7642309	1
18512095	1
7995478	1
69796172	1
99603280	1
30168283	1
75267097	1
53446960	1
6769350	1
29433221	1
56604256	1
7641841	1
17273219	1
17297201	1
83814938	1
18514066	1
29415803	1
5181020	1
49352408	1
56584244	1
56584528	1
7995043	1
75252964	1
7995778	1
64462949	1
77372031	1
54410441	1
59481783	1
30175750	1
84286128	1
99535152	1
75301254	1
96171835	1
77367248	1
34021698	1
54472332	1
53387380	1
84347366	1
17294738	1
69780724	1
96169916	1
45226437	1
74406063	1
6934348	1
45736867	1
10253876	1
31361887	1
90741688	1
45731603	1
28073063	1
28061079	1
37131402	1
9117985	1
43759545	1
9226340	1
28047039	1
37143188	1
74394275	1
33878236	1
5770150	1
10261216	1
9209257	1
45212893	1
70230590	1
13227116	1
72535011	1
90750262	1
70243329	1
74400203	1
5963506	1
31317942	1
90695704	1
13181507	1
57654982	1
66251986	1
73730391	1
45255019	1
73768992	1
9208695	1
72552277	1
41131399	1
9147435	1
7672760	1
60423942	1
33839256	1
73751945	1
9147193	1
9146824	1
74409408	1
72527985	1
50787888	1
57678357	1
66224231	1
33873878	1
37130679	1
72572147	1
60421049	1
72508662	1
15550327	1
66247349	1
47379116	1
9227511	1
90705273	1
33852235	1
72532428	1
72503624	1
5967005	1
27611162	1
28064592	1
33860089	1
50746742	1
15509229	1
13242521	1
41104335	1
70264218	1
47383607	1
87964973	1
9226624	1
45749476	1
57682232	1
45233131	1
60449539	1
50760061	1
60409744	1
73711375	1
15511382	1
57641999	1
6873127	1
33895250	1
72567543	1
13215358	1
28099768	1
90772488	1
33877061	1
9117353	1
6873590	1
9151925	1
28049825	1
9119620	1
90748146	1
5427653	1
43803877	1
10230029	1
45740960	1
13192405	1
27673956	1
66224023	1
9120026	1
90765829	1
28068341	1
47347156	1
70236140	1
15512453	1
9146878	1
9117907	1
10222254	1
9117339	1
33874450	1
37141388	1
9151957	1
6364064	1
13214392	1
50728620	1
70244440	1
28100834	1
45744055	1
45278160	1
37127242	1
5771562	1
37186578	1
66258074	1
15516791	1
5848352	1
54849137	1
48740589	1
97022393	1
79626470	1
90273898	1
79654928	1
14577360	1
47852289	1
13112766	1
68597191	1
44331792	1
35240821	1
24025393	1
64883465	1
28010030	1
96989153	1
6797742	1
48745723	1
68601919	1
23491503	1
5794289	1
79638217	1
7656739	1
48725134	1
64826503	1
35262369	1
79631395	1
68535208	1
47796938	1
53037240	1
79637473	1
28764077	1
48731789	1
68624992	1
47873604	1
54853992	1
68539189	1
56930638	1
5850202	1
64857309	1
47826403	1
64819254	1
47858063	1
54913989	1
5560273	1
90295524	1
24074246	1
7733203	1
99758887	1
57003917	1
33481471	1
96997182	1
28815239	1
24071319	1
90288472	1
6899181	1
47828977	1
23443189	1
48795839	1
33486733	1
31897033	1
56956823	1
47932925	1
13117554	1
9211509	1
64820521	1
35208456	1
28016292	1
47871534	1
28806278	1
54857575	1
6357197	1
28760006	1
90279624	1
90305818	1
54868037	1
13171215	1
90310589	1
96990094	1
27991744	1
6357176	1
68625030	1
77148591	1
24060222	1
47865027	1
28798114	1
35251307	1
5796322	1
9191416	1
13155086	1
35262484	1
6897043	1
14572730	1
77116789	1
23463131	1
54903037	1
14543622	1
28003889	1
24068163	1
68632887	1
24014590	1
47895609	1
86041338	1
99694815	1
9211324	1
99734734	1
77173668	1
47896603	1
77127761	1
9237022	1
97042680	1
77128220	1
54847060	1
5793470	1
14584232	1
23497177	1
68589644	1
53037737	1
7733138	1
77119006	1
54885624	1
13133249	1
64874685	1
47826507	1
90274876	1
5561704	1
9236173	1
14552188	1
44381673	1
79606080	1
5793128	1
86029194	1
36861210	1
9110077	1
96013603	1
87563769	1
7800479	1
94405549	1
65857367	1
65877218	1
38149815	1
87521960	1
5232681	1
91703049	1
9196065	1
7975086	1
95524635	1
7799656	1
95503759	1
9209561	1
43622261	1
7975588	1
43643344	1
71434932	1
7799928	1
87570173	1
9271350	1
13565182	1
72804977	1
61806540	1
7799506	1
48201891	1
26795128	1
5742795	1
9210056	1
61636290	1
95491500	1
7801279	1
95501189	1
72103253	1
91712974	1
6842839	1
7999114	1
13597097	1
94425155	1
43643898	1
72874092	1
9039257	1
7934179	1
96047002	1
9038639	1
85202289	1
9271024	1
95506129	1
96067072	1
61830352	1
72829241	1
71416925	1
7800456	1
7955617	1
7799333	1
13590798	1
43616339	1
7955892	1
96021226	1
96054927	1
61811678	1
9271842	1
91696344	1
43610365	1
65901497	1
85208760	1
36875190	1
13572313	1
91698417	1
9195746	1
72090245	1
61637635	1
9195728	1
43598646	1
5236989	1
87519836	1
26767943	1
26793659	1
7975505	1
9195783	1
5743688	1
5728351	1
48167642	1
26786734	1
5233162	1
5741728	1
96070563	1
71437033	1
7955811	1
5743514	1
9038159	1
36839349	1
7999765	1
9038316	1
60875150	1
95552744	1
72847050	1
91741464	1
91762735	1
61835087	1
95499150	1
7801250	1
7801241	1
71425894	1
36847471	1
61806035	1
5742137	1
5234668	1
96007904	1
5233087	1
61654797	1
9110080	1
72826484	1
38156339	1
48220763	1
15688592	1
38484030	1
63234025	1
18401853	1
19659773	1
77624292	1
94883852	1
7118323	1
28889231	1
33043726	1
51568341	1
66541716	1
92474710	1
51600787	1
73462582	1
32158083	1
66559403	1
5211173	1
89913852	1
51535871	1
7365682	1
35434784	1
18453071	1
33052451	1
7979434	1
51551797	1
77941526	1
63276196	1
73850585	1
32160194	1
7367021	1
32155354	1
37819165	1
18396087	1
32129626	1
5213200	1
28914493	1
20804101	1
19609555	1
63268737	1
83386009	1
7943072	1
63225970	1
11554006	1
91396548	1
92470574	1
92422460	1
33078345	1
42556952	1
91392337	1
42593822	1
77974505	1
77958450	1
73435804	1
77682770	1
35492286	1
77989618	1
77657065	1
18418386	1
33110461	1
78345536	1
26280316	1
38443580	1
7875725	1
94883637	1
73446906	1
5209272	1
89881497	1
89927006	1
73484142	1
77989619	1
92481749	1
32233301	1
7366732	1
66510597	1
51534937	1
32205205	1
78321432	1
73433989	1
78325900	1
32101751	1
18438510	1
74640957	1
26507287	1
63234024	1
7875324	1
33113279	1
5211066	1
20819134	1
7876264	1
89917220	1
9228525	1
20853106	1
63276604	1
89893533	1
66565380	1
32209568	1
78313733	1
37823935	1
32097977	1
32126792	1
91452839	1
89876851	1
6136468	1
92488178	1
19654616	1
6046497	1
32101856	1
32220464	1
35473068	1
7875503	1
18406405	1
91388340	1
42574198	1
73464106	1
73787248	1
26475347	1
7367359	1
11516850	1
73853802	1
20797781	1
91410226	1
83398507	1
32166659	1
51545522	1
19615226	1
77632382	1
38474479	1
77919823	1
37828506	1
91439353	1
78338882	1
74613561	1
83424682	1
11516390	1
7875068	1
20859559	1
51588238	1
11562748	1
6047517	1
91437186	1
51595222	1
56241622	1
94715421	1
6995037	1
30218204	1
61946073	1
75143362	1
43078422	1
61895975	1
79300684	1
49787091	1
76084808	1
9240007	1
61925563	1
75177081	1
9303478	1
94703044	1
49769693	1
6402862	1
56251273	1
66723772	1
68742082	1
75126158	1
49777498	1
72167346	1
65401765	1
66769806	1
76060953	1
91576715	1
9032197	1
6995213	1
61928086	1
78538441	1
91550634	1
43109638	1
66797997	1
6995288	1
5748350	1
12700359	1
81144932	1
78528753	1
75132447	1
13460756	1
30224294	1
9240120	1
43111081	1
56227209	1
78059907	1
12708495	1
92217177	1
6991790	1
43119509	1
6995260	1
43088758	1
67290986	1
79346598	1
6994658	1
6995064	1
66785273	1
75146640	1
91568700	1
78530137	1
30244297	1
12721600	1
9239205	1
65341722	1
9303514	1
91562208	1
56205931	1
91551317	1
13442963	1
6401364	1
81159969	1
70125136	1
9274898	1
92228384	1
65401910	1
6242006	1
7937046	1
61899825	1
70075177	1
54961347	1
6241996	1
65387240	1
81205471	1
70106377	1
49765956	1
68796079	1
30199439	1
12727959	1
79290855	1
92214801	1
9274278	1
79293265	1
43122961	1
61880024	1
79308817	1
12728806	1
28452813	1
78021737	1
92267053	1
54961602	1
66784709	1
49771255	1
28415266	1
13464387	1
43092336	1
54979014	1
12695380	1
30220102	1
61924484	1
6398822	1
9240284	1
13651953	1
6993734	1
75166715	1
68797147	1
78565932	1
66779201	1
78578857	1
76124836	1
75161658	1
6995340	1
6995785	1
54952918	1
30223573	1
6993083	1
77992265	1
13641084	1
91574180	1
75148835	1
66723008	1
78563744	1
6627499	1
75103154	1
70134742	1
92240723	1
78594422	1
13624498	1
72189427	1
78562298	1
68761776	1
91586156	1
79343091	1
12707608	1
92270180	1
61930517	1
6992608	1
13635783	1
94697152	1
13611600	1
78294728	1
78027538	1
66773583	1
92215240	1
7975969	1
6249405	1
30249031	1
9036826	1
57541271	1
15104735	1
71212725	1
75762325	1
6462596	1
6955145	1
6462291	1
61230540	1
6017784	1
75777901	1
29836279	1
61135117	1
7643095	1
7987316	1
52856470	1
7464145	1
7851774	1
97990189	1
83006593	1
76841567	1
37273209	1
61211998	1
6459629	1
75803383	1
96975271	1
71362865	1
61099867	1
6689380	1
6955948	1
94477672	1
94485583	1
6954085	1
98038862	1
9150043	1
52824615	1
5174668	1
15110525	1
5173242	1
15110689	1
76865721	1
96978176	1
82978958	1
45034196	1
5175477	1
75771916	1
75831101	1
45004115	1
94495961	1
7466985	1
89064237	1
61092443	1
61266394	1
61103035	1
5175540	1
15119110	1
57595624	1
37304944	1
45008196	1
7377632	1
57553575	1
57591325	1
9149989	1
9004344	1
9004509	1
7643746	1
76847814	1
7467908	1
61100955	1
15149952	1
9300993	1
9004743	1
42247339	1
15085927	1
6463772	1
6956796	1
29774250	1
5173311	1
7643314	1
6463502	1
29764546	1
7373705	1
45042045	1
96977886	1
61248898	1
7215388	1
76830619	1
76853557	1
5173235	1
52841584	1
75830827	1
71244685	1
94461749	1
94441245	1
7644319	1
61120800	1
61257992	1
6956434	1
97985865	1
76813996	1
45023428	1
5173224	1
6527547	1
52855169	1
42197675	1
7643707	1
45051598	1
6955285	1
97984000	1
7853925	1
5172422	1
6953684	1
71380156	1
9150311	1
7988137	1
85895107	1
67167516	1
42714925	1
54808404	1
42742820	1
55651532	1
85858327	1
7012781	1
49412335	1
85915612	1
42403080	1
9001037	1
24390447	1
11475159	1
42442541	1
81062524	1
6978749	1
16610874	1
88006602	1
54769182	1
87967523	1
55607395	1
25225334	1
68444805	1
7010361	1
6467638	1
6975500	1
42764094	1
88021630	1
42412346	1
85910890	1
6980199	1
11453116	1
31720667	1
54776225	1
53605319	1
78744318	1
63060878	1
7012922	1
9001654	1
53630498	1
42712468	1
96848184	1
49454380	1
6465508	1
54773359	1
67134243	1
7967360	1
49423509	1
6979372	1
5479492	1
9262848	1
81022923	1
55648710	1
24416779	1
6976075	1
85889203	1
11963468	1
42729296	1
53599727	1
61048572	1
7252745	1
31728135	1
9261759	1
9000967	1
85862350	1
28837894	1
42463363	1
96878794	1
63089405	1
78721797	1
6465871	1
42775035	1
28840818	1
42452232	1
9337381	1
31710095	1
63080081	1
6078572	1
9079066	1
53670599	1
6081374	1
23954152	1
68445428	1
53621057	1
42442863	1
7880522	1
7011205	1
11484234	1
42461186	1
85859212	1
7012527	1
31686410	1
7010097	1
9261810	1
42445054	1
55627482	1
7997943	1
53608172	1
25199256	1
87996554	1
7250261	1
42702084	1
6977890	1
9334198	1
67115664	1
23933380	1
25165049	1
23983566	1
6979654	1
6079387	1
6465485	1
42411831	1
9337426	1
28845357	1
9261959	1
42751754	1
9262467	1
63108210	1
7011765	1
63130600	1
31667590	1
78704842	1
67148777	1
23984765	1
55637828	1
9261577	1
61049392	1
7010153	1
28826065	1
16623070	1
16582587	1
23999150	1
7998210	1
78750401	1
87993472	1
5484710	1
25178094	1
7009996	1
37414611	1
18224353	1
15998085	1
63797475	1
64522311	1
63802260	1
37458480	1
59164265	1
15623610	1
70752815	1
7608980	1
6598933	1
52481482	1
95988014	1
40129466	1
95949391	1
71004884	1
6027789	1
74683418	1
82084803	1
37012047	1
96003146	1
6853310	1
50120615	1
15621547	1
71018250	1
82115017	1
70789287	1
5264173	1
82119714	1
40792320	1
63797434	1
11803785	1
50105027	1
6591064	1
95005485	1
74733869	1
90166492	1
40124712	1
97265614	1
6858286	1
53255011	1
40142646	1
6031883	1
95020880	1
53272030	1
15589950	1
59172675	1
37475207	1
40164922	1
5837744	1
9330709	1
70750549	1
15983047	1
37457126	1
82111237	1
15947250	1
37021574	1
49235621	1
15959410	1
92890591	1
63829322	1
37423072	1
30749462	1
92898063	1
7608506	1
6853702	1
75512203	1
70958041	1
64552279	1
63797024	1
63840106	1
90092510	1
6853848	1
40808941	1
15998854	1
50067118	1
95966160	1
92894158	1
97241706	1
50070945	1
59159581	1
49226207	1
37033177	1
9330958	1
52463693	1
95033535	1
5262655	1
63798459	1
37432530	1
7608423	1
30709463	1
75471575	1
15611919	1
70778793	1
90097507	1
40147218	1
53228798	1
64535166	1
20484175	1
70743349	1
15607090	1
90142274	1
95985332	1
20466738	1
15633220	1
75513121	1
75481597	1
37466259	1
95970926	1
37441042	1
20474782	1
6852121	1
7651027	1
70996305	1
37457724	1
92905347	1
9330990	1
30717214	1
40799657	1
7649416	1
37447924	1
82088571	1
64579737	1
11826117	1
92911503	1
40118870	1
15996356	1
64553968	1
95939307	1
70797542	1
25508200	1
15912434	1
52945038	1
72497504	1
13680493	1
21255174	1
5878477	1
15905990	1
7927699	1
13707782	1
37957764	1
45878081	1
7956756	1
25529546	1
6057811	1
16024188	1
29754806	1
5877153	1
16665115	1
9074785	1
29709409	1
64607841	1
16394294	1
73197627	1
21222882	1
98675649	1
97310771	1
29704204	1
64654371	1
52964676	1
98695815	1
57738670	1
52939914	1
98683508	1
13687075	1
16067691	1
15867686	1
13690170	1
97303515	1
7725955	1
37936484	1
97301653	1
7956280	1
45881736	1
9136249	1
13727806	1
16414719	1
5285109	1
6142387	1
7726825	1
6059804	1
9075040	1
13726097	1
25480311	1
25490523	1
45919420	1
13736412	1
7965290	1
32269329	1
7919463	1
64622484	1
25518799	1
12260473	1
29715442	1
7322737	1
16031819	1
16394228	1
21249762	1
52968942	1
16022519	1
37954076	1
91235673	1
9136582	1
57687846	1
16360468	1
73197701	1
57696294	1
9075139	1
87842243	1
72460037	1
9285447	1
52995372	1
7727097	1
98647887	1
98693872	1
25453391	1
7964725	1
52974562	1
97308845	1
21257243	1
16055771	1
29705583	1
21244965	1
98193836	1
15869626	1
9285862	1
45906267	1
97340086	1
7956736	1
97290721	1
98259893	1
45926692	1
16680400	1
21268058	1
5876302	1
6060240	1
13691521	1
21265744	1
98705089	1
9285279	1
25506262	1
21250958	1
25470404	1
9286441	1
7726917	1
25452675	1
25474881	1
91234998	1
16412631	1
25454621	1
52997554	1
16636044	1
72429060	1
57750906	1
7956493	1
57721701	1
64664300	1
97300978	1
21284921	1
29740859	1
6453865	1
76486750	1
79484596	1
55533885	1
54528684	1
74346136	1
40857083	1
55569398	1
55542165	1
12195831	1
9280791	1
87347504	1
94295227	1
70351965	1
95472275	1
5533615	1
94357192	1
87282211	1
95466670	1
14609780	1
5549825	1
36794483	1
24315513	1
7443988	1
5550187	1
7715537	1
5305581	1
74338487	1
76459170	1
7745992	1
54521667	1
5653547	1
43851150	1
74352951	1
84916769	1
12152227	1
55583576	1
87308625	1
76733065	1
74333477	1
5305702	1
63577488	1
5305929	1
75084212	1
70364090	1
70297150	1
87303558	1
32397524	1
5533329	1
55565647	1
7721965	1
75080924	1
40877981	1
5306454	1
7452599	1
79448413	1
50805049	1
55552388	1
54476723	1
14621280	1
32424397	1
5552084	1
9030037	1
50826581	1
70364170	1
32386705	1
5467278	1
40857093	1
9279672	1
54533201	1
79487838	1
7746253	1
79483929	1
7443259	1
75040628	1
9281286	1
24352929	1
36811906	1
63588971	1
9280086	1
14614728	1
94320962	1
95453658	1
7977312	1
74362951	1
24351486	1
5467227	1
40898075	1
94361300	1
75065963	1
74346868	1
7976962	1
76499628	1
12153855	1
24349888	1
95455899	1
9237401	1
43831875	1
55566355	1
14595020	1
87325821	1
43852628	1
74355204	1
39721946	1
70353232	1
76479224	1
50859885	1
50818445	1
9281176	1
50839642	1
63592964	1
5532375	1
40896396	1
75059115	1
76744164	1
76463560	1
54512716	1
7446336	1
74314547	1
6456750	1
74334717	1
54504193	1
40866210	1
70335692	1
87305363	1
33683531	1
40079958	1
14386131	1
16749751	1
73211518	1
20527984	1
22891573	1
74772678	1
87907022	1
20567195	1
41407844	1
74760937	1
33683918	1
56713052	1
73236037	1
10404651	1
20570674	1
56724521	1
81685542	1
6167620	1
84204386	1
73218259	1
56767117	1
47644471	1
20252371	1
73215362	1
44274327	1
73238185	1
73238118	1
26205225	1
33711020	1
41022471	1
16756008	1
5225128	1
85690430	1
49168874	1
20541844	1
85677829	1
20279932	1
20267580	1
7574526	1
7679474	1
47665167	1
5846119	1
16699584	1
14429240	1
7700922	1
40087109	1
81702697	1
7704083	1
49137150	1
84174650	1
20590583	1
87946462	1
75648054	1
84160427	1
16717375	1
41001150	1
74772172	1
22925141	1
85666679	1
5224348	1
9025000	1
7723878	1
87892968	1
75963556	1
40996717	1
7982808	1
10397745	1
49130265	1
73257423	1
44245775	1
10367151	1
74793563	1
20307300	1
20263452	1
41410449	1
74754475	1
73258111	1
41062427	1
87889304	1
84127686	1
85636954	1
47694332	1
71622297	1
44305133	1
7983130	1
85633366	1
20242210	1
40044802	1
41041050	1
56754133	1
56722498	1
87922789	1
85656720	1
74744079	1
49101373	1
85636911	1
84180987	1
6718385	1
20246439	1
49111185	1
75955659	1
44244664	1
44282587	1
6167195	1
7751308	1
85627655	1
85683952	1
81697552	1
75644970	1
85669448	1
87921961	1
7679114	1
41417968	1
5219764	1
73223768	1
6667516	1
6665234	1
21889671	1
90318360	1
92983628	1
92181302	1
73007377	1
6917492	1
13018661	1
7083967	1
72988689	1
93473283	1
9076602	1
90320920	1
41670104	1
6970143	1
92196389	1
6970400	1
12974815	1
74198396	1
21863291	1
41684675	1
74288175	1
90375280	1
80181193	1
87122061	1
93440610	1
23721020	1
7986285	1
74285274	1
13007481	1
58670675	1
6973777	1
7077833	1
20722256	1
9003616	1
13023259	1
6618811	1
7887223	1
20672375	1
5487039	1
5268975	1
74142760	1
6973589	1
6917974	1
72997782	1
7903915	1
18151285	1
10575923	1
72962421	1
13024506	1
24755111	1
41679288	1
21874035	1
12973087	1
7886320	1
80144135	1
73010029	1
7866213	1
74111276	1
74223461	1
92151833	1
7907769	1
72997857	1
6971187	1
58674242	1
6971985	1
7904850	1
41694405	1
6973698	1
87129988	1
7863517	1
18107601	1
92140000	1
80109688	1
6972669	1
7986584	1
72997496	1
74136779	1
9076288	1
80153898	1
7958644	1
10567739	1
73002408	1
93471145	1
74241492	1
7863558	1
13027852	1
13033135	1
7088766	1
5872878	1
93443465	1
6973653	1
6974058	1
6973989	1
58680066	1
5873412	1
87081908	1
7091806	1
13033062	1
80467039	1
12992680	1
41701154	1
6969613	1
23752410	1
6973071	1
92170862	1
74081591	1
5489956	1
6970997	1
7884395	1
74168127	1
20696529	1
7987175	1
6973322	1
87113690	1
18118881	1
92138156	1
20674060	1
24736479	1
92978930	1
73025440	1
80115467	1
74268569	1
7904270	1
80168803	1
24721996	1
7080870	1
80414195	1
87094657	1
16531231	1
50023539	1
9076694	1
81243692	1
42146727	1
81266845	1
62484980	1
7912852	1
16539017	1
6344437	1
15743574	1
17710324	1
62486327	1
42123841	1
16514004	1
9247446	1
44412009	1
64956176	1
66074838	1
62475158	1
5863736	1
67516956	1
57192042	1
67482313	1
89320383	1
70937480	1
15742416	1
42109060	1
9044865	1
5322365	1
16532609	1
7912842	1
15739811	1
5863482	1
70914159	1
5931207	1
9246562	1
62535508	1
19917887	1
89381897	1
7912865	1
5321334	1
15768735	1
70950389	1
81249696	1
5271990	1
5924509	1
5929447	1
50035961	1
19900925	1
81238821	1
9246329	1
5932864	1
62491964	1
15729781	1
9098448	1
16504693	1
7624881	1
62488679	1
7625420	1
9302253	1
5324431	1
66085572	1
6631882	1
67492413	1
67487493	1
81238330	1
57209304	1
57217133	1
9246758	1
44466164	1
16530739	1
62484615	1
16556856	1
9302973	1
93553332	1
66094694	1
64960147	1
6499143	1
5323542	1
64944746	1
42134861	1
81288026	1
15730344	1
62520406	1
89300185	1
16520141	1
7972026	1
5323517	1
70894425	1
9076913	1
42121775	1
62506328	1
16543208	1
7226818	1
83347834	1
5929977	1
6631802	1
5922414	1
9247107	1
6631304	1
7124833	1
7952126	1
26745474	1
21454313	1
59906676	1
20936223	1
65192636	1
6284705	1
88826139	1
65210598	1
59895550	1
47110402	1
59902911	1
33210093	1
7696147	1
5374309	1
29522649	1
33228717	1
21494980	1
21473072	1
43257070	1
20968045	1
17551043	1
47120282	1
65818613	1
9110432	1
65195819	1
7952449	1
9304732	1
89203730	1
57023670	1
6213746	1
7739327	1
43231766	1
7696113	1
47109080	1
78877440	1
36435913	1
83710572	1
89177662	1
65225098	1
7122082	1
98055573	1
25940133	1
89157838	1
88801045	1
21445723	1
73270362	1
29528780	1
47103444	1
83731766	1
89162883	1
98052828	1
57027204	1
7738309	1
13256119	1
73274305	1
31660413	1
65207676	1
7120668	1
47064261	1
57047076	1
65770066	1
20952234	1
17599580	1
17584326	1
89170574	1
36383750	1
36377399	1
53221020	1
25911231	1
78838874	1
83713784	1
52593750	1
88780626	1
9110556	1
13250137	1
47065320	1
35732380	1
31591359	1
78892098	1
25940549	1
47086154	1
5374235	1
31611680	1
20934227	1
65770769	1
5375194	1
57023122	1
6279477	1
35790076	1
88821393	1
7122936	1
47114000	1
43228060	1
35780140	1
25947544	1
26699053	1
53188592	1
17552765	1
73311761	1
59901455	1
25962193	1
65245026	1
35769674	1
65214319	1
65799488	1
6154499	1
53221974	1
7696277	1
52596679	1
9202597	1
5373082	1
7122130	1
65248449	1
20977035	1
6155929	1
35794386	1
65209376	1
43277483	1
9202566	1
7958818	1
36415098	1
57026085	1
31841428	1
88802524	1
47083370	1
83693554	1
98073321	1
47080974	1
6157509	1
43271829	1
25939128	1
7738699	1
76184063	1
51674962	1
48604019	1
7868939	1
5342445	1
7788927	1
9311284	1
10793447	1
9139478	1
40760899	1
35162495	1
5668810	1
32765157	1
39154153	1
89989070	1
10909370	1
9139133	1
39133852	1
5341944	1
40715418	1
48586476	1
9139962	1
7539335	1
39145633	1
32815607	1
7537331	1
5571110	1
89963497	1
46751817	1
40706799	1
79035980	1
32817897	1
89965337	1
5341943	1
51647028	1
79018709	1
5843561	1
39113766	1
5341926	1
48624502	1
9139442	1
7789036	1
32770692	1
46777109	1
7723078	1
7789078	1
48625213	1
40724700	1
22061911	1
79027220	1
7867173	1
35134990	1
14522735	1
9341062	1
21599699	1
9139372	1
5341925	1
7544101	1
89949189	1
35184061	1
10201936	1
32795415	1
22018690	1
9140112	1
14495458	1
14491550	1
40735699	1
21606950	1
10774911	1
6037900	1
32757132	1
25151026	1
22059650	1
51619925	1
7561022	1
10883690	1
5840080	1
89989861	1
7868295	1
5571658	1
9139186	1
5341948	1
35157371	1
46790529	1
9309992	1
5341945	1
79006743	1
22042809	1
25148376	1
5341946	1
6036988	1
46784786	1
10762374	1
35169853	1
51632297	1
40758483	1
5342685	1
5571131	1
5571553	1
79009883	1
22060767	1
6604062	1
46792855	1
48362784	1
41134716	1
46883059	1
62778055	1
44752935	1
9113717	1
57374055	1
85125408	1
41174186	1
56422119	1
72048086	1
58435205	1
57377911	1
58417750	1
55773008	1
46878531	1
55767966	1
13375497	1
62821276	1
63708144	1
9259287	1
7002782	1
55750749	1
46849881	1
7980066	1
56428347	1
21696348	1
57346996	1
6713262	1
46881547	1
46876376	1
77853261	1
41185026	1
57345500	1
7003795	1
57363256	1
7791269	1
77905071	1
41196892	1
56058810	1
77882942	1
56107632	1
70369534	1
56119850	1
21653964	1
7915335	1
7791827	1
56078911	1
48316981	1
7002091	1
62831746	1
94789714	1
62819737	1
7790685	1
22515396	1
7914410	1
9258983	1
7002903	1
99386848	1
91900262	1
7021455	1
57326243	1
85177182	1
22515642	1
7003815	1
9113654	1
74510557	1
7003914	1
7001884	1
46873788	1
57379554	1
56452782	1
44826795	1
74487409	1
85164286	1
7003244	1
56425232	1
57317095	1
55802431	1
22499410	1
46835439	1
67430806	1
63686337	1
58458431	1
55758697	1
85146429	1
94752806	1
7915261	1
7021862	1
7002521	1
74492410	1
7792428	1
22553344	1
99390369	1
69001259	1
7915314	1
71995994	1
77847834	1
94776760	1
7791200	1
55777091	1
74470993	1
7003947	1
85179428	1
7002116	1
7914437	1
7915313	1
7914413	1
46826043	1
63175669	1
44754040	1
98931159	1
7002196	1
22545230	1
67395961	1
7002896	1
41142036	1
13352788	1
9306493	1
44809809	1
85153409	1
41184313	1
94785444	1
13335176	1
7791298	1
22546607	1
46862784	1
13371820	1
41164278	1
47324985	1
70367861	1
74478605	1
7003573	1
7001918	1
72042901	1
7003682	1
63648962	1
91875720	1
7003282	1
9258784	1
47290953	1
46848926	1
75557487	1
63648884	1
58473547	1
91863782	1
7790851	1
46860387	1
72013369	1
94810201	1
58418553	1
7021869	1
56074187	1
13359134	1
