5373517	[1, [0.00015298545287167897, 0.9998470145471283]]
7124874	[1, [0.005010628444820586, 0.9949893715551794]]
13249918	[1, [0.003779438178294292, 0.9962205618217057]]
20938429	[1, [0.01830877892633931, 0.9816912210736607]]
78899233	[1, [0.017061551754322446, 0.9829384482456776]]
53178140	[1, [0.028940032968712615, 0.9710599670312874]]
7272748	[1, [0.008236553649079714, 0.9917634463509203]]
7959292	[1, [0.01286967189871946, 0.9871303281012805]]
89183460	[1, [0.005821374346030028, 0.99417862565397]]
7120832	[1, [0.01461753791965592, 0.9853824620803441]]
9110762	[1, [0.036703583190355826, 0.9632964168096442]]
43230463	[1, [0.021031856178824304, 0.9789681438211757]]
9110700	[1, [0.04430106917904586, 0.9556989308209541]]
57039760	[1, [0.0007192910729255653, 0.9992807089270744]]
5373549	[1, [0.027965262008408986, 0.972034737991591]]
25910779	[1, [0.006664053477577037, 0.993335946522423]]
9110609	[1, [0.016114473998794288, 0.9838855260012057]]
7959165	[1, [0.031032232990317765, 0.9689677670096822]]
9306188	[1, [0.01933452997285645, 0.9806654700271435]]
21478407	[1, [0.012287256529804447, 0.9877127434701956]]
89181454	[1, [0.0003756744826028946, 0.9996243255173971]]
7952719	[1, [0.01651399361209538, 0.9834860063879046]]
17546987	[1, [0.020401310868686573, 0.9795986891313134]]
7739053	[1, [0.04541788534439817, 0.9545821146556018]]
77633622	[1, [0.006451121920263425, 0.9935488780797366]]
7942570	[1, [0.04855739556661254, 0.9514426044333875]]
9313911	[1, [0.008805510529706018, 0.991194489470294]]
94825365	[1, [0.042366585121165756, 0.9576334148788342]]
7118625	[1, [0.010841756429510796, 0.9891582435704892]]
6046836	[1, [0.009585280994944712, 0.9904147190050553]]
77981468	[1, [0.014726828519237789, 0.9852731714807622]]
6047692	[1, [0.004567878264724046, 0.995432121735276]]
5213025	[1, [0.018689216763621896, 0.9813107832363781]]
5212375	[1, [0.0218818471556933, 0.9781181528443067]]
35449837	[1, [0.0011995314521782152, 0.9988004685478218]]
7943254	[1, [0.017910310623600267, 0.9820896893763997]]
19602674	[1, [0.0002985175949512531, 0.9997014824050487]]
9313960	[1, [0.029056752897923088, 0.9709432471020769]]
33069540	[1, [0.007287108742754178, 0.9927128912572458]]
7878037	[1, [0.0067055660853527765, 0.9932944339146472]]
9228606	[1, [0.03163386580111793, 0.9683661341988821]]
5211926	[1, [0.03719346236506382, 0.9628065376349362]]
5211778	[1, [0.022287096796866246, 0.9777129032031338]]
7119125	[1, [0.043983704583369865, 0.9560162954166301]]
9314514	[1, [0.029291607360229066, 0.9707083926397709]]
51547721	[1, [0.005685032794470857, 0.9943149672055291]]
73837228	[1, [0.010528378044412867, 0.9894716219555871]]
5279489	[1, [0.030154204220867786, 0.9698457957791322]]
16735972	[1, [0.00840849119510323, 0.9915915088048968]]
5654238	[1, [0.0025748968855543453, 0.9974251031144457]]
41389310	[1, [0.046738136302061695, 0.9532618636979383]]
6719121	[1, [0.027455937630595728, 0.9725440623694043]]
6668442	[1, [0.022725773428650675, 0.9772742265713493]]
5219694	[1, [0.02464736086562791, 0.9753526391343721]]
7752159	[1, [0.009983802936433306, 0.9900161970635667]]
5219413	[1, [0.004132854178279577, 0.9958671458217204]]
6718482	[1, [0.008623827742098245, 0.9913761722579018]]
56771144	[1, [0.0016534032090101958, 0.9983465967909898]]
41400003	[1, [0.014275353523570011, 0.98572464647643]]
6166792	[1, [0.03630772254018344, 0.9636922774598166]]
9025231	[1, [0.0018070018219887851, 0.9981929981780112]]
5654257	[1, [0.023575645239158782, 0.9764243547608412]]
7982926	[1, [0.03531377471170294, 0.9646862252882971]]
6166316	[1, [0.011513676188912858, 0.9884863238110871]]
74772499	[1, [0.04896100068906328, 0.9510389993109367]]
7701685	[1, [0.005411430242936444, 0.9945885697570636]]
5656360	[1, [0.04759340973704673, 0.9524065902629533]]
6168652	[1, [0.040921484727214685, 0.9590785152727853]]
6132319	[1, [0.03884000320432679, 0.9611599967956732]]
53972868	[1, [8.440079019833568e-05, 0.9999155992098017]]
9244968	[1, [0.015271158691976261, 0.9847288413080237]]
7764877	[1, [0.04138601810158682, 0.9586139818984132]]
36474097	[1, [0.01467338599499668, 0.9853266140050033]]
6131737	[1, [0.027587376634209737, 0.9724126233657903]]
7767796	[1, [0.017243643863034452, 0.9827563561369655]]
9058621	[1, [0.01197464025996009, 0.9880253597400399]]
5425321	[1, [0.04876335566677681, 0.9512366443332232]]
6131601	[1, [0.01821398045540079, 0.9817860195445992]]
9035646	[1, [0.005335507545927154, 0.9946644924540728]]
53544057	[1, [0.022478938185930386, 0.9775210618140696]]
51410824	[1, [0.02022837238112274, 0.9797716276188773]]
70510338	[1, [0.007826568793022903, 0.9921734312069771]]
6131862	[1, [0.03884000320432679, 0.9611599967956732]]
9035504	[1, [0.0306966303048819, 0.9693033696951181]]
7993452	[1, [0.014046665876724984, 0.985953334123275]]
5152774	[1, [0.04557976168875899, 0.954420238311241]]
9133634	[1, [0.029318433101918062, 0.9706815668980819]]
58939076	[1, [0.0067133268179274674, 0.9932866731820725]]
70525490	[1, [0.009017376856194192, 0.9909826231438058]]
7993679	[1, [0.0022132963972562036, 0.9977867036027438]]
52870135	[1, [0.0436794055928007, 0.9563205944071993]]
9035594	[1, [0.004350800336924587, 0.9956491996630754]]
7993161	[1, [0.045782118210800804, 0.9542178817891992]]
55310149	[1, [0.025719170822116832, 0.9742808291778832]]
6584690	[1, [0.04658755911446755, 0.9534124408855325]]
9038414	[1, [0.018010929901152717, 0.9819890700988473]]
6182223	[1, [0.023096603695995088, 0.9769033963040049]]
5727040	[1, [0.04847898834282871, 0.9515210116571713]]
5894514	[1, [0.0043929762337114875, 0.9956070237662885]]
38176113	[1, [0.0013759032942711746, 0.9986240967057288]]
7955665	[1, [0.005606627821907129, 0.9943933721780929]]
5727625	[1, [0.02253003362551298, 0.977469966374487]]
7799412	[1, [0.012835118218742059, 0.9871648817812579]]
48165079	[1, [0.0403120048641894, 0.9596879951358106]]
9196096	[1, [0.014995464080298171, 0.9850045359197018]]
7999381	[1, [0.015754390757449555, 0.9842456092425504]]
9038753	[1, [0.03384571261052949, 0.9661542873894705]]
26756687	[1, [0.015233851993485259, 0.9847661480065147]]
72885600	[1, [0.011734211957287966, 0.988265788042712]]
61603854	[1, [0.0021305848335287925, 0.9978694151664712]]
7999717	[1, [0.014391693299852237, 0.9856083067001478]]
5412614	[1, [0.03345097545312581, 0.9665490245468742]]
5235076	[1, [0.013806851446437673, 0.9861931485535623]]
6223920	[1, [0.030956278867762643, 0.9690437211322374]]
7999585	[1, [0.005391668316778286, 0.9946083316832217]]
6217897	[1, [0.035140503728108174, 0.9648594962718918]]
6177771	[1, [0.01645610348634796, 0.983543896513652]]
91748714	[1, [0.006949498724207914, 0.9930505012757921]]
5236730	[1, [0.026262635923900546, 0.9737373640760995]]
7999564	[1, [0.0010387318597463446, 0.9989612681402537]]
5235891	[1, [0.03978196631758646, 0.9602180336824135]]
7801028	[1, [0.005647190234886357, 0.9943528097651136]]
95490531	[1, [0.02711885891935073, 0.9728811410806493]]
7799556	[1, [0.03798132976568558, 0.9620186702343144]]
7957703	[1, [0.049297075735600715, 0.9507029242643993]]
6649938	[1, [0.001825451522394883, 0.9981745484776051]]
86702183	[1, [0.0012598790081882472, 0.9987401209918118]]
50955279	[1, [0.047941898528437, 0.952058101471563]]
5432170	[1, [0.04876335566677681, 0.9512366443332232]]
73631346	[1, [0.021680253127434046, 0.978319746872566]]
5454910	[1, [0.007940082058412568, 0.9920599179415874]]
5309782	[1, [0.04922786625824083, 0.9507721337417592]]
6649479	[1, [0.0061667022791810355, 0.993833297720819]]
5309687	[1, [0.027488919334458517, 0.9725110806655415]]
50995310	[1, [0.0010084247397449397, 0.9989915752602551]]
71137171	[1, [0.013745447102855968, 0.986254552897144]]
64343534	[1, [0.012337262079288869, 0.9876627379207111]]
6649663	[1, [0.012844081572265353, 0.9871559184277346]]
86724404	[1, [0.044480041231653056, 0.9555199587683469]]
7780083	[1, [0.01636875724633169, 0.9836312427536683]]
17215863	[1, [0.0010571590159743627, 0.9989428409840256]]
7957449	[1, [0.03256573836619514, 0.9674342616338049]]
7840634	[1, [0.03991764488272187, 0.9600823551172781]]
5311390	[1, [0.01034711815135747, 0.9896528818486425]]
7838713	[1, [0.01030834657942159, 0.9896916534205784]]
7781111	[1, [0.016943737876151665, 0.9830562621238483]]
6477139	[1, [0.006100204276748511, 0.9938997957232515]]
69894629	[1, [0.0452694956349976, 0.9547305043650024]]
14727997	[1, [0.043373383706501345, 0.9566266162934987]]
7972584	[1, [0.01043489723441371, 0.9895651027655863]]
7780607	[1, [0.02111421659806134, 0.9788857834019387]]
14672438	[1, [0.0010709467933901484, 0.9989290532066099]]
80829673	[1, [0.02668493167037056, 0.9733150683296294]]
9037745	[1, [0.019442662280291678, 0.9805573377197083]]
17197282	[1, [0.02805141720703641, 0.9719485827929636]]
7838262	[1, [0.011063359308050469, 0.9889366406919495]]
7395101	[1, [0.00270350691826049, 0.9972964930817395]]
9115298	[1, [0.001684967767424328, 0.9983150322325757]]
9115194	[1, [0.0029663014182803593, 0.9970336985817196]]
5310904	[1, [0.017583009450883313, 0.9824169905491167]]
73646846	[1, [0.026001345707950207, 0.9739986542920498]]
7814461	[1, [0.00419299510462956, 0.9958070048953704]]
9001045	[1, [0.012127573073241527, 0.9878724269267585]]
28846648	[1, [0.00509678083392251, 0.9949032191660775]]
7967189	[1, [0.012872679551341193, 0.9871273204486588]]
96837229	[1, [0.008333718648371846, 0.9916662813516282]]
6467053	[1, [0.028065159829244735, 0.9719348401707553]]
6079664	[1, [0.010328855147533123, 0.9896711448524669]]
5479874	[1, [0.030144997953664543, 0.9698550020463355]]
7253341	[1, [0.0041558283819017605, 0.9958441716180982]]
49416503	[1, [0.03137125385607409, 0.9686287461439259]]
9001795	[1, [0.011641778223578148, 0.9883582217764219]]
96856175	[1, [0.020859575531040342, 0.9791404244689597]]
6434188	[1, [0.0032943666965591367, 0.9967056333034409]]
42407799	[1, [0.02796537750329542, 0.9720346224967046]]
6433576	[1, [0.01091617559521152, 0.9890838244047885]]
7253997	[1, [0.01754342276555476, 0.9824565772344452]]
6432740	[1, [0.007684461566573875, 0.9923155384334261]]
6432301	[1, [0.004311494070105337, 0.9956885059298947]]
7250246	[1, [0.03211630091273121, 0.9678836990872688]]
53648918	[1, [0.002098543054657842, 0.9979014569453422]]
5480882	[1, [0.01669402415167731, 0.9833059758483227]]
9001203	[1, [0.007813859510339749, 0.9921861404896603]]
96859559	[1, [0.04089677330022712, 0.9591032266997729]]
25187844	[1, [0.021598684388684397, 0.9784013156113156]]
5480290	[1, [0.04170188512766615, 0.9582981148723339]]
7967758	[1, [0.012872679551341193, 0.9871273204486588]]
6433654	[1, [0.001161276917155174, 0.9988387230828448]]
7967394	[1, [0.025360364339634178, 0.9746396356603658]]
9001669	[1, [0.016209229082776888, 0.9837907709172231]]
9001816	[1, [0.0022030951421956324, 0.9977969048578044]]
6432518	[1, [0.029871797726938598, 0.9701282022730614]]
6433619	[1, [0.01033341486663042, 0.9896665851333696]]
6432464	[1, [0.03028352043193605, 0.969716479568064]]
6431361	[1, [0.022741736732504902, 0.9772582632674951]]
6433242	[1, [0.0011440386842103134, 0.9988559613157897]]
6432219	[1, [0.0028955709272524555, 0.9971044290727475]]
6978777	[1, [0.047963645066272265, 0.9520363549337277]]
6433487	[1, [0.001957418610949113, 0.9980425813890509]]
7988145	[1, [0.020015166485281122, 0.9799848335147189]]
7710048	[1, [0.046712301251866095, 0.9532876987481339]]
7659578	[1, [0.02204396497674388, 0.9779560350232561]]
7713354	[1, [0.021071817635761048, 0.978928182364239]]
6826461	[1, [0.033408687219307454, 0.9665913127806925]]
7372926	[1, [0.04537444368811894, 0.9546255563118811]]
5174514	[1, [0.0031227026267202085, 0.9968772973732798]]
5175170	[1, [0.00019010254190909848, 0.9998098974580909]]
7852075	[1, [0.015289007291398038, 0.984710992708602]]
7713902	[1, [0.03572609559903983, 0.9642739044009602]]
7710058	[1, [0.03826467181902349, 0.9617353281809765]]
7852915	[1, [0.001710733719122004, 0.998289266280878]]
7374473	[1, [0.020500790451670525, 0.9794992095483295]]
6958534	[1, [0.009359927339714469, 0.9906400726602855]]
7708489	[1, [0.04725600316904632, 0.9527439968309537]]
7213374	[1, [0.03779951252843394, 0.9622004874715661]]
7709008	[1, [0.03309925543038106, 0.9669007445696189]]
7713473	[1, [0.018663499128605654, 0.9813365008713943]]
5170020	[1, [0.008533786774859053, 0.991466213225141]]
61242003	[1, [0.03682603937232787, 0.9631739606276721]]
7216163	[1, [0.049770156459229886, 0.9502298435407701]]
9300213	[1, [0.011837393221219461, 0.9881626067787805]]
9299938	[1, [0.03331505173413729, 0.9666849482658627]]
7709278	[1, [0.03837661234509471, 0.9616233876549053]]
5791810	[1, [0.010432294576530277, 0.9895677054234697]]
6360815	[1, [0.04130747228131382, 0.9586925277186862]]
5965456	[1, [0.02420283673196244, 0.9757971632680376]]
9118066	[1, [0.011623132512746048, 0.988376867487254]]
70285868	[1, [0.017612100686832943, 0.9823878993131671]]
5821647	[1, [0.02645492098016644, 0.9735450790198336]]
9147724	[1, [0.023281303590950153, 0.9767186964090498]]
5792625	[1, [0.010467108222944943, 0.9895328917770551]]
60445097	[1, [0.04171880193472932, 0.9582811980652707]]
5791313	[1, [0.010467108222944943, 0.9895328917770551]]
5826716	[1, [0.029668808047604522, 0.9703311919523955]]
73758203	[1, [0.036967840853443734, 0.9630321591465563]]
45218065	[1, [0.0014290814902983007, 0.9985709185097017]]
6760078	[1, [0.04806940157100881, 0.9519305984289912]]
5819885	[1, [0.025236562811340568, 0.9747634371886594]]
41103177	[1, [0.021242736014233432, 0.9787572639857666]]
6762835	[1, [0.004958462462545721, 0.9950415375374543]]
5790384	[1, [0.006612519068516454, 0.9933874809314835]]
7705426	[1, [0.013984921033301068, 0.9860150789666989]]
27663827	[1, [0.0024460161677620773, 0.9975539838322379]]
7706971	[1, [0.043033656190658576, 0.9569663438093414]]
70268021	[1, [0.0013802283256700854, 0.9986197716743299]]
9030782	[1, [0.01252795214059721, 0.9874720478594028]]
7719200	[1, [0.01567450086501776, 0.9843254991349822]]
84936463	[1, [0.004545909375078705, 0.9954540906249213]]
5467040	[1, [0.0032979590490330724, 0.9967020409509669]]
5308104	[1, [0.012252359396873969, 0.987747640603126]]
5304133	[1, [0.007532488058394349, 0.9924675119416057]]
5723628	[1, [0.005671841664450672, 0.9943281583355493]]
9021950	[1, [0.012274434266586698, 0.9877255657334133]]
79464665	[1, [0.015549445505167792, 0.9844505544948322]]
76437899	[1, [0.0032867111067590438, 0.996713288893241]]
5468180	[1, [0.001302093241491331, 0.9986979067585087]]
24321597	[1, [0.03446734636978188, 0.9655326536302181]]
54499136	[1, [0.0423634288347865, 0.9576365711652135]]
7716943	[1, [0.03309925543038106, 0.9669007445696189]]
9281070	[1, [0.01345109069683137, 0.9865489093031686]]
5653324	[1, [0.005237825107833993, 0.994762174892166]]
7718895	[1, [0.04743944806940459, 0.9525605519305954]]
5722603	[1, [0.03367183946038177, 0.9663281605396182]]
7718120	[1, [0.03222054125640983, 0.9677794587435902]]
5466405	[1, [0.010432294576530277, 0.9895677054234697]]
5468943	[1, [0.018406057150690547, 0.9815939428493095]]
7744925	[1, [0.00023045505086749518, 0.9997695449491325]]
9029757	[1, [0.013378683992143925, 0.9866213160078561]]
5467037	[1, [0.0076792285708569, 0.9923207714291431]]
7720104	[1, [0.03826467181902349, 0.9617353281809765]]
7976696	[1, [0.019140164364532364, 0.9808598356354676]]
40876994	[1, [0.0476233645344909, 0.9523766354655091]]
5725697	[1, [0.0017436821084546583, 0.9982563178915453]]
5304932	[1, [0.025024579213960063, 0.9749754207860399]]
5650986	[1, [0.008140504001800886, 0.9918594959981991]]
7720429	[1, [0.04662364709317823, 0.9533763529068218]]
7976919	[1, [0.025161259855375873, 0.9748387401446241]]
9030810	[1, [0.014046665876724984, 0.985953334123275]]
7976657	[1, [0.009847614262103455, 0.9901523857378965]]
5652220	[1, [0.02973709574742045, 0.9702629042525795]]
9022382	[1, [0.005097519316288879, 0.9949024806837111]]
76798924	[1, [0.03273566812559747, 0.9672643318744025]]
5651300	[1, [0.02530100516712175, 0.9746989948328783]]
9021453	[1, [0.015127622500959226, 0.9848723774990408]]
7715104	[1, [0.006608822934499936, 0.9933911770655001]]
7976651	[1, [0.015212132584813132, 0.9847878674151869]]
12164868	[1, [0.024993360628472572, 0.9750066393715274]]
5319324	[1, [0.009702898546756877, 0.9902971014532431]]
7971374	[1, [0.034434176595077304, 0.9655658234049227]]
9247072	[1, [0.02251120898819492, 0.9774887910118051]]
6495454	[1, [0.04794408545426554, 0.9520559145457345]]
9301903	[1, [0.01689273846734829, 0.9831072615326517]]
44426667	[1, [0.0004414986272335275, 0.9995585013727665]]
9314767	[1, [0.02109577372727156, 0.9789042262727284]]
6678110	[1, [8.734169216439991e-05, 0.9999126583078356]]
83321084	[1, [0.0008254772481220973, 0.9991745227518779]]
9098317	[1, [0.039353413168275564, 0.9606465868317244]]
83354308	[1, [0.024484453238954207, 0.9755155467610458]]
5322587	[1, [0.009415632371242433, 0.9905843676287576]]
7620624	[1, [0.04787969198990982, 0.9521203080100902]]
9302069	[1, [0.03813559714485815, 0.9618644028551419]]
5319859	[1, [0.014828004393736216, 0.9851719956062638]]
5322196	[1, [0.027252433993039893, 0.9727475660069601]]
7094601	[1, [0.02808810117781435, 0.9719118988221856]]
5525858	[1, [0.011689553438625544, 0.9883104465613745]]
6872277	[1, [0.01038795611613097, 0.989612043883869]]
85280263	[1, [0.009155617946216887, 0.9908443820537831]]
15488616	[1, [0.008511652547828708, 0.9914883474521713]]
7006134	[1, [0.04970501908748304, 0.950294980912517]]
5525894	[1, [0.006137798551881124, 0.9938622014481189]]
32538182	[1, [0.042981933189349064, 0.9570180668106509]]
7138455	[1, [0.0014488471028404337, 0.9985511528971596]]
5524195	[1, [0.026182287540322147, 0.9738177124596779]]
78203312	[1, [0.016232840603508714, 0.9837671593964913]]
19370052	[1, [0.039026893011474884, 0.9609731069885251]]
32598997	[1, [0.006049333607781926, 0.9939506663922181]]
12553161	[1, [0.0061152794936314425, 0.9938847205063686]]
16889643	[1, [0.0027907768560041513, 0.9972092231439958]]
17928553	[1, [0.010880402182637972, 0.989119597817362]]
12576795	[1, [0.030030775661082698, 0.9699692243389173]]
34645352	[1, [0.006374236297122193, 0.9936257637028778]]
37762578	[1, [0.001158626646593497, 0.9988413733534065]]
6254445	[1, [0.01159379495553714, 0.9884062050444629]]
5787813	[1, [0.023875881081658834, 0.9761241189183412]]
9034224	[1, [0.03762170835008549, 0.9623782916499145]]
9015547	[1, [0.029379093592339478, 0.9706209064076605]]
6379069	[1, [0.03103338825454538, 0.9689666117454546]]
6380525	[1, [0.0028677523522578907, 0.9971322476477421]]
5787380	[1, [0.01982544110224227, 0.9801745588977577]]
6258840	[1, [0.0322557587761344, 0.9677442412238656]]
7918927	[1, [0.021705669191621424, 0.9782943308083786]]
7823107	[1, [0.02656694693564332, 0.9734330530643567]]
7918946	[1, [0.02860825293103053, 0.9713917470689695]]
7918945	[1, [0.031032232990317765, 0.9689677670096822]]
5789465	[1, [0.015895120266020468, 0.9841048797339795]]
28662985	[1, [0.012915914319928334, 0.9870840856800717]]
7909760	[1, [0.04778025734790514, 0.9522197426520949]]
7909765	[1, [0.04451230082561586, 0.9554876991743841]]
6379498	[1, [0.0018603166545161365, 0.9981396833454839]]
9034351	[1, [0.0010157068458277463, 0.9989842931541723]]
83955750	[1, [0.03310632334617947, 0.9668936766538205]]
12618659	[1, [0.040585375316023464, 0.9594146246839765]]
7918954	[1, [0.01977126059073797, 0.980228739409262]]
9033742	[1, [0.013394035246217184, 0.9866059647537828]]
7918951	[1, [0.006922075770686376, 0.9930779242293136]]
7918952	[1, [0.006628609305858624, 0.9933713906941414]]
7918953	[1, [0.019892898336033693, 0.9801071016639663]]
6511882	[1, [0.015877312487601603, 0.9841226875123984]]
9020291	[1, [0.01286384130947904, 0.987136158690521]]
4032094	[1, [0.03305346159557687, 0.9669465384044231]]
5658213	[1, [0.03813061440916066, 0.9618693855908393]]
5555298	[1, [0.014707633377537, 0.985292366622463]]
4033602	[1, [0.013226276951878169, 0.9867737230481218]]
9268685	[1, [0.03833603830463628, 0.9616639616953637]]
7512340	[1, [0.0031947035155065473, 0.9968052964844935]]
82489620	[1, [0.019154485560426204, 0.9808455144395738]]
5658001	[1, [0.02086289688804721, 0.9791371031119528]]
7929623	[1, [0.009922470871067346, 0.9900775291289327]]
9020665	[1, [0.02242064001773203, 0.977579359982268]]
5659136	[1, [0.009421525955010002, 0.99057847404499]]
4032614	[1, [0.010263786014738763, 0.9897362139852612]]
5658934	[1, [0.04854617099050185, 0.9514538290094982]]
41739857	[1, [0.0024384287848147057, 0.9975615712151853]]
41793047	[1, [0.010759358596133306, 0.9892406414038667]]
99799859	[1, [0.0011950313454451855, 0.9988049686545548]]
7866405	[1, [0.011063359308050469, 0.9889366406919495]]
7987047	[1, [0.009934942543689651, 0.9900650574563103]]
7907747	[1, [0.022287096796866246, 0.9777129032031338]]
7904259	[1, [0.04012818587183398, 0.959871814128166]]
87117393	[1, [0.03277448239525005, 0.96722551760475]]
6973827	[1, [0.012739476562845131, 0.9872605234371549]]
5874696	[1, [0.016985111609953085, 0.9830148883900469]]
80143728	[1, [0.03284797225041336, 0.9671520277495866]]
7863183	[1, [0.00038579279343564643, 0.9996142072065644]]
23757460	[1, [0.034155035078105356, 0.9658449649218946]]
5492900	[1, [0.000791597336836869, 0.9992084026631631]]
7958061	[1, [0.018496274032280158, 0.9815037259677198]]
7862945	[1, [0.012791783421373104, 0.9872082165786269]]
5488184	[1, [0.0049044904115905785, 0.9950955095884094]]
12972421	[1, [0.016467172401289587, 0.9835328275987104]]
7904515	[1, [0.00163738639101918, 0.9983626136089808]]
7631459	[1, [0.0441298723723611, 0.9558701276276389]]
7866023	[1, [0.003195938384031982, 0.996804061615968]]
5873315	[1, [0.015703261034985316, 0.9842967389650147]]
7076135	[1, [0.04139580590653191, 0.9586041940934681]]
9002914	[1, [0.0010567385767521476, 0.9989432614232479]]
6750929	[1, [0.0042524950671873896, 0.9957475049328126]]
87857082	[1, [0.005578509947377519, 0.9944214900526225]]
7919518	[1, [0.040985174879880515, 0.9590148251201195]]
7940642	[1, [0.017733282342615286, 0.9822667176573847]]
5626013	[1, [0.006825454586593449, 0.9931745454134066]]
5627712	[1, [0.03325839100970385, 0.9667416089902962]]
57700248	[1, [0.011797478579095966, 0.988202521420904]]
12221266	[1, [0.013573747885653242, 0.9864262521143468]]
5705978	[1, [0.008456205399254957, 0.991543794600745]]
16380630	[1, [0.006333235694774841, 0.9936667643052252]]
12224602	[1, [0.0019221046310485823, 0.9980778953689514]]
5280644	[1, [0.0008042684891481633, 0.9991957315108518]]
12256977	[1, [0.036514879694367064, 0.9634851203056329]]
6139551	[1, [0.00045826807071558395, 0.9995417319292844]]
5708748	[1, [0.0002970850750689813, 0.999702914924931]]
5280978	[1, [0.04688348543969023, 0.9531165145603098]]
72433273	[1, [0.0013572578516043432, 0.9986427421483957]]
7930682	[1, [0.029168773310432883, 0.9708312266895671]]
5626778	[1, [0.009916857354463682, 0.9900831426455363]]
5878108	[1, [0.01513600633068557, 0.9848639936693144]]
7956447	[1, [0.00957898550761771, 0.9904210144923823]]
5626061	[1, [0.03107813147748084, 0.9689218685225192]]
6139317	[1, [0.03455445682585079, 0.9654455431741492]]
16383043	[1, [0.004782366918961389, 0.9952176330810386]]
29759876	[1, [0.04796665289640656, 0.9520333471035934]]
52931946	[1, [0.014819615005770115, 0.9851803849942299]]
7725717	[1, [0.007506275922586014, 0.992493724077414]]
6058079	[1, [0.0354095236552584, 0.9645904763447416]]
5709291	[1, [0.03755329044601552, 0.9624467095539845]]
7941099	[1, [0.04330652386246703, 0.956693476137533]]
7956079	[1, [0.0019674616948875956, 0.9980325383051124]]
87849751	[1, [0.04818261779492883, 0.9518173822050712]]
5706494	[1, [0.0324781688382213, 0.9675218311617787]]
7320389	[1, [0.02712558230433315, 0.9728744176956668]]
5626687	[1, [0.0110112683206538, 0.9889887316793462]]
70092576	[1, [0.019713963225055586, 0.9802860367749444]]
49774301	[1, [0.03848014294781388, 0.9615198570521861]]
91590693	[1, [0.033052207345328655, 0.9669477926546713]]
70110195	[1, [0.03426589939064295, 0.965734100609357]]
6991671	[1, [0.0010595744796711992, 0.9989404255203288]]
9031270	[1, [0.01252795214059721, 0.9874720478594028]]
76077801	[1, [0.014726828519237789, 0.9852731714807622]]
28402293	[1, [0.049101671072112385, 0.9508983289278876]]
7248938	[1, [0.014203900973434047, 0.985796099026566]]
9032025	[1, [0.0298539990046498, 0.9701460009953502]]
13412657	[1, [0.0019936004747341807, 0.9980063995252658]]
9274641	[1, [0.03468791918936376, 0.9653120808106362]]
75142721	[1, [0.01658464299166018, 0.9834153570083398]]
9031914	[1, [0.007740284415587384, 0.9922597155844126]]
67304041	[1, [0.036388117396094266, 0.9636118826039057]]
68776083	[1, [0.0002799080856287217, 0.9997200919143713]]
70130233	[1, [0.00025402973075516755, 0.9997459702692448]]
15588812	[1, [0.01724554637150366, 0.9827544536284963]]
9325009	[1, [0.03341101266099922, 0.9665889873390008]]
5262746	[1, [0.0008042684891481633, 0.9991957315108518]]
37446025	[1, [0.015781443165169606, 0.9842185568348304]]
9325749	[1, [0.04002945673776748, 0.9599705432622325]]
15643284	[1, [0.01583151664684701, 0.984168483353153]]
53301073	[1, [0.034155035078105356, 0.9658449649218946]]
5631340	[1, [0.0408806827158561, 0.9591193172841439]]
9325792	[1, [0.00569166263581522, 0.9943083373641848]]
6855701	[1, [0.008616885459820645, 0.9913831145401794]]
5263503	[1, [0.018162021869685296, 0.9818379781303147]]
7608227	[1, [0.029353634349173263, 0.9706463656508267]]
52420116	[1, [0.0030898899571495386, 0.9969101100428505]]
9329795	[1, [0.03448258920649239, 0.9655174107935076]]
24013509	[1, [0.044239126884238034, 0.955760873115762]]
5793127	[1, [3.557151283106741e-05, 0.9999644284871689]]
97002734	[1, [0.020555517128577727, 0.9794444828714223]]
44340416	[1, [0.0019221046310485823, 0.9980778953689514]]
9189974	[1, [0.010486818438142365, 0.9895131815618576]]
7906773	[1, [0.03644994393315881, 0.9635500560668412]]
7906771	[1, [0.049297075735600715, 0.9507029242643993]]
7906770	[1, [0.03644994393315881, 0.9635500560668412]]
7906777	[1, [0.017275275531969503, 0.9827247244680305]]
7906775	[1, [0.02194981724651035, 0.9780501827534896]]
7906774	[1, [0.0021224483580798426, 0.9978775516419202]]
44326592	[1, [0.044500694105300775, 0.9554993058946992]]
6798251	[1, [0.009609394766323831, 0.9903906052336762]]
96983659	[1, [0.018896329848083426, 0.9811036701519166]]
79653111	[1, [0.010880402182637972, 0.989119597817362]]
7733340	[1, [0.00344168178188331, 0.9965583182181167]]
86030984	[1, [0.0063385097384873745, 0.9936614902615126]]
6903311	[1, [0.007613876220403881, 0.9923861237795961]]
7907506	[1, [0.02371168947649993, 0.9762883105235001]]
7906764	[1, [0.0021971087539575107, 0.9978028912460425]]
7906765	[1, [0.0033787580523535476, 0.9966212419476465]]
7906767	[1, [0.000547694889138417, 0.9994523051108616]]
9293916	[1, [0.049933804838339535, 0.9500661951616605]]
7906743	[1, [0.03759645313149351, 0.9624035468685065]]
5796317	[1, [0.01367716492613169, 0.9863228350738683]]
7906768	[1, [0.0002963133128341955, 0.9997036866871658]]
7906769	[1, [0.049297075735600715, 0.9507029242643993]]
47892811	[1, [0.03239762198957097, 0.967602378010429]]
31929423	[1, [0.02146995760775461, 0.9785300423922454]]
5954168	[1, [0.039986482600799844, 0.9600135173992002]]
7640951	[1, [0.03797498902794405, 0.962025010972056]]
5181963	[1, [0.033446140959065285, 0.9665538590409347]]
53487459	[1, [0.015233851993485259, 0.9847661480065147]]
9319318	[1, [0.0033794278471034334, 0.9966205721528966]]
17320823	[1, [0.03151531909468597, 0.968484680905314]]
6369369	[1, [0.01736554381208799, 0.982634456187912]]
25847184	[1, [0.0065958179797639405, 0.9934041820202361]]
5546114	[1, [0.049297075735600715, 0.9507029242643993]]
7640329	[1, [0.03915428478683092, 0.9608457152131691]]
48702475	[1, [0.01851878670264817, 0.9814812132973518]]
5828812	[1, [0.04757068184676616, 0.9524293181532338]]
15081787	[1, [0.043649617296950605, 0.9563503827030494]]
75293043	[1, [0.0011018735873122854, 0.9988981264126877]]
9317905	[1, [0.019284400342661323, 0.9807155996573387]]
7641304	[1, [0.009573641651944409, 0.9904263583480556]]
6570987	[1, [0.0034382317921158867, 0.9965617682078841]]
5836608	[1, [0.00693215344783682, 0.9930678465521632]]
19448188	[1, [0.026001345707950207, 0.9739986542920498]]
5479352	[1, [0.022995429810378165, 0.9770045701896218]]
7329311	[1, [0.019221043900875534, 0.9807789560991245]]
7326427	[1, [0.04922654757316425, 0.9507734524268358]]
52703222	[1, [0.020089502994835584, 0.9799104970051644]]
14965748	[1, [0.025940646457483063, 0.9740593535425169]]
5477028	[1, [0.004390799400862733, 0.9956092005991373]]
87137866	[1, [0.04381220744848857, 0.9561877925515114]]
7781270	[1, [0.0050590783150910035, 0.994940921684909]]
9107792	[1, [0.02848952524444659, 0.9715104747555534]]
9108309	[1, [0.022952639214219084, 0.9770473607857809]]
5478251	[1, [0.016026288125953192, 0.9839737118740468]]
5477756	[1, [0.022995429810378165, 0.9770045701896218]]
5476234	[1, [0.008325607518249845, 0.9916743924817502]]
7782308	[1, [0.03045075317133772, 0.9695492468286623]]
7783495	[1, [0.012491195094201824, 0.9875088049057982]]
5477619	[1, [0.010432294576530277, 0.9895677054234697]]
9132690	[1, [0.017588473562943574, 0.9824115264370564]]
5476838	[1, [0.010109333640903495, 0.9898906663590965]]
7781293	[1, [0.011929770470261003, 0.988070229529739]]
7328406	[1, [0.0076884250805485665, 0.9923115749194514]]
5477420	[1, [0.04880958474337227, 0.9511904152566277]]
12383671	[1, [0.04120120240221192, 0.9587987975977881]]
52700755	[1, [0.040911502200558614, 0.9590884977994414]]
12095577	[1, [0.014185924764107183, 0.9858140752358928]]
5477651	[1, [0.02668658754773079, 0.9733134124522692]]
7781229	[1, [0.012974086032817023, 0.987025913967183]]
7325164	[1, [0.000819414443179789, 0.9991805855568202]]
5479197	[1, [0.01930104535057342, 0.9806989546494266]]
9066346	[1, [0.017550263201666638, 0.9824497367983334]]
46947698	[1, [0.029277493349317618, 0.9707225066506824]]
46750947	[1, [0.012496622157545212, 0.9875033778424548]]
7267850	[1, [0.0487540902694481, 0.9512459097305519]]
7785748	[1, [0.015160136689245762, 0.9848398633107542]]
6557549	[1, [0.005343181965408728, 0.9946568180345913]]
49722127	[1, [0.022375252900458387, 0.9776247470995416]]
66205847	[1, [0.04769484927177803, 0.952305150728222]]
5635906	[1, [0.008732981324084288, 0.9912670186759157]]
9129495	[1, [0.007841487390707558, 0.9921585126092924]]
5567971	[1, [0.03176723948152049, 0.9682327605184795]]
7264892	[1, [0.006662803060501488, 0.9933371969394985]]
18076902	[1, [0.04336610992871004, 0.95663389007129]]
5886844	[1, [0.03986220530891704, 0.960137794691083]]
5633777	[1, [0.04809789536979736, 0.9519021046302026]]
7997696	[1, [0.01990125241092766, 0.9800987475890723]]
5634454	[1, [0.038492925063436934, 0.9615070749365631]]
5565827	[1, [0.0071585086239567275, 0.9928414913760433]]
5248286	[1, [0.00203651277207495, 0.997963487227925]]
7785100	[1, [0.031984746278905574, 0.9680152537210944]]
7997366	[1, [0.0237855190525319, 0.9762144809474681]]
5566894	[1, [0.001991618986504573, 0.9980083810134954]]
12507350	[1, [0.026543471721214518, 0.9734565282787855]]
5890465	[1, [0.03794182897192688, 0.9620581710280731]]
5565886	[1, [0.011396058141070253, 0.9886039418589297]]
9010322	[1, [0.014099325783795691, 0.9859006742162043]]
7412198	[1, [0.029353634349173263, 0.9706463656508267]]
7152587	[1, [0.000804675463970006, 0.99919532453603]]
7158272	[1, [4.6467184731113775e-06, 0.9999953532815269]]
44519754	[1, [0.026015681363601106, 0.9739843186363989]]
7763794	[1, [0.002942466071496841, 0.9970575339285032]]
6875527	[1, [0.009885223267535048, 0.990114776732465]]
7208555	[1, [0.03660912849710307, 0.9633908715028969]]
7360098	[1, [0.0004680791636466619, 0.9995319208363533]]
7764505	[1, [0.02066627665824239, 0.9793337233417576]]
7362078	[1, [0.024382595937420093, 0.9756174040625799]]
54377610	[1, [0.03389590959479749, 0.9661040904052025]]
7962501	[1, [0.011442840184715086, 0.9885571598152849]]
9009645	[1, [0.001460543539051784, 0.9985394564609482]]
53720174	[1, [0.010476122035861013, 0.989523877964139]]
44530320	[1, [0.03327333807783217, 0.9667266619221678]]
7204685	[1, [0.015703261034985316, 0.9842967389650147]]
91109490	[1, [0.017383953113708106, 0.9826160468862919]]
7648809	[1, [0.04013415587509872, 0.9598658441249013]]
7833048	[1, [0.024485360182662674, 0.9755146398173373]]
6862701	[1, [0.0484588063451834, 0.9515411936548166]]
7183443	[1, [0.0014939981242164668, 0.9985060018757835]]
93945140	[1, [0.013469403452155415, 0.9865305965478446]]
7182779	[1, [0.04313902277154258, 0.9568609772284574]]
19854331	[1, [0.01842386371704785, 0.9815761362829521]]
7948539	[1, [0.026005236671288734, 0.9739947633287113]]
9138676	[1, [0.001392315336730121, 0.9986076846632699]]
69075624	[1, [0.004531907068422991, 0.995468092931577]]
55244208	[1, [0.011039087378148738, 0.9889609126218513]]
14768887	[1, [0.0061334327263727895, 0.9938665672736272]]
7833540	[1, [0.011063359308050469, 0.9889366406919495]]
7186883	[1, [0.01564789232092889, 0.9843521076790711]]
5740843	[1, [0.04792485544983016, 0.9520751445501698]]
90236034	[1, [0.03278948125776149, 0.9672105187422385]]
6049655	[1, [0.007408368263982057, 0.9925916317360179]]
9041272	[1, [0.012772690503370043, 0.98722730949663]]
5471893	[1, [0.014089505360879717, 0.9859104946391203]]
9022846	[1, [0.02218715917575842, 0.9778128408242416]]
5470444	[1, [0.010109333640903495, 0.9898906663590965]]
5471817	[1, [0.026105542952867045, 0.973894457047133]]
6790688	[1, [0.001129269831269375, 0.9988707301687306]]
33656740	[1, [0.00041271288157740393, 0.9995872871184226]]
5471357	[1, [0.02484834647094225, 0.9751516535290577]]
7179412	[1, [0.009911390065448944, 0.9900886099345511]]
6049323	[1, [0.006096178911435768, 0.9939038210885642]]
7182092	[1, [0.04412329817402949, 0.9558767018259705]]
5472299	[1, [0.02269996083634318, 0.9773000391636568]]
5469622	[1, [0.03692443501834186, 0.9630755649816581]]
9041348	[1, [0.044156498777310205, 0.9558435012226898]]
5356377	[1, [0.02605446504813591, 0.9739455349518641]]
9040710	[1, [0.04054406384987619, 0.9594559361501238]]
7980875	[1, [0.035454790394861435, 0.9645452096051386]]
7980681	[1, [0.0027022902454126863, 0.9972977097545873]]
5472019	[1, [0.02721339863123773, 0.9727866013687623]]
5471300	[1, [0.006213551878812673, 0.9937864481211873]]
6048701	[1, [0.013313035653841565, 0.9866869643461584]]
5471165	[1, [0.014349719272139017, 0.985650280727861]]
7809505	[1, [0.044197990829374256, 0.9558020091706257]]
5241217	[1, [0.04298803497183035, 0.9570119650281697]]
76985824	[1, [0.030970069489600793, 0.9690299305103992]]
5698979	[1, [0.030571826646929923, 0.9694281733530701]]
76988409	[1, [0.004278546467451072, 0.9957214535325489]]
55037255	[1, [0.002355889380518228, 0.9976441106194818]]
32642107	[1, [0.03815228604915677, 0.9618477139508432]]
9027278	[1, [0.01678737511946471, 0.9832126248805353]]
5720565	[1, [0.04626392182593819, 0.9537360781740618]]
5716195	[1, [0.004211412434618089, 0.9957885875653819]]
83110361	[1, [0.030966428748986474, 0.9690335712510135]]
6430824	[1, [0.03552825746780941, 0.9644717425321906]]
73375705	[1, [0.02971291547406496, 0.970287084525935]]
21734428	[1, [0.02448606141038767, 0.9755139385896123]]
5720721	[1, [0.03755329044601552, 0.9624467095539845]]
9213254	[1, [0.04162225724996571, 0.9583777427500343]]
19265085	[1, [0.020464195375740513, 0.9795358046242595]]
6315778	[1, [0.0033493962414213874, 0.9966506037585786]]
5718541	[1, [0.037992403711971545, 0.9620075962880285]]
5697894	[1, [0.02621344809704551, 0.9737865519029545]]
41986934	[1, [0.03753480021515909, 0.9624651997848409]]
51074362	[1, [0.005348012109510192, 0.9946519878904898]]
5718902	[1, [0.029814113713956925, 0.9701858862860431]]
5716455	[1, [0.012281463710419716, 0.9877185362895803]]
9111380	[1, [0.008758650189476636, 0.9912413498105234]]
9112122	[1, [0.03841464142603823, 0.9615853585739618]]
5216124	[1, [0.016468889584758895, 0.9835311104152411]]
44701757	[1, [0.006848638344933766, 0.9931513616550662]]
77284969	[1, [0.003779438178294292, 0.9962205618217057]]
5857823	[1, [0.02962710667051771, 0.9703728933294823]]
9111870	[1, [0.0029433847017502623, 0.9970566152982497]]
45954923	[1, [0.03650547670671567, 0.9634945232932843]]
9111497	[1, [0.011506939867098942, 0.9884930601329011]]
91318015	[1, [0.025719170822116832, 0.9742808291778832]]
5856111	[1, [0.017177832061570197, 0.9828221679384298]]
5856076	[1, [0.024935666695397263, 0.9750643333046027]]
7404877	[1, [0.003426787059629066, 0.9965732129403709]]
7945276	[1, [0.03720257781224645, 0.9627974221877535]]
9112070	[1, [0.011571866655624707, 0.9884281333443753]]
5855608	[1, [0.009026886075345186, 0.9909731139246548]]
5855351	[1, [0.019423944790849856, 0.9805760552091501]]
41267367	[1, [0.0251688749984198, 0.9748311250015802]]
5857361	[1, [0.01060461668846191, 0.9893953833115381]]
7402978	[1, [0.04184337027458018, 0.9581566297254198]]
5215116	[1, [0.0225843730198384, 0.9774156269801616]]
5856027	[1, [0.03260708401053969, 0.9673929159894603]]
9148783	[1, [0.011017172202881675, 0.9889828277971183]]
5647918	[1, [0.025211231678756385, 0.9747887683212436]]
5141932	[1, [0.006096178911435768, 0.9939038210885642]]
7793475	[1, [0.006434002266508032, 0.993565997733492]]
5696123	[1, [0.03410349522853651, 0.9658965047714635]]
7966751	[1, [0.019318351586944282, 0.9806816484130557]]
7966598	[1, [0.0076884250805485665, 0.9923115749194514]]
7793772	[1, [0.031984746278905574, 0.9680152537210944]]
5144224	[1, [0.007835042050845287, 0.9921649579491547]]
5142950	[1, [0.00010650313999427397, 0.9998934968600057]]
5919158	[1, [0.0023413374484401173, 0.9976586625515599]]
62964484	[1, [0.0006811640634676319, 0.9993188359365324]]
7792989	[1, [0.004569181725730287, 0.9954308182742697]]
88098511	[1, [0.0003921218401622406, 0.9996078781598378]]
9152988	[1, [0.044345894469206226, 0.9556541055307938]]
7994637	[1, [0.022964590029704635, 0.9770354099702954]]
24537999	[1, [0.0018259546692083184, 0.9981740453307917]]
5142939	[1, [0.0354559351118906, 0.9645440648881094]]
5140892	[1, [0.00019674754808063355, 0.9998032524519194]]
7994326	[1, [0.024453807756132262, 0.9755461922438677]]
7967114	[1, [0.030970069489600793, 0.9690299305103992]]
5928472	[1, [0.001260830215496389, 0.9987391697845036]]
39428003	[1, [0.021403491670348385, 0.9785965083296516]]
5144332	[1, [0.034121860504955914, 0.9658781394950441]]
6845285	[1, [0.015719451328242817, 0.9842805486717572]]
5685434	[1, [0.03027701235845648, 0.9697229876415435]]
14807276	[1, [0.013705494744518543, 0.9862945052554815]]
5637748	[1, [0.0038506603597462385, 0.9961493396402538]]
7793290	[1, [0.0029183197520175064, 0.9970816802479825]]
7428875	[1, [0.04193219286005767, 0.9580678071399423]]
6237751	[1, [0.0004699134971105634, 0.9995300865028894]]
7845416	[1, [0.004337825988442567, 0.9956621740115574]]
6412718	[1, [0.001219272838295371, 0.9987807271617046]]
9033092	[1, [0.014598920108197078, 0.9854010798918029]]
9341815	[1, [0.012873287124910537, 0.9871267128750895]]
35874652	[1, [0.027546624909105977, 0.972453375090894]]
6238287	[1, [0.036327001886155896, 0.9636729981138441]]
62283874	[1, [0.007952971335897785, 0.9920470286641022]]
36099820	[1, [0.024472690286366006, 0.975527309713634]]
51204421	[1, [0.04298580570222743, 0.9570141942977726]]
5754321	[1, [0.03560124417463206, 0.9643987558253679]]
7960726	[1, [0.008727128574458676, 0.9912728714255413]]
7932983	[1, [0.04502592941690631, 0.9549740705830937]]
6236150	[1, [0.004165347704870426, 0.9958346522951296]]
9032734	[1, [0.014576303877539054, 0.985423696122461]]
5665026	[1, [0.018328383331294384, 0.9816716166687056]]
6203179	[1, [0.04944113808366157, 0.9505588619163384]]
5755387	[1, [0.03562201876411608, 0.9643779812358839]]
39274873	[1, [0.0215503806685603, 0.9784496193314397]]
9033115	[1, [0.02961577849635222, 0.9703842215036478]]
9342120	[1, [0.030158998986477337, 0.9698410010135227]]
51191931	[1, [0.0035054461470490628, 0.9964945538529509]]
94907908	[1, [0.02675064238891156, 0.9732493576110884]]
39509222	[1, [0.005290475815520224, 0.9947095241844798]]
6207749	[1, [0.0051566754259524394, 0.9948433245740476]]
7960619	[1, [0.0464098511599117, 0.9535901488400883]]
6905479	[1, [0.019218148965443604, 0.9807818510345564]]
9017456	[1, [0.045549632591622036, 0.954450367408378]]
71593612	[1, [0.039026893011474884, 0.9609731069885251]]
79667411	[1, [0.005222672443824683, 0.9947773275561753]]
9105979	[1, [0.04804990843826018, 0.9519500915617398]]
9106231	[1, [0.033257000009274784, 0.9667429999907252]]
6944508	[1, [0.01905295042615396, 0.980947049573846]]
9259781	[1, [0.04127207367227914, 0.9587279263277209]]
6909533	[1, [0.006851174762051104, 0.9931488252379489]]
9295665	[1, [0.03630548230447794, 0.9636945176955221]]
6652720	[1, [0.03577251904648726, 0.9642274809535127]]
7981962	[1, [0.033936093686396274, 0.9660639063136037]]
9105189	[1, [0.00635670993989057, 0.9936432900601094]]
9105328	[1, [0.021902140371805934, 0.9780978596281941]]
9105826	[1, [0.0023797057282135547, 0.9976202942717864]]
79085534	[1, [2.5107494677656383e-05, 0.9999748925053223]]
6781147	[1, [0.04966200304987267, 0.9503379969501273]]
9018639	[1, [0.00981315451641962, 0.9901868454835804]]
9105882	[1, [0.03635023389199854, 0.9636497661080015]]
32516073	[1, [0.01903557809251155, 0.9809644219074884]]
82585357	[1, [0.03225606505476708, 0.9677439349452329]]
5119127	[1, [4.4080887970587845e-05, 0.9999559191120294]]
66906166	[1, [0.0016971820469533494, 0.9983028179530467]]
27230567	[1, [0.007959712333403424, 0.9920402876665966]]
79099118	[1, [0.04158992390783589, 0.9584100760921641]]
9294771	[1, [0.03813559714485815, 0.9618644028551419]]
9017836	[1, [0.014035254940492958, 0.985964745059507]]
7978422	[1, [0.040575569000350975, 0.959424430999649]]
5134522	[1, [0.015916109116684063, 0.9840838908833159]]
9145033	[1, [0.03124738227137136, 0.9687526177286286]]
9144794	[1, [0.003478072419009659, 0.9965219275809903]]
5301062	[1, [0.01996369644176521, 0.9800363035582348]]
7753382	[1, [0.007302304164910178, 0.9926976958350898]]
5301270	[1, [0.014008137583304214, 0.9859918624166958]]
5103404	[1, [0.03558846111154712, 0.9644115388884529]]
5981238	[1, [0.0075677617966055655, 0.9924322382033944]]
7754417	[1, [0.019350322001874587, 0.9806496779981254]]
83484923	[1, [0.013623747476034676, 0.9863762525239653]]
5303536	[1, [0.004363011262256022, 0.995636988737744]]
5103219	[1, [0.007158606434083059, 0.9928413935659169]]
5103218	[1, [0.023661470722007194, 0.9763385292779928]]
59783998	[1, [0.016395834580234303, 0.9836041654197657]]
7978218	[1, [0.03477205074945733, 0.9652279492505427]]
5303611	[1, [0.009636452295745501, 0.9903635477042545]]
5303600	[1, [0.034577713985438074, 0.9654222860145619]]
6050575	[1, [0.014621293522246614, 0.9853787064777534]]
35106868	[1, [0.011387909989868494, 0.9886120900101315]]
5103796	[1, [0.03634026883443797, 0.963659731165562]]
6050888	[1, [0.04144254012177573, 0.9585574598782243]]
9145024	[1, [0.02000985294917801, 0.979990147050822]]
7836804	[1, [0.04593108855999706, 0.9540689114400029]]
7531045	[1, [0.01409050234534237, 0.9859094976546576]]
5136978	[1, [0.015939443461635894, 0.9840605565383641]]
31289795	[1, [0.006949498724207914, 0.9930505012757921]]
5136050	[1, [0.0406271494142556, 0.9593728505857444]]
7978105	[1, [0.005594583483239046, 0.994405416516761]]
59756809	[1, [0.0032497158087938516, 0.9967502841912061]]
7754767	[1, [0.02425523270222052, 0.9757447672977795]]
5136872	[1, [0.0006573374514428076, 0.9993426625485572]]
5303466	[1, [0.0044585870246245385, 0.9955414129753755]]
6537295	[1, [0.001969857353121718, 0.9980301426468783]]
7835096	[1, [0.0067055660853527765, 0.9932944339146472]]
67859354	[1, [0.012169773464531408, 0.9878302265354686]]
5304085	[1, [0.007427256030174578, 0.9925727439698254]]
5976265	[1, [0.02918060838847969, 0.9708193916115203]]
9217443	[1, [0.03057239904584108, 0.9694276009541589]]
5137235	[1, [0.0349117663624855, 0.9650882336375145]]
5102340	[1, [0.036067995045576784, 0.9639320049544232]]
5137232	[1, [0.013454878358222122, 0.9865451216417779]]
7836673	[1, [0.006255702556387632, 0.9937442974436124]]
5136794	[1, [5.867401898673741e-06, 0.9999941325981013]]
6789114	[1, [0.013886195871923523, 0.9861138041280765]]
5303035	[1, [0.015563438427058873, 0.9844365615729411]]
9144730	[1, [0.031364024635709864, 0.9686359753642901]]
38272072	[1, [0.015535978082373059, 0.9844640219176269]]
86672467	[1, [0.0023970065298042353, 0.9976029934701958]]
70707713	[1, [0.002629918859272773, 0.9973700811407272]]
7458193	[1, [0.0026996803161261074, 0.9973003196838739]]
7457125	[1, [0.032909709409553844, 0.9670902905904462]]
7964109	[1, [0.04114313655955082, 0.9588568634404492]]
7463204	[1, [0.017195669405067004, 0.982804330594933]]
7964655	[1, [0.019097435629562343, 0.9809025643704377]]
47502254	[1, [0.000681719532569458, 0.9993182804674305]]
6396164	[1, [0.004167161476066328, 0.9958328385239337]]
59952856	[1, [0.0469489136596295, 0.9530510863403705]]
5349527	[1, [0.021517417850999476, 0.9784825821490005]]
86637084	[1, [0.03043868418160267, 0.9695613158183973]]
7964569	[1, [0.048184401024234824, 0.9518155989757652]]
86649025	[1, [0.01607055869656282, 0.9839294413034372]]
6396472	[1, [0.005794848915199768, 0.9942051510848002]]
7873501	[1, [0.04749558535547582, 0.9525044146445242]]
6128909	[1, [0.01387289598225272, 0.9861271040177473]]
31793017	[1, [0.027153024207567267, 0.9728469757924327]]
7334082	[1, [0.04470659271843347, 0.9552934072815665]]
7332627	[1, [0.008052882913323955, 0.991947117086676]]
84967710	[1, [0.03397203982764174, 0.9660279601723583]]
7964507	[1, [0.03444395593010807, 0.9655560440698919]]
7964443	[1, [0.0065506989974402074, 0.9934493010025598]]
5536231	[1, [0.03542010351808211, 0.9645798964819179]]
5534843	[1, [0.016300873482776312, 0.9836991265172237]]
98426649	[1, [0.0035471298481978275, 0.9964528701518022]]
59947358	[1, [0.04888681681562834, 0.9511131831843717]]
98467777	[1, [0.015053489849611301, 0.9849465101503887]]
87211949	[1, [0.004073526260172322, 0.9959264737398277]]
39770245	[1, [0.0024460161677620773, 0.9975539838322379]]
7355489	[1, [0.0067922118960528355, 0.9932077881039472]]
6434899	[1, [0.009517790103441004, 0.990482209896559]]
5255014	[1, [0.02444030584787904, 0.975559694152121]]
5256151	[1, [0.027998932688978573, 0.9720010673110214]]
76686228	[1, [0.0035471298481978275, 0.9964528701518022]]
5574446	[1, [0.012614513492806179, 0.9873854865071938]]
7173495	[1, [0.04229100317942669, 0.9577089968205733]]
7355708	[1, [0.023607969340285084, 0.9763920306597149]]
6230513	[1, [0.03855537451479052, 0.9614446254852095]]
6434268	[1, [0.004131137314864586, 0.9958688626851354]]
7645269	[1, [0.0014000072128892427, 0.9985999927871108]]
7174070	[1, [0.03599902931156407, 0.9640009706884359]]
5340237	[1, [5.843078468625862e-06, 0.9999941569215314]]
84679777	[1, [0.03185847109513196, 0.968141528904868]]
9122517	[1, [0.004570002021957009, 0.995429997978043]]
6089160	[1, [0.002204212538109651, 0.9977957874618903]]
5255016	[1, [0.027184937621172134, 0.9728150623788279]]
96673321	[1, [0.016167350844417006, 0.983832649155583]]
6997661	[1, [0.005032791967951367, 0.9949672080320486]]
6999693	[1, [0.008096174184552107, 0.9919038258154479]]
7579158	[1, [0.0460758766059397, 0.9539241233940603]]
7580186	[1, [0.021687005488539968, 0.97831299451146]]
7922102	[1, [0.04193877133648449, 0.9580612286635155]]
9107009	[1, [0.017927127206846416, 0.9820728727931536]]
9107104	[1, [0.011936190162350369, 0.9880638098376496]]
9107163	[1, [0.02218715917575842, 0.9778128408242416]]
7850687	[1, [0.043082115021511935, 0.9569178849784881]]
14195724	[1, [0.01486257633807564, 0.9851374236619244]]
86831855	[1, [0.027065675292618052, 0.972934324707382]]
7616887	[1, [0.049297075735600715, 0.9507029242643993]]
90976724	[1, [0.0011995314521782152, 0.9988004685478218]]
9345293	[1, [0.01563861040182879, 0.9843613895981712]]
9106992	[1, [0.004770382831340125, 0.9952296171686599]]
6996546	[1, [0.015167701103222964, 0.984832298896777]]
7850548	[1, [0.013789382012621032, 0.986210617987379]]
9141569	[1, [0.04593830850224123, 0.9540616914977588]]
7619054	[1, [0.006922075770686376, 0.9930779242293136]]
7850319	[1, [0.027321751103247194, 0.9726782488967528]]
96609168	[1, [0.03650333838734521, 0.9634966616126548]]
12758080	[1, [0.02969149411428007, 0.9703085058857199]]
89126568	[1, [0.0058924086835923095, 0.9941075913164077]]
9324664	[1, [0.02872590404773767, 0.9712740959522623]]
7617800	[1, [0.01086923335120138, 0.9891307666487986]]
90953379	[1, [0.008079613621957304, 0.9919203863780427]]
5663283	[1, [0.01942513114734601, 0.980574868852654]]
5243879	[1, [0.033068171293558435, 0.9669318287064416]]
5244967	[1, [0.003386066164225432, 0.9966139338357746]]
65430153	[1, [0.005819893279433441, 0.9941801067205666]]
6644982	[1, [0.0009375966923323986, 0.9990624033076676]]
9039713	[1, [0.021759864547741037, 0.978240135452259]]
76922918	[1, [0.0017679400049867011, 0.9982320599950133]]
9039849	[1, [0.011891164167719848, 0.9881088358322802]]
34301456	[1, [0.04912208057780554, 0.9508779194221945]]
5243904	[1, [0.04693042714562956, 0.9530695728543704]]
91665661	[1, [0.004294162458781892, 0.9957058375412181]]
88434004	[1, [0.014308718320693359, 0.9856912816793066]]
5648460	[1, [0.007315377925176891, 0.9926846220748231]]
5649798	[1, [0.049699979953134577, 0.9503000200468654]]
6645213	[1, [0.013652746277454497, 0.9863472537225455]]
5737479	[1, [0.0034558467221482703, 0.9965441532778517]]
9039315	[1, [0.0015406174910875814, 0.9984593825089124]]
5243926	[1, [0.03397719317483361, 0.9660228068251664]]
93856808	[1, [0.01909085565958102, 0.980909144340419]]
6644827	[1, [0.0325146696259524, 0.9674853303740476]]
5663522	[1, [0.023575645239158782, 0.9764243547608412]]
39926199	[1, [0.014819615005770115, 0.9851803849942299]]
5734846	[1, [0.018541589729650587, 0.9814584102703494]]
88476286	[1, [0.013630165343033185, 0.9863698346569668]]
5243902	[1, [0.010841163260502995, 0.989158836739497]]
17040602	[1, [0.03753480021515909, 0.9624651997848409]]
9056506	[1, [0.029495787812945817, 0.9705042121870542]]
88905006	[1, [0.0469489136596295, 0.9530510863403705]]
5552352	[1, [0.004659908961227588, 0.9953400910387724]]
7380905	[1, [0.024869102698640178, 0.9751308973013598]]
88450161	[1, [0.008834030932977632, 0.9911659690670224]]
94143676	[1, [0.007342139399540093, 0.9926578606004599]]
58820577	[1, [0.04502399034223903, 0.954976009657761]]
26033023	[1, [0.04944457317782025, 0.9505554268221797]]
58836120	[1, [0.03565179832611609, 0.9643482016738839]]
9013345	[1, [0.03393626086764212, 0.9660637391323579]]
7961761	[1, [0.02763523259105105, 0.972364767408949]]
61778264	[1, [0.00029485253641914344, 0.9997051474635809]]
7983454	[1, [0.008548920554426687, 0.9914510794455733]]
7285091	[1, [0.011488190313796665, 0.9885118096862033]]
7357632	[1, [0.03714221875297463, 0.9628577812470254]]
7749130	[1, [0.009983802936433306, 0.9900161970635667]]
27144506	[1, [0.03389590959479749, 0.9661040904052025]]
85945205	[1, [0.01406267106180814, 0.9859373289381919]]
6489010	[1, [0.014646572229872312, 0.9853534277701277]]
7961454	[1, [0.02688833174167049, 0.9731116682583295]]
7356699	[1, [0.015837646547150253, 0.9841623534528497]]
7358558	[1, [0.017195669405067004, 0.982804330594933]]
9013503	[1, [0.027892098501072216, 0.9721079014989278]]
7963784	[1, [0.04524472875828611, 0.9547552712417139]]
7942263	[1, [0.046189393703624626, 0.9538106062963754]]
5758683	[1, [0.01999749017576291, 0.9800025098242371]]
7741633	[1, [0.01591921259225615, 0.9840807874077439]]
6969173	[1, [0.0070523055422943015, 0.9929476944577057]]
7748869	[1, [0.011857519293015928, 0.9881424807069841]]
7941797	[1, [0.03347071554985881, 0.9665292844501412]]
92864546	[1, [0.0019664224778410677, 0.9980335775221589]]
7748555	[1, [0.020151975520410037, 0.97984802447959]]
6928928	[1, [0.01858861675832746, 0.9814113832416725]]
7629425	[1, [0.004235591206873557, 0.9957644087931264]]
20220623	[1, [0.018206845516706816, 0.9817931544832932]]
5704901	[1, [0.010612929731185994, 0.989387070268814]]
7629069	[1, [0.019526614582213386, 0.9804733854177866]]
7757871	[1, [0.020151975520410037, 0.97984802447959]]
7820226	[1, [0.005012474814509615, 0.9949875251854904]]
6747562	[1, [0.03564599011515668, 0.9643540098848433]]
21328148	[1, [0.015696805862214003, 0.984303194137786]]
88627196	[1, [0.019066249540301117, 0.9809337504596989]]
7757197	[1, [0.01645610348634796, 0.983543896513652]]
7629638	[1, [8.783345297425083e-05, 0.9999121665470257]]
9146581	[1, [0.04894765064019191, 0.9510523493598081]]
21210789	[1, [0.013895879478362905, 0.9861041205216371]]
16974190	[1, [0.03620041264421936, 0.9637995873557806]]
7905809	[1, [0.01578591662343276, 0.9842140833765672]]
65639529	[1, [0.04193017118251896, 0.958069828817481]]
5853933	[1, [0.045492439750048574, 0.9545075602499514]]
7905941	[1, [0.001912014835084963, 0.998087985164915]]
5853137	[1, [0.004089532202498747, 0.9959104677975013]]
54148975	[1, [0.004184586651765576, 0.9958154133482344]]
5850900	[1, [0.002208387374268983, 0.997791612625731]]
21552630	[1, [0.0002881120912674451, 0.9997118879087326]]
5853408	[1, [0.0020163281119629506, 0.997983671888037]]
21512835	[1, [0.0001691110426160769, 0.9998308889573839]]
9102987	[1, [0.038726330445783774, 0.9612736695542162]]
7950660	[1, [0.036429603570423574, 0.9635703964295764]]
6144108	[1, [0.011883363197343066, 0.9881166368026569]]
7950932	[1, [0.0007902136391220171, 0.999209786360878]]
9112942	[1, [0.006922075770686376, 0.9930779242293136]]
5853112	[1, [0.02589839695377627, 0.9741016030462237]]
9103514	[1, [0.002104667641561253, 0.9978953323584387]]
9113560	[1, [0.002854244672089057, 0.9971457553279109]]
5710838	[1, [0.01741935269349848, 0.9825806473065015]]
7905632	[1, [0.04829046845685492, 0.9517095315431451]]
79797209	[1, [0.0024460161677620773, 0.9975539838322379]]
9102824	[1, [0.045389169365319004, 0.954610830634681]]
7954232	[1, [0.020345107195624434, 0.9796548928043756]]
9103899	[1, [0.028457997691334613, 0.9715420023086654]]
87760683	[1, [0.03992160486771945, 0.9600783951322805]]
5809885	[1, [0.002326867908077901, 0.9976731320919221]]
9103448	[1, [0.027559202400755267, 0.9724407975992447]]
9103607	[1, [0.03393626086764212, 0.9660637391323579]]
5612958	[1, [0.02125280234136462, 0.9787471976586354]]
5853735	[1, [0.006094128151663103, 0.9939058718483369]]
7950935	[1, [0.020650824866914608, 0.9793491751330854]]
5851852	[1, [0.009026886075345186, 0.9909731139246548]]
5713720	[1, [0.014103829867838535, 0.9858961701321615]]
7504743	[1, [0.0019521506437156777, 0.9980478493562843]]
7950536	[1, [0.0065506989974402074, 0.9934493010025598]]
5610920	[1, [0.0019169940144966313, 0.9980830059855034]]
5611397	[1, [0.01948331849866336, 0.9805166815013366]]
7954016	[1, [0.038173799313776846, 0.9618262006862232]]
6727232	[1, [0.0481939552155658, 0.9518060447844342]]
5853027	[1, [0.015552254359991857, 0.9844477456400081]]
93190686	[1, [0.04271520145474528, 0.9572847985452547]]
5730198	[1, [0.001887875473075451, 0.9981121245269245]]
9013994	[1, [0.0024306181136084515, 0.9975693818863915]]
33446163	[1, [0.009117440120601894, 0.9908825598793981]]
58586881	[1, [0.03707430303474035, 0.9629256969652596]]
5614577	[1, [0.000614206812710183, 0.9993857931872898]]
94020800	[1, [0.0008171778509975525, 0.9991828221490024]]
9014445	[1, [0.010713881426755556, 0.9892861185732444]]
93192421	[1, [0.043272828489480775, 0.9567271715105192]]
5133266	[1, [0.020339665807351803, 0.9796603341926482]]
37214720	[1, [0.009730070365689403, 0.9902699296343106]]
6240011	[1, [0.029710896872030323, 0.9702891031279697]]
6044289	[1, [0.007408368263982057, 0.9925916317360179]]
6044622	[1, [0.003041731889088739, 0.9969582681109113]]
6045606	[1, [0.0457736362010327, 0.9542263637989673]]
6240773	[1, [0.004270201904877369, 0.9957297980951226]]
81454439	[1, [0.020042035765044708, 0.9799579642349553]]
6044975	[1, [0.02110159527876465, 0.9788984047212353]]
6044992	[1, [0.03925503683512943, 0.9607449631648706]]
6473918	[1, [0.022933787806142858, 0.9770662121938571]]
62542137	[1, [0.039026893011474884, 0.9609731069885251]]
41621821	[1, [0.01708432685271344, 0.9829156731472866]]
5544599	[1, [0.022578714496217178, 0.9774212855037828]]
58574924	[1, [0.008626600397048101, 0.9913733996029519]]
7221578	[1, [0.047243016899007007, 0.952756983100993]]
6044693	[1, [0.02215993876288802, 0.977840061237112]]
92497070	[1, [0.0009381266435388724, 0.9990618733564611]]
5228432	[1, [0.024301908942501838, 0.9756980910574982]]
7986125	[1, [0.010467108222944943, 0.9895328917770551]]
68171345	[1, [0.0011151561556171918, 0.9988848438443828]]
52396144	[1, [0.0027487279741232884, 0.9972512720258767]]
9074466	[1, [0.009565964191314502, 0.9904340358086855]]
5228499	[1, [0.036499515563707785, 0.9635004844362922]]
39039950	[1, [0.022769559729232447, 0.9772304402707676]]
6516972	[1, [0.026548450272854462, 0.9734515497271455]]
98806983	[1, [0.026973795329014782, 0.9730262046709852]]
35392352	[1, [0.007379358971006167, 0.9926206410289938]]
5676008	[1, [0.011556549871770239, 0.9884434501282298]]
5677991	[1, [0.04360911893212194, 0.9563908810678781]]
74811800	[1, [0.0017978153764705018, 0.9982021846235295]]
6638939	[1, [0.02948100943626797, 0.970518990563732]]
5228206	[1, [0.04020953447990372, 0.9597904655200963]]
40344244	[1, [0.024949687481227834, 0.9750503125187722]]
5474572	[1, [0.013325121485545321, 0.9866748785144547]]
9019916	[1, [0.032136625225750226, 0.9678633747742498]]
38078209	[1, [0.013153402936827097, 0.9868465970631729]]
5475630	[1, [0.026201608429938683, 0.9737983915700613]]
9000035	[1, [0.0025292883742503713, 0.9974707116257496]]
22358076	[1, [0.0029946013426458418, 0.9970053986573542]]
5861620	[1, [0.029293611529652597, 0.9707063884703474]]
5472582	[1, [0.007093486962987061, 0.9929065130370129]]
5858520	[1, [0.030904693549562934, 0.9690953064504371]]
5475413	[1, [0.0016558537536690565, 0.9983441462463309]]
96586502	[1, [0.008834030932977632, 0.9911659690670224]]
5785508	[1, [0.035812008982001875, 0.9641879910179981]]
5474306	[1, [0.007093486962987061, 0.9929065130370129]]
6961897	[1, [0.015167701103222964, 0.984832298896777]]
7923493	[1, [0.00192107679176301, 0.998078923208237]]
6962175	[1, [0.028433563163817843, 0.9715664368361822]]
7776379	[1, [0.022064897778282022, 0.977935102221718]]
5473336	[1, [0.009087081864016744, 0.9909129181359833]]
5473318	[1, [0.005124087503590169, 0.9948759124964098]]
5473239	[1, [0.04762847779515933, 0.9523715222048407]]
7923552	[1, [0.023566466822096843, 0.9764335331779032]]
48123312	[1, [0.04429117053437481, 0.9557088294656252]]
9000272	[1, [0.03728250037671721, 0.9627174996232828]]
7776775	[1, [0.0073095854358423695, 0.9926904145641576]]
6961384	[1, [0.012869459276083628, 0.9871305407239164]]
5475440	[1, [0.03926003355283114, 0.9607399664471689]]
55862670	[1, [0.001999285438910592, 0.9980007145610894]]
37891954	[1, [0.010247642332994134, 0.9897523576670059]]
5472577	[1, [0.006213551878812673, 0.9937864481211873]]
71052214	[1, [0.02106518024941817, 0.9789348197505818]]
5472703	[1, [0.026201608429938683, 0.9737983915700613]]
7775954	[1, [0.0003028757890974898, 0.9996971242109025]]
5474221	[1, [0.022983026183573285, 0.9770169738164267]]
5473348	[1, [0.005169367578182205, 0.9948306324218178]]
43484356	[1, [0.005142284610608172, 0.9948577153893918]]
69534101	[1, [0.013572568461794332, 0.9864274315382057]]
9019308	[1, [0.03438131529052735, 0.9656186847094727]]
5475014	[1, [0.011531133779889902, 0.9884688662201101]]
6960634	[1, [0.015785064729570197, 0.9842149352704298]]
5474083	[1, [0.038804532584095774, 0.9611954674159042]]
5859937	[1, [0.033936093686396274, 0.9660639063136037]]
7259755	[1, [0.012608691342136824, 0.9873913086578632]]
5765360	[1, [0.012889290565172296, 0.9871107094348277]]
5156946	[1, [0.01299723666622743, 0.9870027633337726]]
7968465	[1, [0.004436148716830957, 0.995563851283169]]
74889852	[1, [0.0011995314521782152, 0.9988004685478218]]
7260176	[1, [0.04797679230340768, 0.9520232076965923]]
7260291	[1, [0.03479343989825601, 0.965206560101744]]
64105725	[1, [0.04967542323118801, 0.950324576768812]]
7968167	[1, [0.02735928926983877, 0.9726407107301612]]
7968543	[1, [0.0025645462617129855, 0.997435453738287]]
5767221	[1, [0.021117211825791515, 0.9788827881742085]]
64126065	[1, [0.0007665538492823698, 0.9992334461507176]]
40567388	[1, [0.019003470650879484, 0.9809965293491205]]
21053113	[1, [0.00412428278571042, 0.9958757172142896]]
7959623	[1, [0.00035853100604121835, 0.9996414689939588]]
85788161	[1, [0.04019003522071418, 0.9598099647792858]]
18728678	[1, [0.013057088452562926, 0.9869429115474371]]
7438456	[1, [0.029353634349173263, 0.9706463656508267]]
57834839	[1, [0.039488294237719046, 0.960511705762281]]
67665682	[1, [0.04513978498205273, 0.9548602150179473]]
63433193	[1, [0.0035616336425453587, 0.9964383663574546]]
57841685	[1, [0.04543926491800154, 0.9545607350819985]]
5161560	[1, [0.020341435084251236, 0.9796585649157488]]
5602387	[1, [0.015285928099429746, 0.9847140719005703]]
52248702	[1, [6.048931264102109e-06, 0.9999939510687359]]
6098832	[1, [0.012939128741072392, 0.9870608712589276]]
80357435	[1, [0.019517973107237352, 0.9804820268927626]]
5603486	[1, [0.03436128232435698, 0.965638717675643]]
7916971	[1, [0.010286134075794484, 0.9897138659242055]]
9010562	[1, [0.02642355564982679, 0.9735764443501732]]
5603873	[1, [0.01948331849866336, 0.9805166815013366]]
9104397	[1, [0.042085381712674064, 0.9579146182873259]]
5604007	[1, [0.01948331849866336, 0.9805166815013366]]
5805912	[1, [0.04109442453238776, 0.9589055754676122]]
81666940	[1, [0.04207718348918832, 0.9579228165108117]]
5601040	[1, [0.021687005488539968, 0.97831299451146]]
9109291	[1, [0.021264056543444765, 0.9787359434565552]]
9104062	[1, [0.0032979590490330724, 0.9967020409509669]]
9010842	[1, [0.023662558434637826, 0.9763374415653622]]
67731893	[1, [8.414121418742759e-05, 0.9999158587858126]]
9105081	[1, [0.002480074848652758, 0.9975199251513472]]
7411475	[1, [0.006628609305858624, 0.9933713906941414]]
59037267	[1, [0.02064822211514561, 0.9793517778848544]]
9104178	[1, [0.0004900567270550438, 0.999509943272945]]
9103953	[1, [0.024230422615705516, 0.9757695773842945]]
7163817	[1, [0.030599082708962944, 0.9694009172910371]]
88938107	[1, [0.0077106836897931075, 0.9922893163102069]]
9109747	[1, [0.03801006056611067, 0.9619899394338893]]
5805848	[1, [0.019701230320521956, 0.980298769679478]]
9109153	[1, [0.022133237216706347, 0.9778667627832937]]
9109413	[1, [0.049297075735600715, 0.9507029242643993]]
6096833	[1, [0.01290611740415859, 0.9870938825958414]]
7411164	[1, [0.03067883403605165, 0.9693211659639484]]
5689156	[1, [0.021446681736962736, 0.9785533182630373]]
9104685	[1, [0.020650824866914608, 0.9793491751330854]]
9109548	[1, [0.019241082057464554, 0.9807589179425354]]
7913628	[1, [0.03906906724129877, 0.9609309327587012]]
7813452	[1, [0.03385641461066358, 0.9661435853893364]]
5868327	[1, [0.01513600633068557, 0.9848639936693144]]
7677534	[1, [0.00047111440309854924, 0.9995288855969015]]
62326766	[1, [0.0043439817804339365, 0.9956560182195661]]
7913624	[1, [0.02070533032012556, 0.9792946696798744]]
7570346	[1, [0.009313607963121417, 0.9906863920368786]]
89523842	[1, [0.02762039205851685, 0.9723796079414831]]
7969286	[1, [0.009568873880234419, 0.9904311261197656]]
6984030	[1, [0.04613594586568048, 0.9538640541343195]]
19956688	[1, [0.04362308370472878, 0.9563769162952712]]
19113660	[1, [0.0006429773640750369, 0.999357022635925]]
90584786	[1, [0.020844811663766172, 0.9791551883362338]]
6983326	[1, [0.005494236509204553, 0.9945057634907954]]
33593056	[1, [0.03714877090344648, 0.9628512290965535]]
7968805	[1, [0.012872679551341193, 0.9871273204486588]]
88571859	[1, [0.01365605603968012, 0.9863439439603199]]
6983075	[1, [0.01081461523140792, 0.9891853847685921]]
16765405	[1, [0.029090807862219292, 0.9709091921377807]]
6985555	[1, [0.0019390442363710347, 0.998060955763629]]
6982509	[1, [0.015167701103222964, 0.984832298896777]]
60166574	[1, [0.0002055493953836418, 0.9997944506046164]]
7569288	[1, [0.001048041960747037, 0.998951958039253]]
7969452	[1, [0.043416816874734754, 0.9565831831252652]]
7848255	[1, [0.007708745354184865, 0.9922912546458151]]
7812286	[1, [0.007916158050105482, 0.9920838419498945]]
99014984	[1, [0.00049635444167484, 0.9995036455583252]]
7913588	[1, [0.018711607781117023, 0.981288392218883]]
7968818	[1, [0.011998666760072885, 0.9880013332399271]]
7590304	[1, [0.023696765149172516, 0.9763032348508275]]
6373901	[1, [0.006825454586593449, 0.9931745454134066]]
5100466	[1, [0.005765501079185276, 0.9942344989208147]]
5316174	[1, [0.03592868864121246, 0.9640713113587875]]
9287288	[1, [0.010823728850101855, 0.9891762711498981]]
11321025	[1, [0.038546421339155534, 0.9614535786608445]]
7966090	[1, [0.008901625928144918, 0.9910983740718551]]
5100128	[1, [0.028256712774473947, 0.971743287225526]]
7965630	[1, [0.03228960140898596, 0.967710398591014]]
6888143	[1, [0.009728455508026146, 0.9902715444919739]]
5702457	[1, [0.03751388238264586, 0.9624861176173541]]
5314250	[1, [0.02532620644511585, 0.9746737935548841]]
7594837	[1, [0.029353634349173263, 0.9706463656508267]]
7683661	[1, [0.015597328773792385, 0.9844026712262076]]
95783910	[1, [0.020582177456962336, 0.9794178225430377]]
5359524	[1, [0.0065217402775393785, 0.9934782597224606]]
5314603	[1, [0.024260338022931593, 0.9757396619770684]]
57519065	[1, [0.0002786069760433163, 0.9997213930239567]]
5317989	[1, [0.009369760121792914, 0.9906302398782071]]
9243049	[1, [0.008152765242370297, 0.9918472347576297]]
9288073	[1, [0.01361489973952501, 0.986385100260475]]
6371353	[1, [0.04715212306386751, 0.9528478769361325]]
5701897	[1, [0.010616497164663175, 0.9893835028353368]]
6371679	[1, [0.010022963014844954, 0.989977036985155]]
5317493	[1, [0.01893159754497231, 0.9810684024550277]]
5100137	[1, [0.014856431806128834, 0.9851435681938712]]
51278791	[1, [0.041152074683986184, 0.9588479253160138]]
57523575	[1, [0.03824921410279403, 0.961750785897206]]
11310620	[1, [7.935873066655663e-05, 0.9999206412693334]]
5883060	[1, [0.041277955568394975, 0.958722044431605]]
6390285	[1, [0.0025864068459676703, 0.9974135931540323]]
62908673	[1, [0.01100850706251466, 0.9889914929374853]]
28252311	[1, [0.020378625256843752, 0.9796213747431562]]
39830489	[1, [0.004966525731816551, 0.9950334742681834]]
7953341	[1, [0.028481477296549373, 0.9715185227034506]]
7996329	[1, [0.005391668316778286, 0.9946083316832217]]
9289702	[1, [0.019284400342661323, 0.9807155996573387]]
65490898	[1, [0.030542732204651424, 0.9694572677953486]]
9338831	[1, [0.02666988909063639, 0.9733301109093636]]
7797487	[1, [0.045207434984106065, 0.9547925650158939]]
5884299	[1, [0.04718315939605755, 0.9528168406039424]]
7127965	[1, [0.006598237471577284, 0.9934017625284227]]
5881047	[1, [0.048544269970878906, 0.9514557300291211]]
9288353	[1, [0.008113231424416778, 0.9918867685755832]]
7996639	[1, [0.04496635951479977, 0.9550336404852002]]
9289399	[1, [0.02109577372727156, 0.9789042262727284]]
5985955	[1, [0.0065875776672170705, 0.9934124223327829]]
6378198	[1, [0.004781606038884001, 0.995218393961116]]
84568406	[1, [0.012179403674209777, 0.9878205963257902]]
50462742	[1, [0.0006373766885564569, 0.9993626233114435]]
6374576	[1, [0.030551228143975817, 0.9694487718560242]]
6378440	[1, [0.003096480190762585, 0.9969035198092374]]
85415407	[1, [0.010583866997455615, 0.9894161330025444]]
5401302	[1, [0.00048455778669243, 0.9995154422133076]]
6374791	[1, [0.009559098154342083, 0.9904409018456579]]
79127980	[1, [0.0007929260857251208, 0.9992070739142749]]
9025843	[1, [0.012255293183343619, 0.9877447068166564]]
18955259	[1, [0.012922864747732854, 0.9870771352522671]]
7969657	[1, [0.012462102317557844, 0.9875378976824422]]
6375429	[1, [0.015487548501705084, 0.9845124514982949]]
6378301	[1, [0.015487548501705084, 0.9845124514982949]]
7970396	[1, [0.009035142533806884, 0.9909648574661931]]
7638745	[1, [0.03797498902794405, 0.962025010972056]]
78807099	[1, [0.0217713419988409, 0.9782286580011591]]
6375532	[1, [0.024481603026775933, 0.9755183969732241]]
6378325	[1, [0.010245301160539344, 0.9897546988394607]]
5401331	[1, [0.0033821967686207266, 0.9966178032313793]]
7990221	[1, [0.0008873648437913717, 0.9991126351562086]]
6376180	[1, [0.011109538527638851, 0.9888904614723611]]
6377215	[1, [1.0641173197822873e-05, 0.9999893588268022]]
6375595	[1, [0.0005424474832171899, 0.9994575525167828]]
7970206	[1, [0.0023918129615388972, 0.9976081870384611]]
7777816	[1, [0.01409050234534237, 0.9859094976546576]]
50416764	[1, [0.0026781625786304053, 0.9973218374213696]]
18901541	[1, [0.03678917410043114, 0.9632108258995689]]
6374827	[1, [0.00013448388394154964, 0.9998655161160585]]
7970162	[1, [0.033022898036826676, 0.9669771019631733]]
98322921	[1, [0.011839717583370324, 0.9881602824166297]]
60477007	[1, [0.04622014629154181, 0.9537798537084582]]
7991672	[1, [0.04485383559539491, 0.9551461644046051]]
5691564	[1, [0.04230989631680859, 0.9576901036831914]]
5691254	[1, [0.00920098105985756, 0.9907990189401424]]
6075657	[1, [0.022358443100140457, 0.9776415568998595]]
5691142	[1, [0.014828004393736216, 0.9851719956062638]]
7991699	[1, [0.015004000677477425, 0.9849959993225226]]
27867563	[1, [0.0495330006724406, 0.9504669993275594]]
5691196	[1, [0.015983647860411954, 0.984016352139588]]
6074996	[1, [0.02912285324042685, 0.9708771467595732]]
27883091	[1, [0.0007700888361846792, 0.9992299111638153]]
6661170	[1, [0.03268194872450425, 0.9673180512754957]]
7991231	[1, [0.02425523270222052, 0.9757447672977795]]
7422084	[1, [0.00012538857540322912, 0.9998746114245968]]
9060935	[1, [0.01565047958375987, 0.9843495204162401]]
80955605	[1, [0.011928463133131118, 0.9880715368668689]]
55935387	[1, [0.001755945185381469, 0.9982440548146185]]
6074819	[1, [0.01279885107359291, 0.9872011489264071]]
79409098	[1, [0.021549216533495064, 0.9784507834665049]]
5691320	[1, [0.03830802672454625, 0.9616919732754537]]
6072074	[1, [0.012458006224388307, 0.9875419937756117]]
6074054	[1, [6.000940167005808e-08, 0.9999999399905983]]
55990165	[1, [0.047941898528437, 0.952058101471563]]
7801948	[1, [0.007231446888269266, 0.9927685531117307]]
7802156	[1, [0.013528992610777668, 0.9864710073892223]]
33827963	[1, [0.010703758720713163, 0.9892962412792868]]
7803102	[1, [0.036543952782900346, 0.9634560472170997]]
44153612	[1, [0.005575342742457412, 0.9944246572575426]]
70575604	[1, [0.014042159810976007, 0.985957840189024]]
7856149	[1, [0.008679844220159105, 0.9913201557798409]]
16118582	[1, [0.0001790846058962181, 0.9998209153941038]]
7991955	[1, [0.019386903581371406, 0.9806130964186286]]
5781575	[1, [0.00010664211329780571, 0.9998933578867022]]
5781544	[1, [0.002621793060835431, 0.9973782069391646]]
85112974	[1, [0.005836730065205797, 0.9941632699347942]]
7992877	[1, [0.03644943250901311, 0.9635505674909869]]
5781562	[1, [0.001053791313863739, 0.9989462086861363]]
48461374	[1, [0.005643712446669058, 0.9943562875533309]]
7665861	[1, [0.0021971153956519274, 0.9978028846043481]]
23881318	[1, [0.010969371862523447, 0.9890306281374766]]
7973867	[1, [0.003621503800658177, 0.9963784961993418]]
5605912	[1, [0.04770443820764936, 0.9522955617923506]]
7856601	[1, [0.02034981021894655, 0.9796501897810534]]
7973061	[1, [0.03256573836619514, 0.9674342616338049]]
5781551	[1, [0.0023274284981110727, 0.9976725715018889]]
98371646	[1, [0.04502565661557267, 0.9549743433844273]]
7341983	[1, [0.0015782295134270097, 0.998421770486573]]
7337718	[1, [0.002816523354823963, 0.997183476645176]]
9278357	[1, [0.033823175846276254, 0.9661768241537237]]
95622252	[1, [0.009394215940414674, 0.9906057840595853]]
7856279	[1, [0.04620072075896364, 0.9537992792410364]]
7291645	[1, [0.025500162826476713, 0.9744998371735233]]
5781570	[1, [0.014969787236063903, 0.9850302127639361]]
6071243	[1, [0.0020456037750279377, 0.9979543962249721]]
59251968	[1, [0.0041022705662706604, 0.9958977294337293]]
23884129	[1, [0.008626600397048101, 0.9913733996029519]]
72263078	[1, [0.03650333838734521, 0.9634966616126548]]
6278299	[1, [0.040982524147473276, 0.9590174758525267]]
9008146	[1, [0.000929772715570043, 0.99907022728443]]
7954559	[1, [0.03444395593010807, 0.9655560440698919]]
72219036	[1, [0.045157989192613934, 0.9548420108073861]]
7951687	[1, [0.0026040109946936507, 0.9973959890053063]]
9308307	[1, [0.04440074434540897, 0.955599255654591]]
7974301	[1, [0.044291981080965104, 0.9557080189190349]]
6624950	[1, [0.03153992725002064, 0.9684600727499794]]
6625141	[1, [0.007549208462012458, 0.9924507915379875]]
7954627	[1, [0.02688833174167049, 0.9731116682583295]]
5404753	[1, [0.021832508491240965, 0.978167491508759]]
7912322	[1, [0.006113513492882583, 0.9938864865071174]]
27316976	[1, [0.01120159458876513, 0.9887984054112349]]
7256990	[1, [0.04743540312953465, 0.9525645968704654]]
7256673	[1, [0.018995636557463835, 0.9810043634425362]]
77520749	[1, [0.005706503019191067, 0.9942934969808089]]
7951230	[1, [0.007708745354184865, 0.9922912546458151]]
5404743	[1, [0.004119130633376322, 0.9958808693666237]]
96508431	[1, [0.006067304152555186, 0.9939326958474448]]
5403689	[1, [0.003769339101712954, 0.996230660898287]]
86534067	[1, [0.04154696096597266, 0.9584530390340273]]
6043485	[1, [0.007218388813316823, 0.9927816111866832]]
99358196	[1, [0.025489542930754894, 0.9745104570692451]]
99333780	[1, [0.008202076597644159, 0.9917979234023558]]
5509497	[1, [0.016286838456708974, 0.983713161543291]]
7951194	[1, [0.0016904472928572778, 0.9983095527071427]]
98614004	[1, [0.00861030843663979, 0.9913896915633602]]
16145014	[1, [0.007181957367484615, 0.9928180426325154]]
7492158	[1, [0.003698454643959459, 0.9963015453560405]]
51621279	[1, [0.014085740174130001, 0.98591425982587]]
9139364	[1, [0.03144968032301787, 0.9685503196769821]]
35170613	[1, [0.006082023677318693, 0.9939179763226813]]
32782753	[1, [0.0010644561389977492, 0.9989355438610023]]
48601748	[1, [0.017726622492768906, 0.9822733775072311]]
5335200	[1, [0.026843236849588004, 0.973156763150412]]
40713414	[1, [0.0012991640147245187, 0.9987008359852755]]
7490057	[1, [0.0007771544331053315, 0.9992228455668947]]
79032687	[1, [0.04733934651346139, 0.9526606534865386]]
35176465	[1, [0.017814984857492222, 0.9821850151425078]]
39100255	[1, [0.040596031120018305, 0.9594039688799817]]
7561283	[1, [0.028347492598370994, 0.971652507401629]]
51675730	[1, [0.0023030017782140755, 0.9976969982217859]]
9309960	[1, [0.005447497428229808, 0.9945525025717702]]
6034764	[1, [0.04224495979935161, 0.9577550402006484]]
5669645	[1, [0.006280693595663744, 0.9937193064043363]]
78986982	[1, [0.02583233141651664, 0.9741676685834834]]
46754877	[1, [0.013134852475832015, 0.986865147524168]]
7722530	[1, [0.001276574564521904, 0.9987234254354781]]
5842183	[1, [0.001019070995820659, 0.9989809290041793]]
5841798	[1, [0.00489190795110539, 0.9951080920488946]]
5843621	[1, [0.04548699505950482, 0.9545130049404952]]
9310896	[1, [0.02872590404773767, 0.9712740959522623]]
6033918	[1, [0.005301224585802511, 0.9946987754141975]]
44804602	[1, [0.0006891889894028447, 0.9993108110105972]]
85118961	[1, [0.015273611202425541, 0.9847263887975745]]
13396768	[1, [0.039372842824799914, 0.9606271571752001]]
5804127	[1, [0.0031988839098252564, 0.9968011160901747]]
77888399	[1, [8.440079019833568e-05, 0.9999155992098017]]
46894397	[1, [0.008147656236730527, 0.9918523437632695]]
5804070	[1, [0.041345597510593524, 0.9586544024894065]]
94785434	[1, [0.012014887483716263, 0.9879851125162837]]
7790601	[1, [0.01030834657942159, 0.9896916534205784]]
6711482	[1, [0.02455052593038709, 0.9754494740696129]]
7003777	[1, [0.009824595086263321, 0.9901754049137367]]
7026371	[1, [0.031460316814131084, 0.9685396831858689]]
5804487	[1, [0.043347326476645076, 0.9566526735233549]]
9113982	[1, [0.0316315797129586, 0.9683684202870414]]
5805240	[1, [0.030776667761889587, 0.9692233322381104]]
22511892	[1, [0.021962707080987798, 0.9780372929190122]]
44822920	[1, [0.04108372806064575, 0.9589162719393542]]
74515318	[1, [0.02438452108663669, 0.9756154789133633]]
7021343	[1, [0.00020396826873325669, 0.9997960317312667]]
22503806	[1, [0.00948572288030336, 0.9905142771196966]]
