6906511	[1, [0.006081063253705277, 0.9939189367462947]]
6652942	[1, [0.015620697929730976, 0.984379302070269]]
6654779	[1, [0.04663730029536972, 0.9533626997046303]]
7902429	[1, [0.01226277477192761, 0.9877372252280724]]
6912176	[1, [0.04395591301262358, 0.9560440869873764]]
6675519	[1, [0.021298860298768596, 0.9787011397012314]]
6676410	[1, [0.004928024922399077, 0.9950719750776009]]
6676202	[1, [0.017073026534114577, 0.9829269734658854]]
7910931	[1, [0.037623701586060876, 0.9623762984139391]]
6899748	[1, [0.005519128622556657, 0.9944808713774433]]
5794864	[1, [0.041570107127226086, 0.9584298928727739]]
6900394	[1, [0.007545532053899073, 0.9924544679461009]]
14579731	[1, [0.03599949602322128, 0.9640005039767787]]
5542692	[1, [0.049222772668084835, 0.9507772273319152]]
5128693	[1, [0.029678810886813567, 0.9703211891131864]]
7778545	[1, [0.04422577619933288, 0.9557742238006671]]
59475297	[1, [0.04770690703221914, 0.9522930929677809]]
7995725	[1, [0.04737348328317459, 0.9526265167168254]]
7209927	[1, [0.046813494260934174, 0.9531865057390658]]
6687057	[1, [0.04354308040310739, 0.9564569195968926]]
7643577	[1, [0.04869236294344281, 0.9513076370565572]]
6523030	[1, [0.03357930777958973, 0.9664206922204103]]
7097249	[1, [0.017426880820095136, 0.9825731191799049]]
7141663	[1, [0.019894535490103227, 0.9801054645098968]]
7929367	[1, [0.04376465647379413, 0.9562353435262059]]
5562861	[1, [0.039553757055551086, 0.9604462429444489]]
7158287	[1, [0.03822059205861483, 0.9617794079413852]]
7206813	[1, [0.021298860298768596, 0.9787011397012314]]
6538952	[1, [0.010159017828707428, 0.9898409821712926]]
6692653	[1, [0.03691954291413946, 0.9630804570858605]]
73606857	[1, [0.03325135705212667, 0.9667486429478733]]
6661564	[1, [0.03265444443104881, 0.9673455555689512]]
6661483	[1, [0.03117743491723657, 0.9688225650827634]]
6445364	[1, [0.02378708183773237, 0.9762129181622676]]
7931922	[1, [0.01987116467105876, 0.9801288353289412]]
6660990	[1, [0.01723641238939877, 0.9827635876106012]]
6662025	[1, [0.04592151011850587, 0.9540784898814941]]
6660617	[1, [0.017465996617430646, 0.9825340033825694]]
6670853	[1, [0.03296195695880255, 0.9670380430411974]]
6671195	[1, [0.006501356396093394, 0.9934986436039066]]
5971405	[1, [0.038048823809356036, 0.961951176190644]]
6809560	[1, [0.028135840829656256, 0.9718641591703437]]
5602832	[1, [0.04933598097022995, 0.95066401902977]]
69247223	[1, [0.037311631783627175, 0.9626883682163728]]
7443630	[1, [0.034046337714316977, 0.965953662285683]]
7715209	[1, [0.02399826862318777, 0.9760017313768122]]
7745013	[1, [0.02993558673999397, 0.970064413260006]]
7721955	[1, [0.039078842246626055, 0.960921157753374]]
9273808	[1, [0.03632267393626887, 0.9636773260637311]]
7985592	[1, [0.029674247320265135, 0.9703257526797349]]
6879435	[1, [0.04571511380214344, 0.9542848861978566]]
7810333	[1, [0.016347178698389198, 0.9836528213016108]]
7178781	[1, [0.04036914361848165, 0.9596308563815183]]
6596108	[1, [0.02559252153535274, 0.9744074784646473]]
7952985	[1, [0.010115452941146907, 0.9898845470588531]]
5989430	[1, [0.04051451062132194, 0.9594854893786781]]
7887892	[1, [0.009673855678630772, 0.9903261443213692]]
7888551	[1, [0.0288213913097205, 0.9711786086902795]]
5769748	[1, [0.0378325429866645, 0.9621674570133355]]
6804910	[1, [0.013979101616030887, 0.9860208983839691]]
6435318	[1, [0.041273674110756775, 0.9587263258892432]]
6232916	[1, [0.03343297220136188, 0.9665670277986381]]
6435086	[1, [0.04769555510884427, 0.9523044448911557]]
7355156	[1, [0.006214693436488838, 0.9937853065635112]]
7173849	[1, [0.042040741365545475, 0.9579592586344545]]
6925451	[1, [0.00496619538775156, 0.9950338046122484]]
6969398	[1, [0.03786303328115448, 0.9621369667188455]]
7289517	[1, [0.03943832469436481, 0.9605616753056352]]
6491763	[1, [0.02092094626005403, 0.979079053739946]]
6927138	[1, [0.018558351607341983, 0.981441648392658]]
6430564	[1, [0.04200993670051645, 0.9579900632994836]]
7039690	[1, [0.01775789773010006, 0.9822421022698999]]
7845929	[1, [0.048522381243747637, 0.9514776187562524]]
7185149	[1, [0.039046722369249554, 0.9609532776307504]]
55712489	[1, [0.02571531343645972, 0.9742846865635403]]
7196702	[1, [0.021533463723641844, 0.9784665362763582]]
9001642	[1, [0.04275905857700646, 0.9572409414229935]]
6433357	[1, [0.02868763515671291, 0.9713123648432871]]
7318031	[1, [0.01326961605791277, 0.9867303839420872]]
6893642	[1, [0.0022895111437403193, 0.9977104888562597]]
6894028	[1, [0.010838492455319537, 0.9891615075446805]]
11284769	[1, [0.040102495918647785, 0.9598975040813522]]
6889934	[1, [0.022043398956031912, 0.9779566010439681]]
9243859	[1, [0.046132856305079684, 0.9538671436949203]]
6892386	[1, [0.00496619538775156, 0.9950338046122484]]
7857039	[1, [0.02517988691295714, 0.9748201130870429]]
6944321	[1, [0.04035133003247182, 0.9596486699675282]]
5523142	[1, [0.04943532300342801, 0.950564676996572]]
6666021	[1, [0.009734416670128865, 0.9902655833298711]]
6666850	[1, [0.04355956644154024, 0.9564404335584598]]
6668922	[1, [0.026894947106964273, 0.9731050528930357]]
7737609	[1, [0.04388748753012128, 0.9561125124698787]]
82267973	[1, [0.04809930727907341, 0.9519006927209266]]
5678884	[1, [0.04938032241180046, 0.9506196775881995]]
7994115	[1, [0.04016747026554213, 0.9598325297344579]]
5637680	[1, [0.01791051179472425, 0.9820894882052758]]
6153341	[1, [0.03296195695880255, 0.9670380430411974]]
6150227	[1, [0.0364699042754868, 0.9635300957245132]]
5679012	[1, [0.011193364128118999, 0.988806635871881]]
14854594	[1, [0.030557559116938693, 0.9694424408830613]]
7771659	[1, [0.0441776482181272, 0.9558223517818728]]
5788695	[1, [0.042169619278393244, 0.9578303807216068]]
7398754	[1, [0.022587920785086202, 0.9774120792149138]]
7839510	[1, [0.02638896074097763, 0.9736110392590224]]
6649183	[1, [0.04004053822234832, 0.9599594617776517]]
5959870	[1, [0.03946441305046777, 0.9605355869495322]]
6941272	[1, [0.016893586297775154, 0.9831064137022248]]
6940659	[1, [0.01475804137027803, 0.985241958629722]]
6939608	[1, [0.036903972030082444, 0.9630960279699176]]
6883746	[1, [0.009187299297559348, 0.9908127007024407]]
7974392	[1, [0.03773897159782624, 0.9622610284021738]]
6885863	[1, [0.01608757490202717, 0.9839124250979728]]
6885782	[1, [0.01385069972044528, 0.9861493002795547]]
7955103	[1, [0.014380276972411399, 0.9856197230275886]]
7136099	[1, [0.027942683586658634, 0.9720573164133414]]
35665644	[1, [0.017324863694601622, 0.9826751363053984]]
6438840	[1, [0.022073794829326587, 0.9779262051706734]]
86088668	[1, [0.0463749161894379, 0.9536250838105621]]
7063606	[1, [0.04354308040310739, 0.9564569195968926]]
7920934	[1, [0.04192856440183279, 0.9580714355981672]]
7952178	[1, [0.04744669272560842, 0.9525533072743916]]
7739036	[1, [0.01698535680803026, 0.9830146431919697]]
7272878	[1, [0.0353347532297712, 0.9646652467702288]]
5854214	[1, [0.022186010666505496, 0.9778139893334945]]
23423673	[1, [0.017392760936811635, 0.9826072390631884]]
5811461	[1, [0.014100437412249534, 0.9858995625877505]]
7950345	[1, [0.04737348328317459, 0.9526265167168254]]
6659710	[1, [0.008218576695207203, 0.9917814233047928]]
6656385	[1, [0.04721402385595508, 0.9527859761440449]]
6834186	[1, [0.027273021374865314, 0.9727269786251347]]
7934187	[1, [0.029674247320265135, 0.9703257526797349]]
7998992	[1, [0.028805015815730695, 0.9711949841842693]]
7089730	[1, [0.011154656234690918, 0.9888453437653091]]
7075905	[1, [0.03028895557977196, 0.969711044420228]]
6920413	[1, [0.04519584270394639, 0.9548041572960536]]
6919760	[1, [0.013701542626535557, 0.9862984573734644]]
7091827	[1, [0.047739037274309726, 0.9522609627256903]]
6917029	[1, [0.018199115032360158, 0.9818008849676398]]
6919480	[1, [0.03793922063880284, 0.9620607793611972]]
7887181	[1, [0.045361873264811337, 0.9546381267351887]]
9238326	[1, [0.039499094284793035, 0.960500905715207]]
5423586	[1, [0.03689887960770466, 0.9631011203922953]]
7935074	[1, [0.04388748753012128, 0.9561125124698787]]
5425135	[1, [0.03052259121016554, 0.9694774087898345]]
5813448	[1, [0.013470944691463815, 0.9865290553085362]]
88656105	[1, [0.022150469986713994, 0.977849530013286]]
7890178	[1, [0.022279845931642228, 0.9777201540683578]]
6644736	[1, [0.04533694903840291, 0.9546630509615971]]
7892075	[1, [0.01001256618548485, 0.9899874338145151]]
6623385	[1, [0.042195480593842816, 0.9578045194061572]]
49773966	[1, [0.033332002165162744, 0.9666679978348373]]
32190883	[1, [0.04126149748820973, 0.9587385025117903]]
6603732	[1, [0.0389464191914175, 0.9610535808085825]]
5568939	[1, [0.046537059671450054, 0.95346294032855]]
7024477	[1, [0.015136270477318248, 0.9848637295226818]]
7024554	[1, [0.026894947106964273, 0.9731050528930357]]
7025092	[1, [0.044702137458284885, 0.9552978625417151]]
7101708	[1, [0.01289290601085702, 0.987107093989143]]
