40192909	[1, [0.017409810922028868, 0.9825901890779711]]
20921011	[1, [0.003081654655693322, 0.9969183453443067]]
21024158	[1, [0.0010842233010820435, 0.998915776698918]]
95030578	[1, [5.6147970894593335e-05, 0.9999438520291054]]
15968303	[1, [0.03382429803394138, 0.9661757019660586]]
50082792	[1, [0.025640378349496618, 0.9743596216505034]]
18226943	[1, [0.044612329233798986, 0.955387670766201]]
70977444	[1, [0.010500913996846384, 0.9894990860031536]]
40126957	[1, [0.0074841126933712365, 0.9925158873066288]]
92939829	[1, [0.02646548750023292, 0.9735345124997671]]
57972046	[1, [0.04304863204217935, 0.9569513679578207]]
81464956	[1, [0.028955267886256242, 0.9710447321137438]]
33440264	[1, [0.006277633541613703, 0.9937223664583863]]
81492949	[1, [0.025326664531063137, 0.9746733354689369]]
86411858	[1, [0.03983608978600317, 0.9601639102139968]]
81481863	[1, [0.017409810922028868, 0.9825901890779711]]
21979668	[1, [0.04373385097682647, 0.9562661490231735]]
47990247	[1, [0.013060376872953694, 0.9869396231270463]]
32701375	[1, [0.006505762634163692, 0.9934942373658363]]
42394896	[1, [0.015593936402786945, 0.984406063597213]]
22493541	[1, [0.0237607034260664, 0.9762392965739336]]
63288381	[1, [0.043052012018954366, 0.9569479879810456]]
40924827	[1, [0.010869600517152356, 0.9891303994828476]]
74020886	[1, [0.006693302364412124, 0.9933066976355879]]
34621272	[1, [0.007428697956863628, 0.9925713020431364]]
19323761	[1, [0.0001620742959276278, 0.9998379257040724]]
17904789	[1, [0.00013519839341757933, 0.9998648016065824]]
37764538	[1, [0.007737247414682846, 0.9922627525853172]]
23251231	[1, [0.019646335212689103, 0.9803536647873109]]
12597781	[1, [0.020008331183876793, 0.9799916688161232]]
92342975	[1, [0.006612578641073452, 0.9933874213589265]]
27069318	[1, [0.019757047324255428, 0.9802429526757446]]
82010396	[1, [0.016544445624828708, 0.9834555543751713]]
87354877	[1, [0.008034146122915975, 0.991965853877084]]
92991314	[1, [0.011034393840565926, 0.9889656061594341]]
5269067	[1, [0.010518618085296971, 0.989481381914703]]
23718477	[1, [0.013721167235942633, 0.9862788327640574]]
5431809	[1, [0.039857131375544586, 0.9601428686244554]]
5430863	[1, [0.03225115988915728, 0.9677488401108427]]
17241923	[1, [0.027488519199509343, 0.9725114808004907]]
50359243	[1, [0.03618560882528943, 0.9638143911747106]]
49569046	[1, [0.005829001520163857, 0.9941709984798361]]
34340932	[1, [0.0054171659748770695, 0.9945828340251229]]
85422318	[1, [0.005341806539262195, 0.9946581934607378]]
18900786	[1, [0.01916807490437522, 0.9808319250956248]]
5397294	[1, [0.002795997541019557, 0.9972040024589804]]
30049804	[1, [0.005585217867019154, 0.9944147821329808]]
81908573	[1, [0.017451128122994652, 0.9825488718770053]]
7574196	[1, [0.009987852777615824, 0.9900121472223842]]
64269159	[1, [0.005927864233983171, 0.9940721357660168]]
5429682	[1, [0.011913582570981962, 0.988086417429018]]
13209712	[1, [0.048413751480196776, 0.9515862485198032]]
28091664	[1, [0.008421384705555757, 0.9915786152944442]]
50799407	[1, [0.0033857916601133242, 0.9966142083398867]]
13188385	[1, [0.008431709564693524, 0.9915682904353065]]
5426560	[1, [0.026513366288978935, 0.9734866337110211]]
47355835	[1, [0.03567141733241974, 0.9643285826675803]]
5428436	[1, [0.04910195327926459, 0.9508980467207354]]
37118282	[1, [0.031845217009908944, 0.9681547829900911]]
47379537	[1, [0.028779203881035498, 0.9712207961189645]]
31345570	[1, [0.04291237165844597, 0.957087628341554]]
31345719	[1, [0.02135228855026794, 0.9786477114497321]]
6364499	[1, [0.0009913542518428242, 0.9990086457481572]]
28048012	[1, [0.029533816968067228, 0.9704661830319328]]
88185375	[1, [0.004541783128101273, 0.9954582168718987]]
91951465	[1, [0.017468210225900727, 0.9825317897740993]]
14210811	[1, [0.0100995004521085, 0.9899004995478915]]
27684250	[1, [0.0034411536913959706, 0.996558846308604]]
11607255	[1, [0.04746349422038121, 0.9525365057796188]]
86838046	[1, [0.006882952811545273, 0.9931170471884547]]
12776727	[1, [0.007292708810118342, 0.9927072911898817]]
84403940	[1, [0.00608848299294773, 0.9939115170070523]]
79962053	[1, [0.0006417356354894155, 0.9993582643645106]]
53639103	[1, [0.0030654356826278484, 0.9969345643173722]]
42421978	[1, [0.004242631611262371, 0.9957573683887376]]
63122378	[1, [0.03293606689291906, 0.9670639331070809]]
23991940	[1, [0.009499475772927868, 0.9905005242270721]]
85872802	[1, [0.033985227675838336, 0.9660147723241617]]
67138466	[1, [0.030511982565910256, 0.9694880174340897]]
96852351	[1, [0.012155267102604395, 0.9878447328973956]]
17531298	[1, [0.030350438280178138, 0.9696495617198219]]
45199556	[1, [0.029073828393612278, 0.9709261716063877]]
38133893	[1, [0.024024247615251126, 0.9759757523847489]]
70637214	[1, [0.030051838520913976, 0.969948161479086]]
71088962	[1, [4.5285555880902884e-05, 0.9999547144441191]]
80260538	[1, [0.019363929895822807, 0.9806360701041772]]
38120356	[1, [0.0025195490105308638, 0.9974804509894691]]
98713057	[1, [0.03816395249191029, 0.9618360475080897]]
45919309	[1, [0.030384024694554035, 0.969615975305446]]
21216218	[1, [0.016147474214211366, 0.9838525257857886]]
75923902	[1, [2.8884284813845973e-05, 0.9999711157151862]]
40031515	[1, [0.019683813388833515, 0.9803161866111665]]
40072985	[1, [0.0114793546984715, 0.9885206453015285]]
22904563	[1, [0.048805012334637965, 0.951194987665362]]
44289241	[1, [0.013497533629807545, 0.9865024663701925]]
75675261	[1, [0.017180219373663874, 0.9828197806263361]]
89839067	[1, [0.031442305736342435, 0.9685576942636576]]
69038675	[1, [0.008078402057942524, 0.9919215979420575]]
87602863	[1, [0.002179953019584735, 0.9978200469804153]]
55690824	[1, [0.044858686849731155, 0.9551413131502688]]
49671708	[1, [0.000424679204375944, 0.9995753207956241]]
70839820	[1, [0.009345342192237038, 0.990654657807763]]
13832711	[1, [0.03429488002684811, 0.9657051199731519]]
55256718	[1, [0.010205866328701796, 0.9897941336712982]]
93973001	[1, [0.04392366804120529, 0.9560763319587947]]
79752947	[1, [0.003631629293569083, 0.9963683707064309]]
19232078	[1, [0.00755367205384605, 0.992446327946154]]
65665309	[1, [0.009499475772927868, 0.9905005242270721]]
43704488	[1, [0.008684796695963781, 0.9913152033040362]]
54107233	[1, [0.03834398421028129, 0.9616560157897187]]
21204804	[1, [0.03739337721623892, 0.9626066227837611]]
78412030	[1, [0.005693986462878997, 0.994306013537121]]
41525241	[1, [0.002919598932391687, 0.9970804010676083]]
67054360	[1, [0.046108360764183676, 0.9538916392358163]]
46437809	[1, [0.0001421500647594831, 0.9998578499352405]]
6113181	[1, [0.03939905756309725, 0.9606009424369027]]
11762137	[1, [0.023441485335642054, 0.976558514664358]]
45115845	[1, [0.00010865647169389092, 0.9998913435283061]]
6113683	[1, [0.002069019382899162, 0.9979309806171008]]
71914885	[1, [0.018814202064809105, 0.9811857979351909]]
91052949	[1, [0.03405849949082118, 0.9659415005091788]]
89267091	[1, [0.0030688746010593126, 0.9969311253989407]]
34870864	[1, [0.027839278942023093, 0.9721607210579769]]
30357934	[1, [0.049694885377213116, 0.9503051146227869]]
95212768	[1, [0.018924832462464236, 0.9810751675375358]]
55365023	[1, [0.0401291529646608, 0.9598708470353392]]
32844662	[1, [0.034497011746629225, 0.9655029882533708]]
55405239	[1, [0.03861482562680385, 0.9613851743731961]]
30371002	[1, [0.047354656974468945, 0.952645343025531]]
95844985	[1, [0.04488344663090116, 0.9551165533690988]]
92095552	[1, [0.005797300898872315, 0.9942026991011277]]
11353721	[1, [0.016049985713744608, 0.9839500142862554]]
61717847	[1, [0.010347895240895522, 0.9896521047591045]]
7477539	[1, [0.03722442785543745, 0.9627755721445626]]
14947228	[1, [0.006181863093694062, 0.9938181369063059]]
11169337	[1, [0.04657068186352742, 0.9534293181364726]]
19449233	[1, [0.02866985722215376, 0.9713301427778462]]
58175059	[1, [0.021669725215861413, 0.9783302747841386]]
89632444	[1, [0.033586734791314465, 0.9664132652086855]]
29655496	[1, [0.0024697996098679287, 0.9975302003901321]]
51763881	[1, [0.026609615200350545, 0.9733903847996495]]
72732311	[1, [0.005799722869597956, 0.994200277130402]]
7479524	[1, [0.01178163155887757, 0.9882183684411224]]
50664837	[1, [0.042501434760414125, 0.9574985652395859]]
42808892	[1, [0.013104573449093104, 0.9868954265509069]]
45567717	[1, [0.023258219166473526, 0.9767417808335265]]
5748585	[1, [0.04611871120375377, 0.9538812887962462]]
13458304	[1, [0.0006733342596976222, 0.9993266657403024]]
68745839	[1, [0.0366202406677788, 0.9633797593322212]]
81144564	[1, [0.02492923455240692, 0.9750707654475931]]
81148898	[1, [0.030436853416680898, 0.9695631465833191]]
61944601	[1, [0.03321559475216418, 0.9667844052478358]]
79306973	[1, [0.012224546120475743, 0.9877754538795243]]
49806279	[1, [0.01895329737451179, 0.9810467026254882]]
35446547	[1, [0.0457585290997119, 0.9542414709002881]]
77634514	[1, [0.0009416367905414891, 0.9990583632094585]]
11549967	[1, [0.015493856299336861, 0.9845061437006631]]
35462539	[1, [7.082612777487007e-05, 0.9999291738722251]]
97593594	[1, [0.017566782549776283, 0.9824332174502237]]
91652348	[1, [0.013303061273843064, 0.9866969387261569]]
49272520	[1, [0.001843120059079717, 0.9981568799409203]]
25349701	[1, [0.005950470292206189, 0.9940495297077938]]
78285336	[1, [0.042406894828261654, 0.9575931051717383]]
64998370	[1, [0.026718628669736066, 0.9732813713302639]]
39922772	[1, [0.015323938245758617, 0.9846760617542414]]
88545537	[1, [0.0007537090611093866, 0.9992462909388906]]
39890192	[1, [0.005246751529177307, 0.9947532484708227]]
27405637	[1, [0.0029060882804989863, 0.997093911719501]]
64000630	[1, [0.01969538811152194, 0.9803046118884781]]
94150436	[1, [0.015694798023966783, 0.9843052019760332]]
52550509	[1, [0.01136839117096422, 0.9886316088290358]]
94899400	[1, [0.01685270455923782, 0.9831472954407622]]
52105153	[1, [0.015899618928870374, 0.9841003810711296]]
44217431	[1, [0.0074841126933712365, 0.9925158873066288]]
86985506	[1, [0.026612811887249732, 0.9733871881127503]]
95039574	[1, [0.01004003925073893, 0.9899599607492611]]
35876254	[1, [8.243850572442479e-05, 0.9999175614942756]]
44028905	[1, [0.027252136233000712, 0.9727478637669993]]
35960631	[1, [0.033092889179310525, 0.9669071108206895]]
64043715	[1, [0.041007145996958316, 0.9589928540030417]]
90816291	[1, [0.012473037431842804, 0.9875269625681572]]
6334522	[1, [0.021287030186952882, 0.9787129698130471]]
84819117	[1, [0.0001652526243930419, 0.999834747375607]]
93103782	[1, [0.006116704808135087, 0.9938832951918649]]
64032772	[1, [0.01170926691036478, 0.9882907330896352]]
54194191	[1, [0.037014693219031836, 0.9629853067809682]]
54214700	[1, [0.00021811899520640665, 0.9997818810047936]]
12845793	[1, [0.0027318519376388073, 0.9972681480623612]]
60327990	[1, [0.028407295296571045, 0.971592704703429]]
33117792	[1, [0.033586734791314465, 0.9664132652086855]]
45497159	[1, [0.010537938097882726, 0.9894620619021173]]
44505776	[1, [0.012192792016889387, 0.9878072079831106]]
45623327	[1, [0.010211104912821845, 0.9897888950871782]]
33129872	[1, [0.010463953023338579, 0.9895360469766614]]
71870175	[1, [0.024837687629292615, 0.9751623123707074]]
5259381	[1, [0.002545945328971344, 0.9974540546710287]]
46739485	[1, [0.02010098069797739, 0.9798990193020226]]
66198464	[1, [0.009359472636705224, 0.9906405273632948]]
24252636	[1, [0.03831559539023577, 0.9616844046097642]]
80979038	[1, [0.016658574239527213, 0.9833414257604728]]
39965156	[1, [0.02396767537253619, 0.9760323246274638]]
73584865	[1, [0.00916912287933458, 0.9908308771206654]]
5353261	[1, [0.019508458435790743, 0.9804915415642093]]
59550942	[1, [0.007387266522973057, 0.9926127334770269]]
39800666	[1, [0.026718628669736066, 0.9732813713302639]]
5255607	[1, [0.024065470139254752, 0.9759345298607452]]
75207081	[1, [0.019601026973166125, 0.9803989730268339]]
46308088	[1, [0.00806138798390399, 0.991938612016096]]
7346685	[1, [0.03165633314867955, 0.9683436668513205]]
22127108	[1, [0.037068466432656266, 0.9629315335673437]]
19288713	[1, [5.591415465511229e-05, 0.9999440858453449]]
41971297	[1, [0.004031581906159598, 0.9959684180938404]]
5266870	[1, [0.009794424404663937, 0.9902055755953361]]
22080360	[1, [0.009578456283316106, 0.9904215437166839]]
22166468	[1, [0.0267203877328529, 0.9732796122671471]]
70148967	[1, [0.015131611164200587, 0.9848683888357994]]
13771619	[1, [0.030253203997040123, 0.9697467960029599]]
73396255	[1, [0.009486896630507058, 0.9905131033694929]]
73344701	[1, [0.014349778504432198, 0.9856502214955678]]
22127482	[1, [0.0320295306982501, 0.9679704693017499]]
32640393	[1, [0.017379708504182134, 0.9826202914958179]]
65741512	[1, [0.033491205747606, 0.966508794252394]]
25431534	[1, [0.043446435812878215, 0.9565535641871218]]
25451284	[1, [0.004131504163337962, 0.995868495836662]]
93565216	[1, [0.011764110046306953, 0.988235889953693]]
75440832	[1, [0.01928608722325187, 0.9807139127767481]]
41898049	[1, [0.012583779652067362, 0.9874162203479326]]
32515039	[1, [0.016876598043513158, 0.9831234019564868]]
42631627	[1, [0.022162006753517316, 0.9778379932464827]]
96344589	[1, [0.01604431153082897, 0.983955688469171]]
96357447	[1, [0.0027461749390028656, 0.9972538250609971]]
87461078	[1, [0.020559789671180106, 0.9794402103288199]]
88052251	[1, [0.0006559308727009938, 0.999344069127299]]
15245653	[1, [0.04865860984173043, 0.9513413901582696]]
5925751	[1, [0.0035958760776412246, 0.9964041239223588]]
14837814	[1, [0.041661777498943064, 0.9583382225010569]]
14828590	[1, [0.0035317984486454845, 0.9964682015513545]]
87458830	[1, [0.012351832315322775, 0.9876481676846772]]
35613200	[1, [0.011162726854880067, 0.9888372731451199]]
16297271	[1, [0.01598594278106591, 0.9840140572189341]]
65554851	[1, [0.008966632727236301, 0.9910333672727637]]
62857723	[1, [0.008859450874500907, 0.9911405491254991]]
58104283	[1, [0.0010350365974660658, 0.9989649634025339]]
81633760	[1, [0.027524130023326987, 0.972475869976673]]
29071607	[1, [0.01777240328455132, 0.9822275967154487]]
74573530	[1, [0.019969727210210175, 0.9800302727897898]]
52243620	[1, [0.0438123281357643, 0.9561876718642357]]
48254177	[1, [0.019544825879621697, 0.9804551741203783]]
48236522	[1, [0.009042794422872591, 0.9909572055771274]]
12946496	[1, [0.018814202064809105, 0.9811857979351909]]
6098811	[1, [0.011308321952415379, 0.9886916780475846]]
12963671	[1, [0.004439957281978768, 0.9955600427180212]]
23351529	[1, [0.04529260878494812, 0.9547073912150519]]
96779446	[1, [0.004159894957797006, 0.995840105042203]]
85620057	[1, [0.037597180023956955, 0.962402819976043]]
23341433	[1, [0.018814202064809105, 0.9811857979351909]]
40267173	[1, [0.002276662684719488, 0.9977233373152805]]
14088970	[1, [0.04646785744901327, 0.9535321425509867]]
97545174	[1, [1.8018612906844922e-05, 0.9999819813870932]]
62367144	[1, [0.010188889063205142, 0.9898111109367949]]
60608144	[1, [0.003730394916200752, 0.9962696050837992]]
93785550	[1, [0.029291681447965456, 0.9707083185520345]]
60149122	[1, [0.0034411536913959706, 0.996558846308604]]
82941472	[1, [0.01279354154195389, 0.9872064584580461]]
98511059	[1, [0.03894757458381726, 0.9610524254161827]]
81319771	[1, [0.033092889179310525, 0.9669071108206895]]
97879753	[1, [0.040935513425025105, 0.9590644865749749]]
35347440	[1, [0.030436853416680898, 0.9695631465833191]]
68092512	[1, [0.03502689037247475, 0.9649731096275252]]
38281677	[1, [0.023497414716498244, 0.9765025852835018]]
81363203	[1, [0.03396286155697836, 0.9660371384430216]]
28743961	[1, [0.042501434760414125, 0.9574985652395859]]
99744273	[1, [0.007708060693285224, 0.9922919393067148]]
77132835	[1, [0.0015738089789990584, 0.9984261910210009]]
24067794	[1, [0.002090959146452298, 0.9979090408535477]]
28796638	[1, [0.004059471104725043, 0.995940528895275]]
86062962	[1, [0.00023521747434518403, 0.9997647825256548]]
68527554	[1, [0.012328044236109337, 0.9876719557638907]]
10945818	[1, [0.00998844225112061, 0.9900115577488794]]
92669802	[1, [0.0012610491204051444, 0.9987389508795949]]
30172745	[1, [0.0014941284356263518, 0.9985058715643736]]
75294531	[1, [0.017810272292298923, 0.9821897277077011]]
5185206	[1, [0.001387448533792024, 0.998612551466208]]
75302955	[1, [0.006181863093694062, 0.9938181369063059]]
49351100	[1, [0.023721267927416356, 0.9762787320725836]]
92708627	[1, [0.01636495463881882, 0.9836350453611812]]
99569044	[1, [0.046168324104531644, 0.9538316758954684]]
49998981	[1, [0.045833022002700785, 0.9541669779972992]]
89411252	[1, [0.025640378349496618, 0.9743596216505034]]
5930379	[1, [0.006996341315929855, 0.9930036586840701]]
19902759	[1, [0.005208165329262604, 0.9947918346707374]]
29837265	[1, [0.03834398421028129, 0.9616560157897187]]
76854113	[1, [0.02119767257960148, 0.9788023274203985]]
61248346	[1, [0.006466985982202855, 0.9935330140177971]]
96936153	[1, [0.03502689037247475, 0.9649731096275252]]
31474923	[1, [0.03164108737703719, 0.9683589126229628]]
44956734	[1, [0.023650987749814334, 0.9763490122501857]]
57286652	[1, [0.03626321747364181, 0.9637367825263582]]
36738417	[1, [0.016522947419432943, 0.9834770525805671]]
50303662	[1, [0.009023725878788524, 0.9909762741212115]]
83661696	[1, [0.036613162988084036, 0.963386837011916]]
63048348	[1, [0.01339873300726624, 0.9866012669927338]]
88265113	[1, [0.04103844573126214, 0.9589615542687379]]
80655203	[1, [0.02778229712731073, 0.9722177028726893]]
82712836	[1, [0.02010098069797739, 0.9798990193020226]]
52010715	[1, [0.04384087164996009, 0.9561591283500399]]
48460053	[1, [0.005320277492580905, 0.9946797225074191]]
95631522	[1, [0.043844641262833495, 0.9561553587371665]]
38738366	[1, [0.038022462512171784, 0.9619775374878282]]
29909403	[1, [0.012321097061569475, 0.9876789029384305]]
80642543	[1, [0.0100995004521085, 0.9899004995478915]]
70594974	[1, [0.007476645547806915, 0.9925233544521931]]
47211860	[1, [0.005125756975640217, 0.9948742430243598]]
44128808	[1, [0.014487015631973077, 0.9855129843680269]]
44154359	[1, [0.013595141212925044, 0.986404858787075]]
29849292	[1, [0.037908553232281705, 0.9620914467677183]]
31853188	[1, [0.007292708810118342, 0.9927072911898817]]
47114082	[1, [0.038881212530435416, 0.9611187874695646]]
52594051	[1, [0.007746786390252169, 0.9922532136097478]]
78823562	[1, [0.04261457052950357, 0.9573854294704964]]
33221196	[1, [0.005827193460651525, 0.9941728065393485]]
57058686	[1, [0.0038791164214636575, 0.9961208835785363]]
22066980	[1, [0.009412505935678772, 0.9905874940643212]]
40699514	[1, [0.023983341373192912, 0.9760166586268071]]
22066747	[1, [0.01562833845775835, 0.9843716615422416]]
20336749	[1, [0.04111353105555127, 0.9588864689444487]]
77614009	[1, [0.039712408584898884, 0.9602875914151011]]
7993689	[1, [0.03944568706384788, 0.9605543129361521]]
30424561	[1, [0.031343192497588546, 0.9686568075024115]]
5424961	[1, [0.0076565229270609825, 0.992343477072939]]
30422313	[1, [0.04942647947668777, 0.9505735205233122]]
54007939	[1, [0.016876598043513158, 0.9831234019564868]]
27325077	[1, [0.03082297632889841, 0.9691770236711016]]
89722920	[1, [0.03608023638433566, 0.9639197636156643]]
72238903	[1, [0.003786501004650278, 0.9962134989953497]]
5671998	[1, [0.01984551122721323, 0.9801544887727868]]
46874673	[1, [0.02437977121791024, 0.9756202287820898]]
48342984	[1, [0.015881248276456872, 0.9841187517235431]]
63653417	[1, [0.01638026124328329, 0.9836197387567167]]
76734980	[1, [0.046101418504785885, 0.9538985814952141]]
50831565	[1, [0.01819004545200309, 0.9818099545479969]]
54487377	[1, [0.03708671136229502, 0.962913288637705]]
76444284	[1, [0.0015400408792969333, 0.9984599591207031]]
95403948	[1, [0.02919135021012853, 0.9708086497898715]]
24345802	[1, [0.005799138771342971, 0.994200861228657]]
91151553	[1, [0.005330901130805588, 0.9946690988691944]]
21380172	[1, [0.026812265172828864, 0.9731877348271711]]
41798308	[1, [0.026651003004899643, 0.9733489969951004]]
86105384	[1, [0.007292708810118342, 0.9927072911898817]]
30660478	[1, [0.04293681312623121, 0.9570631868737688]]
51950780	[1, [0.039368578439826996, 0.960631421560173]]
31070086	[1, [0.0009447894865961537, 0.9990552105134038]]
31017698	[1, [0.015131634158790819, 0.9848683658412092]]
94376328	[1, [0.011212349407277, 0.988787650592723]]
71444230	[1, [0.003307501964670667, 0.9966924980353293]]
91731132	[1, [0.025336232455979713, 0.9746637675440203]]
72067693	[1, [0.014065177441679566, 0.9859348225583204]]
36827670	[1, [0.03289112697677754, 0.9671088730232225]]
13579234	[1, [0.004933209853413167, 0.9950667901465868]]
85235051	[1, [0.04310199055667363, 0.9568980094433264]]
