7009021	[1, [0.0010892476590963485, 0.99891075234090365]]
9155446	[1, [0.0014044401115127503, 0.99859555988848725]]
9155652	[1, [0.00034678201809457132, 0.99965321798190543]]
7925615	[1, [0.0275849026074384, 0.9724150973925616]]
9156764	[1, [0.046659556499415555, 0.95334044350058444]]
7007935	[1, [0.00064483762576938997, 0.99935516237423061]]
9155976	[1, [0.0019325109222435577, 0.99806748907775644]]
9156608	[1, [0.024733174425241145, 0.97526682557475886]]
9157044	[1, [0.012751572345545692, 0.98724842765445431]]
9155174	[1, [0.013428506713160315, 0.98657149328683968]]
9005218	[1, [0.014759881696324806, 0.98524011830367519]]
23230942	[1, [0.0012473680265625564, 0.99875263197343744]]
7608729	[1, [0.00033356376110993402, 0.99966643623889007]]
6002226	[1, [0.01949949462020284, 0.98050050537979716]]
15587470	[1, [0.0067544738219579292, 0.99324552617804207]]
97246264	[1, [0.049960927341584749, 0.95003907265841525]]
5630128	[1, [0.00025538325634089087, 0.99974461674365911]]
7608423	[1, [0.002954739270849438, 0.99704526072915056]]
7651530	[1, [0.04812576775104227, 0.95187423224895773]]
7904540	[1, [0.0038874790862236663, 0.99611252091377633]]
6916736	[1, [0.030471725296317698, 0.9695282747036823]]
9003337	[1, [0.032252493762975121, 0.96774750623702488]]
7863183	[1, [0.015459568825550551, 0.98454043117444945]]
5488116	[1, [0.013089703002508557, 0.98691029699749144]]
9076209	[1, [0.044574173149959484, 0.95542582685004052]]
7584424	[1, [0.00075598239163809922, 0.9992440176083619]]
6963524	[1, [0.0045282289544312793, 0.99547177104556872]]
5475708	[1, [0.00027547236600167224, 0.99972452763399833]]
7583466	[1, [0.00030839733206278197, 0.99969160266793722]]
5861725	[1, [0.0047037715057249851, 0.99529622849427501]]
7583241	[1, [0.0012537447166021121, 0.99874625528339789]]
6104275	[1, [0.0014832973663514437, 0.99851670263364856]]
80306140	[1, [0.0038133884639773852, 0.99618661153602261]]
6102393	[1, [0.0017195248126699036, 0.9982804751873301]]
5879278	[1, [0.033046822274969467, 0.96695317772503053]]
5877970	[1, [0.033046822274969467, 0.96695317772503053]]
98684231	[1, [0.021502941932880826, 0.97849705806711917]]
16668028	[1, [0.040315501451289704, 0.9596844985487103]]
16403016	[1, [0.0027355783326047378, 0.99726442166739526]]
7965370	[1, [0.0036633689623026822, 0.99633663103769732]]
91234998	[1, [0.0037508612649369555, 0.99624913873506304]]
29696490	[1, [0.022413151578660417, 0.97758684842133958]]
6054853	[1, [0.0015208625787427321, 0.99847913742125727]]
9075047	[1, [0.027484620396619808, 0.97251537960338019]]
9136400	[1, [6.0092386555909982e-05, 0.99993990761344409]]
7322594	[1, [0.0099220990017143684, 0.99007790099828563]]
7940768	[1, [0.045501179527220437, 0.95449882047277956]]
7965458	[1, [0.033907138837143136, 0.96609286116285686]]
83459675	[1, [0.018681827748367352, 0.98131817225163265]]
9228757	[1, [0.0076752501367445269, 0.99232474986325547]]
7942570	[1, [0.012940292135068421, 0.98705970786493158]]
9081174	[1, [0.011753275979189848, 0.98824672402081015]]
5214086	[1, [0.00051327883437291, 0.99948672116562709]]
6047601	[1, [0.02782234968651065, 0.97217765031348935]]
9229325	[1, [0.002140514975341401, 0.9978594850246586]]
6047828	[1, [0.040083236342605577, 0.95991676365739442]]
6482521	[1, [0.0098693606544659751, 0.99013063934553402]]
66045771	[1, [0.01184631143889403, 0.98815368856110597]]
25248005	[1, [0.0052146866528105518, 0.99478531334718945]]
39563937	[1, [0.030079272874329765, 0.96992072712567023]]
5309316	[1, [0.00057583707253361371, 0.99942416292746639]]
7815549	[1, [0.047356436227782184, 0.95264356377221782]]
5960127	[1, [0.020954666690095491, 0.97904533330990451]]
5308840	[1, [8.6689638162384952e-06, 0.99999133103618376]]
24215816	[1, [0.021853871996934782, 0.97814612800306522]]
6635188	[1, [0.00081357915093793753, 0.99918642084906206]]
14712781	[1, [0.006925351536556601, 0.9930746484634434]]
5311775	[1, [0.014686669607131941, 0.98531333039286806]]
7398295	[1, [0.01415057420306598, 0.98584942579693402]]
20172506	[1, [0.0090268885819330125, 0.99097311141806699]]
34212305	[1, [0.010917601254830545, 0.98908239874516946]]
9142905	[1, [0.0066148036894589923, 0.99338519631054101]]
7759216	[1, [0.0010686320062681665, 0.99893136799373183]]
87391149	[1, [0.0026125849630959097, 0.99738741503690409]]
21309591	[1, [0.031027455227439438, 0.96897254477256056]]
6619297	[1, [0.0481447427293068, 0.9518552572706932]]
72611379	[1, [0.010916765769037329, 0.98908323423096267]]
16915472	[1, [0.0014956425079575286, 0.99850435749204247]]
7950346	[1, [0.00058046176832182717, 0.99941953823167817]]
30626217	[1, [0.00073017632055449866, 0.9992698236794455]]
70039929	[1, [0.0071413116452575531, 0.99285868835474245]]
5713638	[1, [0.016045756691244306, 0.98395424330875569]]
9103293	[1, [0.021457068585288619, 0.97854293141471138]]
7053852	[1, [0.04615025368409309, 0.95384974631590691]]
5808747	[1, [0.042488754683216556, 0.95751124531678344]]
5101023	[1, [0.010605812444149931, 0.98939418755585007]]
7614014	[1, [0.0002060182999142901, 0.99979398170008571]]
6892261	[1, [0.00093902749098162541, 0.99906097250901837]]
9121567	[1, [0.028886509207189603, 0.9711134907928104]]
5100778	[1, [0.043743774649723122, 0.95625622535027688]]
7612013	[1, [0.0005238582909913303, 0.99947614170900867]]
6371691	[1, [0.012183866817313427, 0.98781613318268657]]
5100053	[1, [0.00040456385227616298, 0.99959543614772384]]
7684456	[1, [2.5824729830814519e-05, 0.99997417527016919]]
7965755	[1, [0.00032040084145168457, 0.99967959915854832]]
5101032	[1, [0.010743706630389038, 0.98925629336961096]]
7591718	[1, [0.00036371184881589524, 0.9996362881511841]]
6372150	[1, [0.00071181341863602032, 0.99928818658136398]]
52275248	[1, [0.0014561440727097752, 0.99854385592729022]]
5101025	[1, [0.00087010803763842848, 0.99912989196236157]]
9128394	[1, [0.0010929154596115431, 0.99890708454038846]]
5101030	[1, [0.00075057739473005647, 0.99924942260526994]]
6373421	[1, [0.02674027728432804, 0.97325972271567196]]
9239264	[1, [0.022118096128731168, 0.97788190387126883]]
66794826	[1, [0.0026099201601204047, 0.9973900798398796]]
7936638	[1, [0.036980513004579052, 0.96301948699542095]]
6994113	[1, [0.041192344674357617, 0.95880765532564238]]
65333921	[1, [0.0037073557606454033, 0.9962926442393546]]
9239731	[1, [0.00072099917453150031, 0.9992790008254685]]
6620736	[1, [0.021470153620961052, 0.97852984637903895]]
9274093	[1, [0.006602059951114736, 0.99339794004888526]]
9274417	[1, [0.0009282610020041604, 0.99907173899799584]]
6240864	[1, [0.019035724810703258, 0.98096427518929674]]
9030897	[1, [0.0022104797646288477, 0.99778952023537115]]
5231334	[1, [0.0018031719779035837, 0.99819682802209642]]
6113431	[1, [0.027937886274926882, 0.97206211372507312]]
61305384	[1, [0.020329923060126931, 0.97967007693987307]]
7925836	[1, [0.017537683813380833, 0.98246231618661917]]
78424140	[1, [0.0014746623985806284, 0.99852533760141937]]
9346079	[1, [0.045156223849504795, 0.9548437761504952]]
83212912	[1, [0.047567562886725701, 0.9524324371132743]]
9129957	[1, [0.0004838542397982426, 0.99951614576020176]]
9141946	[1, [0.00027400977595992693, 0.99972599022404007]]
9141484	[1, [0.018599442502109209, 0.98140055749789079]]
7580876	[1, [7.6189323109376872e-06, 0.99999238106768906]]
11070407	[1, [0.031540014829536611, 0.96845998517046339]]
9129623	[1, [0.00018943524848136217, 0.99981056475151864]]
6431970	[1, [0.0025334729423109881, 0.99746652705768901]]
7998156	[1, [0.014220005821917403, 0.9857799941780826]]
16573306	[1, [0.0016843297977019445, 0.99831567020229806]]
61012603	[1, [0.012731554251369293, 0.98726844574863071]]
7998513	[1, [0.039051781246057571, 0.96094821875394243]]
9262831	[1, [0.0042082129858472817, 0.99579178701415272]]
5482377	[1, [0.0041144179206603626, 0.99588558207933964]]
6978287	[1, [0.0069895741771430764, 0.99301042582285692]]
7013179	[1, [0.00058021612867520389, 0.9994197838713248]]
7879094	[1, [0.0041613949612012702, 0.99583860503879873]]
5480476	[1, [0.035283411741027892, 0.96471658825897211]]
9000934	[1, [0.0066844043686565824, 0.99331559563134342]]
6238175	[1, [0.028761426870829498, 0.9712385731291705]]
9033402	[1, [0.0097748335257274999, 0.9902251664742725]]
5664904	[1, [0.044124323650097108, 0.95587567634990289]]
7961077	[1, [0.0015307154035423265, 0.99846928459645767]]
6238065	[1, [0.037764466503993344, 0.96223553349600666]]
6238592	[1, [0.024824669318039061, 0.97517533068196094]]
6203382	[1, [0.049098515985795621, 0.95090148401420438]]
6333148	[1, [0.013845727646006001, 0.986154272353994]]
7371419	[1, [0.038340443938217561, 0.96165955606178244]]
7705569	[1, [0.0086795460322673934, 0.99132045396773261]]
45228746	[1, [0.0090232641697843841, 0.99097673583021562]]
73723315	[1, [0.0034340149066793835, 0.99656598509332062]]
9147578	[1, [0.00034678201809457132, 0.99965321798190543]]
9117637	[1, [9.198657235520713e-05, 0.99990801342764479]]
5790519	[1, [0.018883744534517022, 0.98111625546548298]]
9117613	[1, [0.0077190216892318864, 0.99228097831076811]]
9117814	[1, [8.7880609056179004e-05, 0.99991211939094382]]
6938856	[1, [0.018714406224909608, 0.98128559377509039]]
9151930	[1, [0.033276227874848296, 0.9667237721251517]]
6873787	[1, [0.012661336712941562, 0.98733866328705844]]
60405307	[1, [0.015665466056378863, 0.98433453394362114]]
5792099	[1, [0.03981859144966704, 0.96018140855033296]]
5964091	[1, [0.03079380702302259, 0.96920619297697741]]
9151118	[1, [0.0039271349210753259, 0.99607286507892467]]
5827353	[1, [0.022181538120389477, 0.97781846187961052]]
9151245	[1, [0.045774364770823528, 0.95422563522917647]]
9017103	[1, [0.038498831050857274, 0.96150116894914273]]
40600648	[1, [0.0073999713829944191, 0.99260002861700558]]
9016651	[1, [0.0017351942579455493, 0.99826480574205445]]
9283722	[1, [0.048507915015558734, 0.95149208498444127]]
7959919	[1, [0.00035512236366974648, 0.99964487763633025]]
87052776	[1, [0.0010721699582278976, 0.9989278300417721]]
9242077	[1, [0.032065621951740675, 0.96793437804825933]]
6377816	[1, [0.00073043290939178718, 0.99926956709060821]]
60642288	[1, [0.0080100416880662939, 0.99198995831193371]]
90424196	[1, [0.0028542113408126513, 0.99714578865918735]]
5190620	[1, [0.0036807276732152561, 0.99631927232678474]]
6376283	[1, [0.0006309026618067648, 0.99936909733819324]]
7573910	[1, [0.00018605323597942203, 0.99981394676402058]]
90418132	[1, [0.0038748841943518908, 0.99612511580564811]]
6375479	[1, [0.0021871596752114364, 0.99781284032478856]]
7167303	[1, [0.00035197376868056907, 0.99964802623131943]]
18253152	[1, [0.019359295867613091, 0.98064070413238691]]
6377494	[1, [0.0071162142794815031, 0.9928837857205185]]
6376336	[1, [0.0017271686909260398, 0.99827283130907396]]
7171184	[1, [0.0006205918905486385, 0.99937940810945136]]
6374697	[1, [0.0005532513981912901, 0.99944674860180871]]
64280041	[1, [0.00073017632055449866, 0.9992698236794455]]
9241700	[1, [0.011499882497984282, 0.98850011750201572]]
9242334	[1, [0.0010389982399946485, 0.99896100176000535]]
7573442	[1, [0.00029512452808722056, 0.99970487547191278]]
81926905	[1, [0.023954271988837261, 0.97604572801116274]]
57153651	[1, [0.029082917395060193, 0.97091708260493981]]
6867653	[1, [0.010917520253015622, 0.98908247974698438]]
7201587	[1, [0.0028476042961133041, 0.9971523957038867]]
55729119	[1, [0.0032697741942779857, 0.99673022580572201]]
9266885	[1, [0.00078391430667779094, 0.99921608569332221]]
70814790	[1, [0.028831630599284508, 0.97116836940071549]]
55670279	[1, [0.0062223020964278231, 0.99377769790357218]]
13880574	[1, [0.035936835269608225, 0.96406316473039178]]
7199528	[1, [0.022977872049999459, 0.97702212795000054]]
7702995	[1, [6.841282074177002e-06, 0.99999315871792582]]
5222545	[1, [0.021955105207150383, 0.97804489479284962]]
7704267	[1, [9.6430583748086107e-06, 0.99999035694162519]]
7700834	[1, [0.030859914229615759, 0.96914008577038424]]
9025382	[1, [0.010978227113483729, 0.98902177288651627]]
26237785	[1, [0.0028542113408126513, 0.99714578865918735]]
49136326	[1, [0.012577965480890407, 0.98742203451910959]]
7982546	[1, [9.6448928987635796e-05, 0.99990355107101236]]
5656211	[1, [0.018444843152394141, 0.98155515684760586]]
7723550	[1, [0.0074486851853169389, 0.99255131481468306]]
7704083	[1, [2.9931369674995878e-06, 0.9999970068630325]]
7193486	[1, [0.00043307166954598131, 0.99956692833045402]]
26250187	[1, [0.00085372703058128607, 0.99914627296941871]]
7963432	[1, [0.013948764678086145, 0.98605123532191385]]
7357313	[1, [0.026682107508148034, 0.97331789249185197]]
9134527	[1, [0.024194767836262621, 0.97580523216373738]]
6492648	[1, [0.0065930559257225685, 0.99340694407427743]]
7652726	[1, [0.0023159858805302802, 0.99768401411946972]]
6968262	[1, [0.013202546229255985, 0.98679745377074402]]
9248375	[1, [0.031066699586771218, 0.96893330041322878]]
7963300	[1, [0.018111466067002202, 0.9818885339329978]]
9251838	[1, [0.0011246103639646066, 0.99887538963603539]]
9248578	[1, [0.013046460103485868, 0.98695353989651413]]
6488723	[1, [0.010758672707209982, 0.98924132729279002]]
9248867	[1, [0.0044564909085605953, 0.9955435090914394]]
9250722	[1, [0.035585011391601862, 0.96441498860839814]]
9249002	[1, [0.023198103228313616, 0.97680189677168638]]
9134818	[1, [0.00061093017407387595, 0.99938906982592612]]
7358164	[1, [0.027177057384966563, 0.97282294261503344]]
27159754	[1, [0.03549426599202854, 0.96450573400797146]]
64996668	[1, [0.041941036051911462, 0.95805896394808854]]
27418181	[1, [0.033710971833546655, 0.96628902816645335]]
14262808	[1, [0.021858476778221725, 0.97814152322177828]]
9009072	[1, [0.030535334344359621, 0.96946466565564038]]
49254446	[1, [0.0017134713168225346, 0.99828652868317747]]
5106886	[1, [0.037828425175607139, 0.96217157482439286]]
65430940	[1, [0.030583009844697417, 0.96941699015530258]]
9143616	[1, [0.0023759491204656813, 0.99762405087953432]]
29320254	[1, [0.00087136900245632365, 0.99912863099754368]]
5648248	[1, [0.049413466184359045, 0.95058653381564095]]
6239651	[1, [0.0066756695494927243, 0.99332433045050728]]
60093912	[1, [0.036895049293763083, 0.96310495070623692]]
60032139	[1, [0.0019952659941834261, 0.99800473400581657]]
9158217	[1, [0.010393898342312635, 0.98960610165768736]]
5732366	[1, [0.0061947279211659323, 0.99380527207883407]]
9157581	[1, [0.0010280545814910225, 0.99897194541850898]]
9002111	[1, [0.040159375147814314, 0.95984062485218569]]
48010566	[1, [0.0049586918032636929, 0.99504130819673631]]
27874579	[1, [0.0015528929126631397, 0.99844710708733686]]
97143665	[1, [0.025423403187755489, 0.97457659681224451]]
45403743	[1, [0.0017451808107603606, 0.99825481918923964]]
45388031	[1, [0.0046313075562526285, 0.99536869244374737]]
9219664	[1, [0.00041189042356293282, 0.99958810957643707]]
9225065	[1, [0.023240977892118986, 0.97675902210788101]]
19579492	[1, [0.046162964527990513, 0.95383703547200949]]
7424118	[1, [0.01415057420306598, 0.98584942579693402]]
9218887	[1, [0.023747598327365615, 0.97625240167263438]]
94114982	[1, [0.0032280382582398071, 0.99677196174176019]]
99252690	[1, [0.01956414918206717, 0.98043585081793283]]
6612417	[1, [0.0010533398611550782, 0.99894666013884492]]
5254082	[1, [0.046090812109282453, 0.95390918789071755]]
6613699	[1, [0.001974170117689078, 0.99802582988231092]]
5110005	[1, [0.025567823475414975, 0.97443217652458503]]
7356031	[1, [0.0030096206776719647, 0.99699037932232804]]
5110004	[1, [0.0085129961805975318, 0.99148700381940247]]
5254081	[1, [0.044617650246962404, 0.9553823497530376]]
46261821	[1, [0.024493983968222888, 0.97550601603177711]]
22791546	[1, [0.01512045232246606, 0.98487954767753394]]
6226035	[1, [0.047611394497512172, 0.95238860550248783]]
5110009	[1, [0.025088630661345701, 0.9749113693386543]]
9234257	[1, [0.0062217551268097804, 0.99377824487319022]]
7355140	[1, [0.022642613427277358, 0.97735738657272264]]
5685735	[1, [0.029127213286064713, 0.97087278671393529]]
5144018	[1, [0.00042535293855594514, 0.99957464706144405]]
5145630	[1, [1.684953005398615e-05, 0.99998315046994601]]
15246940	[1, [0.0018156453876218004, 0.9981843546123782]]
7735546	[1, [0.025511104541784402, 0.9744888954582156]]
63538206	[1, [0.030583009844697417, 0.96941699015530258]]
90893714	[1, [0.016367673031136842, 0.98363232696886316]]
81520393	[1, [0.00092052489654337322, 0.99907947510345663]]
9148068	[1, [0.00061063994339582983, 0.99938936005660417]]
5647755	[1, [0.010930447665339682, 0.98906955233466032]]
9152296	[1, [0.04192427917685948, 0.95807572082314052]]
6199885	[1, [0.03183027851212572, 0.96816972148787428]]
5115881	[1, [0.047835091284624154, 0.95216490871537585]]
5116213	[1, [0.00044779530575578264, 0.99955220469424422]]
9259863	[1, [0.0040972914952263073, 0.99590270850477369]]
61973818	[1, [0.022972787824182217, 0.97702721217581778]]
7605450	[1, [0.00024045502577962896, 0.99975954497422037]]
6197797	[1, [0.037388947946020101, 0.9626110520539799]]
9263384	[1, [0.035585011391601862, 0.96441498860839814]]
6197867	[1, [0.038861261371119227, 0.96113873862888077]]
5116274	[1, [0.019660051637385156, 0.98033994836261484]]
7606335	[1, [0.00057354703233203352, 0.99942645296766797]]
9233016	[1, [0.0046083391236647619, 0.99539166087633524]]
5116168	[1, [0.0090654792390334471, 0.99093452076096655]]
9232550	[1, [0.0061821801571388946, 0.99381781984286111]]
38705944	[1, [0.00076922036745097344, 0.99923077963254903]]
6944920	[1, [0.030255950369242335, 0.96974404963075767]]
5116160	[1, [0.01825250796178346, 0.98174749203821654]]
5116050	[1, [0.013606892876012799, 0.9863931071239872]]
9018060	[1, [0.014723865770547184, 0.98527613422945282]]
5116159	[1, [0.014277516715440974, 0.98572248328455903]]
6945877	[1, [0.037316177280083962, 0.96268382271991604]]
6944549	[1, [0.0012799129448097801, 0.99872008705519022]]
5116151	[1, [0.027526055660135884, 0.97247394433986412]]
9263130	[1, [0.0081255941469046133, 0.99187440585309539]]
9263807	[1, [0.00037984159204618173, 0.99962015840795382]]
5117510	[1, [0.016128678243293226, 0.98387132175670677]]
42785057	[1, [0.027719113966193865, 0.97228088603380614]]
7387617	[1, [0.030021722015248109, 0.96997827798475189]]
11206113	[1, [0.033273282020404027, 0.96672671797959597]]
5969666	[1, [0.016523556076819435, 0.98347644392318057]]
7783437	[1, [0.039871660430849221, 0.96012833956915078]]
5477598	[1, [0.0025462074496542808, 0.99745379255034572]]
12379178	[1, [0.0032886782174937901, 0.99671132178250621]]
5478742	[1, [0.010530192246845926, 0.98946980775315407]]
72790528	[1, [0.012349979080810924, 0.98765002091918908]]
5967916	[1, [0.010843154281152789, 0.98915684571884721]]
9066450	[1, [0.031565170213691318, 0.96843482978630868]]
9132628	[1, [0.0042219264209538698, 0.99577807357904613]]
89568250	[1, [0.017531282223034128, 0.98246871777696587]]
5970246	[1, [0.0099872487081108519, 0.99001275129188915]]
58409760	[1, [0.010839997012584646, 0.98916000298741535]]
42846136	[1, [0.038160080851086242, 0.96183991914891376]]
6637926	[1, [0.00028055191495590659, 0.99971944808504409]]
28283950	[1, [0.029775635940295975, 0.97022436405970403]]
6637248	[1, [0.0011511857066245357, 0.99884881429337546]]
94262725	[1, [0.048347724864654884, 0.95165227513534512]]
6449675	[1, [0.025781463387689274, 0.97421853661231073]]
6392177	[1, [0.017420676459131257, 0.98257932354086874]]
9137619	[1, [0.014139878717389198, 0.9858601212826108]]
6637197	[1, [0.00037515485608996535, 0.99962484514391003]]
9137110	[1, [0.00023916805128976204, 0.99976083194871024]]
6637328	[1, [0.0018649845873200954, 0.9981350154126799]]
5985284	[1, [0.0056328727144968616, 0.99436712728550314]]
21778095	[1, [0.0027886022742521499, 0.99721139772574785]]
9213533	[1, [0.0083016538068400036, 0.99169834619316]]
21724177	[1, [0.0096976227209328858, 0.99030237727906711]]
9220858	[1, [0.0044915870085917575, 0.99550841299140824]]
9126910	[1, [0.0042774865310148957, 0.9957225134689851]]
48826438	[1, [0.0099508464262854091, 0.99004915357371459]]
17357811	[1, [0.0063069231459587094, 0.99369307685404129]]
22100245	[1, [0.0047110834953530967, 0.9952889165046469]]
56649597	[1, [0.025396555296360313, 0.97460344470363969]]
5101946	[1, [0.027309165565761573, 0.97269083443423843]]
5976193	[1, [0.032224509136590807, 0.96777549086340919]]
5977121	[1, [0.0080860032956268091, 0.99191399670437319]]
9154702	[1, [0.034934572809820819, 0.96506542719017918]]
5301799	[1, [0.036539973162631911, 0.96346002683736809]]
5302624	[1, [0.030974145338442671, 0.96902585466155733]]
5979678	[1, [0.0044498651050740579, 0.99555013489492594]]
5301430	[1, [2.313873526116339e-08, 0.99999997686126474]]
5303019	[1, [0.049212075742240846, 0.95078792425775915]]
63729533	[1, [0.036827621895268337, 0.96317237810473166]]
5103434	[1, [0.007971795382025304, 0.9920282046179747]]
5303774	[1, [0.0028709763194760818, 0.99712902368052392]]
7207029	[1, [0.022097138454973297, 0.9779028615450267]]
45447303	[1, [0.00568191881360669, 0.99431808118639331]]
26569759	[1, [0.0076242547839209251, 0.99237574521607907]]
7360855	[1, [0.015067089865499761, 0.98493291013450024]]
38874710	[1, [0.033070399262778438, 0.96692960073722156]]
49530841	[1, [0.0048140107054138737, 0.99518598929458613]]
33157417	[1, [0.0024040571668788591, 0.99759594283312114]]
53688119	[1, [0.0022829081563293663, 0.99771709184367063]]
84464806	[1, [0.0020105925717258666, 0.99798940742827413]]
60364301	[1, [0.035185662807827978, 0.96481433719217202]]
6875162	[1, [0.002745935898906704, 0.9972540641010933]]
9059278	[1, [0.032530362386235856, 0.96746963761376414]]
7929207	[1, [0.0012229462641232258, 0.99877705373587677]]
7962888	[1, [0.018111466067002202, 0.9818885339329978]]
9128717	[1, [6.0092386555909982e-05, 0.99993990761344409]]
9135075	[1, [0.00065024610540531658, 0.99934975389459468]]
9204202	[1, [0.004450604616050291, 0.99554939538394971]]
5249132	[1, [0.036958294474747189, 0.96304170552525281]]
5582805	[1, [1.1460528867579534e-05, 0.99998853947113242]]
67830931	[1, [0.0015663068494961019, 0.9984336931505039]]
46316060	[1, [0.043876836099703498, 0.9561231639002965]]
9076694	[1, [0.00071412773736656554, 0.99928587226263343]]
6632159	[1, [0.040128392748420949, 0.95987160725157905]]
9247539	[1, [0.044497595152680924, 0.95550240484731908]]
42167142	[1, [0.043649469964480825, 0.95635053003551918]]
6633646	[1, [0.0031485221763108973, 0.9968514778236891]]
5864347	[1, [0.008279011085192467, 0.99172098891480753]]
9247031	[1, [0.0085694721579033795, 0.99143052784209662]]
81267865	[1, [0.00073017632055449866, 0.9992698236794455]]
6498499	[1, [0.023184096958426714, 0.97681590304157329]]
7911070	[1, [0.045716969091242454, 0.95428303090875755]]
9133016	[1, [0.00038092211049223224, 0.99961907788950777]]
9266525	[1, [0.0073384544310446387, 0.99266154556895536]]
9237989	[1, [0.028738929193738882, 0.97126107080626112]]
9266355	[1, [0.0043833157804427092, 0.99561668421955729]]
5325852	[1, [0.01319199577918384, 0.98680800422081616]]
7765924	[1, [0.03367910685730291, 0.96632089314269709]]
7993378	[1, [0.027497847126173869, 0.97250215287382613]]
9126025	[1, [0.02809926003511154, 0.97190073996488846]]
9133019	[1, [0.00038092211049223224, 0.99961907788950777]]
58976129	[1, [0.01312749362702792, 0.98687250637297208]]
9133160	[1, [0.0009317670994786198, 0.99906823290052138]]
9125250	[1, [0.00068697768687697724, 0.99931302231312302]]
9282057	[1, [0.0013378790227105419, 0.99866212097728946]]
9139239	[1, [0.00018506010388164018, 0.99981493989611836]]
32751154	[1, [0.037721072690407143, 0.96227892730959286]]
6034587	[1, [0.032802244438271067, 0.96719775556172893]]
10775905	[1, [0.0017030193200231469, 0.99829698067997685]]
6037597	[1, [0.011626195434749631, 0.98837380456525037]]
7709645	[1, [0.0073459831968649691, 0.99265401680313503]]
7714414	[1, [0.011644597940589918, 0.98835540205941008]]
6821258	[1, [0.008189254401041679, 0.99181074559895832]]
7215388	[1, [0.00085968654425294666, 0.99914031345574705]]
5170026	[1, [0.0029995967980519511, 0.99700040320194805]]
5174514	[1, [0.0092946797619337662, 0.99070532023806623]]
5174654	[1, [0.01427735895861304, 0.98572264104138696]]
7373289	[1, [0.048070955052874398, 0.9519290449471256]]
7220507	[1, [0.023938516569175894, 0.97606148343082411]]
7714299	[1, [0.0032770899587570845, 0.99672291004124292]]
9150225	[1, [0.011079872159017734, 0.98892012784098227]]
5170027	[1, [0.012494358161253771, 0.98750564183874623]]
5175170	[1, [0.047238433183757422, 0.95276156681624258]]
5170033	[1, [0.029344848978984484, 0.97065515102101552]]
97980086	[1, [0.002738494338686337, 0.99726150566131366]]
7714446	[1, [0.0010755130007483737, 0.99892448699925163]]
6527548	[1, [0.0029995967980519511, 0.99700040320194805]]
89034901	[1, [0.0038803664969857543, 0.99611963350301425]]
37310653	[1, [0.042360262798662895, 0.9576397372013371]]
6018058	[1, [0.0083336194977274847, 0.99166638050227252]]
98019700	[1, [0.0038388648964819971, 0.996161135103518]]
9301129	[1, [0.01760008883692854, 0.98239991116307146]]
9258896	[1, [0.010678716690005863, 0.98932128330999414]]
70393559	[1, [0.0036383828693917764, 0.99636161713060822]]
47315240	[1, [0.0063913176036701769, 0.99360868239632982]]
57344979	[1, [0.0012475223971055716, 0.99875247760289443]]
6711482	[1, [2.6668441756139138e-05, 0.99997333155824386]]
9257491	[1, [0.0037353071819130612, 0.99626469281808694]]
9258312	[1, [0.0033160910015679335, 0.99668390899843207]]
40292776	[1, [0.0033780208013086677, 0.99662197919869133]]
7688827	[1, [4.9728951851957248e-06, 0.9999950271048148]]
7688385	[1, [0.021647184840796863, 0.97835281515920314]]
7686689	[1, [5.5174868748286698e-06, 0.99999448251312517]]
5470676	[1, [0.00046408959745813938, 0.99953591040254186]]
7688896	[1, [0.0067614149670197632, 0.99323858503298024]]
5239083	[1, [0.0028684660618021329, 0.99713153393819787]]
7686761	[1, [1.3861662524705665e-05, 0.99998613833747529]]
7687803	[1, [0.039799750519718402, 0.9602002494802816]]
17132837	[1, [0.0016042269497796857, 0.99839577305022031]]
6049954	[1, [0.031143576268632511, 0.96885642373136749]]
6050241	[1, [0.031650392369998115, 0.96834960763000189]]
7627621	[1, [0.0022005857051091704, 0.99779941429489083]]
7678549	[1, [1.0893724959104567e-05, 0.9999891062750409]]
9063211	[1, [0.047628393664805202, 0.9523716063351948]]
5241862	[1, [0.042910790571828894, 0.95708920942817111]]
5241287	[1, [1.638434364459318e-05, 0.99998361565635541]]
7687637	[1, [0.010065469600947563, 0.98993453039905244]]
7678538	[1, [0.01891929898588729, 0.98108070101411271]]
9040838	[1, [0.024810362599098412, 0.97518963740090159]]
7678468	[1, [0.0074356413874722138, 0.99256435861252779]]
7687460	[1, [6.3817905601171176e-06, 0.99999361820943988]]
7686952	[1, [2.9787011529780472e-05, 0.99997021298847022]]
7039016	[1, [0.024750299416329669, 0.97524970058367033]]
7453632	[1, [0.00082923886965802218, 0.99917076113034198]]
6568935	[1, [0.023184096958426714, 0.97681590304157329]]
5849464	[1, [0.0059454614537745032, 0.9940545385462255]]
9212524	[1, [0.0024372646090005112, 0.99756273539099949]]
6355571	[1, [0.036527927103078506, 0.96347207289692149]]
9236173	[1, [0.0038252438134894762, 0.99617475618651052]]
35255538	[1, [0.0061557628939319375, 0.99384423710606806]]
5561346	[1, [0.003778507496194794, 0.99622149250380521]]
24337148	[1, [0.025151240870525893, 0.97484875912947411]]
76464434	[1, [0.0015528929126631397, 0.99844710708733686]]
5551371	[1, [0.0037267971093811747, 0.99627320289061883]]
7445688	[1, [0.022730981384987858, 0.97726901861501214]]
12164342	[1, [0.0027621142167209012, 0.9972378857832791]]
7444582	[1, [0.033173985634065373, 0.96682601436593463]]
9281031	[1, [0.0040156599522422898, 0.99598434004775771]]
9280791	[1, [0.004450604616050291, 0.99554939538394971]]
7715961	[1, [0.016831013099351977, 0.98316898690064802]]
5307506	[1, [0.018784581644962661, 0.98121541835503734]]
24316300	[1, [0.021037559366604452, 0.97896244063339555]]
5305030	[1, [0.039541695383541575, 0.96045830461645842]]
5304264	[1, [0.029905557060383448, 0.97009444293961655]]
7717528	[1, [0.020162888877424789, 0.97983711112257521]]
5652672	[1, [0.003778507496194794, 0.99622149250380521]]
51523002	[1, [0.048877047455885725, 0.95112295254411428]]
5866525	[1, [3.2750322152330646e-05, 0.99996724967784767]]
9255875	[1, [0.0005383650837642584, 0.99946163491623574]]
7570730	[1, [0.00024840341726062309, 0.99975159658273938]]
89503589	[1, [0.00037439707839537206, 0.99962560292160463]]
6550692	[1, [0.020802668172234973, 0.97919733182776503]]
56524849	[1, [0.0065359752973638274, 0.99346402470263617]]
33545727	[1, [0.042911274002582878, 0.95708872599741712]]
7695379	[1, [0.00010374715006244983, 0.99989625284993755]]
84295412	[1, [0.0027886022742521499, 0.99721139772574785]]
7994959	[1, [0.014243659885307736, 0.98575634011469226]]
7695916	[1, [4.0381836924341385e-05, 0.99995961816307566]]
49373930	[1, [0.030613702022358025, 0.96938629797764198]]
5176984	[1, [8.6770066971664228e-05, 0.99991322993302834]]
30148912	[1, [0.021133018920159508, 0.97886698107984049]]
34012613	[1, [0.003042127315920351, 0.99695787268407965]]
34051428	[1, [0.0023459802565992671, 0.99765401974340073]]
5180222	[1, [0.041387102458383729, 0.95861289754161627]]
10075740	[1, [0.023309893398045123, 0.97669010660195488]]
6571076	[1, [0.042671625454116069, 0.95732837454588393]]
5545809	[1, [0.0036812304922505534, 0.99631876950774945]]
7160889	[1, [0.027329644656824081, 0.97267035534317592]]
10458143	[1, [0.028446960864832116, 0.97155303913516788]]
33373041	[1, [0.002651716060556808, 0.99734828393944319]]
25596926	[1, [0.031462715382772122, 0.96853728461722788]]
5587987	[1, [0.010658829299886374, 0.98934117070011363]]
7916917	[1, [0.028261462437510487, 0.97173853756248951]]
5808204	[1, [0.0066765127898315013, 0.9933234872101685]]
7407023	[1, [0.026228047165864576, 0.97377195283413542]]
5808163	[1, [0.0018795178693636894, 0.99812048213063631]]
5807086	[1, [0.02959084913097465, 0.97040915086902535]]
49893310	[1, [0.039087583780540225, 0.96091241621945978]]
5807121	[1, [0.0078048079248256297, 0.99219519207517437]]
6943808	[1, [0.001888809805359104, 0.9981111901946409]]
81771472	[1, [0.037180841351467375, 0.96281915864853262]]
59252743	[1, [0.0022864503118220636, 0.99771354968817794]]
6943052	[1, [0.0026878399300306333, 0.99731216006996937]]
9277596	[1, [0.0049190324691591458, 0.99508096753084085]]
9278098	[1, [0.0013043312029874521, 0.99869566879701255]]
5779012	[1, [0.04154546143112825, 0.95845453856887175]]
6070674	[1, [0.0071447584457392521, 0.99285524155426075]]
9278480	[1, [0.001072736000076735, 0.99892726399992327]]
7339820	[1, [0.0019369683796653936, 0.99806303162033461]]
69175994	[1, [0.014625779037847342, 0.98537422096215266]]
83937624	[1, [0.0029573374501835614, 0.99704266254981644]]
5788387	[1, [0.030238274774994411, 0.96976172522500559]]
6507749	[1, [0.027955650875445048, 0.97204434912455495]]
6380198	[1, [0.00056260695801335636, 0.99943739304198664]]
5789402	[1, [0.039868996400972745, 0.96013100359902726]]
6511261	[1, [0.0030745837098270501, 0.99692541629017295]]
5788564	[1, [0.0020243868241737184, 0.99797561317582628]]
28602569	[1, [0.021275524869424411, 0.97872447513057559]]
9077874	[1, [0.02061062552336923, 0.97938937447663077]]
9015981	[1, [0.019977424963452561, 0.98002257503654744]]
5788000	[1, [0.010830475634887926, 0.98916952436511207]]
6511378	[1, [0.0050774008852173536, 0.99492259911478265]]
24919830	[1, [0.029821516883588917, 0.97017848311641108]]
7682480	[1, [1.3861662524705665e-05, 0.99998613833747529]]
5405461	[1, [0.0024890970274564772, 0.99751090297254352]]
7912178	[1, [0.0037079317104107279, 0.99629206828958927]]
7255610	[1, [0.002092555795651152, 0.99790744420434885]]
6040097	[1, [0.0039824420953449291, 0.99601755790465507]]
7955218	[1, [0.010738802289764982, 0.98926119771023502]]
5405462	[1, [0.029344848978984484, 0.97065515102101552]]
9254212	[1, [0.0042250192684437637, 0.99577498073155624]]
7255955	[1, [0.0055663781323870287, 0.99443362186761297]]
7912172	[1, [0.0050348929394290476, 0.99496510706057095]]
64740086	[1, [0.018817479576138108, 0.98118252042386189]]
9253599	[1, [0.00089263768458947013, 0.99910736231541053]]
9268389	[1, [0.0056535993125997885, 0.99434640068740021]]
9269618	[1, [0.0017770109728010297, 0.99822298902719897]]
7696277	[1, [0.00039834297306207134, 0.99960165702693793]]
98090200	[1, [0.014703371218246941, 0.98529662878175306]]
7696147	[1, [6.3710287836249435e-05, 0.99993628971216375]]
6158236	[1, [0.043841841312221241, 0.95615815868777876]]
7952131	[1, [0.0010371094682016802, 0.99896289053179832]]
7696474	[1, [0.0050578161112048159, 0.99494218388879518]]
13273448	[1, [0.0082386225722052009, 0.9917613774277948]]
57006468	[1, [0.025051771633060271, 0.97494822836693973]]
7120545	[1, [0.0010933172677869418, 0.99890668273221306]]
5373391	[1, [0.00014396991645992951, 0.99985603008354007]]
7952392	[1, [0.04639656780042356, 0.95360343219957644]]
6209653	[1, [0.0027974840506171939, 0.99720251594938281]]
35754392	[1, [0.00095157027850989451, 0.99904842972149011]]
9204036	[1, [0.0053032626777104186, 0.99469673732228958]]
9202414	[1, [0.0082119428736876499, 0.99178805712631235]]
6284340	[1, [0.0010121316679989611, 0.99898786833200104]]
7121375	[1, [0.0017523396976373284, 0.99824766030236267]]
9202597	[1, [0.0014538834172757031, 0.9985461165827243]]
7124532	[1, [0.001888809805359104, 0.9981111901946409]]
7697025	[1, [1.3946756090565948e-05, 0.99998605324390943]]
5373387	[1, [0.00027393155776089806, 0.9997260684422391]]
9271770	[1, [0.0052359810878070956, 0.9947640189121929]]
6222330	[1, [0.008565061040655797, 0.9914349389593442]]
6219249	[1, [0.039868996400972745, 0.96013100359902726]]
48149520	[1, [0.0013595412767783976, 0.9986404587232216]]
7933881	[1, [0.0010532296045230316, 0.99894677039547697]]
9211200	[1, [0.0012891608958234269, 0.99871083910417657]]
9271839	[1, [0.0061821801571388946, 0.99381781984286111]]
7933763	[1, [0.0040442500397207537, 0.99595574996027925]]
72083293	[1, [0.0074836843763431693, 0.99251631562365683]]
96039414	[1, [0.0097882937255276969, 0.9902117062744723]]
13544717	[1, [0.0072339730146063763, 0.99276602698539362]]
