33630759	[1, [0.0086292252617387044, 0.9913707747382613]]
96812682	[1, [0.036699126580122532, 0.96330087341987747]]
7810422	[1, [0.020462914836251622, 0.97953708516374838]]
5470676	[1, [0.0087044532423673493, 0.99129554675763265]]
29230624	[1, [0.0059273569922870806, 0.99407264300771292]]
7678921	[1, [0.02265725669650609, 0.97734274330349391]]
7178599	[1, [0.034991615420106648, 0.96500838457989335]]
7112261	[1, [0.021182503067132652, 0.97881749693286735]]
7819541	[1, [0.048610003664714796, 0.9513899963352852]]
12340453	[1, [0.013642881220106595, 0.9863571187798934]]
7387426	[1, [0.025610831171090642, 0.97438916882890936]]
5475946	[1, [0.041278391270896275, 0.95872160872910372]]
5967571	[1, [0.007414804651506679, 0.99258519534849332]]
6756572	[1, [0.034044408851857444, 0.96595559114814256]]
60430773	[1, [0.0019021011783847408, 0.99809789882161526]]
7671436	[1, [0.025279382580015386, 0.97472061741998461]]
73723315	[1, [0.041740391133862076, 0.95825960886613792]]
6937739	[1, [0.020081475931540527, 0.97991852406845947]]
9147163	[1, [0.042903172993565941, 0.95709682700643406]]
5825985	[1, [0.021546780505433683, 0.97845321949456632]]
47375312	[1, [0.012055534937773449, 0.98794446506222655]]
13209303	[1, [0.02045661696406198, 0.97954338303593802]]
5823827	[1, [0.017392574736780575, 0.98260742526321943]]
15514775	[1, [0.027469666333534759, 0.97253033366646524]]
5964994	[1, [0.027854395895383965, 0.97214560410461603]]
5824408	[1, [0.013014234425617888, 0.98698576557438211]]
5825614	[1, [0.011227237545664015, 0.98877276245433599]]
5821647	[1, [0.012839830455068757, 0.98716016954493124]]
5962975	[1, [0.049134384986972313, 0.95086561501302769]]
28050279	[1, [0.02886590808223255, 0.97113409191776745]]
7674061	[1, [0.0018439719643231767, 0.99815602803567682]]
6432518	[1, [0.00089855072739541964, 0.99910144927260458]]
42758604	[1, [0.016819718545685536, 0.98318028145431446]]
67120029	[1, [0.0047449528580163491, 0.99525504714198365]]
6432972	[1, [0.023535149151368229, 0.97646485084863177]]
55618597	[1, [0.020827589304205363, 0.97917241069579464]]
78726459	[1, [0.016885974973390061, 0.98311402502660994]]
6432464	[1, [0.0022171820196255076, 0.99778281798037449]]
25212552	[1, [0.027833361609219787, 0.97216663839078021]]
6981081	[1, [0.015145701446433013, 0.98485429855356699]]
81021570	[1, [0.011453689266154754, 0.98854631073384525]]
6197581	[1, [0.04806612000950039, 0.95193387999049961]]
41926825	[1, [0.0016968384250211077, 0.99830316157497889]]
79079740	[1, [0.048274808011165016, 0.95172519198883498]]
21798669	[1, [0.0029470733285045236, 0.99705292667149548]]
7898449	[1, [0.040368343343796687, 0.95963165665620331]]
41916207	[1, [0.0062577693102446874, 0.99374223068975531]]
5117510	[1, [0.021945755873896911, 0.97805424412610309]]
6945692	[1, [0.018172837794479091, 0.98182716220552091]]
6200981	[1, [0.044282054297241968, 0.95571794570275803]]
5115881	[1, [0.038325016781981747, 0.96167498321801825]]
7736080	[1, [0.0018019812972035476, 0.99819801870279645]]
5917963	[1, [0.035877610211616617, 0.96412238978838338]]
5918003	[1, [0.0022702250794323087, 0.99772977492056769]]
5919929	[1, [0.018406550201056748, 0.98159344979894325]]
5929214	[1, [0.0059144856531424539, 0.99408551434685755]]
6850367	[1, [0.047641398846329452, 0.95235860115367055]]
7145153	[1, [0.0055574429928204605, 0.99444255700717954]]
5647123	[1, [0.032537181371968149, 0.96746281862803185]]
5696186	[1, [0.020352144351404533, 0.97964785564859547]]
5926330	[1, [0.0020791727907146784, 0.99792082720928532]]
5647117	[1, [0.002754167967733645, 0.99724583203226635]]
7792843	[1, [0.045514164454641182, 0.95448583554535882]]
5920584	[1, [0.0041915978523276998, 0.9958084021476723]]
6149414	[1, [0.0010216734566169672, 0.99897832654338303]]
5920434	[1, [0.0060594292638636027, 0.9939405707361364]]
5925509	[1, [0.0067315819894204765, 0.99326841801057952]]
5636982	[1, [0.0048028125589173465, 0.99519718744108265]]
52938731	[1, [0.033374520849619893, 0.96662547915038011]]
6058530	[1, [0.011409313071601646, 0.98859068692839835]]
15887865	[1, [0.0052681036986331753, 0.99473189630136682]]
98225567	[1, [0.030202714368016914, 0.96979728563198309]]
5875813	[1, [0.00061591422802631524, 0.99938408577197368]]
52994787	[1, [0.037414434974204713, 0.96258556502579529]]
6139317	[1, [0.0088252157133114073, 0.99117478428668859]]
32301971	[1, [0.003296423473775234, 0.99670357652622477]]
6534126	[1, [0.0023839896986695974, 0.9976160103013304]]
25499889	[1, [0.049572460777448035, 0.95042753922255196]]
6059341	[1, [0.041261560638530925, 0.95873843936146907]]
5627399	[1, [0.043914458043820881, 0.95608554195617912]]
7805499	[1, [0.038092450277934953, 0.96190754972206505]]
5699277	[1, [0.017630080125272007, 0.98236991987472799]]
34767074	[1, [0.028901283098717312, 0.97109871690128269]]
82229006	[1, [0.02444564231534252, 0.97555435768465748]]
19044022	[1, [0.042029870891412524, 0.95797012910858748]]
6430824	[1, [0.010919020283276293, 0.98908097971672371]]
6447573	[1, [0.0042869773055065341, 0.99571302269449347]]
35582962	[1, [0.033086598119537625, 0.96691340188046238]]
7996572	[1, [0.0044057417223549722, 0.99559425827764503]]
62844906	[1, [0.023562930239790392, 0.97643706976020961]]
6736102	[1, [0.0059896259189706758, 0.99401037408102932]]
6637328	[1, [0.026181207588375055, 0.97381879241162494]]
7129980	[1, [0.00085049955272853417, 0.99914950044727147]]
5881954	[1, [0.011845448878058606, 0.98815455112194139]]
6388749	[1, [0.042060757818972339, 0.95793924218102766]]
39837905	[1, [0.0083588147318569561, 0.99164118526814304]]
5883582	[1, [0.003064758220321151, 0.99693524177967885]]
28273117	[1, [0.023173155097767961, 0.97682684490223204]]
6484008	[1, [0.0059034796428667491, 0.99409652035713325]]
24164908	[1, [0.033733930804609846, 0.96626606919539015]]
38054299	[1, [0.0025753684534882693, 0.99742463154651173]]
5310878	[1, [0.026729478566124509, 0.97327052143387549]]
7816138	[1, [0.045284433316142958, 0.95471556668385704]]
5312754	[1, [0.019481584278409847, 0.98051841572159015]]
73689762	[1, [0.027107622838198564, 0.97289237716180144]]
59412007	[1, [0.023785078524487968, 0.97621492147551203]]
14709055	[1, [0.028261305524436064, 0.97173869447556394]]
5656393	[1, [0.024793329498974281, 0.97520667050102572]]
40063719	[1, [0.0043388069891137082, 0.99566119301088629]]
5656532	[1, [0.024793329498974281, 0.97520667050102572]]
6715982	[1, [0.003216197010283417, 0.99678380298971658]]
41386657	[1, [0.0012861001407569184, 0.99871389985924308]]
87895635	[1, [0.043783476889674877, 0.95621652311032512]]
5657653	[1, [0.024388363744910158, 0.97561163625508984]]
7039235	[1, [0.033710003003204814, 0.96628999699679519]]
6570500	[1, [0.019147872673960231, 0.98085212732603977]]
6566379	[1, [0.0024434362704059964, 0.997556563729594]]
17100270	[1, [0.0038777848037530038, 0.996122215196247]]
97831307	[1, [0.015622672101174739, 0.98437732789882526]]
7874472	[1, [0.039843178026941484, 0.96015682197305852]]
6053042	[1, [0.029315282072224891, 0.97068471792777511]]
7834562	[1, [0.0430771865245555, 0.9569228134754445]]
6693277	[1, [0.018650770591742583, 0.98134922940825742]]
5139169	[1, [0.017958154235170443, 0.98204184576482956]]
67892434	[1, [0.037684514929094859, 0.96231548507090514]]
5139603	[1, [0.03047850221312709, 0.96952149778687291]]
5303611	[1, [0.046411403664948114, 0.95358859633505189]]
5103434	[1, [0.015954321434575092, 0.98404567856542491]]
7835675	[1, [0.0045895425813020641, 0.99541045741869794]]
5301336	[1, [0.016720302162546608, 0.98327969783745339]]
5304024	[1, [0.046024368901248502, 0.9539756310987515]]
6786118	[1, [0.049889423718343484, 0.95011057628165652]]
88351554	[1, [0.00607764424757129, 0.99392235575242871]]
6537220	[1, [0.0017733269418414022, 0.9982266730581586]]
5139505	[1, [0.024742963418956654, 0.97525703658104335]]
5136037	[1, [0.048393020068141279, 0.95160697993185872]]
5548186	[1, [0.039788813432072856, 0.96021118656792714]]
5831964	[1, [0.03318269589676448, 0.96681730410323552]]
5186097	[1, [0.03900752991140799, 0.96099247008859201]]
5830628	[1, [0.021546780505433683, 0.97845321949456632]]
5828812	[1, [0.047517197615241535, 0.95248280238475846]]
5830506	[1, [0.0018495928654895799, 0.99815040713451042]]
5186100	[1, [0.033633339711902743, 0.96636666028809726]]
7958537	[1, [0.030505584794541352, 0.96949441520545865]]
58701175	[1, [0.04188588439560037, 0.95811411560439963]]
7075589	[1, [0.0044862459956919176, 0.99551375400430808]]
23776210	[1, [0.010609972022435854, 0.98939002797756415]]
6617047	[1, [0.0017388765182029253, 0.99826112348179707]]
74261893	[1, [0.012055534937773449, 0.98794446506222655]]
5874881	[1, [0.046752278121257929, 0.95324772187874207]]
87100691	[1, [0.04107113946393115, 0.95892886053606885]]
74093067	[1, [0.045399826289496792, 0.95460017371050321]]
5871828	[1, [0.029429621101547787, 0.97057037889845221]]
7088877	[1, [0.04745843090385915, 0.95254156909614085]]
5492900	[1, [0.03337517541961843, 0.96662482458038157]]
5923883	[1, [0.0078086218777172478, 0.99219137812228275]]
7228860	[1, [0.033409147623439606, 0.96659085237656039]]
6385382	[1, [0.043166251276043122, 0.95683374872395688]]
5929497	[1, [0.0074527092326095445, 0.99254729076739046]]
6633646	[1, [0.038835532624754587, 0.96116446737524541]]
5924470	[1, [0.009330423341410321, 0.99066957665858968]]
99754374	[1, [0.021566972971664766, 0.97843302702833523]]
28018548	[1, [0.041879992428179635, 0.95812000757182036]]
79607532	[1, [0.04232418159821294, 0.95767581840178706]]
5561362	[1, [0.0046337102562498123, 0.99536628974375019]]
97045481	[1, [0.0093176503104333008, 0.9906823496895667]]
99723660	[1, [0.020980096937475379, 0.97901990306252462]]
44365615	[1, [0.028261305524436064, 0.97173869447556394]]
7116979	[1, [0.028552697023552898, 0.9714473029764471]]
88150432	[1, [0.013642881220106595, 0.9863571187798934]]
6227700	[1, [0.01390244918294814, 0.98609755081705186]]
6230099	[1, [0.04610594595754558, 0.95389405404245442]]
7115245	[1, [0.018911872575790967, 0.98108812742420903]]
6095379	[1, [0.035924266603560961, 0.96407573339643904]]
38610555	[1, [0.0026805890255898746, 0.99731941097441013]]
5254044	[1, [0.043205210090686452, 0.95679478990931355]]
5253923	[1, [0.018962498648884885, 0.98103750135111512]]
6436278	[1, [0.014482122867858438, 0.98551787713214156]]
7646517	[1, [0.0012847700209325241, 0.99871522997906748]]
5574506	[1, [0.04879696325157723, 0.95120303674842277]]
5867012	[1, [0.028291197738865237, 0.97170880226113476]]
5869886	[1, [0.0088929844823267823, 0.99110701551767322]]
91766050	[1, [0.0033641291429197251, 0.99663587085708027]]
5866525	[1, [0.005068431793192274, 0.99493156820680773]]
7299416	[1, [0.020975824736726878, 0.97902417526327312]]
15133031	[1, [0.034182393658988897, 0.9658176063410111]]
6464025	[1, [0.039735571653911061, 0.96026442834608894]]
94481285	[1, [0.01014549126819797, 0.98985450873180203]]
7473471	[1, [0.015651641814268591, 0.98434835818573141]]
7375773	[1, [0.048289602734653991, 0.95171039726534601]]
71246333	[1, [0.0019021011783847408, 0.99809789882161526]]
7659014	[1, [0.017950921531122432, 0.98204907846887757]]
6528925	[1, [0.01366309308592395, 0.98633690691407605]]
7215594	[1, [0.045594879773050545, 0.95440512022694945]]
6461275	[1, [0.04532196989367332, 0.95467803010632668]]
6203338	[1, [0.035673795071138215, 0.96432620492886179]]
6415449	[1, [0.030698245062701912, 0.96930175493729809]]
35902757	[1, [0.0042729770506687581, 0.99572702294933124]]
35910580	[1, [0.0072201028995328986, 0.9927798971004671]]
93030606	[1, [0.0267716029734133, 0.9732283970265867]]
6412560	[1, [0.042411534897682346, 0.95758846510231765]]
44074598	[1, [0.017050895540752786, 0.98294910445924721]]
30535343	[1, [0.0071148700297756218, 0.99288512997022438]]
35923645	[1, [0.0034145441608429694, 0.99658545583915703]]
63961842	[1, [0.030563764274284977, 0.96943623572571502]]
6492648	[1, [0.0088473504854306162, 0.99115264951456938]]
7744520	[1, [0.048369006011111715, 0.95163099398888829]]
7942231	[1, [0.0056436564074039408, 0.99435634359259606]]
76369977	[1, [0.0075747512435506703, 0.99242524875644933]]
58913296	[1, [0.015508677808523164, 0.98449132219147684]]
76382062	[1, [0.0071242059468922259, 0.99287579405310777]]
6488723	[1, [0.0026454496822626572, 0.99735455031773734]]
5215371	[1, [0.0079455727707172796, 0.99205442722928272]]
5215364	[1, [0.0090378258119268029, 0.9909621741880732]]
6337367	[1, [0.047452862719623123, 0.95254713728037688]]
68399684	[1, [0.041876536615201077, 0.95812346338479892]]
46021789	[1, [0.0032879541390520295, 0.99671204586094797]]
84836984	[1, [0.041941785576159796, 0.9580582144238402]]
7372248	[1, [0.022912339979873408, 0.97708766002012659]]
6337778	[1, [0.0036305802357522454, 0.99636941976424775]]
5215370	[1, [0.00084656790648485192, 0.99915343209351515]]
16251619	[1, [0.0016968384250211077, 0.99830316157497889]]
84841145	[1, [0.043130614951750634, 0.95686938504824937]]
18412354	[1, [0.0068312447553515732, 0.99316875524464843]]
11549253	[1, [0.0081241099284241614, 0.99187589007157584]]
5212907	[1, [0.044352042755404719, 0.95564795724459528]]
51602718	[1, [0.0047449528580163491, 0.99525504714198365]]
73801217	[1, [0.019964802346191468, 0.98003519765380853]]
77987413	[1, [0.0052681036986331753, 0.99473189630136682]]
5211387	[1, [0.045955435294031677, 0.95404456470596832]]
32176348	[1, [0.0043165739231113553, 0.99568342607688864]]
88692550	[1, [0.022612251287817298, 0.9773877487121827]]
5914951	[1, [0.0034323830979899883, 0.99656761690201001]]
6746199	[1, [0.045331562751622423, 0.95466843724837758]]
6120946	[1, [0.027253705847529619, 0.97274629415247038]]
59573960	[1, [0.011888116723686948, 0.98811188327631305]]
98335162	[1, [0.0075551345348658927, 0.99244486546513411]]
6073113	[1, [0.023535149151368229, 0.97646485084863177]]
45403743	[1, [0.036945793329862919, 0.96305420667013708]]
55913726	[1, [0.030738932904089578, 0.96926106709591042]]
6074687	[1, [0.0034856737375614788, 0.99651432626243852]]
94073455	[1, [0.023785078524487968, 0.97621492147551203]]
80940192	[1, [0.0081864446387228673, 0.99181355536127713]]
7423687	[1, [0.037447831539493603, 0.9625521684605064]]
5586957	[1, [0.018659292287128482, 0.98134070771287152]]
51682708	[1, [0.018020453888185961, 0.98197954611181404]]
51730444	[1, [0.032532319285534572, 0.96746768071446543]]
7268072	[1, [0.035651428518777339, 0.96434857148122266]]
6560686	[1, [0.0049791414034766612, 0.99502085859652334]]
49755028	[1, [0.030202714368016914, 0.96979728563198309]]
5568426	[1, [0.022563228967329207, 0.97743677103267079]]
5248846	[1, [0.028392045973734681, 0.97160795402626532]]
5635195	[1, [0.025892915417208506, 0.97410708458279149]]
23002996	[1, [0.023005726431898577, 0.97699427356810142]]
5635249	[1, [0.00026040701398621913, 0.99973959298601378]]
81887410	[1, [0.0093199914094067582, 0.99068000859059324]]
5249132	[1, [0.02071284883002722, 0.97928715116997278]]
5248677	[1, [0.03726587013349858, 0.96273412986650142]]
5636173	[1, [0.0036681255749758668, 0.99633187442502413]]
22773930	[1, [0.013713537997543934, 0.98628646200245607]]
92386380	[1, [0.012349373972180278, 0.98765062602781972]]
7413699	[1, [0.01186993129269176, 0.98813006870730824]]
19780943	[1, [0.02957263126324694, 0.97042736873675306]]
53678596	[1, [0.033781517925257298, 0.9662184820747427]]
7929207	[1, [0.044568100984510806, 0.95543189901548919]]
26559956	[1, [0.043377858739625963, 0.95662214126037404]]
12863391	[1, [0.009075024274520227, 0.99092497572547977]]
80269817	[1, [0.016134556053842952, 0.98386544394615705]]
64724910	[1, [0.017689268104539302, 0.9823107318954607]]
6728156	[1, [0.037046168566038373, 0.96295383143396163]]
67321792	[1, [0.0052608000573814984, 0.9947391999426185]]
6728468	[1, [0.045351412877114639, 0.95464858712288536]]
6727850	[1, [0.037532616263453278, 0.96246738373654672]]
5133508	[1, [0.021546780505433683, 0.97845321949456632]]
5539426	[1, [0.0038756360225137287, 0.99612436397748627]]
5133154	[1, [6.2092982839434541e-05, 0.99993790701716057]]
6239870	[1, [0.0041257665090088658, 0.99587423349099113]]
5732366	[1, [0.00035215686868295126, 0.99964784313131705]]
22441598	[1, [0.018510305194510801, 0.9814896948054892]]
6681433	[1, [0.03464554474337489, 0.96535445525662511]]
37189681	[1, [0.0062577693102446874, 0.99374223068975531]]
5541965	[1, [0.039525924330700568, 0.96047407566929943]]
22495038	[1, [0.0043388069891137082, 0.99566119301088629]]
5133511	[1, [0.022390246733662855, 0.97760975326633714]]
6680089	[1, [0.032499400230104336, 0.96750059976989566]]
5541730	[1, [0.03804368386835244, 0.96195631613164756]]
5133507	[1, [0.0041257665090088658, 0.99587423349099113]]
81465826	[1, [0.018020453888185961, 0.98197954611181404]]
81433568	[1, [0.046378895706697842, 0.95362110429330216]]
75111098	[1, [0.0016968384250211077, 0.99830316157497889]]
28451721	[1, [0.020133210319287054, 0.97986678968071295]]
9273970	[1, [0.0014638654060477041, 0.9985361345939523]]
7185948	[1, [0.023682825756588421, 0.97631717424341158]]
5738648	[1, [0.043291828224389595, 0.95670817177561041]]
7648333	[1, [0.031051901337052157, 0.96894809866294784]]
7196877	[1, [0.02478815426198222, 0.97521184573801778]]
7831701	[1, [0.045952814618036686, 0.95404718538196331]]
68038015	[1, [0.041812134278253921, 0.95818786572174608]]
13868282	[1, [0.018510305194510801, 0.9814896948054892]]
6066840	[1, [0.00014336801020076173, 0.99985663198979924]]
49637397	[1, [0.041269007862108409, 0.95873099213789159]]
7200308	[1, [0.042571300524893552, 0.95742869947510645]]
5401331	[1, [0.0059272020967314765, 0.99407279790326852]]
6700325	[1, [0.032269423811290388, 0.96773057618870961]]
69585089	[1, [0.04232418159821294, 0.95767581840178706]]
57398820	[1, [0.039924406354369113, 0.96007559364563089]]
5401302	[1, [0.0020528151678832485, 0.99794718483211675]]
5401759	[1, [0.023836338710752303, 0.9761636612892477]]
6376599	[1, [0.037189740983029518, 0.96281025901697048]]
49091180	[1, [0.0015833870342673029, 0.9984166129657327]]
44844753	[1, [0.0029470733285045236, 0.99705292667149548]]
7170767	[1, [0.036633102263042394, 0.96336689773695761]]
7952690	[1, [0.039826655200303929, 0.96017334479969607]]
7272903	[1, [0.022920259572800306, 0.97707974042719969]]
7274077	[1, [0.043360226682985115, 0.95663977331701489]]
5373517	[1, [0.046922632704449518, 0.95307736729555048]]
6210737	[1, [0.01473905900204564, 0.98526094099795436]]
5373549	[1, [0.032141599287520584, 0.96785840071247942]]
47123573	[1, [0.031437166371215963, 0.96856283362878404]]
5263814	[1, [0.011823461793941781, 0.98817653820605822]]
5629035	[1, [0.049773921267308729, 0.95022607873269127]]
70972998	[1, [0.0072201028995328986, 0.9927798971004671]]
5629435	[1, [0.026537705296965419, 0.97346229470303458]]
5630337	[1, [0.013899565063366648, 0.98610043493663335]]
5630128	[1, [0.0059422807248658005, 0.9940577192751342]]
40105249	[1, [0.010457633162894941, 0.98954236683710506]]
6852616	[1, [0.041327671554624024, 0.95867232844537598]]
6601863	[1, [0.012232112605613077, 0.98776788739438692]]
74735603	[1, [0.0029000914406113187, 0.99709990855938868]]
7244649	[1, [0.018707618716228613, 0.98129238128377139]]
5727482	[1, [0.013119548889013899, 0.9868804511109861]]
6222330	[1, [0.013335573789442612, 0.98666442621055739]]
36893315	[1, [0.023405805154641302, 0.9765941948453587]]
6177746	[1, [0.044282054297241968, 0.95571794570275803]]
6117792	[1, [0.010651107695414663, 0.98934889230458534]]
74015953	[1, [0.028811177475913108, 0.97118882252408689]]
9192732	[1, [0.045766438323527558, 0.95423356167647244]]
85327843	[1, [0.0025753684534882693, 0.99742463154651173]]
40928314	[1, [0.0062139064715261982, 0.9937860935284738]]
12610561	[1, [0.0046708308381152586, 0.99532916916188474]]
7141597	[1, [0.027621029976740319, 0.97237897002325968]]
40947295	[1, [0.021549064384381755, 0.97845093561561824]]
5228180	[1, [0.029579139073232841, 0.97042086092676716]]
5228499	[1, [0.031037014204700841, 0.96896298579529916]]
5230280	[1, [0.014537962800658111, 0.98546203719934189]]
52371940	[1, [0.027263457315511275, 0.97273654268448873]]
5678051	[1, [0.029797370962636127, 0.97020262903736387]]
55198540	[1, [0.00076466093109062161, 0.99923533906890938]]
52348780	[1, [0.0022815619288492073, 0.99771843807115079]]
6877579	[1, [0.043513479733525262, 0.95648652026647474]]
5230644	[1, [0.041784895597814842, 0.95821510440218516]]
74941245	[1, [0.02957263126324694, 0.97042736873675306]]
5161508	[1, [0.039706864812107723, 0.96029313518789228]]
31422429	[1, [0.010557437569500339, 0.98944256243049966]]
47160610	[1, [0.026458789370968017, 0.97354121062903198]]
7261923	[1, [0.044296295074978564, 0.95570370492502144]]
5161500	[1, [0.041876657725562483, 0.95812334227443752]]
7278641	[1, [0.0040801226179061345, 0.99591987738209387]]
7258748	[1, [0.0028134575581636456, 0.99718654244183635]]
5603181	[1, [0.0054414073289758003, 0.9945585926710242]]
6088449	[1, [0.048511396797152329, 0.95148860320284767]]
5688765	[1, [0.028552697023552898, 0.9714473029764471]]
5807892	[1, [0.016632925630378104, 0.9833670743696219]]
7411630	[1, [0.032929617778985176, 0.96707038222101482]]
7916981	[1, [0.031051901337052157, 0.96894809866294784]]
25593631	[1, [0.0190930685357944, 0.9809069314642056]]
10487054	[1, [0.0067174284709516918, 0.99328257152904831]]
25791204	[1, [0.022269111387569152, 0.97773088861243085]]
5100718	[1, [0.023535149151368229, 0.97646485084863177]]
11343974	[1, [0.045991956036085524, 0.95400804396391448]]
51278791	[1, [0.041337292773467982, 0.95866270722653202]]
6371353	[1, [0.0031264713600047678, 0.99687352863999523]]
6371601	[1, [0.0073850181016278382, 0.99261498189837216]]
6373421	[1, [0.029903739796300677, 0.97009626020369932]]
5100328	[1, [0.027923944904603371, 0.97207605509539663]]
6602957	[1, [0.033075742797512797, 0.9669242572024872]]
32751154	[1, [0.039703436390192359, 0.96029656360980764]]
6159175	[1, [0.038707047905580771, 0.96129295209441923]]
5570882	[1, [0.020387205790946661, 0.97961279420905334]]
6033096	[1, [0.0049027839907791471, 0.99509721600922085]]
7292486	[1, [0.025753328129839437, 0.97424667187016056]]
5606030	[1, [0.0061122196809578755, 0.99388778031904212]]
27589633	[1, [0.0077131286514408037, 0.9922868713485592]]
7290106	[1, [0.026166727192427075, 0.97383327280757292]]
93697957	[1, [0.015796988304630832, 0.98420301169536917]]
6625960	[1, [0.04046441810842949, 0.95953558189157051]]
6623718	[1, [0.00010485543993699054, 0.99989514456006301]]
66998298	[1, [0.010381136030446103, 0.9896188639695539]]
6040124	[1, [0.0035449666421155657, 0.99645503335788443]]
98634299	[1, [0.026758443312436819, 0.97324155668756318]]
99333780	[1, [0.014754922473574905, 0.98524507752642509]]
6626117	[1, [0.042679036448879715, 0.95732096355112029]]
5325840	[1, [0.01028290155119449, 0.98971709844880551]]
5325852	[1, [0.0036039368699295471, 0.99639606313007045]]
30472940	[1, [0.0043165739231113553, 0.99568342607688864]]
30938939	[1, [0.008948514151227327, 0.99105148584877267]]
5325846	[1, [0.036866633428111806, 0.96313336657188819]]
5325842	[1, [0.041421237834009195, 0.95857876216599081]]
53964855	[1, [0.023300527348266487, 0.97669947265173351]]
23642128	[1, [0.026458789370968017, 0.97354121062903198]]
6132037	[1, [0.039102588350981793, 0.96089741164901821]]
7766078	[1, [0.0075880660005659406, 0.99241193399943406]]
17654546	[1, [0.018314775276109141, 0.98168522472389086]]
5325845	[1, [0.041861739423712407, 0.95813826057628759]]
68910391	[1, [0.026753889472597825, 0.97324611052740218]]
6584466	[1, [0.0097456467086924903, 0.99025435329130751]]
70432749	[1, [0.047803226487007855, 0.95219677351299215]]
5804284	[1, [0.046874247838079364, 0.95312575216192064]]
68994222	[1, [0.0024267746944401924, 0.99757322530555981]]
6711419	[1, [0.041327671554624024, 0.95867232844537598]]
94777514	[1, [0.0024267746944401924, 0.99757322530555981]]
7980226	[1, [0.017479734732683494, 0.98252026526731651]]
69024144	[1, [0.0062577693102446874, 0.99374223068975531]]
68958852	[1, [0.0057934222106138522, 0.99420657778938615]]
5307697	[1, [0.035275648932593273, 0.96472435106740673]]
5308225	[1, [0.02995400470777021, 0.97004599529222979]]
5308104	[1, [0.022187306273678264, 0.97781269372632174]]
5306657	[1, [0.034007773177100242, 0.96599222682289976]]
12170023	[1, [0.0074514854365875793, 0.99254851456341242]]
5551786	[1, [0.0048806335048150462, 0.99511936649518495]]
5532002	[1, [0.048072669388124378, 0.95192733061187562]]
5307468	[1, [0.017947822091265775, 0.98205217790873423]]
7714763	[1, [0.043666066982918528, 0.95633393301708147]]
5307628	[1, [0.032379239372708146, 0.96762076062729185]]
7715223	[1, [0.030681997923722837, 0.96931800207627716]]
5531609	[1, [0.039113743961968317, 0.96088625603803168]]
5306131	[1, [0.029317451797601701, 0.9706825482023983]]
5305266	[1, [0.04881722049517756, 0.95118277950482244]]
7445674	[1, [0.0062489771672095129, 0.99375102283279049]]
5735615	[1, [0.010277615138576612, 0.98972238486142339]]
5243895	[1, [0.0080879954680234123, 0.99191200453197659]]
5243886	[1, [0.011922946313717153, 0.98807705368628285]]
5243907	[1, [0.0044588569208526829, 0.99554114307914732]]
5243896	[1, [0.023535149151368229, 0.97646485084863177]]
5736395	[1, [0.010277615138576612, 0.98972238486142339]]
5661424	[1, [0.040920189933429607, 0.95907981006657039]]
5243894	[1, [0.041346493261857686, 0.95865350673814231]]
5243880	[1, [0.045170995966502647, 0.95482900403349735]]
5243887	[1, [0.0092837960297227351, 0.99071620397027726]]
6997148	[1, [0.0019106453116927158, 0.99808935468830728]]
96598292	[1, [0.0033621447363074708, 0.99663785526369253]]
76003331	[1, [0.0015504648683897226, 0.99844953513161028]]
72323951	[1, [0.025601598700565553, 0.97439840129943445]]
5801293	[1, [0.027492191039093172, 0.97250780896090683]]
83236693	[1, [0.0087325245048590627, 0.99126747549514094]]
5808950	[1, [0.018581064891019627, 0.98141893510898037]]
6043802	[1, [0.015074556397862038, 0.98492544360213796]]
5852550	[1, [0.0077958839753269338, 0.99220411602467307]]
79522878	[1, [0.0028442933924395231, 0.99715570660756048]]
30575266	[1, [0.0019021011783847408, 0.99809789882161526]]
5713638	[1, [0.020860240625050319, 0.97913975937494968]]
54557971	[1, [0.027596270341943008, 0.97240372965805699]]
7053071	[1, [0.016670401365173393, 0.98332959863482661]]
21141010	[1, [0.0039102834935265118, 0.99608971650647349]]
43732823	[1, [0.0052681036986331753, 0.99473189630136682]]
14327453	[1, [0.02431716133366979, 0.97568283866633021]]
6423602	[1, [0.02123150219295844, 0.97876849780704156]]
6510025	[1, [0.00068805241089653357, 0.99931194758910347]]
83951561	[1, [0.0071945345050865583, 0.99280546549491344]]
12665427	[1, [0.0074552960467052509, 0.99254470395329475]]
88266673	[1, [0.0058401000502138478, 0.99415989994978615]]
85363813	[1, [0.042218433215035711, 0.95778156678496429]]
44915157	[1, [0.018265217400447398, 0.9817347825995526]]
6251259	[1, [8.1399616987942736e-06, 0.99999186003830121]]
7772028	[1, [0.019332195485321502, 0.9806678045146785]]
6586750	[1, [0.0068700955967853083, 0.99312990440321469]]
6589342	[1, [0.01473905900204564, 0.98526094099795436]]
7130649	[1, [0.012541991299987121, 0.98745800870001288]]
36267643	[1, [0.0074552960467052509, 0.99254470395329475]]
6705726	[1, [0.013884433400325635, 0.98611556659967436]]
5658485	[1, [0.04709792907974919, 0.95290207092025081]]
6946935	[1, [0.0037759673139083905, 0.99622403268609161]]
6440949	[1, [0.04663168998138234, 0.95336831001861766]]
