9083420	1
5216174	1
9100256	1
9083831	1
32931789	1
9083302	1
5216185	1
96264835	1
9083540	1
91366465	1
5216181	1
91376626	1
91306826	1
7402050	1
84862241	1
41231624	1
46009827	1
30099728	1
32948951	1
97385829	1
5620821	1
7945090	1
14000825	1
68363731	1
30061509	1
41210017	1
9277096	1
9083461	1
9277429	1
5226260	1
9083793	1
41271500	1
35969924	1
7371885	1
9083228	1
45959104	1
9111813	1
5215016	1
96250057	1
6332749	1
7549285	1
76645305	1
45947413	1
14013573	1
76584447	1
7549061	1
7945607	1
7369512	1
65163894	1
5216166	1
9276312	1
7804682	1
50200957	1
9083811	1
35998018	1
97369845	1
5215627	1
5215450	1
90503119	1
9083187	1
5226077	1
50162566	1
32939907	1
9083803	1
7547763	1
5217122	1
44683115	1
20395528	1
68393939	1
7369529	1
30094347	1
9083662	1
5215036	1
5857680	1
9083789	1
5215046	1
20431136	1
5856060	1
20449791	1
5215004	1
41227365	1
6333148	1
14016599	1
20424147	1
9111123	1
9083164	1
7555417	1
91374335	1
96244195	1
35965119	1
5217058	1
7804129	1
46021789	1
9083064	1
9083777	1
97417210	1
7402202	1
5216164	1
6333071	1
50167512	1
84837783	1
90825075	1
51146414	1
5216190	1
13969545	1
5214989	1
77273157	1
9083613	1
7404780	1
35996096	1
9083191	1
9083203	1
9083821	1
5215630	1
5226197	1
6337980	1
7553979	1
5215444	1
16216695	1
76629368	1
5226230	1
50512708	1
9083097	1
5215014	1
9083340	1
9083771	1
9083258	1
9083555	1
50567887	1
76603540	1
51104119	1
7556694	1
9083136	1
9083845	1
6337111	1
77315836	1
7548689	1
9083840	1
5856984	1
51124230	1
7367956	1
50143343	1
62115585	1
50549847	1
9083722	1
7404818	1
9083691	1
90487690	1
41275267	1
50557159	1
90486235	1
45995252	1
9083787	1
9083380	1
90519520	1
68411276	1
9277155	1
30095596	1
97436806	1
7944656	1
7804680	1
91378342	1
7944875	1
90826876	1
5855590	1
7554329	1
9276669	1
97435988	1
5218437	1
32955936	1
9083577	1
97416107	1
41231374	1
96234058	1
62108962	1
6331601	1
90819510	1
9275907	1
84847814	1
9083506	1
97394240	1
30117290	1
90825631	1
7554730	1
77268174	1
5215018	1
90796971	1
65159930	1
84837305	1
9083748	1
5215010	1
5216189	1
9083077	1
99943359	1
5856697	1
5216180	1
65161184	1
46019677	1
68429021	1
9112209	1
50144526	1
32911595	1
7945477	1
5214982	1
5216124	1
9083271	1
9276498	1
77321305	1
5216169	1
35955164	1
9083331	1
6339169	1
20395938	1
93148210	1
93154136	1
9083542	1
9083503	1
13995741	1
68370416	1
86895733	1
65408394	1
5648240	1
88442010	1
93875442	1
86906785	1
26945800	1
29274134	1
49295052	1
5107046	1
93880734	1
29276167	1
49246759	1
9143881	1
5109672	1
88913335	1
5108067	1
5648238	1
28984636	1
65445423	1
27418181	1
26959676	1
5650869	1
88486760	1
88889423	1
49273943	1
5107080	1
9072877	1
14259477	1
97593911	1
5554511	1
29291324	1
5107044	1
9055670	1
26907081	1
9072493	1
5108441	1
76923409	1
5105788	1
65017993	1
88549337	1
5648230	1
9039939	1
5108874	1
9143616	1
5108880	1
9056848	1
5109651	1
5109824	1
29939822	1
6645213	1
5648908	1
5105814	1
9143592	1
86878973	1
29280175	1
5648237	1
5246898	1
9072605	1
86895423	1
25374356	1
29953755	1
86911318	1
5649114	1
9073189	1
7384549	1
23207856	1
25348012	1
7381569	1
69314093	1
14289330	1
25336234	1
5649841	1
65415353	1
14255613	1
97623885	1
86897503	1
27452536	1
5649623	1
49300889	1
49259285	1
16986911	1
5648249	1
23201572	1
5553565	1
65463276	1
5553678	1
5106841	1
64996668	1
78243517	1
26953151	1
88467720	1
7380771	1
23151841	1
14262808	1
6643096	1
7384790	1
5553876	1
88855447	1
5552611	1
17003714	1
23170250	1
5107745	1
14256935	1
5648248	1
5108098	1
91626026	1
29937771	1
23210434	1
97603006	1
76936363	1
29951026	1
17024433	1
29320254	1
23175815	1
27398995	1
7378953	1
5648637	1
26921443	1
65024661	1
26944383	1
76924101	1
25322160	1
65442574	1
5244664	1
9051745	1
6642584	1
29926072	1
88545383	1
17002650	1
16992696	1
5245805	1
5245423	1
69296329	1
26917290	1
9039483	1
78234965	1
65449736	1
23158741	1
29257009	1
16983818	1
9039861	1
9144348	1
29958753	1
14258329	1
9072647	1
5244509	1
34320479	1
49254446	1
76888376	1
14252192	1
9073177	1
88426330	1
52076321	1
28321563	1
5664904	1
44240224	1
44236021	1
44204489	1
39285636	1
23815152	1
36109048	1
36119781	1
6408848	1
86976135	1
86949949	1
35928716	1
36150405	1
7961280	1
51179161	1
5754117	1
9032552	1
6238175	1
67582832	1
95645795	1
51188900	1
86986394	1
23851674	1
52061476	1
94935070	1
6412921	1
5666390	1
6206848	1
94905012	1
16475274	1
16439258	1
9341780	1
7961152	1
9032489	1
9342974	1
15833195	1
6237520	1
93074454	1
77245650	1
7846169	1
95705351	1
77189031	1
6206166	1
6408688	1
39476610	1
62265457	1
9033223	1
6416643	1
86974382	1
16431139	1
95689710	1
52094565	1
28329817	1
23795179	1
52115698	1
6238424	1
5755145	1
15803458	1
95673158	1
51198520	1
51167823	1
89645077	1
23861121	1
30492510	1
7932732	1
60239178	1
62280093	1
53310303	1
89646055	1
6206702	1
6414049	1
7946937	1
95649887	1
6234778	1
67549214	1
6406818	1
7960597	1
6238065	1
15811580	1
94926502	1
39258786	1
7845608	1
53354212	1
6202162	1
62266219	1
5665934	1
30512554	1
77250981	1
51216826	1
28340940	1
53331012	1
9032358	1
9342176	1
39278308	1
35897576	1
6409707	1
36131386	1
6203735	1
51225946	1
95693493	1
9032485	1
5665011	1
55068088	1
6405521	1
62250223	1
6238351	1
6403507	1
89698311	1
6237802	1
6234919	1
15861463	1
6403868	1
67558574	1
77221884	1
51228609	1
5754029	1
9033402	1
50219946	1
93039720	1
7960592	1
44064330	1
50262386	1
86919048	1
9342313	1
86930339	1
55082536	1
53330957	1
6411520	1
6238592	1
94897430	1
6408272	1
7989043	1
9292211	1
9235009	1
9122765	1
9235143	1
5112261	1
22599526	1
6612417	1
5254081	1
5254068	1
7238751	1
5251893	1
6226035	1
7237376	1
7827746	1
39165623	1
6231626	1
41302314	1
9122172	1
9234161	1
5111961	1
30815658	1
41287700	1
76691756	1
99254870	1
88140016	1
38601619	1
9121674	1
9233952	1
5114119	1
22852346	1
62210006	1
7988752	1
46277466	1
9122406	1
5110009	1
46249817	1
76660588	1
38573824	1
18795334	1
7116979	1
5114026	1
7988774	1
7826742	1
9291953	1
22801957	1
7354819	1
22605982	1
17890591	1
98165618	1
5112036	1
46261411	1
75194028	1
7645629	1
7239021	1
18748109	1
62234886	1
5110006	1
5254067	1
9292668	1
39214145	1
6230099	1
88133230	1
7175366	1
5252987	1
56331159	1
9235360	1
46261821	1
30834723	1
22615861	1
7356031	1
6091642	1
5110660	1
38631159	1
9122341	1
22791219	1
7826781	1
18805200	1
7645277	1
39188326	1
5254044	1
98156288	1
76704057	1
56780974	1
22857882	1
39796307	1
7114382	1
22623048	1
7971225	1
47764628	1
46255415	1
56795108	1
99288514	1
7988600	1
75227882	1
5340548	1
88162481	1
5110712	1
58527519	1
7176970	1
58542342	1
9122498	1
7355502	1
5339377	1
5112917	1
6438097	1
6613699	1
5113483	1
98144442	1
22580747	1
98187946	1
18797686	1
98157481	1
5573236	1
99265747	1
7988364	1
5338301	1
7355140	1
5251459	1
6232210	1
76674075	1
5574529	1
22826923	1
5110005	1
39763727	1
7238187	1
22786049	1
7988663	1
56281021	1
5574271	1
5113484	1
5339890	1
7827322	1
9234364	1
9122158	1
18785486	1
9122748	1
99252690	1
46250730	1
62237467	1
17862685	1
6613918	1
41345728	1
62172789	1
88173673	1
88158147	1
5110004	1
5110689	1
7988666	1
22791546	1
9122191	1
5114093	1
9234661	1
5256213	1
7115245	1
7827906	1
73628488	1
9224574	1
53832414	1
48048410	1
9225620	1
59525092	1
97198583	1
33816134	1
19599357	1
9006957	1
9002111	1
48013778	1
33788579	1
9007086	1
9007762	1
7419497	1
90080213	1
80954333	1
27874579	1
45376704	1
9001849	1
9002098	1
79414187	1
9001860	1
97143665	1
9062153	1
55987827	1
7991567	1
5353737	1
7802018	1
6447301	1
7801568	1
7424118	1
95358274	1
79408393	1
22335481	1
9002679	1
45385064	1
98294760	1
98344097	1
9224514	1
9002636	1
9220425	1
60504009	1
45388031	1
9002378	1
18004054	1
9225065	1
54280900	1
19556371	1
45411282	1
55961740	1
7420152	1
7932081	1
9224649	1
56015282	1
5352515	1
80940117	1
5353428	1
94131874	1
94100919	1
9061339	1
53845992	1
48010566	1
6445333	1
6074284	1
9007684	1
9002300	1
95355789	1
60484306	1
24225863	1
56017962	1
19597196	1
27839879	1
5353706	1
7420534	1
9218891	1
80972449	1
7931681	1
5354089	1
6071954	1
6664165	1
97155666	1
5353816	1
7991812	1
54319800	1
54304765	1
5352688	1
19563589	1
9007119	1
9007483	1
33804543	1
5352455	1
7423466	1
97141778	1
9007045	1
22344694	1
24265973	1
5351857	1
94114695	1
5353603	1
60471174	1
7802007	1
45403743	1
60475101	1
9225712	1
31520257	1
7419590	1
9060920	1
7423208	1
94103123	1
56028511	1
9007739	1
7422147	1
48065007	1
5354105	1
9219192	1
80928516	1
5354157	1
9001874	1
60477343	1
24223989	1
9002305	1
6444019	1
6071972	1
33800581	1
9219577	1
97162032	1
98287479	1
27830419	1
40025395	1
19579492	1
27870120	1
22338892	1
39992189	1
80940295	1
94088108	1
9224962	1
80979798	1
45367366	1
50601612	1
73626260	1
9007359	1
9220312	1
19584288	1
22347806	1
5353938	1
95348649	1
31565114	1
9007506	1
9225319	1
9219664	1
80922250	1
7801345	1
7991609	1
22311469	1
33830537	1
33770412	1
9225544	1
9224447	1
7802499	1
98283171	1
9298050	1
9248932	1
5758710	1
9134375	1
89444459	1
7748627	1
71489618	1
7655066	1
92861337	1
7744765	1
9250825	1
9250010	1
9222828	1
58856080	1
9222934	1
7743827	1
25966033	1
5764326	1
61786042	1
9222736	1
71514602	1
9224039	1
7652726	1
63975969	1
77833138	1
25970960	1
77798723	1
63946238	1
9222639	1
7232791	1
85995251	1
7742651	1
94217166	1
85963560	1
76373962	1
9223654	1
9248578	1
36577568	1
58819482	1
9250486	1
9224076	1
58809703	1
19023966	1
92861948	1
6968410	1
9250022	1
63953931	1
92848532	1
7942164	1
6489992	1
9134729	1
58815140	1
6928928	1
25993186	1
36549701	1
6967588	1
7285608	1
9250722	1
9248353	1
9223690	1
71503086	1
94152285	1
58881653	1
7357313	1
77809979	1
9134527	1
7984014	1
9298117	1
7748550	1
9250038	1
6928275	1
94184633	1
7961691	1
9251838	1
18964922	1
27166304	1
33933453	1
5764394	1
33949635	1
77838434	1
89427723	1
27156695	1
33973723	1
52533882	1
71500413	1
6928224	1
27133183	1
7963249	1
89442789	1
89469242	1
9223188	1
94194103	1
9223953	1
9250692	1
71536003	1
5756975	1
9250093	1
58818411	1
27159754	1
9134140	1
64000146	1
9249769	1
7984223	1
7983765	1
9248853	1
9223930	1
71505264	1
76398135	1
7742626	1
33948875	1
9250212	1
33903714	1
76424116	1
89426230	1
9298471	1
5762147	1
9251942	1
92804528	1
58854118	1
76408883	1
92813355	1
9223319	1
9248375	1
93320328	1
7654635	1
58898728	1
9134818	1
58791833	1
71505591	1
33926804	1
7983656	1
46772309	1
4024871	1
14509048	1
7870299	1
40721208	1
7867082	1
7565943	1
40735699	1
4029348	1
7601787	1
10911748	1
4025617	1
7543466	1
25087016	1
7722983	1
4025907	1
6034292	1
7869287	1
7546514	1
9341258	1
22038421	1
7545163	1
10925067	1
10174594	1
51650080	1
10898176	1
21628063	1
4027954	1
4027245	1
7490208	1
14462186	1
89955648	1
7867727	1
51625874	1
7789750	1
22020087	1
9341131	1
25110108	1
7723430	1
5840044	1
7602289	1
4027472	1
7869184	1
5344647	1
4027488	1
4027819	1
4026385	1
4029777	1
21620285	1
7723082	1
9042637	1
4027513	1
9339813	1
10213367	1
35166510	1
4029136	1
7557852	1
9339672	1
5670388	1
5345047	1
9139842	1
7543054	1
5344709	1
4027748	1
7868510	1
79025505	1
22049875	1
5569351	1
46814406	1
7790508	1
9339716	1
7560449	1
21617779	1
5842828	1
5843224	1
7540369	1
9340743	1
6604676	1
5840357	1
9139841	1
4027230	1
4027036	1
89994993	1
40747760	1
4029866	1
5670898	1
9139239	1
22038788	1
48626465	1
40733594	1
7867573	1
90004199	1
7491860	1
14506894	1
35166357	1
7722405	1
5670448	1
6160747	1
6036036	1
9340277	1
21647265	1
7722361	1
89986901	1
4025874	1
7542719	1
7866962	1
7492148	1
10775905	1
4026753	1
9339972	1
5341755	1
32767082	1
4026200	1
21581655	1
6034587	1
7789764	1
5840381	1
22017953	1
7542466	1
25096378	1
79037833	1
48649625	1
7567416	1
40696420	1
10901943	1
40692901	1
5344866	1
40714718	1
7540671	1
7491809	1
6164034	1
32806197	1
14488529	1
51664563	1
7722135	1
9310671	1
10788209	1
7868943	1
14456245	1
6035810	1
7601502	1
4025872	1
7722613	1
6604347	1
7867857	1
4027712	1
9139427	1
25081108	1
7722268	1
7536566	1
5569348	1
7544272	1
7491023	1
70385990	1
7980105	1
74486756	1
48302227	1
74454584	1
44826802	1
56465867	1
71995522	1
9259027	1
56474856	1
58444721	1
7946212	1
5803126	1
6713122	1
58479368	1
56101698	1
56454868	1
67446211	1
9114501	1
57368715	1
9258896	1
7946755	1
74456346	1
85177182	1
85166496	1
58417084	1
67408522	1
21681525	1
98935816	1
22500252	1
62770673	1
9306307	1
75611420	1
47315240	1
21674933	1
9114437	1
6712065	1
63674181	1
13395624	1
6712034	1
7790644	1
22509847	1
77886425	1
7791733	1
5803918	1
94757355	1
99003472	1
94806900	1
7914459	1
62770843	1
91891435	1
57314288	1
7914403	1
13356960	1
41200410	1
46836588	1
7791100	1
6708715	1
5804328	1
9114332	1
9306319	1
85152533	1
91874517	1
21652678	1
7946637	1
46878378	1
98937518	1
94793531	1
58477871	1
7946268	1
7979579	1
46827514	1
55746337	1
91906321	1
77908755	1
72022234	1
55778339	1
58472484	1
98977634	1
7914431	1
57371507	1
44818433	1
9257556	1
58473547	1
68994222	1
7946372	1
56059458	1
7979686	1
58463224	1
67454655	1
56105842	1
98997348	1
9257622	1
57347549	1
99395421	1
9258534	1
7791531	1
70433453	1
77852484	1
63193926	1
48308428	1
69006169	1
13374474	1
47282158	1
7979752	1
44778277	1
77901909	1
98956100	1
48341480	1
9114223	1
7026065	1
63186076	1
85127639	1
9257491	1
48321697	1
6711482	1
91905288	1
5804996	1
9114126	1
22527740	1
9257895	1
77888168	1
9258312	1
57344979	1
44752935	1
7980416	1
63666211	1
75559828	1
67429012	1
94770322	1
77857562	1
70393559	1
9114810	1
55747085	1
99428955	1
44794554	1
55769601	1
70422334	1
72009234	1
48354676	1
21659058	1
94777514	1
55756861	1
47339825	1
6709046	1
94742306	1
7914353	1
48430972	1
64762916	1
9006389	1
7917871	1
66977635	1
98569255	1
9008259	1
9008356	1
9008326	1
7917706	1
6887085	1
9309320	1
18670951	1
5346858	1
7955049	1
9254294	1
5405100	1
7917707	1
9254251	1
5404383	1
9006836	1
72211547	1
7954558	1
5405461	1
7917743	1
9006674	1
7974786	1
64757832	1
7954533	1
77535438	1
9005861	1
16192287	1
6625419	1
64749451	1
9006703	1
18661072	1
96498185	1
69379013	1
24139406	1
64776941	1
9007859	1
9008439	1
99330319	1
9254094	1
9321584	1
99314141	1
9005911	1
42061553	1
9255018	1
5404621	1
6882930	1
28198819	1
9255217	1
7973887	1
7951448	1
99367222	1
7254396	1
7974657	1
5404583	1
42100847	1
69331378	1
16197478	1
9309012	1
6625047	1
7917697	1
9321540	1
64740086	1
99344660	1
7974378	1
6626513	1
98568080	1
18620025	1
48436299	1
9322736	1
64204391	1
9005869	1
48437361	1
86500312	1
9008201	1
6040852	1
9006650	1
86506626	1
6040765	1
6042840	1
9006297	1
64805965	1
9008434	1
5410543	1
42083897	1
6272637	1
84742410	1
5346655	1
48430190	1
16198291	1
7917858	1
84811820	1
9006480	1
72227895	1
7974443	1
6267524	1
98733444	1
64211123	1
9321859	1
27300850	1
6042165	1
5347846	1
55448460	1
9255743	1
9254212	1
7951218	1
5671475	1
9321352	1
64775078	1
24116656	1
6882852	1
72261533	1
9006748	1
9308562	1
6276423	1
7917708	1
7973912	1
6276011	1
77500833	1
9008194	1
98753497	1
6277418	1
5671215	1
86500882	1
6042632	1
55465994	1
7974518	1
67005920	1
72224376	1
64189037	1
55496019	1
55500014	1
9309230	1
7918016	1
6623605	1
5346682	1
64209235	1
9308420	1
9322133	1
9254045	1
6268484	1
7954723	1
42067860	1
6626718	1
6881622	1
5404620	1
7974513	1
9006129	1
7917709	1
66966172	1
9308974	1
7255955	1
7951849	1
6267661	1
6886123	1
9308870	1
28197740	1
55490432	1
64740282	1
9308250	1
6886479	1
89781909	1
7917884	1
6279086	1
7951639	1
96495738	1
9309063	1
77485422	1
42054362	1
7973007	1
81762374	1
23868798	1
7992710	1
7343150	1
70580387	1
7665545	1
7856241	1
52007281	1
38781011	1
5784095	1
81792469	1
95599942	1
7858093	1
9278778	1
7972996	1
95579830	1
7992010	1
9084748	1
5510937	1
5513866	1
7854725	1
51995834	1
9084945	1
5510047	1
80631214	1
7664039	1
7857787	1
51864433	1
27583328	1
5522508	1
5511528	1
81752036	1
9085052	1
7992103	1
9085020	1
68342408	1
98412052	1
48486266	1
7992895	1
7992039	1
70585821	1
5779012	1
9084966	1
6943913	1
7341120	1
44117586	1
9278302	1
51973926	1
27549405	1
70566844	1
6943291	1
7992455	1
81771472	1
48463136	1
5513712	1
5511267	1
81117563	1
23925580	1
6942915	1
6942667	1
32336859	1
80656995	1
70583109	1
85111268	1
5779038	1
9084854	1
48477965	1
9084792	1
6070674	1
9084980	1
9084889	1
9084987	1
16140625	1
6943064	1
23928240	1
6944211	1
9084986	1
16122649	1
9278098	1
68352324	1
78630812	1
5513820	1
59252743	1
5511242	1
5513732	1
9279219	1
7339820	1
6707688	1
40617623	1
6942728	1
6942688	1
52007214	1
9085067	1
7856808	1
9278816	1
5513793	1
85069759	1
7855262	1
23898789	1
9278073	1
85085127	1
7973389	1
59238513	1
6944009	1
80674389	1
5513711	1
47248626	1
78641709	1
32364719	1
9277811	1
47245697	1
6942967	1
9053777	1
95567115	1
9084822	1
68358264	1
5609270	1
9085014	1
7857542	1
59258341	1
7343372	1
98399154	1
5513775	1
80860158	1
81815705	1
9053960	1
5604836	1
9277558	1
68290411	1
40658489	1
9277985	1
7856328	1
93698444	1
5511007	1
70556674	1
7992292	1
95623065	1
6942629	1
7992851	1
38740638	1
9084842	1
9084964	1
6068800	1
98418570	1
40631076	1
38749736	1
5510889	1
40659293	1
5605979	1
82694799	1
38743913	1
38768082	1
48494482	1
7991910	1
27543756	1
29885536	1
81108349	1
5510046	1
7992279	1
7854871	1
59273959	1
9278258	1
9278480	1
44165325	1
29897680	1
85043961	1
5511108	1
27541142	1
9084803	1
9277728	1
5512990	1
85078586	1
48465346	1
47209818	1
7339631	1
68287630	1
5513718	1
9278859	1
9085079	1
68341557	1
7666046	1
38764557	1
9085073	1
9054103	1
5513870	1
51853592	1
7337973	1
44168562	1
80857526	1
5784089	1
29884966	1
9084848	1
9084957	1
9084913	1
9084959	1
9278836	1
9084877	1
47268360	1
5608689	1
80876527	1
9054406	1
5613447	1
19186917	1
23395716	1
21177831	1
21558411	1
37642284	1
19230849	1
9103293	1
9112722	1
7953743	1
6043554	1
14315119	1
7500887	1
6724566	1
6187996	1
7950395	1
21185143	1
6188196	1
14357952	1
9103543	1
36169704	1
9103498	1
5850991	1
21537808	1
79776905	1
7950985	1
9103396	1
43704507	1
21509540	1
6952155	1
16915472	1
65694832	1
6655861	1
70053839	1
43707880	1
6952365	1
9103124	1
9103736	1
14335229	1
61174405	1
5809769	1
30626217	1
38933638	1
5808747	1
7950346	1
7905248	1
79765020	1
79754684	1
21548813	1
9102882	1
23383207	1
38933307	1
69986644	1
53779155	1
65633369	1
7950406	1
5851190	1
5809095	1
36158255	1
65681234	1
53763337	1
9103041	1
65692159	1
54588789	1
7501200	1
5613467	1
53757260	1
37636202	1
6185055	1
43678782	1
9102714	1
6043802	1
43664844	1
14376114	1
5851369	1
30618872	1
53769824	1
70039929	1
9112592	1
16933686	1
79872461	1
9103367	1
30589053	1
5851164	1
7950881	1
79578394	1
39004468	1
9103698	1
37668694	1
53086438	1
9103536	1
9113498	1
6144099	1
6188294	1
5809268	1
65684699	1
65654121	1
5852314	1
9103734	1
6147696	1
87766877	1
19216898	1
9112971	1
70019158	1
38998111	1
37676108	1
99651277	1
7502411	1
87744402	1
30610614	1
7051612	1
9102853	1
14380119	1
5611103	1
5612821	1
9113475	1
16957517	1
54581446	1
43661131	1
36191126	1
79548783	1
21537153	1
99632484	1
65683960	1
79834217	1
21178915	1
87789353	1
65687959	1
99648368	1
79757584	1
5711063	1
21178760	1
71743176	1
9112729	1
6951545	1
6656592	1
79778745	1
5853744	1
38962297	1
5808689	1
61153285	1
79857881	1
6043713	1
79793455	1
99628723	1
7950998	1
6950914	1
6950428	1
37651307	1
9102995	1
23429302	1
87797019	1
7579920	1
9153976	1
91917417	1
96634188	1
25722293	1
7579255	1
9107484	1
58205507	1
84356250	1
7921774	1
9107306	1
9106616	1
26135165	1
14177707	1
76026668	1
72332952	1
91970996	1
9153126	1
9297176	1
46071434	1
26137017	1
14215217	1
58193756	1
97494094	1
7850945	1
7849720	1
86808026	1
12774096	1
76011866	1
62084204	1
53902753	1
26381262	1
84405319	1
62046141	1
9297737	1
72294444	1
7851607	1
26160858	1
7922185	1
9324705	1
90953709	1
89100222	1
7619330	1
84385691	1
26150605	1
91910703	1
9296524	1
11625688	1
6819471	1
7582119	1
62077943	1
12780427	1
99199638	1
12777000	1
7619933	1
9130492	1
7915982	1
9106393	1
9345515	1
86808740	1
25733764	1
9344961	1
7850548	1
9141484	1
7579671	1
7579983	1
11072568	1
7851529	1
58244714	1
9129926	1
86772814	1
9142304	1
14218181	1
9107066	1
11591606	1
86830741	1
46092798	1
25716632	1
7921631	1
11582272	1
9345195	1
9344722	1
9324047	1
46036970	1
79982355	1
83190201	1
9141242	1
9345330	1
88205288	1
88231922	1
11072402	1
7615218	1
9129623	1
96656269	1
9129620	1
11597717	1
6814586	1
11580502	1
7580876	1
6819079	1
11577274	1
11099781	1
11121901	1
9345700	1
26162357	1
86797739	1
26152448	1
14172181	1
62045531	1
12767812	1
9297370	1
90950639	1
9106719	1
76048442	1
9296955	1
9345527	1
62075902	1
80026759	1
9297361	1
9153987	1
14197732	1
27729394	1
9106653	1
7850483	1
53886094	1
7580944	1
11582719	1
12821359	1
9129961	1
9324108	1
7916449	1
9129834	1
7580604	1
7850929	1
5797613	1
83212912	1
83189007	1
9141946	1
58262811	1
7921946	1
9106728	1
9129957	1
17581640	1
98088451	1
20938238	1
6216836	1
7274243	1
6289702	1
6210603	1
7739364	1
59925954	1
6283219	1
36383750	1
57031733	1
53221631	1
21487682	1
88833686	1
9110481	1
47085446	1
35739364	1
7952392	1
7958752	1
53171215	1
59946860	1
21474042	1
57047809	1
6213516	1
7959043	1
47079356	1
7741295	1
52592755	1
9203668	1
6212608	1
35754392	1
59905801	1
43230312	1
7122989	1
25930306	1
7121971	1
25945639	1
98085130	1
17610207	1
6215308	1
7959164	1
7959382	1
7697810	1
33223103	1
83686654	1
9306107	1
6291063	1
89168565	1
7696474	1
25955688	1
7698260	1
73303010	1
5373391	1
88845768	1
43251799	1
98052161	1
13322051	1
9111086	1
9110585	1
6286181	1
89204942	1
7696277	1
7958822	1
6288471	1
9110163	1
88835875	1
26747591	1
53184699	1
83747229	1
7697025	1
36431379	1
6157382	1
26698431	1
59898883	1
31848778	1
20951338	1
52633563	1
9305515	1
73307271	1
20970894	1
5374225	1
5374216	1
7959135	1
9203369	1
98057378	1
6210721	1
36402453	1
33227598	1
9110415	1
7959525	1
43235383	1
21495338	1
13273448	1
7698953	1
31633047	1
17612578	1
26750898	1
5374274	1
9304900	1
6288032	1
7698402	1
7699126	1
6293539	1
6215322	1
7697139	1
13276909	1
7738117	1
7120878	1
31858887	1
7696113	1
65222990	1
7124163	1
53197229	1
7123189	1
65209280	1
7269937	1
83749470	1
7952177	1
36383100	1
9202414	1
78839679	1
7959428	1
7698762	1
6212819	1
13288146	1
29527264	1
98085238	1
25918633	1
9306060	1
17573830	1
25929904	1
9202597	1
78848656	1
6281509	1
29482986	1
53223181	1
6158236	1
7739803	1
7959319	1
6212428	1
98119007	1
7698689	1
7696147	1
17567250	1
36433509	1
47076655	1
5373387	1
6283888	1
52596676	1
65238969	1
20986543	1
7698718	1
9111102	1
25953368	1
7959598	1
9110604	1
78874569	1
65212538	1
6213574	1
83746468	1
7123676	1
73278582	1
20940416	1
78882932	1
29529193	1
6286775	1
89146421	1
9110230	1
6284340	1
9111010	1
17583787	1
21472445	1
53208773	1
73335732	1
6209429	1
65258396	1
98070195	1
83732301	1
78862254	1
9204102	1
9204036	1
6158012	1
73292770	1
9203747	1
9306077	1
98103736	1
59929735	1
6211501	1
31652547	1
78841071	1
7952299	1
9084542	1
5193082	1
9026270	1
34384848	1
9083866	1
9084384	1
81906869	1
44848279	1
62602918	1
9084062	1
40397414	1
6376283	1
9084108	1
50465279	1
9084381	1
50428275	1
30014957	1
7167303	1
60619752	1
60686111	1
9242077	1
9084742	1
9084389	1
90456196	1
9084520	1
9241455	1
9026015	1
30023206	1
9052908	1
44844515	1
9084200	1
49575361	1
79169472	1
9241801	1
6374697	1
64280041	1
7970206	1
50428308	1
79184598	1
5192882	1
9083858	1
7990562	1
69950351	1
9083962	1
9242590	1
6375479	1
9242334	1
75699769	1
9083919	1
9084617	1
85464724	1
90424196	1
27808579	1
49091180	1
64245311	1
50405709	1
5190456	1
7990770	1
79166848	1
9083886	1
9084639	1
9084025	1
60640075	1
9084437	1
18283306	1
18929362	1
50492247	1
9084181	1
7573910	1
75750482	1
60618545	1
49081412	1
50378520	1
34344272	1
9052776	1
18278171	1
49590329	1
9084613	1
69555837	1
9084234	1
7573442	1
9026086	1
9084490	1
9084296	1
9084047	1
27805641	1
44846915	1
44886098	1
69909498	1
9084374	1
18895939	1
69543716	1
7729056	1
6377494	1
69558843	1
49040818	1
9026539	1
50476672	1
63381632	1
9241208	1
9241554	1
6376336	1
7728106	1
78818871	1
9084285	1
90428788	1
30016910	1
9084406	1
64233643	1
85442306	1
9084503	1
90418132	1
69542573	1
50446471	1
34337658	1
9084288	1
5187429	1
18253152	1
9084203	1
7171184	1
85442552	1
7170003	1
64267995	1
50488003	1
49574704	1
57434246	1
9084642	1
7171707	1
9084495	1
85448529	1
60642288	1
9084444	1
9084044	1
7727717	1
57422734	1
9084555	1
9025903	1
7573597	1
5190508	1
6377816	1
9083911	1
9241700	1
84559756	1
9084182	1
9083950	1
78802536	1
9083916	1
84573847	1
60640498	1
7573341	1
84535829	1
75711485	1
50497469	1
7635487	1
9084496	1
50364336	1
57428214	1
6699980	1
50454833	1
9084013	1
9053335	1
9084526	1
9084693	1
30024690	1
9084218	1
90393902	1
85419819	1
7990493	1
9242034	1
7170418	1
54662247	1
5538182	1
81422832	1
33447185	1
34159396	1
5618912	1
9157471	1
5618913	1
5122606	1
6239909	1
81449440	1
5131489	1
33419394	1
34160474	1
9157581	1
9124435	1
9124144	1
32686178	1
58038189	1
60039910	1
9124216	1
5122620	1
5133772	1
54683634	1
9124138	1
5122054	1
6239045	1
6684622	1
9124321	1
33443267	1
7220936	1
81374572	1
6044805	1
68242592	1
33419234	1
41588932	1
24502908	1
81494820	1
34147901	1
7223460	1
58566814	1
68267759	1
42371192	1
32692334	1
6683969	1
5124181	1
58014833	1
58002917	1
29345419	1
6474557	1
60032139	1
33014042	1
22441286	1
6681113	1
15183455	1
68225545	1
6239936	1
68255452	1
9158181	1
5129625	1
5540991	1
47954738	1
81395990	1
47964335	1
63291797	1
33458038	1
86425215	1
22461045	1
32704048	1
15204400	1
34161731	1
5617058	1
15153724	1
5539933	1
5730651	1
37261350	1
34141480	1
9124796	1
60093912	1
58016879	1
32976493	1
22448699	1
57981024	1
9124791	1
7221602	1
6044786	1
22456415	1
83846072	1
9158156	1
5120203	1
29342441	1
9157948	1
37200094	1
6239671	1
22479837	1
60077663	1
83876157	1
24474545	1
21987914	1
5618162	1
47961948	1
15213107	1
54638309	1
9124574	1
93234093	1
9124412	1
34136039	1
62544064	1
58015951	1
5617576	1
5131163	1
32724338	1
33461072	1
6681216	1
86427981	1
86434823	1
42348032	1
37190063	1
5121881	1
9125012	1
86424121	1
5732366	1
57996319	1
5129595	1
9157516	1
41595009	1
5733227	1
6239373	1
7221428	1
9158217	1
54625140	1
94011149	1
83902218	1
21964446	1
7998866	1
7975088	1
9211200	1
38158206	1
6179031	1
9270887	1
7956030	1
9271443	1
5237013	1
96047461	1
96032349	1
48200910	1
60842056	1
87514029	1
5420622	1
96059766	1
5236883	1
7955863	1
7999051	1
72070834	1
7975193	1
5411187	1
5420823	1
5412792	1
5413216	1
6217976	1
9270577	1
7974951	1
7955532	1
43620130	1
13544717	1
5727246	1
97109678	1
7999707	1
9195784	1
61811448	1
9197665	1
7799793	1
5232548	1
6838288	1
7999599	1
9209629	1
13586939	1
7955856	1
60899628	1
38172098	1
91735571	1
61643433	1
36874683	1
13572759	1
9209951	1
9109930	1
7999104	1
6839538	1
6833015	1
91737503	1
7974995	1
7999664	1
72084421	1
5233757	1
9271867	1
7934192	1
5421039	1
5728322	1
15694722	1
7999248	1
26776808	1
9271839	1
6832397	1
5236884	1
95547467	1
7799382	1
9271338	1
87554530	1
5235369	1
94418300	1
60903270	1
71447553	1
5237012	1
85227756	1
9197646	1
5236886	1
5237127	1
94381726	1
36871729	1
5237015	1
7800170	1
7933881	1
72838720	1
95542903	1
6182327	1
5419034	1
38149815	1
36869211	1
26756628	1
9211080	1
5415800	1
96039414	1
65912052	1
6182598	1
7933509	1
9109931	1
65900667	1
5232381	1
7999095	1
13554589	1
6222301	1
9211248	1
38191639	1
97088706	1
9209967	1
13579497	1
5420529	1
48149520	1
5417395	1
9209418	1
36828850	1
36884653	1
97078432	1
6219249	1
7999513	1
9038229	1
9210766	1
96027979	1
6837430	1
38190340	1
72810817	1
48213548	1
61803755	1
7974907	1
6218076	1
43633855	1
48220276	1
87532327	1
65874472	1
9270391	1
65894420	1
91690574	1
5742158	1
9110022	1
5416578	1
72083293	1
26793361	1
36860614	1
96053628	1
5745468	1
43651653	1
6217347	1
38157198	1
5237081	1
87556997	1
96005931	1
5232377	1
72867902	1
61611193	1
97125712	1
9209561	1
5411859	1
7999512	1
7975312	1
36828034	1
71464881	1
9045742	1
7955654	1
5898190	1
61648734	1
9046228	1
9195765	1
13549213	1
5236730	1
43644488	1
6180027	1
9302502	1
5863164	1
9076728	1
15727903	1
50009095	1
9301661	1
16530986	1
89360272	1
6633646	1
5271739	1
9076988	1
9045609	1
6498499	1
93485101	1
57232025	1
7227797	1
70923933	1
9077045	1
9044769	1
6500149	1
81267865	1
42123209	1
9077294	1
57225199	1
57225965	1
7620975	1
89304930	1
17693568	1
57179932	1
9246967	1
9045382	1
9314808	1
44431408	1
70906404	1
66089962	1
89368809	1
19915389	1
67461831	1
9077293	1
19898997	1
5273899	1
89289657	1
17712661	1
81264203	1
62528183	1
93550277	1
93498258	1
6633456	1
6383165	1
44454336	1
7226519	1
9045350	1
9301724	1
42173534	1
6385474	1
62514595	1
5272791	1
50039080	1
93489018	1
6630640	1
64920806	1
6344669	1
9316101	1
16559870	1
89392513	1
17730578	1
6630686	1
9314814	1
62540901	1
9302920	1
17709118	1
9045579	1
9301861	1
81290017	1
6631093	1
5271548	1
9246819	1
7912942	1
9302504	1
6344437	1
5321681	1
6676142	1
9315518	1
9302754	1
5864347	1
5275668	1
6630593	1
9302648	1
7971996	1
6340041	1
66099011	1
62506328	1
89340723	1
16506226	1
9077036	1
9301343	1
6384277	1
42167142	1
7624615	1
5275501	1
81266845	1
62524545	1
81222885	1
5273081	1
9315352	1
9302621	1
9044488	1
15729781	1
5270718	1
15793858	1
89363496	1
9247539	1
9098446	1
7225150	1
5932353	1
9247031	1
7911087	1
89301177	1
6340971	1
50001430	1
9044579	1
6499671	1
5932359	1
66122575	1
89403464	1
7971662	1
5923480	1
16506894	1
9076694	1
9043894	1
6341998	1
5271133	1
67498879	1
89410580	1
83345584	1
89337548	1
66108240	1
7971857	1
42139997	1
6632159	1
6631641	1
9301952	1
6345964	1
9077518	1
7910823	1
6382761	1
7372657	1
7375379	1
97973659	1
7471317	1
7377386	1
9004568	1
5933965	1
6953902	1
45028824	1
29814667	1
7373289	1
75787925	1
94440827	1
9150378	1
7853261	1
89044888	1
6458658	1
71345271	1
57575642	1
71351332	1
96952637	1
9070137	1
5175351	1
98035943	1
52785959	1
5162505	1
52809659	1
94446711	1
37291340	1
75818686	1
37310653	1
7658840	1
75776343	1
96944404	1
9004286	1
7464047	1
61254871	1
61211063	1
45027840	1
57606565	1
9072060	1
9004458	1
6177432	1
5257779	1
15108991	1
52824766	1
7469166	1
7853354	1
52799728	1
9003840	1
82968158	1
9070316	1
7988088	1
61267995	1
9149900	1
98019700	1
7468011	1
89046779	1
61066090	1
9043782	1
89034901	1
6820855	1
6176651	1
9004693	1
61251618	1
9070455	1
94487789	1
42195154	1
6524633	1
9072154	1
15135752	1
61104841	1
6822640	1
6018284	1
7987926	1
82999456	1
7854147	1
42208830	1
5936609	1
7853058	1
61084028	1
5162372	1
7852246	1
5169053	1
6826379	1
5172794	1
5169104	1
7469519	1
29777157	1
7714299	1
5163673	1
6827573	1
61088175	1
75771779	1
75809530	1
5162452	1
7988051	1
7854204	1
9003935	1
5174681	1
45026549	1
5257856	1
37316868	1
75798930	1
5170026	1
9072184	1
7466019	1
6957276	1
7463435	1
61107460	1
6686638	1
7377505	1
61065082	1
9300882	1
94510656	1
7643946	1
6529227	1
6956950	1
7988159	1
5169154	1
76864088	1
5934078	1
6821258	1
7470016	1
71204522	1
9004117	1
94458723	1
7851707	1
5174654	1
6958228	1
15088338	1
7643095	1
96935525	1
57580089	1
6526355	1
6955517	1
76871341	1
57541271	1
9071640	1
57569594	1
6175601	1
7469927	1
6527548	1
5935647	1
5174634	1
75764495	1
7987851	1
71341352	1
89010367	1
82995257	1
57591447	1
76868113	1
7714446	1
37268395	1
5259085	1
7212409	1
6461275	1
9078198	1
82531427	1
7989530	1
83546810	1
9083014	1
7681539	1
9077806	1
36707704	1
9077893	1
9082788	1
85381426	1
6259227	1
85349022	1
9068577	1
6426199	1
6506907	1
69174077	1
5789402	1
9082808	1
5789058	1
9082956	1
9082987	1
7989755	1
83256211	1
9078335	1
9082748	1
9016012	1
12634441	1
69130484	1
57254979	1
88257054	1
9015545	1
5456108	1
36678198	1
7746842	1
7681530	1
7682480	1
6255472	1
9082899	1
6425271	1
9077907	1
5457164	1
5788564	1
5463224	1
5463579	1
6261393	1
31459769	1
9082911	1
12637117	1
9082078	1
5462821	1
9078245	1
63052642	1
9082547	1
9082893	1
9078181	1
12631216	1
5456002	1
9082843	1
9082923	1
36722194	1
44954060	1
75832725	1
83919235	1
5462955	1
5790092	1
83937624	1
7823807	1
5788016	1
7909653	1
6511261	1
31474114	1
9078739	1
28602569	1
7824523	1
9082950	1
83248159	1
7989386	1
6511378	1
97670234	1
5458652	1
7824080	1
7938370	1
5456888	1
9083010	1
9083054	1
9068895	1
28616409	1
63015002	1
50333828	1
57271193	1
6329532	1
5787774	1
9068457	1
9077824	1
9015981	1
7989473	1
28646604	1
5464838	1
9078444	1
82517293	1
31508904	1
9082954	1
9078299	1
7938838	1
50318516	1
6424931	1
6507200	1
9078290	1
5463946	1
7910393	1
6426243	1
9082972	1
6255309	1
9077785	1
75892284	1
5787535	1
5458224	1
9069655	1
24902225	1
75876592	1
9082979	1
57299282	1
7682924	1
9077715	1
83604059	1
97694719	1
9078585	1
57239890	1
9078635	1
9077816	1
7938839	1
12646074	1
6423848	1
97714985	1
97723420	1
57263637	1
50297636	1
36689945	1
82507130	1
6508955	1
7989790	1
9082912	1
9034607	1
5456726	1
6507749	1
24870570	1
9015295	1
24919830	1
7989313	1
9078189	1
7772932	1
9078476	1
7682759	1
6259189	1
5788000	1
6380198	1
9033916	1
83595252	1
9082227	1
83288230	1
9078160	1
6253514	1
24916342	1
85359972	1
69151444	1
7918949	1
12679150	1
5463110	1
28661668	1
9078577	1
36689720	1
7681097	1
28614832	1
9015331	1
7682827	1
7825520	1
7989366	1
24877079	1
7681246	1
83260095	1
9078730	1
9034259	1
7989724	1
5788387	1
9082440	1
5464708	1
5789702	1
6381395	1
9082127	1
7747878	1
9077874	1
83296489	1
5460412	1
9082914	1
9082169	1
9078317	1
6262760	1
83955884	1
9015030	1
36699820	1
9077692	1
88257801	1
36732666	1
50333384	1
5976257	1
37051521	1
65743736	1
5134302	1
17821706	1
7935485	1
9116044	1
76325541	1
5139505	1
9154499	1
7530639	1
6692708	1
7978218	1
69404144	1
6054212	1
7936126	1
5983450	1
83478417	1
31258110	1
5134522	1
5134611	1
9144476	1
63758544	1
5104914	1
5104312	1
82784520	1
5981759	1
7533080	1
31286385	1
83516479	1
5302224	1
9218149	1
69766517	1
9116105	1
7978220	1
11371499	1
5138246	1
57803209	1
5102304	1
20086714	1
82736626	1
5303774	1
6539143	1
11388725	1
6538285	1
9217752	1
11381899	1
7530913	1
93588495	1
65702827	1
7944270	1
67839063	1
6546293	1
20091070	1
37071032	1
57812615	1
6695215	1
5101946	1
37104719	1
7977839	1
5976193	1
9116803	1
11239835	1
5302434	1
5301147	1
9145182	1
6694622	1
7978238	1
5102245	1
25450807	1
5977121	1
7754516	1
9154677	1
5136892	1
67850985	1
7935582	1
9154714	1
6545378	1
11395222	1
6788274	1
6787663	1
5135314	1
5104084	1
7529821	1
65742840	1
7977755	1
5104118	1
7935551	1
31254518	1
5139616	1
93590269	1
69445726	1
6540807	1
11221311	1
9217232	1
7528640	1
65715156	1
5136342	1
35087226	1
5104119	1
9116402	1
5301673	1
9145059	1
5302483	1
76303443	1
6050410	1
9155076	1
9116916	1
5136873	1
5101846	1
31245350	1
65753872	1
9116036	1
5135075	1
6548219	1
9116297	1
7978257	1
57791997	1
76335643	1
6549357	1
5302048	1
5135608	1
9145288	1
76342847	1
67885017	1
93375420	1
5136322	1
7535474	1
6051510	1
7754543	1
67898115	1
65758267	1
37081816	1
5301799	1
7978054	1
9217210	1
63762052	1
7944142	1
9218235	1
6784003	1
59734298	1
69731877	1
11250705	1
5136230	1
76319433	1
31290072	1
57783161	1
88335425	1
7533374	1
7532567	1
7755695	1
7754983	1
11385145	1
9217269	1
93602852	1
82762465	1
6548093	1
20087371	1
57803062	1
93351322	1
9218490	1
69750018	1
5136891	1
9154383	1
5982326	1
76341122	1
7753224	1
82787358	1
7978323	1
9218276	1
7978232	1
9154626	1
36280134	1
57930661	1
9329178	1
4035254	1
4036315	1
9253914	1
51968124	1
30703129	1
4032016	1
9253599	1
9268532	1
6440300	1
9118674	1
4032267	1
4035625	1
51940233	1
4030669	1
6946453	1
9269797	1
7929527	1
9268888	1
6703361	1
86149630	1
7064348	1
51911023	1
30635864	1
9252387	1
21406276	1
41738407	1
6946757	1
9269625	1
62997262	1
20128082	1
6438755	1
7843647	1
91233186	1
4035667	1
9269595	1
56368422	1
82473713	1
4034310	1
56349999	1
4035874	1
36267330	1
58772313	1
9320239	1
62992300	1
86120243	1
56398144	1
4031705	1
9321059	1
7512478	1
6586762	1
35714311	1
30643089	1
56376941	1
9268973	1
7135248	1
82490252	1
41732361	1
9269704	1
57964625	1
7514099	1
4032788	1
4034852	1
4034617	1
99813636	1
11994887	1
9118549	1
51899674	1
5556871	1
7132152	1
31040018	1
56353747	1
21400576	1
9328194	1
24818874	1
9118565	1
7930216	1
9020587	1
9021131	1
9268508	1
9319690	1
7518810	1
9252353	1
9096148	1
7514855	1
57938305	1
57964859	1
24798878	1
36292746	1
4032807	1
20123164	1
4034481	1
41772344	1
9269634	1
9268620	1
98873138	1
6704384	1
9269292	1
9253411	1
7058768	1
7013833	1
5657906	1
82488232	1
4031146	1
9118561	1
91175860	1
36267899	1
4035565	1
5660048	1
86128249	1
4032461	1
9096435	1
86092815	1
86087951	1
91189265	1
9119133	1
7841680	1
4034879	1
9328601	1
51951299	1
7135564	1
6704406	1
30683142	1
5660232	1
9252438	1
5658690	1
9020387	1
9328168	1
62995013	1
21419605	1
9269817	1
99760751	1
6706160	1
36257305	1
4035515	1
11986860	1
24805415	1
4035013	1
9253481	1
4030508	1
12037332	1
9268880	1
9269618	1
7135908	1
7516838	1
9118246	1
9268389	1
9269919	1
91189740	1
9020283	1
31025438	1
91200525	1
51908381	1
9268690	1
4032563	1
31009998	1
98875778	1
58730936	1
82421335	1
57916304	1
58766821	1
30636992	1
7515600	1
9118953	1
9328329	1
9269432	1
7930005	1
5557076	1
4036094	1
4035174	1
7929631	1
58773554	1
4032671	1
86105894	1
4030694	1
6588164	1
4033082	1
11649433	1
21401540	1
4033918	1
9269829	1
9141177	1
91530042	1
66652428	1
98514481	1
38239763	1
68077953	1
97888059	1
48548630	1
31732420	1
5350412	1
5534646	1
48547366	1
48571606	1
7872204	1
62722431	1
86684909	1
98561854	1
7453160	1
6397900	1
6396072	1
44618558	1
9326723	1
87212862	1
38258980	1
35341587	1
6568935	1
9140338	1
7871970	1
9140518	1
5536934	1
9028529	1
46619908	1
9326729	1
95887451	1
9140617	1
7667979	1
6397255	1
98557059	1
9140314	1
91471575	1
97887811	1
7336315	1
66702109	1
70719011	1
6397595	1
9326697	1
62736732	1
97858235	1
17104614	1
7455892	1
7964213	1
38225656	1
7897680	1
7453632	1
47531098	1
6394947	1
6565637	1
91502406	1
5351440	1
95902364	1
9327763	1
85027935	1
31768848	1
98488984	1
35326768	1
35330367	1
70671918	1
9141078	1
9327132	1
70737678	1
7964345	1
7873580	1
7461931	1
47522723	1
46620023	1
7037278	1
24640347	1
68122639	1
7874484	1
24615337	1
9028493	1
70702856	1
7871315	1
46610154	1
98461126	1
60294684	1
6396537	1
98545371	1
7039016	1
68112169	1
70703223	1
31735972	1
87277861	1
70670770	1
6394637	1
84997868	1
5349686	1
7668242	1
7330138	1
97874702	1
7964325	1
9327120	1
7460447	1
91503063	1
31780356	1
7669044	1
37519213	1
91471745	1
48539004	1
70712498	1
68109030	1
87267246	1
24623476	1
7964020	1
81330441	1
84982208	1
7898111	1
7460698	1
37508849	1
66696727	1
44635407	1
6570117	1
5534979	1
5349243	1
81312094	1
66654508	1
95876087	1
70708531	1
7335332	1
7336461	1
17066966	1
44631265	1
17056027	1
48575435	1
38277968	1
9029139	1
41693891	1
9076239	1
9003161	1
5909677	1
5873989	1
7903536	1
7864158	1
24758503	1
6916723	1
7904558	1
6915596	1
92976806	1
7904911	1
7866681	1
5270405	1
90361975	1
5873617	1
7904886	1
9003553	1
18145261	1
80429012	1
7986916	1
90318106	1
93446150	1
7986401	1
7863743	1
7904818	1
7908009	1
7903496	1
90381467	1
92188595	1
80410381	1
23723258	1
5909797	1
9003500	1
92195296	1
93016560	1
21922149	1
90366624	1
13015632	1
10524067	1
20677158	1
74140474	1
74219359	1
92955376	1
13024506	1
93015105	1
5873540	1
7903537	1
93471549	1
92969835	1
6916736	1
5268324	1
92179069	1
5269354	1
7885471	1
7903508	1
74212268	1
6972356	1
7904628	1
18144193	1
9003337	1
5909579	1
7958119	1
9003593	1
74208807	1
74117742	1
9003637	1
9075570	1
9003820	1
6972608	1
93458780	1
6974281	1
12986781	1
9076229	1
9003426	1
73030192	1
9076209	1
5872846	1
80117463	1
7865578	1
87094897	1
7864800	1
7865281	1
7884027	1
7904532	1
23771478	1
7904540	1
10579886	1
7885208	1
7903549	1
7865817	1
7904535	1
58678248	1
9003177	1
74150114	1
23740894	1
10570294	1
18140867	1
6616437	1
92967896	1
23732127	1
21924241	1
93466865	1
9076357	1
6915723	1
7883677	1
7904531	1
90384217	1
6974909	1
74101519	1
7904612	1
9002969	1
80435397	1
7725274	1
5268514	1
7903539	1
10516085	1
74148576	1
90361141	1
6920644	1
6617830	1
5489236	1
7904569	1
7903500	1
7986605	1
92151900	1
9075599	1
20657601	1
7903498	1
23727395	1
72965912	1
41686594	1
7957883	1
6920486	1
7903497	1
5907733	1
7725561	1
7086409	1
6618826	1
7903501	1
7903511	1
9003579	1
7987158	1
7903538	1
7904533	1
6919043	1
9003536	1
7957847	1
23741992	1
6748850	1
6750806	1
7987074	1
6922083	1
9075785	1
7863831	1
7634046	1
5910975	1
9076322	1
9076588	1
7864376	1
80439306	1
7863183	1
6915698	1
74112178	1
6748960	1
5270093	1
18164331	1
58650603	1
7136694	1
9155446	1
32600937	1
9156508	1
9005740	1
78204655	1
9157057	1
7314282	1
54697721	1
78153409	1
31151464	1
7925533	1
78210723	1
54727130	1
28452962	1
31207296	1
9050713	1
31179839	1
54758534	1
6519907	1
9005218	1
74048692	1
23230942	1
7984626	1
5523479	1
9005015	1
74026229	1
86165823	1
7105757	1
9004874	1
31969340	1
9051391	1
7925374	1
9005683	1
9005600	1
7984559	1
7111341	1
31161983	1
9156608	1
31200159	1
7985096	1
7098261	1
7009021	1
7984303	1
25079255	1
23707852	1
23282783	1
85304883	1
25066649	1
78188942	1
7097500	1
9005528	1
7925302	1
9155436	1
9156938	1
9157044	1
86223616	1
5525656	1
9051380	1
9192602	1
74021839	1
9155538	1
15472184	1
40979338	1
5524350	1
23712844	1
7925147	1
32569967	1
9155174	1
7007935	1
6871987	1
40941385	1
12561626	1
74064172	1
9094051	1
9157010	1
23289281	1
31150015	1
15476018	1
84596591	1
9004858	1
7925331	1
12581877	1
23245655	1
37730101	1
7309862	1
9155356	1
9051393	1
9192364	1
9156602	1
9004915	1
78172196	1
84600702	1
7925551	1
37759074	1
34628293	1
31165635	1
19339112	1
40964987	1
9094012	1
7925506	1
7240612	1
7925032	1
28470544	1
9156764	1
5526518	1
23651398	1
7925547	1
9094134	1
32581324	1
34684308	1
5524011	1
37770145	1
5523777	1
9093835	1
23241037	1
23656471	1
7313932	1
86191520	1
86206696	1
9005450	1
37709771	1
9155652	1
40939795	1
31196377	1
6522346	1
9005838	1
9192995	1
6868655	1
37728756	1
23667471	1
12593894	1
9192154	1
78217172	1
9155363	1
31208127	1
7137469	1
6519627	1
6119433	1
37762090	1
31178437	1
54739220	1
32568405	1
5524254	1
25018271	1
9005114	1
16855998	1
37719847	1
40971999	1
9005136	1
15492365	1
54744841	1
6869747	1
6870891	1
7925121	1
64591024	1
63790383	1
5631072	1
6599136	1
75518134	1
53254718	1
18217258	1
15582288	1
15969740	1
59141350	1
82085512	1
95963344	1
18235352	1
30753052	1
5630128	1
64534193	1
7241378	1
6600217	1
40823038	1
15581161	1
40786334	1
5263722	1
7246367	1
50068476	1
20462161	1
11789939	1
50100288	1
50096613	1
9330936	1
5631915	1
7608423	1
90115720	1
5631478	1
20455145	1
94960263	1
6004018	1
41660653	1
64553007	1
9324829	1
70798829	1
5263875	1
5629818	1
6852422	1
37404873	1
6853337	1
11825812	1
5838006	1
49211278	1
63843615	1
97272833	1
50101469	1
70980040	1
50120615	1
18220101	1
7244883	1
90139929	1
70776151	1
82057401	1
92895245	1
5631355	1
70769811	1
7651611	1
5630658	1
15594003	1
70965455	1
63836305	1
53239285	1
5264827	1
15648203	1
95935368	1
9325801	1
9325778	1
30723372	1
11821793	1
11799020	1
5629797	1
63798459	1
30747227	1
7651796	1
40769934	1
74708087	1
11798383	1
37452491	1
9325020	1
97226204	1
6032864	1
30732612	1
15587470	1
40796673	1
64537783	1
53275527	1
9325231	1
15604017	1
74719353	1
15940685	1
41653702	1
5630518	1
5262585	1
7610607	1
9326261	1
70786336	1
40804934	1
5629026	1
50128858	1
92923166	1
5628546	1
30715961	1
7244679	1
75471896	1
9330324	1
59154607	1
15993808	1
6031446	1
92930485	1
9325380	1
18192525	1
7649504	1
9330183	1
15981502	1
64581920	1
70760192	1
70764365	1
71004606	1
59207802	1
7652093	1
7608349	1
6592660	1
37432382	1
7651275	1
7650202	1
7608729	1
5263350	1
49215465	1
95985007	1
50084601	1
74701866	1
95987928	1
36992433	1
9126198	1
53990507	1
9282349	1
70449459	1
9281996	1
7934719	1
58946108	1
7934633	1
9035416	1
6194210	1
5148736	1
9133646	1
53593423	1
30447731	1
5421648	1
9265468	1
9281941	1
9035579	1
9123171	1
17619571	1
5424273	1
5153930	1
7993311	1
9133160	1
9238256	1
7993409	1
9133016	1
9266395	1
85495301	1
5423425	1
5153904	1
23593629	1
9057371	1
7993098	1
53554541	1
30418255	1
9125431	1
77612509	1
80724188	1
9266355	1
6192916	1
7993378	1
9035243	1
5152335	1
9245161	1
5425210	1
20355409	1
6192277	1
7993782	1
6133474	1
17675883	1
6585395	1
66645661	1
20314110	1
30463633	1
9126025	1
51404933	1
52872658	1
58947206	1
9035257	1
9281586	1
21367345	1
80700879	1
9056978	1
9282057	1
9035495	1
9132913	1
55336386	1
9245838	1
7765924	1
9282823	1
5423552	1
77604109	1
9245910	1
5424705	1
17630639	1
5325354	1
7993246	1
85495310	1
9237989	1
66643415	1
23638993	1
5148740	1
5148795	1
55293836	1
77552802	1
9281759	1
9133019	1
7768835	1
68950277	1
68900835	1
70504448	1
7992997	1
9245357	1
9132949	1
9133481	1
5424750	1
66596188	1
9057205	1
5425174	1
66588269	1
9125366	1
6131760	1
36457243	1
5424292	1
6194221	1
51408968	1
9245313	1
9126071	1
17630688	1
30423722	1
9133055	1
85511154	1
68824413	1
9281652	1
58976129	1
9035037	1
6131609	1
70525678	1
85508688	1
9238222	1
5422333	1
51419391	1
20366417	1
58969635	1
6193568	1
7934881	1
70447881	1
23619263	1
9035250	1
9245911	1
9238737	1
7993623	1
6132443	1
5422359	1
17676509	1
68903682	1
9123492	1
6584313	1
5325728	1
7935139	1
9244962	1
9265287	1
5422314	1
30980616	1
5421631	1
5422532	1
54016806	1
9123244	1
30446485	1
23625606	1
5424781	1
5423618	1
80748865	1
53961644	1
5325605	1
55327873	1
9125248	1
80760791	1
58943190	1
52865019	1
55335690	1
30877397	1
77557082	1
53561916	1
5424142	1
5148698	1
6189564	1
77576398	1
51427676	1
66639239	1
77587003	1
23624360	1
30882331	1
58976912	1
6192542	1
9266525	1
6585324	1
5423523	1
7993652	1
30473798	1
7934657	1
9246133	1
9126081	1
5425356	1
30890381	1
7934816	1
77591989	1
30964899	1
46544705	1
77600957	1
9122799	1
80747202	1
9123693	1
9125969	1
5151334	1
9125250	1
30462952	1
9123319	1
9123776	1
7993636	1
9237834	1
36472583	1
52909751	1
9282099	1
5325929	1
6192395	1
5325730	1
30874097	1
9244946	1
30874601	1
5425416	1
9035476	1
95459128	1
5379395	1
7721876	1
32421401	1
74319512	1
7722089	1
84929277	1
9334962	1
5651004	1
36804723	1
74301153	1
12164608	1
7449824	1
84935724	1
5305932	1
5379572	1
9279898	1
63576021	1
74325498	1
5379712	1
12130248	1
5305030	1
9029937	1
36756373	1
95475998	1
9280791	1
9022311	1
5466654	1
5379320	1
9029701	1
5363626	1
50823164	1
14648949	1
75081333	1
55548064	1
5466954	1
5651189	1
7446018	1
24328854	1
9336130	1
5549568	1
95444172	1
7745302	1
9029719	1
12164342	1
9030369	1
76451696	1
5532174	1
87308625	1
9280425	1
63616908	1
5305352	1
9030647	1
5465378	1
76487166	1
24352845	1
12126056	1
5379154	1
5304363	1
74340242	1
14593303	1
5307387	1
7746105	1
9030124	1
40844301	1
5651211	1
7450291	1
5379780	1
76481850	1
5551994	1
5468977	1
9280102	1
5305788	1
5725973	1
5304264	1
5305690	1
9030462	1
70333384	1
9021891	1
24325929	1
7722076	1
63588808	1
7977317	1
12193909	1
24316300	1
9086223	1
5307506	1
32398206	1
5379408	1
9280447	1
75029619	1
9281031	1
9029760	1
94341611	1
5379749	1
94339148	1
5304708	1
7722004	1
5551580	1
74333857	1
5651365	1
5467583	1
7745995	1
70355667	1
70311899	1
5379132	1
95411277	1
9086744	1
9280026	1
5363780	1
7721873	1
40884917	1
7447512	1
9280789	1
40904379	1
5724894	1
5379665	1
5307139	1
9237512	1
7452297	1
79491013	1
5468686	1
63600783	1
5379905	1
5379260	1
5531789	1
5653881	1
84956526	1
14632014	1
94308464	1
5379449	1
5305801	1
5467494	1
7715751	1
9281142	1
24348568	1
5380576	1
95417385	1
5304597	1
79473109	1
6455562	1
5308172	1
7449829	1
43856295	1
5465262	1
94337659	1
5651422	1
5379142	1
5468251	1
5653610	1
32416600	1
9086689	1
84933997	1
5651492	1
95476002	1
55534943	1
76461820	1
9279488	1
70345232	1
9021919	1
5305059	1
9030557	1
5379482	1
5304935	1
74363765	1
43874430	1
95460641	1
24353489	1
84925550	1
87324216	1
76464434	1
9086949	1
9335865	1
40885222	1
76748990	1
5379881	1
75062224	1
95450111	1
5551371	1
5362856	1
5465194	1
5306389	1
5534015	1
24308378	1
5363237	1
43818030	1
5378851	1
7445541	1
75099780	1
24306883	1
5653748	1
7745140	1
76507764	1
7745528	1
7977119	1
5305260	1
9230581	1
9230976	1
9230876	1
67918827	1
9146233	1
43900378	1
6124285	1
87420347	1
9047230	1
9142905	1
27053807	1
42525068	1
7822012	1
87417120	1
67920024	1
65041297	1
10320577	1
9231472	1
86549838	1
13529144	1
13515355	1
86554879	1
65083951	1
92318045	1
21291570	1
65058982	1
67951194	1
95124827	1
27084142	1
87414494	1
9146384	1
42543439	1
21303792	1
9206264	1
9230882	1
86622342	1
95156508	1
6304031	1
9316957	1
82001646	1
7822893	1
81982635	1
5915689	1
6122977	1
9146632	1
10327934	1
27062255	1
10314432	1
65049465	1
13500118	1
9142334	1
5814586	1
87417327	1
6120658	1
21309591	1
42485089	1
6747209	1
9317853	1
6747160	1
27042650	1
18835863	1
9316325	1
9145545	1
72686241	1
75385800	1
94634413	1
94638676	1
88672868	1
72647430	1
9206849	1
20199011	1
9142664	1
18821610	1
9206076	1
87427367	1
9230552	1
9143306	1
65048305	1
95166563	1
6745132	1
10326289	1
42524047	1
42544251	1
88649186	1
42858058	1
9146531	1
6120144	1
6313029	1
6747280	1
86549127	1
9316642	1
27044847	1
10317642	1
51373915	1
20172506	1
95133354	1
9316456	1
27107666	1
92325442	1
43937322	1
88676091	1
9231737	1
42513787	1
65054135	1
72637186	1
49955999	1
92281343	1
10801553	1
51358538	1
9206507	1
9316909	1
94620573	1
43941800	1
27090221	1
87391149	1
51367436	1
6748287	1
87427800	1
49984330	1
9206901	1
72615832	1
5705838	1
49987426	1
6302592	1
5705653	1
7630834	1
63428530	1
7442609	1
31375662	1
21047417	1
7959890	1
5155712	1
67655383	1
7277650	1
12314284	1
7960060	1
9283437	1
97951631	1
62677663	1
7435168	1
45837169	1
6990322	1
18679821	1
7959919	1
40232275	1
9283722	1
63458106	1
5155870	1
7434000	1
5155819	1
74912537	1
7278467	1
6989855	1
83046090	1
5154711	1
5155741	1
9041912	1
5156143	1
47128954	1
5160404	1
9017103	1
97931590	1
9284439	1
9016651	1
45856736	1
9283606	1
40572416	1
9283416	1
87052776	1
67611078	1
9312178	1
47188757	1
6804968	1
7959934	1
86290112	1
9283341	1
9284149	1
9041627	1
5155722	1
83039237	1
86298047	1
12330920	1
5155762	1
66350618	1
7434009	1
85754884	1
5155709	1
9312536	1
45866699	1
9284852	1
38424809	1
9017411	1
85723586	1
7731900	1
9016831	1
87045821	1
74893410	1
7959767	1
27393403	1
74912013	1
74914201	1
62619673	1
66343036	1
35002960	1
40600648	1
38380614	1
97941127	1
5155707	1
9041658	1
47160803	1
85782131	1
9042335	1
61496548	1
7960144	1
7960240	1
7960031	1
7959680	1
18719802	1
9041812	1
9016261	1
6989231	1
45809877	1
5155786	1
21071658	1
83069031	1
85778051	1
7278800	1
6989018	1
63438664	1
61442735	1
57876730	1
5161934	1
6989614	1
38389629	1
5161862	1
47183306	1
45851801	1
9017288	1
47175956	1
5157225	1
12334618	1
86996935	1
97950546	1
57884843	1
7731690	1
9284350	1
6986195	1
9041695	1
18682180	1
34999681	1
85719890	1
67654427	1
5155711	1
7730811	1
40201731	1
21008242	1
7959645	1
40235510	1
6800835	1
40213694	1
38407812	1
61463659	1
45826165	1
6801439	1
97895433	1
47138334	1
5161922	1
21060391	1
5155282	1
31416201	1
7960112	1
19737281	1
9027700	1
5265753	1
9221080	1
7691048	1
32639585	1
7805818	1
34813352	1
9214175	1
9027061	1
92020328	1
21758159	1
42021037	1
48808819	1
59102971	1
7693039	1
19041833	1
9126287	1
9213533	1
19266138	1
17351931	1
91985412	1
92000349	1
5577566	1
21778095	1
9213455	1
48826438	1
9220468	1
9221322	1
13755582	1
77012347	1
7692938	1
73932983	1
82256426	1
9220568	1
34774181	1
5578151	1
22170710	1
17347518	1
21786100	1
49007999	1
87701298	1
73883849	1
7806092	1
9126563	1
9221034	1
48992006	1
9126430	1
17357811	1
36082516	1
5581171	1
17368582	1
22100245	1
7806444	1
66479906	1
32661208	1
22118115	1
22181184	1
19693727	1
48845541	1
19721950	1
7353973	1
6320718	1
55065586	1
66439971	1
6319356	1
6314672	1
21790424	1
6321265	1
19036228	1
9027481	1
9126965	1
6321391	1
48974513	1
6321926	1
19039832	1
73897441	1
66503704	1
6430747	1
9221389	1
42003669	1
7353218	1
21724177	1
22179324	1
9126269	1
13755878	1
21734337	1
87669051	1
7353868	1
76960254	1
36081375	1
92010076	1
55057241	1
7690189	1
22113303	1
76988550	1
21774627	1
5716459	1
9126997	1
13776755	1
19741558	1
32661024	1
83138537	1
21746607	1
9221086	1
34815967	1
6430152	1
56668313	1
6430316	1
55038369	1
9221006	1
42003721	1
66481587	1
73402668	1
76992867	1
92049903	1
73893681	1
73881086	1
22118951	1
9027189	1
48830978	1
17371246	1
22090935	1
83152182	1
34803416	1
21750986	1
9027513	1
9222283	1
6430189	1
22096306	1
87703722	1
9126594	1
51047750	1
9222264	1
9126945	1
9221683	1
9027364	1
7692367	1
5266326	1
82265913	1
9221160	1
9026994	1
22109325	1
76965656	1
70142178	1
9027009	1
34775899	1
22185181	1
6315875	1
36044944	1
9220858	1
9028083	1
6319811	1
19689567	1
83114047	1
66439717	1
48812248	1
17335627	1
4011272	1
32084937	1
16342269	1
9288806	1
9137906	1
6391349	1
9338079	1
64411414	1
6393493	1
61503698	1
7953072	1
4010592	1
7797074	1
6388930	1
9137542	1
82832626	1
65510916	1
5882923	1
4015499	1
6387759	1
34082334	1
4011015	1
7924230	1
6635902	1
4018857	1
47004984	1
28285491	1
4022496	1
82844618	1
4024079	1
7924757	1
7924278	1
34073304	1
47046331	1
7953084	1
4012232	1
5985284	1
6388047	1
32026219	1
10682762	1
35599557	1
7798338	1
31074889	1
6594444	1
6387518	1
4018212	1
6594320	1
4022074	1
45324106	1
9338448	1
64436146	1
66409582	1
35631834	1
32030777	1
78485104	1
72907641	1
9137110	1
66404316	1
4014924	1
16286039	1
4010591	1
58083016	1
6447752	1
7924569	1
61507744	1
4017709	1
7950203	1
28247375	1
4013266	1
58045720	1
5992929	1
4012899	1
7924789	1
6637044	1
99513340	1
47033011	1
4009832	1
4013123	1
7125295	1
45311344	1
64434015	1
7953316	1
7949748	1
9137588	1
9136989	1
10709632	1
47037129	1
4009994	1
45336521	1
5993158	1
9137619	1
10670965	1
4015231	1
6638098	1
6597727	1
9288371	1
62839790	1
9338587	1
6448740	1
6637328	1
4011179	1
35602823	1
31097080	1
4013118	1
62855204	1
7126038	1
5881954	1
4011817	1
5990852	1
7924745	1
47011342	1
7996236	1
4020718	1
9137581	1
72895887	1
45298033	1
4017496	1
4010425	1
4018196	1
6637248	1
9289576	1
7996067	1
6391985	1
34059733	1
66385827	1
7996071	1
34085585	1
4010585	1
6449320	1
6637197	1
6637926	1
7924152	1
4010744	1
82818648	1
58102932	1
4011191	1
6393038	1
82868986	1
16348807	1
4017498	1
7923891	1
9339294	1
94277650	1
65488969	1
16335990	1
6449006	1
4018163	1
4011111	1
35573352	1
9338422	1
47026545	1
82844466	1
7924678	1
4021296	1
32015128	1
7923863	1
35610506	1
5988412	1
9137723	1
7923713	1
9288318	1
72933675	1
4020261	1
7949455	1
6447957	1
34105379	1
4022075	1
64393004	1
28268689	1
78519274	1
61504923	1
4018153	1
7996440	1
4011837	1
39837753	1
28291874	1
10644182	1
37885168	1
83981486	1
7584424	1
37874268	1
37890043	1
45136714	1
80311561	1
9000013	1
7586001	1
45188162	1
7922837	1
5860410	1
92790419	1
9200350	1
48136010	1
6961382	1
43457352	1
48911255	1
6958866	1
47566635	1
9000666	1
37897454	1
17519432	1
5475271	1
5786796	1
67217814	1
5786897	1
9019766	1
43507795	1
38065173	1
7923249	1
45136743	1
7583241	1
5786832	1
10639631	1
7777177	1
5785614	1
92785653	1
70602570	1
37851587	1
7584676	1
27524490	1
47568241	1
6962025	1
9000709	1
45191744	1
22365160	1
67224086	1
5786728	1
45161176	1
10633774	1
5786321	1
80271653	1
9000355	1
9101509	1
37883185	1
6730338	1
6727326	1
9000278	1
9101756	1
64671248	1
7587784	1
5472702	1
38076818	1
38119912	1
9198704	1
6104664	1
80308729	1
5785122	1
9102591	1
80306140	1
5861609	1
7583730	1
37854660	1
6963376	1
92739133	1
45135943	1
7923075	1
9000546	1
5474186	1
9102577	1
36330664	1
22393234	1
82124595	1
5785317	1
82192535	1
9102488	1
5785210	1
38085901	1
38114165	1
48137794	1
5859597	1
64697664	1
5784696	1
7775631	1
6104275	1
80306019	1
6963451	1
27525492	1
47618136	1
27499485	1
7999909	1
7584368	1
48078153	1
6960060	1
7587133	1
9000536	1
5785819	1
5473361	1
9102478	1
9000400	1
7777002	1
6101212	1
7999948	1
7923406	1
70620028	1
23087438	1
67325555	1
10644839	1
7583049	1
96580085	1
7583705	1
13939619	1
37870170	1
38116735	1
7774661	1
45143321	1
5861725	1
43435666	1
6727454	1
67195501	1
83998494	1
67315564	1
7923576	1
7923150	1
5861019	1
7584157	1
47597979	1
71045791	1
64701423	1
5786411	1
17544580	1
47632332	1
45194757	1
9102011	1
7583466	1
9101512	1
55865978	1
5474681	1
9000635	1
83996723	1
9019813	1
43444959	1
9000660	1
43463907	1
6102393	1
96570564	1
96533093	1
55872518	1
64731564	1
36353342	1
13907429	1
71092752	1
6504765	1
5860351	1
48922606	1
67331493	1
55840460	1
91280269	1
45888469	1
5284046	1
5878954	1
29696490	1
64647370	1
57686705	1
7919498	1
9074930	1
15936908	1
7661441	1
9136395	1
52949333	1
16648547	1
5624834	1
7920937	1
91300304	1
72426889	1
72482459	1
16417142	1
9075476	1
16006133	1
9136868	1
52950355	1
7921168	1
9075420	1
9075225	1
98259371	1
52943013	1
7941170	1
15866380	1
32312265	1
9074559	1
45931138	1
91247109	1
5285582	1
91289212	1
9286157	1
9075166	1
21273890	1
7662941	1
7927598	1
9285323	1
7927786	1
32286247	1
52988770	1
6530903	1
57721307	1
97314224	1
6530590	1
9136045	1
9075047	1
7322645	1
5281918	1
98654795	1
64646356	1
97333654	1
5281489	1
6530670	1
98254486	1
7965458	1
5709188	1
25492994	1
7726309	1
91240864	1
5876698	1
6143353	1
7956801	1
7661670	1
64607080	1
37930011	1
37962384	1
6054853	1
16012825	1
9135902	1
5626402	1
98656566	1
7319780	1
7727153	1
5879060	1
9285409	1
52974284	1
21268058	1
7323847	1
72467975	1
15895388	1
7965141	1
9136312	1
9285521	1
7965336	1
98242167	1
7956160	1
7726844	1
7940673	1
91285373	1
16388716	1
5281269	1
37959948	1
5282810	1
9136459	1
7940768	1
57725342	1
9286130	1
9136358	1
64612754	1
37969181	1
25452675	1
91234998	1
9074661	1
13732084	1
6141917	1
7956734	1
7921167	1
5706062	1
16668028	1
21248749	1
7320231	1
91271790	1
15917023	1
9136693	1
9074596	1
7320196	1
5282709	1
64663569	1
7920870	1
7941243	1
16652440	1
9074709	1
9075258	1
7956312	1
52974562	1
16408687	1
7322549	1
98714084	1
12249377	1
72425597	1
9136400	1
16673592	1
7727036	1
16057473	1
9075229	1
5626152	1
16045783	1
5877970	1
5282256	1
5877376	1
9285981	1
5627621	1
91293147	1
16682805	1
7726625	1
7919301	1
97342882	1
57729214	1
7941166	1
98703642	1
13720710	1
7930998	1
5879278	1
29761654	1
9286052	1
32286166	1
12264005	1
5101023	1
29168384	1
7592911	1
9121567	1
30370751	1
51279419	1
93641195	1
17409176	1
4100005	1
92076763	1
9286707	1
30384172	1
54050672	1
73992517	1
5358365	1
7611334	1
52275248	1
9127831	1
95831083	1
4040865	1
7614119	1
7965804	1
5100603	1
51298050	1
5700701	1
4041085	1
7318675	1
34494618	1
6887699	1
95847028	1
57473311	1
4038695	1
42993356	1
5100778	1
97794125	1
55380133	1
7965870	1
32854560	1
5318214	1
30341254	1
54059810	1
73153267	1
19465247	1
9128085	1
7684456	1
52268504	1
9286845	1
6890318	1
59621861	1
5100922	1
19462401	1
4140254	1
73991669	1
9120952	1
9120594	1
7316906	1
95239009	1
95805230	1
6417195	1
52274821	1
6888872	1
7614014	1
6892261	1
93660938	1
7593394	1
95206022	1
5101032	1
42935986	1
32846983	1
45701175	1
30373602	1
5360414	1
9242941	1
5101025	1
9128394	1
32827704	1
4037193	1
45695298	1
6894501	1
4100052	1
7965755	1
7685260	1
6890573	1
54074242	1
95206485	1
7684287	1
92075835	1
4100051	1
95247192	1
9121176	1
95840309	1
6892353	1
4100055	1
9128363	1
74007696	1
7020298	1
6892425	1
4041088	1
4140756	1
32821176	1
9286680	1
55403462	1
6890657	1
9243435	1
9128352	1
5100471	1
7683937	1
6372150	1
30393036	1
6422333	1
6371575	1
54063284	1
59653699	1
52273860	1
51264314	1
9287679	1
9121548	1
55430502	1
51314000	1
92126077	1
51284536	1
5101224	1
7684354	1
97742204	1
93690609	1
73127754	1
5101187	1
9287565	1
5314844	1
6894361	1
9128227	1
5100929	1
5360391	1
5100053	1
32864339	1
11326626	1
6422192	1
6887810	1
51258118	1
7614021	1
6889975	1
73179493	1
5101030	1
4100050	1
5701202	1
4102790	1
4102791	1
73997181	1
97762131	1
34729239	1
73976325	1
4037121	1
32864449	1
51268031	1
5357995	1
9121251	1
5101071	1
54102658	1
34722491	1
7593755	1
29171779	1
95189648	1
7591718	1
4037451	1
97755092	1
4038207	1
9127668	1
7612013	1
9121371	1
17440668	1
4141599	1
6894064	1
11312234	1
6420253	1
6887263	1
29142755	1
30346555	1
5313491	1
9260422	1
7981622	1
9215081	1
9018020	1
9260495	1
9231907	1
80235325	1
66903289	1
7606335	1
32480381	1
41910077	1
6775240	1
80198208	1
6944779	1
21839975	1
6945964	1
75445325	1
9106010	1
6910799	1
9216604	1
7981650	1
5116029	1
9264626	1
9294743	1
75456218	1
50940761	1
6653446	1
9259965	1
5116168	1
6777738	1
6198464	1
61973818	1
34960403	1
27234899	1
9105227	1
9263765	1
5115868	1
9233016	1
34986073	1
6945612	1
7926628	1
6945055	1
9295953	1
9263166	1
79127182	1
5119361	1
75461438	1
79051226	1
41932761	1
9295698	1
59840495	1
6911541	1
80235677	1
71589600	1
41935915	1
6944747	1
9018060	1
5115929	1
59822081	1
5116027	1
7606297	1
9232424	1
62463720	1
42633813	1
5115985	1
6944558	1
6198598	1
5116152	1
75466257	1
5116050	1
6197366	1
71566073	1
6911122	1
7787855	1
5116159	1
5119333	1
6944920	1
42641892	1
9263698	1
6944603	1
32482563	1
7606020	1
9263468	1
7981981	1
61979369	1
82605302	1
79109958	1
6197855	1
34971716	1
71562010	1
5116160	1
5115916	1
80208211	1
66930709	1
9018360	1
62445446	1
9106324	1
41891414	1
79057743	1
7982125	1
9216464	1
7982097	1
6782795	1
9259520	1
5116336	1
7981696	1
9215694	1
6944740	1
9262982	1
32508704	1
42622908	1
21797203	1
79717008	1
9264394	1
6199885	1
79085534	1
32484296	1
9295020	1
7795011	1
80217476	1
27223820	1
9264745	1
9233246	1
5119320	1
6780635	1
35835624	1
38662058	1
46141097	1
34964136	1
6779493	1
6944484	1
9263807	1
9017540	1
9105276	1
66914784	1
6195927	1
7981895	1
79737987	1
41936356	1
38689337	1
71562393	1
7982301	1
9264527	1
9105984	1
9259785	1
9215401	1
5115893	1
7605450	1
62007651	1
6944689	1
27208235	1
5115881	1
75413837	1
59849482	1
9263507	1
9105938	1
38705944	1
9260852	1
6197986	1
6946081	1
6945877	1
79672901	1
41899606	1
7927373	1
21808713	1
7787466	1
62423096	1
82607658	1
34949095	1
6912603	1
7794742	1
7981578	1
21807019	1
9264597	1
7787677	1
7981597	1
9215352	1
5116213	1
9215414	1
9106266	1
5116011	1
9295811	1
21799289	1
21801450	1
5116274	1
80252763	1
9105824	1
5119302	1
7795368	1
21794916	1
79667679	1
50911152	1
9215969	1
7788789	1
32473556	1
7796503	1
5116151	1
9263384	1
79716859	1
7982195	1
9294730	1
7796761	1
7795037	1
9106296	1
5116886	1
6198267	1
6199992	1
6653038	1
6197867	1
7795439	1
79074368	1
9018587	1
42671162	1
9264056	1
7795192	1
41905670	1
9232550	1
38658782	1
9105294	1
5119332	1
62435581	1
59823832	1
66922404	1
6911573	1
7787867	1
75437148	1
5117510	1
6196579	1
6200098	1
9263130	1
46146877	1
7787748	1
6906544	1
4004398	1
19863336	1
9139057	1
87593094	1
99856652	1
43568533	1
6862055	1
69067872	1
69065984	1
91102681	1
7648093	1
7948288	1
19812914	1
4002075	1
4003543	1
19827811	1
26076142	1
6865035	1
26655507	1
99888199	1
4001148	1
14745009	1
38290563	1
43588930	1
70826947	1
87628968	1
4002150	1
26623816	1
7199727	1
93994391	1
57123601	1
49669569	1
43208977	1
7647235	1
89853274	1
99910221	1
9267086	1
57149244	1
43535730	1
14753947	1
11029325	1
37356368	1
15329494	1
49655638	1
7646632	1
6860996	1
55708860	1
7786472	1
49619794	1
4006383	1
9344129	1
9138409	1
6864740	1
7787258	1
43588972	1
43590947	1
69098909	1
99864649	1
9266940	1
4004472	1
7785922	1
4003545	1
9266838	1
55736814	1
89848720	1
5738297	1
56159579	1
9267784	1
91144335	1
91110032	1
4004388	1
38292350	1
26092822	1
55716996	1
7199528	1
4002076	1
43585208	1
7831701	1
55738236	1
99843962	1
49665891	1
56155030	1
4000478	1
37355058	1
13838293	1
99901601	1
37399299	1
4003424	1
7786437	1
43028778	1
93956359	1
4002148	1
4004470	1
55221548	1
4001959	1
9138603	1
43061003	1
4001769	1
5740250	1
9139014	1
57153651	1
69054386	1
37337719	1
26635964	1
7200932	1
38320451	1
13880574	1
55713943	1
4003800	1
4003544	1
70837512	1
99851789	1
49668826	1
9266885	1
9138454	1
9267959	1
7199179	1
28574763	1
4004382	1
37378929	1
87637129	1
4004386	1
93925279	1
19815076	1
5737631	1
68027428	1
4006053	1
7832674	1
15333725	1
43009820	1
7201939	1
70854321	1
4004026	1
91095074	1
56171626	1
11035003	1
37335906	1
4002078	1
5737820	1
28567488	1
70841357	1
7949003	1
56157774	1
4002492	1
6064285	1
69068587	1
55232055	1
4004475	1
9343834	1
4002490	1
4004634	1
7201461	1
11028233	1
70814790	1
69056124	1
43193049	1
7948661	1
6863362	1
7786076	1
9343356	1
91109490	1
28154209	1
38340605	1
7786252	1
19861691	1
7648448	1
13839809	1
99891164	1
9267064	1
70877480	1
7832151	1
7786836	1
26643356	1
55267944	1
57105638	1
69086080	1
5737918	1
4003059	1
13839859	1
49753468	1
5633215	1
24971129	1
12429976	1
71317834	1
5261713	1
39639853	1
81882531	1
5568640	1
18057854	1
39628719	1
66157652	1
6558395	1
66177351	1
7997784	1
5636732	1
9135671	1
9128910	1
5567320	1
80056083	1
12463249	1
81840202	1
46935497	1
24979171	1
9135376	1
71284418	1
9135563	1
12444960	1
43414554	1
46348107	1
9205429	1
5260542	1
9055050	1
43403818	1
80096519	1
9204212	1
92364003	1
71293271	1
5635195	1
5260678	1
22744051	1
13083389	1
9204974	1
80086618	1
66165521	1
22772666	1
9135827	1
5262201	1
5248222	1
12524245	1
80106121	1
51719467	1
88751666	1
9135413	1
14131152	1
46316060	1
22746579	1
39615129	1
92417797	1
6558538	1
18055520	1
13097839	1
9135480	1
46737962	1
5565892	1
9128892	1
6557080	1
88697690	1
7785152	1
9204990	1
5260199	1
12432108	1
9204717	1
7997773	1
5565917	1
46731661	1
9055026	1
7785476	1
22991487	1
22934523	1
88730905	1
5635547	1
9128940	1
92381775	1
46337536	1
67817633	1
5247020	1
71318526	1
7265042	1
6557065	1
7997582	1
9205795	1
12469299	1
5248286	1
5582221	1
22750320	1
5586791	1
46722689	1
9135075	1
5250565	1
67815047	1
5261521	1
43366601	1
9205855	1
81834837	1
5584675	1
49737047	1
81852540	1
5259558	1
13074448	1
12549848	1
7997094	1
35511124	1
46951795	1
43417370	1
46694533	1
81836392	1
5566704	1
46706108	1
6558191	1
9204202	1
39646319	1
67772563	1
66197617	1
9135515	1
5636153	1
5261633	1
14152011	1
5636436	1
79909365	1
25009422	1
13094070	1
22707522	1
5261989	1
5567181	1
12537921	1
49701585	1
22741749	1
7997657	1
9129056	1
46679856	1
9204258	1
5635486	1
9128717	1
39628840	1
46371887	1
18039438	1
92370977	1
96417353	1
67830931	1
88749477	1
14154294	1
79959188	1
22757718	1
9204563	1
79960532	1
5635914	1
46348867	1
51683300	1
43407374	1
46974551	1
12518736	1
46701301	1
9135638	1
46899842	1
7735608	1
7735209	1
60802277	1
9147841	1
6850131	1
7146104	1
59295419	1
7994837	1
6148725	1
9152592	1
96366144	1
71836614	1
9151988	1
90879755	1
60944317	1
7994089	1
36612728	1
7793809	1
65983359	1
44563875	1
5920818	1
5921539	1
90890555	1
7426282	1
5684820	1
7966598	1
7145035	1
15244301	1
5919809	1
7735875	1
5696151	1
7994049	1
5140401	1
82285285	1
96317922	1
63866388	1
5140335	1
62961102	1
36603994	1
60828821	1
7144680	1
5141766	1
90861822	1
7145769	1
5142643	1
6849818	1
60958752	1
87433220	1
7994004	1
9152726	1
62956639	1
7966635	1
5637482	1
7736430	1
24555457	1
14853406	1
7966872	1
78930479	1
44590921	1
96327868	1
5142834	1
5685279	1
94568342	1
7994524	1
7994767	1
88077099	1
5145630	1
71796472	1
7498874	1
59326581	1
60768733	1
7144576	1
5142793	1
5685735	1
7425967	1
9148553	1
7497353	1
63931632	1
78955883	1
63919565	1
63864620	1
65966376	1
71785738	1
82302743	1
62968945	1
44597396	1
90923010	1
63546245	1
9148213	1
60795604	1
71812473	1
59319651	1
5141519	1
7994657	1
78932653	1
88033599	1
5637219	1
5142434	1
5919423	1
14822260	1
82279838	1
5143620	1
81520393	1
7736734	1
7144520	1
7736543	1
7994388	1
62929265	1
90921582	1
59316546	1
5686745	1
5679361	1
5140361	1
90907436	1
5647755	1
9152296	1
60780064	1
7994203	1
15235162	1
36660524	1
88037992	1
62956060	1
9148068	1
6150417	1
5141763	1
9152281	1
5141797	1
87481669	1
88077904	1
60923847	1
63556904	1
7994541	1
5141274	1
60810088	1
7735336	1
9152821	1
96358642	1
5685710	1
14822505	1
94584300	1
7495206	1
5141796	1
71829003	1
9148614	1
5685977	1
5144018	1
6113431	1
6877829	1
7985456	1
46457342	1
7926142	1
82407370	1
7985255	1
78426518	1
18330576	1
6515581	1
9158507	1
9073661	1
9074164	1
9073702	1
23072088	1
9189612	1
41535465	1
11763055	1
9073842	1
35417900	1
11737396	1
11729003	1
40359574	1
35415137	1
5677439	1
90999387	1
40344365	1
89248977	1
39044953	1
6638648	1
6111719	1
9074306	1
7985577	1
7985400	1
7926443	1
67064769	1
41500546	1
6877579	1
45079423	1
11738056	1
9074458	1
9074324	1
7985370	1
55193566	1
7926232	1
98798615	1
55163503	1
23068773	1
7925949	1
9189658	1
68164332	1
7844661	1
6877592	1
67095565	1
6880191	1
46424291	1
7926062	1
46439244	1
68174592	1
6880423	1
98830747	1
9188786	1
5678381	1
9074221	1
9073605	1
91056072	1
71966775	1
55164021	1
5227850	1
34852767	1
7925901	1
9073815	1
55187856	1
7845319	1
9073954	1
55204536	1
5678611	1
9074425	1
11722828	1
6877885	1
6878274	1
9188662	1
67040276	1
9073520	1
82391769	1
74858997	1
82360432	1
61305384	1
9188749	1
23033570	1
5231293	1
6877442	1
92537511	1
9047967	1
82391947	1
92539654	1
74838579	1
82412924	1
5231269	1
9073669	1
78424140	1
34855063	1
9188792	1
45126538	1
71978164	1
71951924	1
92526771	1
6640475	1
9073808	1
7985890	1
91006206	1
6878431	1
5230182	1
79271758	1
41520099	1
9272993	1
40359779	1
78402233	1
6877961	1
7845006	1
11716436	1
6877832	1
46407550	1
71929262	1
9273177	1
91039497	1
7844724	1
39062877	1
67090289	1
74857269	1
6879835	1
98848369	1
6517312	1
28733064	1
9048152	1
23008208	1
98812598	1
35386576	1
11719906	1
9073705	1
7925812	1
39082362	1
7985818	1
40358131	1
79240839	1
6879980	1
5677649	1
82352921	1
61341003	1
71927701	1
79213355	1
33301377	1
6876888	1
68178559	1
91027236	1
33318635	1
39052145	1
79256669	1
67069546	1
89243219	1
55151496	1
74845340	1
7926207	1
7925740	1
26445188	1
34865631	1
9073490	1
41537232	1
7844315	1
33264378	1
68145800	1
7925710	1
9074056	1
35384001	1
9189662	1
7972236	1
5430548	1
24207910	1
50973475	1
66871857	1
5311664	1
5311292	1
59365088	1
5452344	1
24196731	1
7814843	1
24212817	1
5455513	1
7783735	1
66032430	1
5454729	1
5453941	1
6650142	1
39553327	1
69882659	1
5430756	1
7783744	1
5310975	1
38057241	1
7784201	1
9114868	1
17253420	1
5431331	1
5960127	1
7972251	1
24215816	1
80812571	1
71167833	1
6635593	1
7957821	1
7784188	1
77054140	1
5429931	1
5310235	1
5311535	1
65572745	1
17222321	1
9115742	1
6485755	1
7957375	1
59689595	1
7783694	1
77080677	1
9038086	1
5452560	1
66870893	1
5431259	1
6480571	1
7839568	1
59365358	1
25266670	1
69845260	1
6650288	1
5309221	1
66059206	1
73673784	1
5308627	1
40494821	1
5311278	1
7395404	1
65990921	1
5310520	1
7398981	1
65576523	1
73698135	1
9114900	1
59727165	1
86750709	1
66836556	1
39582349	1
5309193	1
9037004	1
6477403	1
5431361	1
59420666	1
7783604	1
86758298	1
5431315	1
7815549	1
5432181	1
5311389	1
5311775	1
65604822	1
7972532	1
7957260	1
5453257	1
59701647	1
25268904	1
5431798	1
65573161	1
7972813	1
9087422	1
9088189	1
78096780	1
14712781	1
59360956	1
7401938	1
66025457	1
5309706	1
25248005	1
7780436	1
73661279	1
5310605	1
73692869	1
6635188	1
37625780	1
59729117	1
7398295	1
64353823	1
80779252	1
24207090	1
40506625	1
7814332	1
7489286	1
7957840	1
25305581	1
9037207	1
38004885	1
14691497	1
66029241	1
17208416	1
50983341	1
5453078	1
9115179	1
39521615	1
9087553	1
5429972	1
51002518	1
39563937	1
6476698	1
66816507	1
77031694	1
9115653	1
50983670	1
73652550	1
38056900	1
5431430	1
17255905	1
7840056	1
14671381	1
5430074	1
59361420	1
73689762	1
65583466	1
7816236	1
66808587	1
14439989	1
49100937	1
7702802	1
7700834	1
81683932	1
40087538	1
5845118	1
26205239	1
49136326	1
84161066	1
5657547	1
75938736	1
16748938	1
33756191	1
7723811	1
14402470	1
6667477	1
16727832	1
5222434	1
85644994	1
84197862	1
7679226	1
5279357	1
26237785	1
47700210	1
7701800	1
47677778	1
5220843	1
7193761	1
71633474	1
7194076	1
5843771	1
56722342	1
41004213	1
7680168	1
7701363	1
5224231	1
47663152	1
9025382	1
22923233	1
14397448	1
7704314	1
5224562	1
5277118	1
5219694	1
26250187	1
6166414	1
5279508	1
26187791	1
75616213	1
7751000	1
14431704	1
5845777	1
74787733	1
41027814	1
7982930	1
7982546	1
87896135	1
26189125	1
74756077	1
75625007	1
5279761	1
6167206	1
75636967	1
7193486	1
16709878	1
6168702	1
6714301	1
7723712	1
85687026	1
81688356	1
7703652	1
9025461	1
33723419	1
84199866	1
5219754	1
84138029	1
75962264	1
6719377	1
74763561	1
75658802	1
7702995	1
7724062	1
87897078	1
10369386	1
5277358	1
5656184	1
40996717	1
6717690	1
10416141	1
6168107	1
20271136	1
40068306	1
74763065	1
5843708	1
56736848	1
7724297	1
56767117	1
7704267	1
85667114	1
44300447	1
26193702	1
7702452	1
16712108	1
40097298	1
75970147	1
7701315	1
75663895	1
7752040	1
6717904	1
10413159	1
5656158	1
7701143	1
5656723	1
7704083	1
7724385	1
49166228	1
7724696	1
5846794	1
16745153	1
71689630	1
20568417	1
7724483	1
40045879	1
7982676	1
87949349	1
5279800	1
20551189	1
6666227	1
81693888	1
5224413	1
6664782	1
73229992	1
56724521	1
33486078	1
64839451	1
9293851	1
86024419	1
77144070	1
7907647	1
86027111	1
68622201	1
31893065	1
9236701	1
6796616	1
6799816	1
68598654	1
31910934	1
9236173	1
68630565	1
99735448	1
14568078	1
5849143	1
9236294	1
6797219	1
7656893	1
6353030	1
35207313	1
6898715	1
99696787	1
86026310	1
14545831	1
9090923	1
68584453	1
99718582	1
44385575	1
99745957	1
9235833	1
44315688	1
24047865	1
23487750	1
6797489	1
6797088	1
5561673	1
13113334	1
7907297	1
6897439	1
68632308	1
6800487	1
13163500	1
5849615	1
9190095	1
31904871	1
9149605	1
56946888	1
68537048	1
9212657	1
24014332	1
9293392	1
6349851	1
9190096	1
6798732	1
44357446	1
64859040	1
9149521	1
7656764	1
90309883	1
9237045	1
54909344	1
6901372	1
6895128	1
99712460	1
68548350	1
7734584	1
23471902	1
77167105	1
5849464	1
9293115	1
5793083	1
79642355	1
5849373	1
24014441	1
68591605	1
7733926	1
7732000	1
9293717	1
6351665	1
53072443	1
7733449	1
7733743	1
9235490	1
53057136	1
5559162	1
9211636	1
13142406	1
9213074	1
7732464	1
13148007	1
86082105	1
14547792	1
90261677	1
9236358	1
7657527	1
9191438	1
35262215	1
68567461	1
6899161	1
33516292	1
28745313	1
77177761	1
31941834	1
35265988	1
9212524	1
24041020	1
54841971	1
9293535	1
47819881	1
5561158	1
64855221	1
54852074	1
28018548	1
24060222	1
33542318	1
5849106	1
64867457	1
9149362	1
33542872	1
79626470	1
86066365	1
9212443	1
68595132	1
47845794	1
48775369	1
31912985	1
56994401	1
6898908	1
33527130	1
35255538	1
5849686	1
9191688	1
7733289	1
9211681	1
6903311	1
35234841	1
24055842	1
23485662	1
10498556	1
20651480	1
69203857	1
74988668	1
5689182	1
6810978	1
90679090	1
22704090	1
12935349	1
80355575	1
81624360	1
5807898	1
5808523	1
6808510	1
12903020	1
88968889	1
7916822	1
7162700	1
52176202	1
9109526	1
29092169	1
9104561	1
7163143	1
33373264	1
49882050	1
52126585	1
7409919	1
9104210	1
29051628	1
90670874	1
25596926	1
9011041	1
48244921	1
9109040	1
58318316	1
5808341	1
10460460	1
33373041	1
41871123	1
15406708	1
9104533	1
9104074	1
49871451	1
95748717	1
6813048	1
9109385	1
58271017	1
74571811	1
12958555	1
12917972	1
52143322	1
52185079	1
5687356	1
5808256	1
90675032	1
5808163	1
69240333	1
74563038	1
5688765	1
5808564	1
69183344	1
5807086	1
25768652	1
58313437	1
5807433	1
10458143	1
26896716	1
88971888	1
5603886	1
5807394	1
9104953	1
5806177	1
25755754	1
15374474	1
52229721	1
10490959	1
95713404	1
5808596	1
33341245	1
9010889	1
52124255	1
9105114	1
9109728	1
7411808	1
5808182	1
5807513	1
5806854	1
5807357	1
5690649	1
43344779	1
74975382	1
81625882	1
7916884	1
9109140	1
25565687	1
25540269	1
88986572	1
41864341	1
10455425	1
5808536	1
5808204	1
25593631	1
67760757	1
59014826	1
25566923	1
49859346	1
25814226	1
10496017	1
33331848	1
9010715	1
22694629	1
9109326	1
7164963	1
67696046	1
5807494	1
7409543	1
7161732	1
5807892	1
67703194	1
6808668	1
29110033	1
9104124	1
9104048	1
49841547	1
49913368	1
5807413	1
90637342	1
25590906	1
33386870	1
81636028	1
9109812	1
26833653	1
7916917	1
7159271	1
5690150	1
7411164	1
22699890	1
9109539	1
41854152	1
20645824	1
88952689	1
33353543	1
59003533	1
9104136	1
67743018	1
9109125	1
26845396	1
5690013	1
5588157	1
5602774	1
52213693	1
5687591	1
80391111	1
9104963	1
99119477	1
10447177	1
6082802	1
5688342	1
5687952	1
7695379	1
64452136	1
54419607	1
29414528	1
5941192	1
99597116	1
9088908	1
7694660	1
6773326	1
59452568	1
7995917	1
9319100	1
56613601	1
99588280	1
7695916	1
25817338	1
15074793	1
29446996	1
7995098	1
96171835	1
48696941	1
5187115	1
6769461	1
6368024	1
7694837	1
5546617	1
49326440	1
77363209	1
30148912	1
5176312	1
56589654	1
49343505	1
7694556	1
7694782	1
18492502	1
53442800	1
5176984	1
96182429	1
53518224	1
5182162	1
53433747	1
5833537	1
9318378	1
83772981	1
5942912	1
53482654	1
7695795	1
6370574	1
7995947	1
30124918	1
7909481	1
7995551	1
54409728	1
7861831	1
59457571	1
53483092	1
59442413	1
99582238	1
5175928	1
9088905	1
30142848	1
49352408	1
7995026	1
96181823	1
25862716	1
53440752	1
7860937	1
84295412	1
33995862	1
18491888	1
6571076	1
5834124	1
6769533	1
5833836	1
6571247	1
5182366	1
34037856	1
64471685	1
7995407	1
56628608	1
7695883	1
53489590	1
7995257	1
77355486	1
9318370	1
92682925	1
7641119	1
6368339	1
96154525	1
29431401	1
49381374	1
34002788	1
7693376	1
64485056	1
69838781	1
7994959	1
49350578	1
9318770	1
17319197	1
59506321	1
29451313	1
7995839	1
18505323	1
15058193	1
7995759	1
7694744	1
34012613	1
75304524	1
7995669	1
7693954	1
25890670	1
7909369	1
59496681	1
7860505	1
69811081	1
15067357	1
7695704	1
92651842	1
10949552	1
6369185	1
30158639	1
34051428	1
33979269	1
7995618	1
59479485	1
7909368	1
75259697	1
54412752	1
18465097	1
54425665	1
77351923	1
49373930	1
7995381	1
64505763	1
6369897	1
83790781	1
49387177	1
5955954	1
7695774	1
56588738	1
29446740	1
7914323	1
16824290	1
20787506	1
41491334	1
7847103	1
7813383	1
7847968	1
7569348	1
7676700	1
29598807	1
60130268	1
6552983	1
6982615	1
7675509	1
97557536	1
7570056	1
29547026	1
16801319	1
56524849	1
9256471	1
33545727	1
19120215	1
9289910	1
60169111	1
33584479	1
82944120	1
9290278	1
51494628	1
20776670	1
7848948	1
99042984	1
7811176	1
9255972	1
9290854	1
9291087	1
93842612	1
60103337	1
7968892	1
61405565	1
9257088	1
7812463	1
97547086	1
9255875	1
7674683	1
5869366	1
51488098	1
7847544	1
7812892	1
42298519	1
51487530	1
60144399	1
20732573	1
61427219	1
6983372	1
42288969	1
6981761	1
90599860	1
5866525	1
60695787	1
51471257	1
60126560	1
29596202	1
89503589	1
60601796	1
41489383	1
61396001	1
7570610	1
33590092	1
61391123	1
19152334	1
93774921	1
30324450	1
90613015	1
24702572	1
60134525	1
51522724	1
82909854	1
51515831	1
7570730	1
9065081	1
93836931	1
9290984	1
90580580	1
7811521	1
24693414	1
60557288	1
20015280	1
73529400	1
90579364	1
9291175	1
7812384	1
60556456	1
62389890	1
93780122	1
99011479	1
60746725	1
7848671	1
9257178	1
7847153	1
9256577	1
9065615	1
7298652	1
41446345	1
9256729	1
19981803	1
89497115	1
5868315	1
60569173	1
20746413	1
9256669	1
61419424	1
7676871	1
88578385	1
30325610	1
7847800	1
9256412	1
7811991	1
41499798	1
9256837	1
88598918	1
24651999	1
61395386	1
7812286	1
7675844	1
6981955	1
7813211	1
9290084	1
51497930	1
60595383	1
88596546	1
7568742	1
5240470	1
72398334	1
14048879	1
7688385	1
14096505	1
5238346	1
9131044	1
5355997	1
5357117	1
29203582	1
5472518	1
90190147	1
23533656	1
76261217	1
7677697	1
6049223	1
6048962	1
5355563	1
95306650	1
7688077	1
9331442	1
7937784	1
85557099	1
33679198	1
85573313	1
9130696	1
5356506	1
7678524	1
7180336	1
5239077	1
9024145	1
90181512	1
56915827	1
17132837	1
6048538	1
86365264	1
5238345	1
90169996	1
9131102	1
27025416	1
7180632	1
72355011	1
17141394	1
65279993	1
23339918	1
5470594	1
23360043	1
7687065	1
9130869	1
76264884	1
6049213	1
40248028	1
26971529	1
23334257	1
95284511	1
7179015	1
14065041	1
6049524	1
7808817	1
7627551	1
68683557	1
29231102	1
96822168	1
14029755	1
7937871	1
40259276	1
6049585	1
5241858	1
86344098	1
56917928	1
72393287	1
90206100	1
14065078	1
9131472	1
5239078	1
65284268	1
40292776	1
7688827	1
7981155	1
84073215	1
5356721	1
7677954	1
7678549	1
72400405	1
14922999	1
7627621	1
5237344	1
17141221	1
65317791	1
7686362	1
7938050	1
14061513	1
5471967	1
7678538	1
9131348	1
85611442	1
7677650	1
5238523	1
17136209	1
5470676	1
76261500	1
7687637	1
7181806	1
76257707	1
9040880	1
76264075	1
27006068	1
96822775	1
14089015	1
7678030	1
6049980	1
96760227	1
5240629	1
14906850	1
85565021	1
68693784	1
7686626	1
5241862	1
5472119	1
9131435	1
9130836	1
65329524	1
7678468	1
33637757	1
86329277	1
7688819	1
6049813	1
7981346	1
5354492	1
9023008	1
6048311	1
7687803	1
6049001	1
86331354	1
5240771	1
5241217	1
5241142	1
23513040	1
7688327	1
96815683	1
95311330	1
90200280	1
7686952	1
7981296	1
68672979	1
56918013	1
9023380	1
9131020	1
9040838	1
84122466	1
7180093	1
5472319	1
9040605	1
9131289	1
7688896	1
7178778	1
7688897	1
9332999	1
7688242	1
6049954	1
96760974	1
9062697	1
7938170	1
90181636	1
84105716	1
7677991	1
29218572	1
7938275	1
5469671	1
27030051	1
5238283	1
5356009	1
7938114	1
7686761	1
5355318	1
7686689	1
9023440	1
5239083	1
5469631	1
7689805	1
7980581	1
9041341	1
5240576	1
7980767	1
17158442	1
7937391	1
7678902	1
9063971	1
7687460	1
5241287	1
6789928	1
11510082	1
7942377	1
28889902	1
89926363	1
38486831	1
6046685	1
7942870	1
11561989	1
5200274	1
91396649	1
77942234	1
7942570	1
83459675	1
9081310	1
9229838	1
6047601	1
9229325	1
74632147	1
5212816	1
11514472	1
7876704	1
7876536	1
38448849	1
77648523	1
11564856	1
77952593	1
91428852	1
9228029	1
7119172	1
5211453	1
91391210	1
83418631	1
32152110	1
42600796	1
74637194	1
7877498	1
9081528	1
9314296	1
73463592	1
19635477	1
26509662	1
92491591	1
20819134	1
9314579	1
28920424	1
77960092	1
5213200	1
35477244	1
7877926	1
7365827	1
9228234	1
77956071	1
9313737	1
94831976	1
33102096	1
9081180	1
9228492	1
9229405	1
5211383	1
73423869	1
26525299	1
63269468	1
94826282	1
94829895	1
20857503	1
51577361	1
74638368	1
9081432	1
73839184	1
9081174	1
77925966	1
6046982	1
73856357	1
19611508	1
7979184	1
77975529	1
42589304	1
5210643	1
89928364	1
9313082	1
38479447	1
38496788	1
77694208	1
28902114	1
33062533	1
37789267	1
9313278	1
51545485	1
9081721	1
7363170	1
33069540	1
7878383	1
20851998	1
94820691	1
18429620	1
7118972	1
9081292	1
7877585	1
7363708	1
18454687	1
42567255	1
5213900	1
77973778	1
74661488	1
9229225	1
73818228	1
35452551	1
7118371	1
51589943	1
5211322	1
33084043	1
7364530	1
9081613	1
6047927	1
5195163	1
7943254	1
66558267	1
92477055	1
9313913	1
35453765	1
78343746	1
6136441	1
77988790	1
9081103	1
9081668	1
9229046	1
66561982	1
35478343	1
78338757	1
7979269	1
7117379	1
83446197	1
38467593	1
7365605	1
83400128	1
33096402	1
5211416	1
6047149	1
74627893	1
91385949	1
32110940	1
77641737	1
77646115	1
66524374	1
9228757	1
7119039	1
32113549	1
94855252	1
26323950	1
77694441	1
73842278	1
51560454	1
37775203	1
7118774	1
7978609	1
9313925	1
7906183	1
7906110	1
38902577	1
7361276	1
7417101	1
7906223	1
7906163	1
46223619	1
9059072	1
33156195	1
33150548	1
71869297	1
54192332	1
7906071	1
7906068	1
33161607	1
45447303	1
7906072	1
33157417	1
5565089	1
45632368	1
45640614	1
92622150	1
84489250	1
60326106	1
6876629	1
9193285	1
33166161	1
11901051	1
84464806	1
7906105	1
7962742	1
7906067	1
44531433	1
38910352	1
7906230	1
5530249	1
7906107	1
53698177	1
9193406	1
7906104	1
60362312	1
5530292	1
7929207	1
46485785	1
7360539	1
5527991	1
7202663	1
7940048	1
7906108	1
7906061	1
44533676	1
7940027	1
7962214	1
7906085	1
7906170	1
60359277	1
45483278	1
7962609	1
46493916	1
7906154	1
5563720	1
5527805	1
9059075	1
7906155	1
7928982	1
45625479	1
9193279	1
7763224	1
92618194	1
12884425	1
96685127	1
7906092	1
7928604	1
46496768	1
77712509	1
7762316	1
18578738	1
7906229	1
9195473	1
7906182	1
54245934	1
7906241	1
54334365	1
44510343	1
38874710	1
5529188	1
54221883	1
7906099	1
7906181	1
7906164	1
7962772	1
60340075	1
7209395	1
9194009	1
7417957	1
80478160	1
96678854	1
46238135	1
7906062	1
49470727	1
9195476	1
45434761	1
7154531	1
47431795	1
60368648	1
9059278	1
71867190	1
54398868	1
5564092	1
84502696	1
54189469	1
46178728	1
60322241	1
7906234	1
12835378	1
77722197	1
60347662	1
5564265	1
9058919	1
12869958	1
7906069	1
7156073	1
38868223	1
44503554	1
53688119	1
7906124	1
77732977	1
60324777	1
7906194	1
7906179	1
7906060	1
46237653	1
84447294	1
7207413	1
7928824	1
54193761	1
54386436	1
96710970	1
45441899	1
26567421	1
18589054	1
47455968	1
6875714	1
7416539	1
12861531	1
96689857	1
7963012	1
6876649	1
49504008	1
92576409	1
7906240	1
7906238	1
49530841	1
54211173	1
11852698	1
33128307	1
7906073	1
71884929	1
26597157	1
80510639	1
18530934	1
7360855	1
46196684	1
26557368	1
7906235	1
26586964	1
54350725	1
7906059	1
84454134	1
46461809	1
5563379	1
45284969	1
10226917	1
5823835	1
7506891	1
5792643	1
27631683	1
5791186	1
15518356	1
73723315	1
5774129	1
60405307	1
6361224	1
15556458	1
6757234	1
33889367	1
9118225	1
57650350	1
37137021	1
41087250	1
9119446	1
50758961	1
43773144	1
5791181	1
9117613	1
9227585	1
50763183	1
37160427	1
9147034	1
41091478	1
5825601	1
5790519	1
9151383	1
5428461	1
5824151	1
7507538	1
74391642	1
5426655	1
73774373	1
5792075	1
5792514	1
45226654	1
9226496	1
70266925	1
9227511	1
5425768	1
5425965	1
5792616	1
9151245	1
6938500	1
5823065	1
9227310	1
5964091	1
6366143	1
7673170	1
5426384	1
15547697	1
5427164	1
33897941	1
6938411	1
9208980	1
6873787	1
41103177	1
13210546	1
60419834	1
27662981	1
10292561	1
15509813	1
72573871	1
9226953	1
5425806	1
33886152	1
5428445	1
41110997	1
9120272	1
33901327	1
90740214	1
9146960	1
9151740	1
50756659	1
27615391	1
66211700	1
15546359	1
9209265	1
31301543	1
28068255	1
5429471	1
5428821	1
45740533	1
5791310	1
37165097	1
7704361	1
50726485	1
5429408	1
45765256	1
9117814	1
9117644	1
5792099	1
72515828	1
6941512	1
9120265	1
47385633	1
5427223	1
9120422	1
6874440	1
72569965	1
72555542	1
5790372	1
6940983	1
5962057	1
27653625	1
9117508	1
5426800	1
33855472	1
5964261	1
9117925	1
6938867	1
7705941	1
6941927	1
50779254	1
90730684	1
9119867	1
9117339	1
5426945	1
5427294	1
9118127	1
10256641	1
5429658	1
70230590	1
5792312	1
6938856	1
57675554	1
9147578	1
50775642	1
10280900	1
74419931	1
9151226	1
5960575	1
45786726	1
5426054	1
33855330	1
45276078	1
7674085	1
9120064	1
9147548	1
47358213	1
5791764	1
6364927	1
9147576	1
6764266	1
9151118	1
70236140	1
6938695	1
72573162	1
5771538	1
28061079	1
5960288	1
9118182	1
72549518	1
5426433	1
6937139	1
9208313	1
60424841	1
7511872	1
41077901	1
90703616	1
9117406	1
10275149	1
50762348	1
5427761	1
47411648	1
90706636	1
9226619	1
43808101	1
5965516	1
90699802	1
9146819	1
9227289	1
10221847	1
9118077	1
9208565	1
5428271	1
5425968	1
37151348	1
74418905	1
5426189	1
70223246	1
57610405	1
5425829	1
9117637	1
6942503	1
45760451	1
41126490	1
5427909	1
7783490	1
50702908	1
73049051	1
22205768	1
76549351	1
72793286	1
38512608	1
9201127	1
11174965	1
7519341	1
76563837	1
12074252	1
9201339	1
7783351	1
58156987	1
87191857	1
9200523	1
42846136	1
27908811	1
27912941	1
52677494	1
19442891	1
7783437	1
9066406	1
42841719	1
12380941	1
7527587	1
7113893	1
89579215	1
58143536	1
7388960	1
7328531	1
9132245	1
12371585	1
58128332	1
5970246	1
5972407	1
58400356	1
9202088	1
9201598	1
7526462	1
11182023	1
5971990	1
72746462	1
11215450	1
72737434	1
9201983	1
38564029	1
7113496	1
9108128	1
61704648	1
19427901	1
34573828	1
22262474	1
7387195	1
9107604	1
42849320	1
73047880	1
29640948	1
73091342	1
38534295	1
38497894	1
7522262	1
7328406	1
29665515	1
58409760	1
76535717	1
12379178	1
5476821	1
11164052	1
12377736	1
9201027	1
25619113	1
7112468	1
27899288	1
7782868	1
14982668	1
22203631	1
12396735	1
58351285	1
89634840	1
72739476	1
76569454	1
58148122	1
9200491	1
7392520	1
87196685	1
7392577	1
9200568	1
9066450	1
12385546	1
6107616	1
7783267	1
45517999	1
42785057	1
38539475	1
9132411	1
12079251	1
22235368	1
7524141	1
29615699	1
72729139	1
25629112	1
42817844	1
58132691	1
9107576	1
9200685	1
12086358	1
19424204	1
27905487	1
5475946	1
72736679	1
19405924	1
12111230	1
6670970	1
34551627	1
9107586	1
5477159	1
7523601	1
9108534	1
50690895	1
72790528	1
9108342	1
12102771	1
7327118	1
9067124	1
5476961	1
7524803	1
5478962	1
9107989	1
7478133	1
38510321	1
42777593	1
43988396	1
11206113	1
34561638	1
61672609	1
6672359	1
19409882	1
25631062	1
9132628	1
7387617	1
52659244	1
9108411	1
52645936	1
5967916	1
72769320	1
45568495	1
38510036	1
30197579	1
5749569	1
91544885	1
9239369	1
56213018	1
6994113	1
12748886	1
54959182	1
28452813	1
56259450	1
49822452	1
79308817	1
30222733	1
6993296	1
81152782	1
9275068	1
66794826	1
78560445	1
9239197	1
81211405	1
79326876	1
75147393	1
6995664	1
9036651	1
7936978	1
9240226	1
9304055	1
61873468	1
7936730	1
75166444	1
6620736	1
9240167	1
6402053	1
65333921	1
81170376	1
94718808	1
70098497	1
9274308	1
43079365	1
9275672	1
70078987	1
9274417	1
67244505	1
9036156	1
92214588	1
28404706	1
9275735	1
12745535	1
70132217	1
91548213	1
9304384	1
6249693	1
9030921	1
61888779	1
9079826	1
92272743	1
68758128	1
9304077	1
6402670	1
9240622	1
28451872	1
6399270	1
6400079	1
76066304	1
9079819	1
9275375	1
6241448	1
79332695	1
9239731	1
9275317	1
6620567	1
66744215	1
9304604	1
9303022	1
9274173	1
28439031	1
78063050	1
49771255	1
92237635	1
9080333	1
7247516	1
30249031	1
7975934	1
9304572	1
6990740	1
6991583	1
61913939	1
30238084	1
79285199	1
54953114	1
7936954	1
43107055	1
9079870	1
5748192	1
79295661	1
9303175	1
13449376	1
79343239	1
30253863	1
67253257	1
9080525	1
43130644	1
54983774	1
7976050	1
66753990	1
92217177	1
9239178	1
72144912	1
9080249	1
12727056	1
49780199	1
79309455	1
9275627	1
66754969	1
7936691	1
9274341	1
72164963	1
9031288	1
7976585	1
9304637	1
75126158	1
78554411	1
43099424	1
72150218	1
78020400	1
7936626	1
81187857	1
13649352	1
7936929	1
9080489	1
91558876	1
28445824	1
7976142	1
65344840	1
9080553	1
9275089	1
9036138	1
6628130	1
9031908	1
72145951	1
75178953	1
75140903	1
78039217	1
79308333	1
9079421	1
9333470	1
9079180	1
9262244	1
24426542	1
6433940	1
7998513	1
42735938	1
9079035	1
31706074	1
6169743	1
7882659	1
63094381	1
53670599	1
63071627	1
9001399	1
7998806	1
7998430	1
9000912	1
96878764	1
78706618	1
68490659	1
53642665	1
23986636	1
9262831	1
49417523	1
9078755	1
6978511	1
31666328	1
9261577	1
6171404	1
60994529	1
55607228	1
9336665	1
9079011	1
7013179	1
9001710	1
23985158	1
6432140	1
9001187	1
25231201	1
6432652	1
96848581	1
67154196	1
55593086	1
7253985	1
6981105	1
9000967	1
96835263	1
6469089	1
25178889	1
7998607	1
9333887	1
7882467	1
67116509	1
49423679	1
7879876	1
42466370	1
6979266	1
31692953	1
6977268	1
9337673	1
9000934	1
21081320	1
6170411	1
42426895	1
7882990	1
6979630	1
7998014	1
7251044	1
25182588	1
6978082	1
11460810	1
6467111	1
23995884	1
9337297	1
61010305	1
7251892	1
7880342	1
96838452	1
9334211	1
49461078	1
16624248	1
9000964	1
85911640	1
9333998	1
42415392	1
9334268	1
16597551	1
11470288	1
81051977	1
67098211	1
31663128	1
49433113	1
9333838	1
7998700	1
28856378	1
6172352	1
7882284	1
9261942	1
9333557	1
42754300	1
68509300	1
25202676	1
9001347	1
7998839	1
24422444	1
42459454	1
23966979	1
6172383	1
88006376	1
85915612	1
9337097	1
49396881	1
6078973	1
9261464	1
9001201	1
7998593	1
11944048	1
81015321	1
7998156	1
24410772	1
9001017	1
55630388	1
68453154	1
16578758	1
6468781	1
49451368	1
7998583	1
7881914	1
7879934	1
25155867	1
31682636	1
9336538	1
16573306	1
7998128	1
67131430	1
9078907	1
55652133	1
25155176	1
25220457	1
55631797	1
7998015	1
63091793	1
21115597	1
7998153	1
67140658	1
9079485	1
63073655	1
53608172	1
42766091	1
78683584	1
49432014	1
9001503	1
31693549	1
31723167	1
7879111	1
6980004	1
6172207	1
6172856	1
6170486	1
85895107	1
67140903	1
11930591	1
9079777	1
6433366	1
6434222	1
