7926373	1
45085577	1
61360106	1
6876874	1
7925670	1
7985561	1
6514868	1
7925805	1
5675439	1
6876987	1
6640729	1
6877468	1
46398351	1
7844893	1
6515590	1
7925833	1
7926144	1
5228181	1
7926042	1
6876838	1
5676580	1
5676319	1
7925682	1
6876795	1
7926314	1
33316824	1
6641600	1
7985693	1
6639903	1
6877358	1
6877923	1
6878013	1
6877495	1
26466224	1
5230644	1
7926178	1
7844216	1
6878031	1
6638596	1
6513719	1
6877579	1
6878345	1
6638989	1
5229544	1
6513200	1
7845089	1
6877926	1
7568322	1
7811459	1
29552007	1
7568644	1
7570346	1
5870309	1
7969121	1
7848718	1
7811940	1
7968980	1
5870678	1
7848078	1
89527597	1
33568817	1
6982974	1
7810669	1
6985250	1
7299451	1
7569708	1
5869886	1
7568111	1
6981625	1
5868080	1
60547276	1
6985458	1
6989544	1
7731474	1
7729886	1
7960055	1
5766806	1
5768356	1
5768372	1
6988452	1
6988250	1
6990222	1
5161020	1
5769674	1
6805645	1
7731491	1
63443522	1
5768437	1
7435980	1
7441228	1
5769297	1
6988959	1
7434424	1
66299630	1
64125581	1
9016377	1
7438346	1
6987633	1
5767803	1
7439692	1
7439448	1
5765360	1
5765842	1
6128455	1
7036883	1
7894357	1
7035792	1
5537522	1
59950368	1
6566379	1
7461992	1
7336460	1
6566950	1
6568160	1
7894522	1
5351357	1
31799337	1
7033924	1
97831307	1
7872220	1
7456534	1
7457968	1
7039424	1
6570500	1
7670276	1
6397788	1
7031265	1
7872910	1
5137654	1
5134800	1
5136050	1
6693277	1
5139169	1
5136134	1
6549944	1
11239373	1
6544053	1
7755131	1
7935594	1
20050562	1
7755919	1
5984695	1
5136127	1
5984429	1
5134790	1
6050697	1
5286034	1
5104426	1
6693653	1
5103522	1
5105260	1
5103796	1
5134753	1
6548295	1
7835675	1
5103797	1
7978396	1
5104682	1
5136152	1
5982675	1
5981238	1
5136135	1
5285833	1
5105106	1
5136124	1
7756449	1
6050636	1
5136147	1
5982148	1
7755863	1
5136141	1
6052014	1
5976265	1
5136130	1
6050659	1
5134754	1
5134778	1
5137650	1
5301213	1
5976320	1
5105245	1
6548813	1
6054392	1
5105231	1
37088927	1
5137634	1
6537220	1
5136129	1
7162609	1
5805912	1
5807357	1
5807416	1
5601698	1
9104062	1
5604337	1
25758465	1
5603486	1
7162015	1
7407325	1
7410328	1
7408923	1
5603107	1
5805738	1
5601320	1
7165479	1
7410642	1
5805983	1
5807445	1
5602528	1
5807494	1
5602775	1
10435877	1
5602473	1
7409541	1
5602804	1
5807394	1
5805944	1
5807824	1
5805802	1
7411444	1
5806207	1
5601817	1
5807525	1
5805685	1
5805969	1
5601424	1
5603370	1
5805848	1
9105054	1
5601040	1
5805930	1
7156496	1
6874814	1
7412890	1
7362290	1
7412428	1
6875547	1
6875837	1
7762903	1
5563041	1
7939573	1
7361545	1
7209456	1
7152315	1
7362435	1
53678596	1
6876257	1
6875038	1
6875275	1
7962641	1
5563858	1
7154829	1
6874994	1
7205442	1
7359876	1
7361199	1
7206807	1
6875797	1
5564549	1
7207982	1
7413960	1
7205723	1
6876056	1
7362690	1
7906322	1
7361180	1
6876406	1
7763794	1
7205820	1
53713097	1
7764489	1
6875429	1
7152321	1
7412433	1
7208094	1
5586957	1
51682708	1
5635497	1
12447745	1
5890318	1
5635715	1
5586213	1
5259795	1
22950318	1
5248510	1
6560403	1
5584526	1
5249341	1
6557329	1
5586671	1
5636173	1
7785622	1
92414189	1
5635249	1
71290421	1
5260363	1
14104804	1
5634215	1
5260982	1
5633426	1
5249311	1
7845724	1
6202416	1
6203060	1
6238125	1
6407618	1
5949667	1
5666038	1
5753028	1
6202671	1
5664755	1
6205964	1
5755387	1
5665026	1
51214246	1
6407026	1
6208457	1
6403584	1
6236038	1
6238287	1
6202617	1
7932696	1
5751881	1
6234149	1
5754321	1
6206906	1
95077400	1
5664718	1
6238530	1
6407096	1
6407412	1
6205032	1
6404440	1
6203275	1
5751077	1
7932619	1
5667047	1
6234113	1
5752015	1
6237905	1
6203120	1
6203247	1
6238080	1
6238329	1
6405883	1
6204268	1
7933307	1
6406643	1
6236560	1
5665591	1
6238137	1
6430188	1
5718541	1
5716155	1
5714875	1
6430403	1
5714828	1
5715101	1
5718534	1
5715492	1
5719912	1
5717302	1
5720256	1
5714975	1
5717849	1
6430322	1
5714864	1
5716248	1
5715338	1
5717639	1
5714773	1
5718737	1
7691326	1
5717960	1
5717841	1
5718040	1
5718244	1
5714999	1
7353569	1
5715465	1
5718386	1
5714823	1
6430618	1
5719701	1
5714588	1
5716288	1
5715862	1
5714879	1
5265439	1
5717392	1
5719439	1
5718855	1
5718065	1
5715310	1
5717223	1
5720561	1
5715936	1
5717032	1
5717445	1
6430824	1
5719531	1
34767074	1
5717481	1
5714761	1
5718205	1
5715146	1
5720288	1
5719101	1
5717339	1
5718764	1
5716598	1
6320465	1
5719189	1
5720595	1
5719853	1
5717613	1
5715534	1
5714909	1
5718505	1
92013128	1
5716233	1
5716231	1
5719863	1
5719179	1
5718968	1
5718961	1
5718548	1
5717958	1
5717742	1
5718839	1
5715786	1
59093741	1
5716406	1
5718666	1
5719056	1
5714991	1
5717237	1
5716451	1
5720698	1
5719725	1
5719296	1
5718172	1
6317556	1
5720413	1
5717836	1
5718538	1
5717811	1
5717067	1
5717443	1
5716677	1
5714960	1
6317509	1
5719278	1
5715109	1
5715843	1
5714845	1
5716499	1
5714967	1
7693168	1
5715001	1
5718543	1
5715577	1
5719587	1
5715782	1
5717307	1
5719643	1
5717467	1
5718231	1
5718848	1
5715820	1
5719474	1
5717916	1
5719550	1
5717816	1
5717093	1
5720717	1
5720579	1
5715080	1
5717947	1
5717291	1
5718897	1
5716405	1
5717644	1
5267752	1
5714831	1
5716730	1
5715073	1
5720106	1
7807301	1
5718651	1
5715617	1
5715285	1
5720286	1
5719662	1
5717364	1
5714863	1
6314797	1
5714743	1
5717907	1
5715953	1
5717908	1
5720651	1
5718314	1
5715653	1
5720727	1
5719128	1
5715561	1
5719837	1
5715244	1
5719771	1
5720602	1
5718535	1
7807436	1
5720721	1
5714797	1
5217731	1
7369536	1
5857796	1
5857275	1
5855779	1
5857020	1
7368214	1
7548380	1
7403457	1
5855431	1
6332717	1
5854279	1
5854648	1
9111938	1
5857255	1
5854510	1
7554189	1
7370947	1
7804436	1
7405292	1
5855203	1
5855497	1
5855014	1
7555542	1
5856651	1
5856349	1
5857667	1
5855146	1
5857089	1
5857518	1
5621395	1
5855608	1
5621218	1
96272947	1
7804616	1
7405784	1
5857997	1
5857932	1
5854776	1
5854256	1
7803745	1
7803532	1
46021789	1
5857559	1
7805175	1
5857506	1
5854885	1
5857271	1
5856050	1
5856111	1
50514916	1
5215371	1
51146414	1
20406845	1
5856257	1
7548019	1
5215370	1
5854964	1
9262266	1
5480559	1
5480125	1
6981081	1
5480758	1
6080781	1
7967272	1
6432972	1
6434041	1
5479752	1
6432518	1
5480882	1
7881157	1
5479454	1
5479444	1
5479480	1
6433172	1
6433459	1
5480627	1
5481070	1
6079389	1
6078095	1
6169989	1
7998513	1
5479747	1
5951899	1
5480290	1
6172467	1
6077187	1
5480347	1
5480759	1
6432237	1
6465027	1
5479664	1
5479756	1
5480105	1
5479672	1
7251403	1
5480018	1
7879156	1
6170748	1
5480959	1
6977488	1
7967543	1
5952016	1
6172001	1
6076590	1
5480478	1
5481727	1
5480492	1
11927318	1
81021570	1
5480894	1
24368353	1
6077354	1
5480361	1
7967753	1
6433523	1
6172567	1
5479585	1
5480458	1
6468781	1
5481025	1
6431361	1
6077561	1
7252322	1
6431706	1
5479478	1
5480718	1
5480304	1
5480392	1
5480438	1
7967538	1
5480845	1
6169868	1
6432739	1
5479674	1
7882245	1
6078756	1
6171859	1
5480291	1
5480769	1
16627319	1
6078401	1
9001816	1
6171526	1
6169530	1
6432464	1
5480378	1
6596819	1
61529420	1
5986067	1
5882204	1
6736102	1
7924687	1
5882991	1
6392347	1
7924542	1
6447573	1
6447748	1
5989928	1
7996572	1
7924769	1
6449811	1
62844906	1
5884578	1
5881082	1
7924729	1
7798055	1
7129980	1
7129198	1
7924632	1
6449320	1
7953550	1
7129286	1
7705567	1
6873996	1
5792531	1
5824791	1
5772293	1
6873050	1
5792979	1
6367012	1
6873281	1
5791866	1
7705851	1
5791402	1
5818205	1
15514775	1
5819885	1
9208457	1
5791117	1
7705232	1
5824408	1
5826716	1
6873139	1
6873154	1
7674061	1
5826325	1
5774619	1
5792849	1
6873381	1
5823827	1
47375312	1
6873509	1
6873865	1
5774067	1
74386257	1
7707533	1
5964994	1
6935545	1
5426084	1
5773921	1
5825985	1
5791810	1
6359811	1
7707298	1
6873155	1
5818638	1
6874078	1
5825076	1
6941898	1
5819246	1
5965456	1
5825614	1
6874023	1
7509288	1
7705402	1
5821647	1
6760926	1
7705164	1
5792260	1
7705200	1
5771084	1
7705600	1
9227080	1
7705898	1
6937739	1
5962975	1
7507154	1
7705640	1
7705651	1
7707139	1
45777756	1
7705497	1
6367375	1
5790495	1
6873018	1
6874377	1
6358561	1
5792698	1
7906750	1
5850282	1
7906753	1
5850239	1
47827510	1
28018769	1
6354284	1
9293641	1
7906749	1
7906745	1
5850219	1
7906751	1
7906746	1
7906744	1
5849910	1
5850483	1
28018548	1
5850448	1
5850090	1
7734341	1
79607532	1
13105398	1
7906748	1
7906747	1
9212376	1
54881203	1
5850560	1
5850057	1
35246280	1
5850211	1
7732419	1
56989802	1
7907244	1
7906752	1
6370913	1
5952933	1
7908650	1
5953766	1
5830628	1
6368829	1
5182863	1
10982095	1
7860325	1
7995224	1
5832601	1
6368521	1
5940652	1
6369891	1
5954095	1
7641655	1
5955844	1
6369733	1
92651999	1
6768284	1
6370435	1
7860670	1
5956432	1
5833076	1
7694038	1
7694147	1
6367943	1
5938019	1
5829942	1
7858663	1
6370344	1
5958087	1
5185079	1
5828812	1
5828680	1
6369885	1
5953698	1
6368923	1
5182531	1
56599259	1
83780707	1
5182579	1
7642001	1
5830506	1
6369077	1
5186104	1
5470714	1
5471840	1
5471259	1
7937307	1
7626225	1
7678420	1
7179597	1
5471235	1
5472468	1
5472123	1
6048793	1
5471983	1
5471893	1
5472485	1
7177420	1
5472516	1
7626466	1
5472460	1
7980818	1
5472048	1
5470155	1
5469680	1
5471731	1
7980834	1
5471434	1
5471933	1
5470006	1
7625846	1
5471357	1
5471817	1
5469731	1
6050094	1
5471248	1
5469832	1
5469930	1
5471776	1
5469419	1
6789702	1
6048071	1
7937418	1
5472373	1
5470444	1
5472299	1
5469718	1
5471217	1
6049016	1
9040465	1
7178599	1
5471524	1
5471403	1
5470016	1
14086759	1
5472043	1
5470564	1
5469873	1
5472304	1
7177777	1
6049591	1
5471906	1
7937714	1
5471816	1
5471300	1
5472019	1
5469189	1
5472064	1
5469622	1
5470980	1
52712106	1
5472341	1
5472273	1
5471882	1
5470391	1
5472321	1
5470565	1
7182082	1
6050256	1
7627525	1
5470143	1
7182092	1
5476595	1
6670250	1
5477112	1
52685926	1
6106947	1
5476055	1
5476766	1
5479010	1
5479352	1
5477669	1
5968037	1
5478548	1
7112559	1
5479305	1
7816752	1
5478015	1
5478227	1
5478802	1
5478384	1
7819591	1
5478157	1
52639572	1
7390633	1
5476234	1
5476101	1
5477228	1
5970245	1
5478428	1
5479272	1
5476230	1
5477508	1
7521178	1
5477619	1
5479088	1
5479197	1
7389202	1
7329457	1
5476952	1
5968570	1
7387195	1
5478007	1
5479421	1
5475914	1
5476417	1
5478389	1
5478215	1
5479353	1
5477138	1
7391268	1
9201085	1
5476768	1
5477140	1
5969338	1
5478251	1
87182273	1
5479006	1
5477777	1
5968245	1
5477420	1
5478404	1
5476343	1
5476090	1
5475923	1
5478685	1
5477269	1
5477651	1
5967655	1
5478396	1
5476133	1
5476354	1
5476979	1
5476000	1
5476425	1
5972682	1
5476602	1
5479343	1
5476779	1
7386848	1
5477571	1
5476991	1
5478578	1
6107872	1
5477305	1
5479292	1
5477755	1
5477756	1
5479193	1
7819606	1
5477268	1
7817755	1
5476838	1
5478926	1
5476921	1
5476902	1
5476767	1
5477244	1
7523559	1
5476774	1
7114323	1
5476832	1
5477586	1
5476769	1
7526754	1
5476465	1
5478204	1
7519280	1
5478727	1
5477028	1
5478566	1
5478842	1
5476250	1
5477266	1
6241010	1
6242589	1
9239119	1
5746924	1
6628607	1
6241265	1
79342849	1
6994735	1
9275679	1
7975864	1
6245933	1
6241036	1
9240277	1
6241094	1
6401500	1
6400809	1
6400382	1
6628851	1
6627468	1
78568499	1
6623090	1
6623287	1
5748661	1
6240864	1
9239833	1
6400748	1
6627413	1
5749386	1
6244791	1
6248640	1
6627505	1
6992439	1
5748536	1
6241614	1
6399066	1
5748236	1
6628812	1
6241413	1
6623181	1
5748986	1
5748551	1
5750309	1
6627674	1
6629041	1
6240949	1
6994100	1
6402276	1
7512314	1
7132511	1
36267643	1
7059240	1
7067246	1
7130520	1
7132909	1
7840799	1
5556726	1
6947744	1
7843710	1
5556164	1
11986128	1
6949236	1
6705726	1
7841101	1
7515319	1
5658302	1
7841406	1
86141592	1
56398844	1
9328270	1
6947887	1
9320741	1
7130393	1
7514991	1
7515109	1
7930240	1
7517153	1
6946935	1
6586551	1
5555548	1
6947403	1
18412354	1
6046176	1
5209256	1
5209260	1
6045952	1
7366413	1
5195018	1
6047111	1
5209255	1
6046120	1
5214307	1
6048018	1
6046925	1
5209257	1
6046136	1
5214430	1
6136026	1
5212907	1
7875427	1
5209259	1
6046272	1
7367280	1
6047557	1
5213576	1
6136096	1
7364853	1
6046157	1
5467040	1
5723575	1
5466859	1
5365462	1
5380001	1
5722440	1
5467828	1
5466975	1
5466396	1
5466405	1
7720165	1
7715496	1
5724210	1
5722364	1
5722999	1
5724196	1
5726220	1
5726054	1
5722638	1
5722980	1
5724738	1
5722986	1
5380123	1
5721379	1
5724514	1
5722319	1
5722968	1
5722467	1
5725858	1
5726306	1
5380964	1
5723242	1
5305427	1
7977268	1
7444537	1
5721803	1
5721176	1
9030489	1
5726007	1
5726635	1
5720779	1
5468180	1
5726115	1
5725739	1
5723037	1
5723674	1
5721328	1
5304494	1
5532890	1
5724852	1
5468199	1
7715034	1
5468906	1
5468943	1
5380739	1
5725774	1
5726543	1
5722544	1
5724321	1
5723327	1
5721295	1
5726972	1
5380437	1
5468377	1
5723087	1
5726569	1
5722580	1
5722840	1
5721232	1
5725012	1
7450291	1
5724710	1
5723457	1
5726443	1
5722936	1
5723892	1
5466391	1
5722073	1
5724936	1
5722957	1
5378741	1
5724096	1
5722466	1
7746321	1
5722710	1
5466227	1
5724135	1
5721772	1
5380486	1
5726437	1
5380479	1
5725211	1
5364555	1
5724892	1
5720797	1
5721622	1
5467098	1
5468467	1
5531819	1
5723830	1
5722410	1
5721549	1
5467037	1
5723824	1
5721301	1
5467639	1
5721050	1
7715958	1
5723645	1
5721545	1
5725379	1
5380126	1
5467389	1
5722562	1
5723465	1
5722404	1
5468997	1
5726932	1
7444360	1
5720905	1
5721806	1
7718605	1
7746184	1
5466262	1
5466261	1
5380448	1
50825458	1
5721711	1
5721336	1
5722720	1
5468896	1
5726596	1
5720755	1
5380492	1
5722908	1
5722690	1
5724774	1
5380498	1
5727027	1
5722046	1
5721727	1
5726541	1
5723693	1
5726431	1
5721087	1
5721029	1
5725297	1
5721940	1
5380983	1
5468597	1
5721618	1
5723250	1
5721749	1
5652307	1
5725790	1
5724900	1
5726746	1
5724515	1
5651835	1
5724873	1
5468587	1
5469079	1
5720887	1
5722204	1
5724029	1
5468067	1
5652078	1
5722443	1
5467551	1
5466801	1
5723747	1
5720829	1
5726523	1
5651300	1
5466884	1
5468708	1
7450905	1
5722644	1
5724266	1
5653444	1
5466514	1
5724693	1
7445674	1
7976705	1
5725085	1
5468621	1
7744957	1
5727014	1
5723776	1
5722860	1
5380207	1
5721477	1
5726131	1
5724524	1
5422905	1
5153990	1
6585052	1
5152348	1
5325852	1
7934964	1
6193179	1
7935063	1
7934750	1
7935304	1
6133222	1
6190817	1
6131295	1
7769795	1
6191609	1
7934524	1
5150683	1
5151249	1
5150680	1
6191330	1
6191276	1
7766078	1
6190935	1
5153938	1
6584313	1
6189586	1
5118351	1
5117160	1
5117862	1
6197261	1
7604261	1
6946072	1
6197980	1
7603840	1
6774335	1
79079740	1
6945525	1
6655296	1
6200317	1
7787347	1
6781111	1
6197568	1
7605359	1
6945692	1
7796421	1
5117541	1
6655227	1
5117009	1
6196751	1
6651164	1
6197629	1
5118342	1
7898545	1
6944624	1
6945007	1
7795044	1
6945031	1
6195535	1
6945177	1
5117173	1
7927155	1
5117864	1
6912907	1
6781996	1
21795902	1
5116017	1
7926595	1
7926620	1
7430861	1
7497353	1
7994637	1
7147215	1
7428211	1
7794547	1
7737202	1
5140459	1
5680820	1
5142493	1
7793863	1
7498272	1
6149414	1
5696382	1
5920434	1
5682225	1
5918003	1
7736080	1
5142475	1
5681523	1
5143872	1
7966401	1
5693737	1
7735217	1
7145153	1
7428530	1
7426466	1
7150160	1
5636982	1
5929121	1
5646993	1
88070030	1
7432057	1
24514826	1
5648037	1
5647806	1
7736817	1
33200224	1
6208501	1
6283243	1
7739122	1
5376475	1
7958709	1
6215872	1
6215521	1
7699526	1
7696196	1
7269936	1
59924636	1
52585583	1
83746446	1
5376856	1
5377246	1
6211427	1
7120982	1
6214301	1
7122303	1
6284511	1
29526775	1
25906059	1
6214173	1
6215741	1
6212690	1
9202523	1
26685160	1
6213816	1
7122132	1
7959308	1
5315195	1
55406349	1
7610962	1
5100770	1
5101410	1
5100718	1
6418018	1
7019375	1
6371360	1
7966053	1
34744185	1
5313924	1
7594113	1
5318213	1
5101286	1
5318332	1
5101287	1
5318235	1
5314312	1
5101293	1
5100291	1
7612486	1
5101252	1
6371526	1
95787057	1
5101248	1
5100302	1
6890506	1
7613671	1
5100643	1
6417210	1
6371601	1
6887521	1
5362196	1
5315607	1
5316480	1
7588593	1
7017276	1
6421245	1
5101346	1
6371353	1
7966004	1
7612997	1
7683742	1
5709046	1
5706687	1
5709018	1
5707442	1
5707850	1
5708604	1
5707568	1
5706008	1
5708542	1
5707023	1
5707286	1
5706007	1
5706011	1
5706296	1
5705961	1
6532445	1
5709238	1
5709425	1
5708462	1
5709307	1
5708622	1
5707665	1
5708316	1
5706392	1
5706006	1
5709375	1
6058940	1
5709081	1
5705953	1
5706800	1
5709218	1
5709263	1
6534982	1
5706143	1
5705990	1
5705960	1
7725783	1
5708246	1
5706836	1
5706269	1
5708714	1
5705965	1
5706535	1
7927953	1
5880167	1
5706137	1
5706706	1
5706630	1
5706975	1
6061467	1
5706819	1
5708974	1
5708963	1
5706225	1
5706718	1
5706158	1
6139317	1
5705977	1
5706740	1
5706325	1
5627986	1
5707961	1
5707933	1
5706781	1
5709379	1
5707782	1
5708912	1
7660447	1
5705983	1
5877804	1
5707531	1
5706784	1
5706295	1
5706507	1
5709437	1
5709075	1
5707691	1
5709374	1
5706760	1
6532299	1
5709087	1
5706003	1
5706431	1
5707345	1
5708916	1
5707508	1
5626191	1
5707607	1
5708031	1
97301826	1
5705979	1
5706840	1
5707255	1
5705951	1
5708512	1
6140108	1
5708034	1
5707277	1
5706275	1
5709213	1
5707381	1
5706435	1
16389037	1
5708777	1
5706108	1
5707168	1
5707395	1
5709153	1
5705976	1
5708995	1
5706951	1
5706452	1
5706196	1
5709506	1
5707769	1
5706471	1
7726657	1
5707415	1
6535100	1
5709344	1
7956401	1
7940492	1
5706770	1
5706204	1
6056010	1
5706056	1
5706339	1
5706775	1
5280724	1
5875813	1
5707987	1
5706358	1
5706005	1
5707372	1
6140178	1
5706664	1
5706351	1
5707148	1
7941251	1
5706868	1
5708107	1
45910983	1
5708103	1
5707163	1
5706870	1
5708991	1
5709383	1
5709325	1
5707932	1
5708178	1
5706299	1
5707182	1
5706282	1
5706387	1
5706509	1
5709291	1
7965494	1
5706609	1
5706893	1
5705963	1
5706865	1
5706856	1
5706518	1
5879700	1
5706228	1
5706192	1
5709581	1
5705952	1
5284193	1
5708088	1
5706749	1
5707174	1
5706004	1
5706494	1
7956499	1
5708827	1
5708207	1
5708865	1
5706293	1
5879670	1
5708083	1
5706016	1
5705956	1
5705954	1
5709064	1
5707305	1
5707901	1
5709229	1
5708418	1
5707519	1
6066079	1
43189069	1
7787156	1
43211967	1
6066869	1
7787160	1
7199563	1
7185446	1
6066063	1
6066898	1
6066840	1
7647249	1
70842944	1
7183196	1
5745269	1
6178441	1
5235212	1
6220219	1
5727782	1
5727532	1
5727255	1
6220630	1
7975475	1
5744950	1
5727097	1
5727140	1
6218273	1
5727427	1
5234384	1
5727514	1
6221006	1
5727543	1
6178444	1
6223822	1
6180201	1
5727155	1
5727577	1
5727040	1
6221048	1
6220323	1
5236843	1
5727105	1
5727434	1
5727625	1
5727194	1
5727196	1
5728361	1
5727313	1
61815791	1
5727223	1
6221194	1
6841422	1
6221157	1
6182107	1
5727612	1
5727726	1
43617670	1
6842191	1
5727582	1
5727243	1
5727361	1
5727218	1
6221017	1
6182361	1
6222330	1
5728419	1
6179620	1
5727547	1
5727464	1
5727747	1
5727117	1
5789197	1
7773115	1
12665427	1
7918937	1
6250733	1
7681897	1
6512658	1
6508064	1
6508372	1
7772483	1
88266673	1
7918933	1
5789497	1
6507218	1
6251259	1
5787375	1
6382692	1
6509516	1
6258840	1
7825200	1
6255637	1
83593584	1
5789053	1
28605240	1
7918931	1
6382360	1
6260150	1
5789991	1
7918938	1
7747499	1
7918936	1
7918932	1
85363813	1
5789518	1
5789655	1
7918939	1
7746573	1
7826124	1
5789017	1
5787252	1
5787672	1
7682482	1
5787608	1
5787376	1
7746603	1
6258830	1
7747311	1
5789795	1
7918934	1
7816287	1
7957445	1
6649079	1
7837584	1
6648675	1
7575519	1
5958762	1
7577326	1
6648312	1
37995806	1
6480196	1
6646733	1
7972457	1
7399970	1
5309478	1
6648126	1
6484008	1
6483940	1
6476984	1
7489254	1
7972286	1
59412007	1
6648043	1
6482401	1
7840495	1
6475365	1
7815973	1
7816557	1
5713520	1
5711331	1
5712266	1
5612660	1
5712615	1
7042295	1
5714437	1
5851727	1
5713804	1
5711196	1
5711426	1
5711365	1
5852418	1
5712942	1
5712480	1
5711136	1
5852446	1
5711025	1
5711194	1
5851852	1
6952442	1
5711776	1
6949861	1
5852550	1
5713514	1
5712000	1
5714119	1
6183256	1
5613454	1
5712020	1
5711164	1
6185365	1
5853027	1
6146370	1
5711689	1
5710747	1
5713567	1
5711775	1
5711514	1
5710822	1
5714047	1
5852875	1
5713172	1
5712261	1
5613745	1
5711248	1
6656028	1
5714455	1
5854183	1
5613386	1
5853839	1
5712861	1
5711058	1
5713797	1
5713720	1
21141010	1
5853782	1
5712036	1
5711443	1
5713549	1
5853735	1
5853104	1
5714359	1
5714517	1
5714161	1
5710971	1
5852050	1
5809082	1
5712764	1
5853959	1
5853133	1
6148008	1
5853598	1
5710563	1
5714034	1
5710764	1
5710473	1
5711675	1
5853771	1
5714215	1
5710693	1
5713809	1
5710421	1
5712981	1
5710653	1
5711479	1
5711991	1
5712945	1
5850577	1
5710512	1
5613997	1
5610435	1
5711489	1
5713362	1
5711741	1
5714354	1
5713045	1
5714173	1
5853224	1
5852339	1
5852055	1
7905637	1
5711044	1
37653542	1
5853137	1
5713948	1
5712110	1
7905926	1
5713578	1
5854234	1
6185838	1
5853868	1
5809779	1
5710744	1
5712552	1
5710667	1
5710946	1
6185803	1
5852066	1
5711526	1
5710530	1
5853933	1
6720452	1
5710863	1
5713839	1
7905721	1
5711358	1
5712367	1
6185423	1
6145352	1
5853501	1
5612311	1
5710544	1
5711735	1
7954232	1
5852278	1
5712160	1
5712131	1
5713926	1
7905852	1
5714126	1
6144918	1
5852588	1
5711992	1
5853803	1
6147741	1
5853326	1
5853440	1
5850666	1
5713491	1
5853408	1
5711425	1
5714277	1
5712523	1
5712940	1
5712459	1
5850717	1
5713284	1
5852874	1
5712431	1
5611213	1
6184153	1
6950712	1
5853646	1
5850824	1
5853112	1
5809202	1
5613175	1
5613473	1
5852975	1
5612225	1
5850726	1
5711523	1
5853116	1
5611137	1
6724742	1
6655806	1
5712698	1
5712288	1
5712298	1
5711573	1
5612811	1
5713650	1
6187422	1
7905590	1
5809599	1
5713197	1
7905902	1
5850732	1
5712132	1
5714108	1
5712378	1
5712049	1
5611516	1
5713234	1
5714204	1
5713053	1
5710643	1
5710793	1
5713671	1
5711953	1
5710727	1
6952098	1
5852223	1
5851945	1
5852361	1
5713696	1
5712229	1
5852662	1
5713170	1
6187508	1
5714295	1
5851487	1
37703157	1
5714002	1
5850867	1
7501946	1
5714527	1
5713253	1
5713084	1
5713345	1
5614154	1
7905551	1
5853389	1
5713818	1
7905748	1
5713083	1
5614144	1
33695342	1
7702299	1
7752234	1
5279535	1
6167213	1
6010493	1
6667389	1
7752979	1
5656209	1
5276326	1
5656393	1
71635246	1
10377390	1
7724786	1
5219261	1
5655090	1
6164886	1
6668181	1
7750827	1
7192923	1
7699825	1
6166413	1
5654257	1
6167386	1
87895635	1
5279458	1
7751642	1
7751706	1
7702057	1
7680474	1
5657653	1
6167592	1
6167941	1
5654238	1
6168855	1
6167071	1
5222305	1
7574863	1
6665901	1
6167781	1
10380711	1
5656532	1
6668606	1
5220891	1
6009841	1
5279864	1
5705199	1
5815450	1
9206030	1
5914030	1
7630546	1
5705932	1
5705746	1
7821807	1
5915046	1
5705938	1
5705933	1
7756607	1
7629711	1
5816366	1
5705904	1
7821004	1
6122637	1
5816545	1
5705940	1
5816634	1
7756609	1
7628661	1
5705935	1
5705937	1
5705906	1
95126772	1
92292689	1
5705929	1
6312299	1
9231708	1
5705934	1
5709855	1
7582744	1
7617800	1
5710105	1
96598292	1
76003331	1
5709922	1
5709636	1
5710372	1
5710076	1
7615037	1
5710147	1
7580186	1
5801291	1
7849675	1
5709937	1
5709733	1
5710064	1
89098522	1
6997788	1
7916098	1
11600991	1
5710333	1
5709895	1
7849870	1
7615989	1
7850315	1
5799695	1
7915907	1
6996960	1
5799068	1
7617724	1
5710157	1
7581471	1
5710122	1
6996114	1
5710305	1
5710341	1
5709612	1
7915906	1
5710291	1
5709707	1
5709738	1
5709992	1
5709757	1
5709631	1
5710134	1
6996171	1
5710165	1
7850687	1
5710135	1
7581887	1
6972922	1
7866262	1
5911267	1
7075589	1
5912576	1
5908227	1
5911794	1
7907856	1
7904259	1
5913122	1
7725263	1
7090746	1
7864589	1
7908004	1
6973357	1
5907708	1
6969693	1
5909316	1
6748997	1
9003637	1
7086409	1
6753630	1
7725270	1
6754184	1
5874580	1
6915144	1
7863147	1
5874881	1
5910752	1
5904538	1
74261893	1
6751719	1
5270065	1
5909860	1
5873744	1
5509428	1
6974656	1
7904343	1
7632323	1
7666293	1
7663411	1
6943520	1
6943762	1
7855179	1
6943258	1
5607984	1
6944113	1
5605717	1
16133285	1
5521493	1
5605935	1
6069224	1
6944163	1
7992877	1
6071233	1
5604892	1
7973211	1
5605566	1
6943955	1
5608890	1
5609167	1
6068967	1
5605154	1
6071559	1
6943071	1
6943592	1
5607883	1
5609409	1
5609530	1
7855403	1
5605943	1
7292486	1
6943388	1
6942879	1
7664552	1
6942666	1
6070788	1
6070091	1
6068356	1
6943429	1
5608109	1
59232967	1
5608463	1
5608272	1
70582081	1
7344822	1
6942954	1
5607743	1
5609007	1
7664475	1
5605453	1
93697957	1
7294021	1
6067428	1
6069084	1
5608901	1
6707569	1
5674315	1
6882781	1
7954930	1
6625015	1
6042159	1
6624844	1
5405376	1
6626783	1
5405387	1
5671859	1
6624326	1
9255564	1
6626209	1
9007956	1
6623540	1
6272160	1
7951723	1
5509498	1
5345793	1
7254609	1
5404403	1
5404226	1
5405373	1
5404237	1
6623890	1
7954964	1
6623517	1
5671579	1
6626177	1
5405378	1
6626737	1
5346970	1
5405810	1
6624938	1
5671393	1
5405381	1
6623949	1
6886332	1
6270610	1
6039774	1
7983482	1
63961842	1
7356586	1
7357158	1
5756357	1
6966801	1
5757722	1
7983841	1
7357077	1
7942022	1
6924925	1
7749098	1
5758260	1
7984115	1
7941842	1
7742134	1
5760407	1
6487888	1
7654886	1
5759226	1
34462377	1
7358787	1
7744410	1
5758683	1
7358885	1
7356851	1
6969310	1
7232081	1
6968878	1
6966759	1
6969173	1
7961673	1
7963049	1
7289888	1
5763953	1
7941651	1
5759091	1
7359418	1
5663954	1
29959378	1
5649628	1
5662652	1
5108721	1
5661728	1
5244967	1
5663057	1
5243907	1
7383749	1
6644117	1
5109254	1
5243881	1
5662296	1
7380905	1
5108722	1
5243880	1
39350919	1
5244970	1
5243882	1
5243926	1
5553348	1
5648158	1
5243886	1
5244745	1
6645833	1
6643040	1
5662329	1
9056895	1
5243896	1
26924123	1
5243887	1
7383307	1
5663511	1
5648869	1
5105788	1
5243962	1
6644559	1
7379807	1
5650319	1
64964579	1
5735263	1
5648798	1
5243894	1
5243904	1
7381626	1
5649798	1
5648345	1
5552634	1
5244944	1
5554821	1
5243902	1
5648691	1
5244743	1
5244853	1
5663522	1
5243895	1
5243879	1
7382393	1
5663919	1
5648460	1
14249346	1
5244777	1
5244971	1
5108946	1
5629380	1
6032657	1
40105249	1
6592951	1
70990177	1
6857168	1
5630354	1
37443790	1
74735603	1
6593436	1
9330984	1
5630749	1
6028988	1
7652136	1
5839252	1
5630337	1
70778273	1
7607600	1
59195861	1
7608808	1
6025285	1
15457383	1
5524116	1
6518810	1
7140250	1
6872126	1
6118646	1
7111591	1
6521991	1
54701631	1
6520165	1
6524004	1
7097500	1
5525263	1
7984818	1
6118917	1
6520665	1
6869473	1
6521420	1
6872828	1
7315185	1
6871930	1
7138199	1
7925076	1
6872132	1
6872130	1
7925069	1
7925064	1
7111770	1
40947295	1
7111572	1
6872169	1
7310072	1
7310015	1
6519655	1
7925264	1
6521576	1
6871924	1
6522455	1
6522858	1
7097261	1
6872893	1
6116934	1
7168847	1
69585089	1
7970075	1
90424536	1
5402473	1
75723332	1
49091180	1
7636019	1
7990749	1
7637349	1
7970083	1
18253183	1
5191608	1
9242296	1
5194876	1
5381056	1
7728421	1
7625653	1
5324563	1
6631152	1
6631800	1
6386296	1
6340448	1
7625821	1
9246794	1
5863182	1
44403011	1
6499124	1
6499575	1
5862545	1
6497250	1
7227992	1
5862972	1
7623578	1
7971587	1
5922119	1
5321276	1
7622867	1
7971624	1
6678429	1
5864410	1
5865471	1
5271668	1
5865715	1
6678416	1
5274525	1
7911072	1
9248072	1
16516012	1
6631502	1
6344814	1
5862387	1
6632541	1
5866181	1
5275170	1
5271409	1
5865648	1
7583949	1
6501432	1
5475014	1
5858667	1
5859680	1
5785698	1
5858384	1
6962717	1
5786446	1
5473137	1
5474273	1
5474387	1
5474324	1
7775954	1
5473868	1
5475413	1
5474625	1
5473152	1
5472552	1
5474000	1
5474455	1
5473776	1
5473900	1
5472582	1
7775291	1
5472675	1
5474083	1
5473548	1
5473336	1
5472766	1
5475668	1
5472728	1
5472577	1
5474256	1
5472859	1
5473318	1
6104940	1
5474850	1
5475463	1
6960634	1
5474306	1
5473305	1
5474639	1
5475871	1
5475397	1
5858964	1
5472828	1
5474572	1
5474351	1
5474528	1
5472703	1
5474897	1
5473894	1
5473348	1
5474221	1
5785386	1
5473571	1
6501937	1
5861295	1
5858404	1
5859593	1
5474652	1
5473925	1
5474167	1
5475580	1
5475853	1
5473157	1
5475029	1
5473659	1
5473264	1
5786974	1
5475017	1
5473926	1
5475630	1
5859615	1
5475562	1
5858510	1
5858699	1
7588185	1
5472888	1
7585485	1
5474684	1
5862012	1
5473474	1
5860307	1
5474345	1
5473510	1
7774944	1
7775546	1
6101532	1
6501900	1
5473070	1
5474698	1
5475060	1
5475771	1
5472714	1
5473219	1
5785009	1
5860287	1
5472987	1
6503002	1
5475703	1
5472808	1
5472894	1
5475661	1
5475232	1
5858411	1
5860466	1
5474560	1
5472707	1
5472831	1
5858215	1
5475695	1
5858288	1
6073762	1
6075307	1
5691338	1
5691334	1
6074687	1
6073698	1
9007483	1
6445353	1
6073575	1
7420733	1
5691347	1
7420948	1
5691323	1
6664698	1
7418781	1
6072166	1
7802389	1
6445188	1
6445157	1
6661875	1
6076196	1
6664023	1
40018208	1
9060935	1
6073113	1
5691299	1
7418539	1
5691324	1
94073455	1
6074947	1
5691330	1
5691333	1
5691215	1
6073156	1
7802848	1
6076213	1
6072927	1
6072619	1
5803787	1
5804080	1
5804651	1
5804520	1
5803868	1
5803825	1
5804784	1
5803740	1
5803811	1
5804713	1
5804070	1
56436944	1
5805115	1
5803388	1
5804056	1
5804043	1
5805067	1
5803723	1
94777514	1
5804097	1
5804141	1
5805645	1
5804278	1
5804064	1
5804889	1
5804417	1
5804917	1
5803657	1
5805240	1
5804301	1
5804814	1
5803682	1
5804173	1
5804828	1
5804835	1
5804075	1
5804900	1
5803701	1
5804238	1
5803898	1
5804929	1
5803985	1
62799218	1
5803886	1
5804055	1
5804616	1
5805045	1
5803996	1
5805069	1
5804086	1
7791368	1
5804687	1
5804593	1
5803874	1
5803706	1
5803746	1
5803761	1
70432749	1
5805135	1
5804283	1
68994222	1
5804594	1
5803958	1
5804533	1
5804325	1
5805464	1
5803991	1
5803993	1
5803757	1
5803870	1
5804470	1
5804127	1
5805387	1
5804708	1
5805152	1
5804189	1
5803685	1
5805272	1
5805318	1
5804101	1
5804630	1
5805161	1
5804972	1
5805084	1
9258165	1
5804310	1
5804162	1
5803741	1
5804598	1
5804135	1
5803717	1
5804782	1
5804483	1
5805093	1
5803664	1
5803769	1
5804735	1
5803722	1
5804339	1
5803973	1
41205626	1
5803679	1
6240093	1
6238710	1
5615879	1
6044328	1
5133176	1
5614995	1
5133511	1
5616912	1
5617867	1
5133508	1
5133154	1
5616107	1
6239198	1
5616720	1
6239063	1
6240010	1
6239132	1
5616952	1
5616984	1
6239954	1
5542015	1
6239285	1
6681433	1
5732293	1
5618147	1
6240696	1
5615073	1
5732991	1
6044731	1
6044237	1
7221830	1
81465826	1
5616033	1
5615013	1
6239870	1
6239299	1
5539426	1
6045045	1
6045543	1
5614991	1
6045078	1
6044675	1
6044515	1
5539979	1
7223482	1
6045588	1
6239219	1
5617747	1
5133507	1
5133144	1
6827400	1
6686651	1
7714159	1
7473439	1
7711961	1
7466155	1
7707925	1
6175501	1
6175936	1
7713393	1
6689116	1
6528925	1
6173772	1
6529854	1
7714388	1
6173887	1
6177202	1
5170190	1
61107061	1
7713310	1
7708616	1
5170024	1
7714226	1
5170020	1
7375597	1
6175234	1
7711604	1
5170023	1
7713374	1
7708607	1
6015677	1
5174654	1
6954936	1
5162368	1
7714376	1
7708460	1
7713318	1
6177438	1
6958534	1
7372926	1
7712843	1
7714502	1
7712550	1
7988135	1
7712812	1
7211150	1
7713858	1
6822514	1
7712714	1
5170022	1
7373901	1
5258746	1
6954430	1
6434926	1
7354998	1
6438180	1
6229861	1
6232805	1
6435206	1
6437072	1
6437607	1
22603843	1
7989087	1
7175846	1
7176324	1
7355150	1
7646517	1
7176565	1
5574744	1
6227552	1
5251464	1
7644782	1
6434550	1
5251461	1
7645274	1
7646433	1
7174386	1
38610555	1
7355561	1
6434333	1
7356394	1
6436278	1
5251459	1
6230384	1
6035173	1
7598346	1
7600675	1
6159175	1
6033790	1
7870017	1
6602957	1
6605297	1
7597310	1
7870078	1
7566942	1
7595554	1
7868074	1
7789909	1
32751154	1
5670747	1
7490037	1
5670914	1
6161545	1
7597023	1
6160889	1
7491458	1
5669042	1
5570921	1
6159452	1
7602653	1
5343431	1
6037789	1
7544877	1
7722666	1
7601453	1
7597517	1
6160408	1
7722871	1
5669394	1
6161454	1
