57802329	1
25414168	1
69712240	1
76295923	1
59763191	1
7753639	1
88344889	1
11222856	1
7836661	1
31284374	1
57807428	1
35061530	1
5302586	1
76303579	1
37040275	1
59801906	1
93356856	1
6538836	1
63788097	1
5140240	1
59733579	1
5101995	1
11404870	1
37097095	1
7533365	1
11259382	1
25395936	1
57781727	1
59778392	1
6694182	1
11217969	1
11279313	1
35096112	1
82719979	1
5301045	1
69408887	1
93567028	1
9116267	1
83517051	1
76313119	1
57798462	1
25389139	1
37089974	1
35059084	1
67832826	1
83520839	1
57805507	1
63738663	1
82751104	1
11401576	1
7978517	1
93345002	1
82740411	1
57801067	1
25435309	1
37041849	1
57774419	1
76335458	1
11409099	1
59798204	1
93584049	1
5140254	1
11365884	1
25382814	1
35130266	1
83477344	1
31268929	1
65757246	1
7978241	1
25445827	1
11361425	1
65735200	1
76294139	1
17819158	1
11245023	1
88403322	1
7530127	1
25449854	1
59776939	1
69461121	1
31240631	1
6691557	1
25451284	1
93330087	1
69732720	1
7835191	1
7936219	1
93382932	1
7755617	1
31239704	1
93361427	1
11374122	1
7943383	1
57779358	1
63771762	1
9060023	1
45490126	1
7906293	1
18547516	1
60378156	1
7157973	1
80490034	1
71876441	1
38911823	1
44528718	1
26576556	1
11879287	1
44525026	1
77728268	1
19787974	1
53708614	1
33171139	1
33159972	1
7929201	1
11881885	1
19764032	1
92628088	1
9194456	1
9059807	1
92635630	1
7906277	1
7928922	1
84484832	1
9058935	1
7928587	1
60359826	1
7361828	1
47462589	1
77719289	1
7360782	1
33120307	1
7906248	1
7906256	1
7929199	1
9059290	1
12847581	1
84435198	1
60330413	1
45639291	1
7153934	1
9195434	1
46186609	1
45590843	1
44503296	1
44534475	1
54196039	1
92610725	1
80544049	1
26548293	1
60320735	1
7156690	1
9059708	1
26575114	1
60321511	1
5529649	1
7906292	1
7414507	1
71847411	1
44518942	1
11912939	1
47438485	1
33123421	1
7906251	1
47461080	1
54378088	1
7939329	1
54333739	1
80471539	1
60349399	1
7906272	1
44468959	1
44536474	1
45635210	1
80504146	1
7412520	1
92574740	1
47466715	1
84488134	1
54329713	1
44518810	1
7940043	1
19804200	1
26612308	1
96678855	1
54229655	1
54188096	1
9059802	1
7206751	1
54189213	1
17058379	1
87250835	1
97855250	1
98551207	1
98503215	1
46674414	1
98482255	1
84994558	1
6395961	1
38207056	1
6130104	1
31786874	1
37486331	1
7871526	1
66655135	1
91484075	1
97814483	1
60252086	1
44648092	1
24607602	1
68134327	1
59962409	1
44608835	1
38283522	1
31787834	1
6397337	1
7874295	1
70676510	1
31734532	1
98558546	1
66662789	1
46640831	1
87233808	1
47545281	1
91476135	1
38238934	1
98436283	1
24602860	1
62710864	1
68120538	1
37539010	1
6125701	1
84979394	1
17085410	1
31791082	1
81298330	1
84981972	1
17057273	1
17099180	1
6128962	1
81324934	1
17062719	1
66695930	1
7896250	1
7456309	1
91489609	1
5535274	1
97885049	1
7329725	1
7666765	1
87212897	1
31734143	1
98475970	1
44647711	1
48563808	1
31799695	1
70724499	1
60269892	1
38255644	1
87276304	1
87230908	1
91484260	1
31732797	1
84998957	1
98561103	1
9029142	1
24628783	1
60023185	1
44647887	1
87230735	1
62714279	1
66706713	1
98453913	1
47488934	1
86658291	1
95914923	1
86647130	1
60253294	1
84996089	1
7873000	1
98514670	1
9029378	1
6568100	1
84997206	1
68086251	1
81306179	1
44622403	1
38218618	1
35290871	1
59978792	1
14901135	1
7688921	1
56859027	1
95266719	1
40274459	1
9332331	1
27037686	1
5242379	1
40252183	1
7980670	1
9063076	1
7981243	1
6049616	1
56862626	1
72394267	1
95321378	1
84120700	1
5237452	1
5242789	1
6048963	1
7689746	1
72398024	1
52723698	1
26993405	1
5242816	1
23535224	1
96806271	1
17157609	1
72377648	1
90167277	1
7981295	1
40245676	1
9063304	1
40253251	1
90210546	1
27015185	1
14914335	1
68709312	1
65298808	1
9023349	1
52756906	1
40311826	1
33664555	1
14945657	1
17119521	1
76225884	1
96768082	1
17176705	1
9022844	1
96814747	1
9331717	1
90213993	1
29230575	1
14063235	1
33633299	1
52737833	1
85564486	1
26976633	1
95308326	1
52733207	1
33650787	1
76274392	1
7980537	1
26971445	1
7980608	1
27024519	1
14044555	1
96779405	1
72363595	1
56897337	1
86329258	1
9099440	1
23549827	1
40257326	1
76205425	1
86356569	1
27034233	1
9063592	1
86336218	1
9022847	1
27013320	1
5242378	1
84062813	1
65288120	1
95283692	1
76271700	1
23525101	1
27004054	1
14089365	1
7937927	1
76216589	1
68714043	1
87169633	1
6670029	1
44002659	1
73043173	1
7481108	1
38562186	1
42827530	1
61714632	1
38562113	1
45532440	1
19413058	1
34557816	1
12383013	1
58400856	1
42827412	1
58360609	1
12107229	1
6106688	1
34546422	1
14952386	1
12368480	1
87175944	1
45563679	1
43976761	1
9132146	1
73106358	1
52663104	1
22241443	1
7480505	1
52639089	1
38559824	1
34583073	1
12374212	1
61682087	1
72773690	1
7391118	1
52654327	1
9067141	1
58186556	1
76560580	1
19413881	1
29675063	1
14990250	1
7525305	1
87192849	1
27944828	1
15007114	1
45524517	1
61703068	1
14947958	1
87186833	1
12400695	1
19407389	1
44005552	1
7524810	1
42800410	1
50663564	1
58367503	1
27887837	1
42802515	1
72774182	1
42825076	1
9108354	1
58366062	1
58173365	1
42855243	1
27897851	1
7325668	1
42818942	1
11185392	1
34587031	1
76565822	1
19391870	1
9108152	1
34561569	1
50715237	1
12337445	1
25616336	1
52703164	1
5970864	1
58393748	1
42805180	1
12493353	1
88746491	1
13104003	1
46370292	1
49713375	1
18061913	1
67816510	1
22737269	1
18063237	1
9204218	1
92398454	1
71287954	1
46751092	1
96404774	1
46731510	1
43366606	1
22978482	1
12542010	1
46952708	1
22991235	1
5568195	1
79905776	1
80084446	1
46914825	1
12437932	1
22970403	1
46367739	1
5885205	1
14152063	1
92388643	1
81872063	1
46719395	1
88735284	1
9054986	1
9129399	1
6560304	1
12413098	1
7263953	1
12450923	1
46345890	1
14166316	1
14104654	1
81838744	1
18102148	1
9204877	1
80074744	1
22980730	1
79928468	1
14165450	1
67779954	1
71312252	1
71262950	1
43382791	1
22955000	1
46958737	1
51692696	1
49711062	1
22711746	1
43415802	1
96444770	1
9054818	1
18072673	1
79933801	1
12484572	1
7785353	1
66162888	1
18075389	1
39630303	1
12478100	1
71320255	1
43371672	1
67786980	1
18058146	1
13078733	1
7784845	1
46915751	1
13048120	1
96425473	1
51700099	1
13069226	1
22989387	1
15254629	1
14866624	1
5147262	1
9152295	1
59345372	1
87494802	1
65960338	1
60832751	1
90898909	1
63521034	1
14820020	1
87434753	1
44545341	1
15272218	1
5143031	1
60952512	1
59288869	1
9152598	1
39386386	1
60801731	1
5681540	1
14813035	1
44580111	1
62970301	1
39419034	1
62926496	1
90855548	1
96308204	1
24561024	1
7994661	1
60783333	1
65958063	1
94566624	1
62969418	1
7425600	1
7145944	1
24576216	1
7142985	1
90854823	1
60928527	1
78970661	1
71816429	1
6844075	1
14815316	1
63880285	1
62942492	1
60971022	1
90905807	1
81569813	1
14855237	1
88095965	1
71818401	1
5143066	1
81521165	1
44572330	1
81571623	1
88083738	1
87469970	1
24546516	1
63915122	1
90908383	1
60960427	1
63909013	1
71786772	1
5919808	1
87431179	1
63880341	1
94562834	1
96317824	1
82304439	1
6848197	1
63536456	1
96305461	1
5140652	1
36627727	1
15287272	1
60953751	1
36663032	1
7495697	1
14850183	1
94536336	1
82273625	1
59287671	1
78972452	1
63914989	1
96328830	1
88054817	1
9017728	1
61949346	1
9264394	1
82588334	1
27201373	1
6910854	1
42670946	1
6907637	1
46138772	1
66883164	1
9264745	1
80229192	1
62421460	1
6910269	1
41929772	1
82625155	1
42650662	1
7926847	1
41922622	1
61955769	1
6904776	1
7606809	1
42662763	1
27211308	1
27248307	1
50943256	1
7927347	1
79088760	1
75451805	1
7796356	1
79678463	1
66906602	1
34916055	1
35820581	1
34936306	1
82578050	1
9106207	1
9295277	1
21854558	1
80225453	1
50881686	1
62456448	1
32507302	1
61978268	1
6776923	1
7926647	1
9233240	1
35832278	1
80256000	1
35806130	1
79051456	1
59846343	1
6197616	1
79696733	1
6774712	1
50902584	1
62004914	1
35817796	1
62415744	1
79667770	1
50916355	1
27204199	1
46125184	1
71603829	1
66904226	1
59817232	1
27238547	1
6778266	1
7903385	1
79738656	1
34958336	1
35866526	1
59810758	1
35820310	1
46112955	1
38704962	1
62411540	1
61963060	1
75421063	1
41904241	1
9018268	1
32489716	1
82580695	1
75418083	1
32475737	1
79690104	1
84230734	1
50881530	1
38711467	1
32462340	1
82619891	1
6651474	1
79716055	1
41937958	1
79088237	1
6906294	1
75393198	1
38678116	1
59832604	1
42695162	1
50896208	1
58530121	1
56799972	1
7826449	1
47729339	1
39733639	1
62209525	1
76707025	1
7116575	1
7970767	1
76693932	1
41305246	1
22612557	1
39229911	1
7173624	1
46304042	1
18800476	1
38591793	1
58496449	1
7173684	1
5575325	1
58526033	1
56779444	1
76670934	1
5113792	1
88181725	1
88140169	1
47785059	1
30847607	1
98149821	1
84698915	1
75249382	1
6089301	1
41312417	1
30846512	1
62234100	1
38622886	1
18772497	1
56829282	1
39768019	1
47753064	1
6610341	1
7115269	1
18792863	1
56819012	1
22579291	1
58533404	1
46297616	1
5111891	1
30780907	1
22785334	1
7988508	1
56341464	1
46239740	1
98156921	1
62224127	1
7827576	1
7173063	1
18756555	1
46305976	1
76670011	1
98131507	1
22838080	1
56340127	1
99293977	1
84677573	1
30802427	1
7971183	1
5110234	1
39735516	1
99268603	1
56840934	1
38601348	1
7646571	1
7355701	1
39762859	1
38576641	1
98176919	1
84678261	1
22613678	1
38603434	1
56328473	1
46250241	1
39744179	1
6089715	1
99302649	1
99272451	1
62184886	1
41329945	1
88115796	1
99262945	1
38576434	1
76702246	1
75238200	1
47770402	1
18806892	1
38601450	1
30838180	1
5110232	1
5110236	1
99273734	1
7356468	1
99303918	1
92804399	1
18983043	1
58812359	1
34435140	1
7655370	1
19008306	1
7750015	1
7941863	1
94179778	1
85954555	1
9223865	1
77832915	1
77840331	1
93251628	1
7963529	1
93281029	1
7983810	1
7961590	1
61725523	1
52508318	1
27149938	1
61745109	1
61739500	1
77809770	1
7983872	1
61782968	1
85948927	1
77810270	1
58905086	1
7941622	1
6489163	1
76424588	1
27145725	1
19022375	1
25980807	1
63988239	1
85931709	1
7357901	1
7744816	1
26000320	1
58843145	1
92816618	1
52521525	1
76394862	1
58880078	1
52556049	1
63963858	1
27154742	1
61761340	1
7654156	1
71473717	1
7286454	1
52524140	1
34474861	1
18990887	1
63940871	1
36527235	1
77815875	1
33903740	1
7288696	1
7963876	1
93292274	1
26034550	1
7941991	1
7357272	1
71510325	1
77767352	1
5757608	1
33944782	1
92806181	1
71519287	1
7356667	1
76403772	1
89423942	1
7941874	1
33931758	1
61785724	1
91245620	1
72432529	1
32247867	1
21280678	1
45882955	1
32288938	1
5625462	1
32274657	1
21219833	1
57758648	1
29711733	1
97348137	1
5628173	1
7931288	1
98209786	1
15909171	1
98256019	1
52951743	1
29723823	1
16066906	1
21254516	1
13739090	1
37931480	1
91291361	1
13727664	1
57758248	1
37942524	1
32299851	1
72443852	1
57700547	1
7930861	1
5709288	1
7661384	1
97323234	1
98713520	1
12217567	1
12208288	1
25526723	1
37950989	1
98247233	1
7319916	1
87812434	1
32298196	1
25505424	1
16397959	1
98660082	1
5706994	1
64653228	1
6142159	1
64669892	1
6534466	1
7726067	1
7956345	1
87839776	1
32256905	1
32295738	1
15934274	1
87866793	1
29757222	1
32274024	1
13712021	1
64627108	1
13723198	1
72433066	1
37957411	1
37925454	1
29734473	1
72482005	1
25503098	1
98206395	1
7965156	1
91249964	1
72487055	1
73196757	1
87874627	1
21229734	1
7928331	1
97340700	1
98668346	1
45878907	1
29717209	1
29745861	1
98264011	1
5708157	1
21237306	1
87816134	1
21232197	1
7921156	1
37971573	1
7320658	1
7964905	1
37994046	1
37924314	1
7931556	1
90031288	1
33778452	1
98270301	1
17970214	1
6444582	1
50621397	1
45359546	1
24291294	1
55987116	1
55933627	1
55926132	1
22346781	1
54300476	1
50639103	1
7991240	1
48015615	1
31527870	1
7423209	1
53881009	1
50651053	1
50642894	1
7931508	1
50609129	1
94114927	1
27833495	1
95351870	1
94121912	1
56017668	1
80982192	1
22325329	1
55925898	1
54316865	1
7420204	1
96084954	1
45383234	1
80949686	1
50595947	1
50642897	1
94084528	1
31584626	1
40026545	1
97203876	1
33787915	1
9225930	1
39992041	1
45360017	1
96098202	1
7931567	1
19574296	1
80932288	1
55895119	1
9218937	1
73571853	1
95373579	1
45373673	1
60488047	1
45381894	1
6662514	1
94128634	1
80979152	1
56035851	1
9060531	1
80960523	1
80922326	1
73596614	1
53841419	1
9007665	1
33811320	1
60496701	1
9219478	1
48046884	1
45409016	1
48043705	1
9001960	1
7931828	1
54287311	1
50621924	1
73603334	1
59565598	1
9007364	1
60477102	1
80931852	1
80915595	1
54258603	1
27822299	1
53844170	1
95369400	1
73589697	1
45373264	1
45429353	1
4029311	1
4029109	1
6163468	1
7870580	1
5341948	1
39125526	1
22005839	1
4029774	1
4029163	1
5571448	1
51611756	1
25128354	1
9043212	1
51659178	1
10771915	1
10773086	1
21621175	1
14504795	1
89992358	1
7868283	1
79036935	1
4027855	1
51634512	1
7559095	1
79031371	1
22017593	1
51629400	1
4027157	1
5341929	1
4027018	1
5571206	1
48636278	1
51628419	1
4027512	1
9340400	1
40702504	1
90002884	1
39094644	1
14459988	1
7540317	1
10160860	1
4028308	1
4027683	1
4026681	1
5341943	1
7564910	1
35144968	1
21626531	1
32794373	1
4027613	1
32794192	1
40735812	1
9310109	1
7541504	1
4026054	1
10904950	1
79020060	1
4026050	1
35155690	1
9042967	1
32800313	1
10882379	1
35159848	1
4027323	1
10879345	1
4027835	1
9139351	1
79023900	1
35202041	1
51617725	1
78995749	1
22062421	1
5341945	1
39117399	1
4028576	1
10886543	1
22019748	1
89996407	1
51614876	1
5345335	1
4029606	1
21999275	1
51621495	1
4028143	1
10186452	1
10868415	1
4029366	1
35173754	1
5341946	1
89955846	1
4029918	1
10897166	1
22066980	1
4027180	1
35139153	1
7493620	1
51661273	1
5341944	1
51654500	1
4030283	1
10180440	1
40743128	1
21874402	1
41716301	1
90368194	1
93428916	1
80131171	1
92941902	1
74106211	1
18117221	1
7904752	1
9003059	1
5909328	1
80469673	1
93435607	1
18135193	1
12987499	1
5487749	1
74094161	1
23776262	1
93013774	1
7082810	1
80130915	1
80453060	1
7907713	1
92963282	1
23751938	1
74216343	1
80151334	1
5908983	1
18115084	1
12997217	1
6617007	1
7864089	1
7986390	1
20708227	1
24731820	1
5912920	1
6914286	1
72966809	1
7884179	1
24774479	1
21872665	1
20695426	1
6614829	1
80462485	1
80146388	1
7908456	1
7903419	1
74250813	1
23738147	1
93428220	1
72988856	1
74210443	1
74115434	1
74132710	1
80169637	1
74289996	1
7887086	1
5906579	1
20722887	1
80108321	1
80157355	1
5910824	1
74099587	1
6914369	1
80159455	1
7904748	1
7957963	1
7907905	1
5908540	1
87132515	1
92997291	1
7907709	1
5905698	1
6750901	1
58694797	1
13005805	1
10542552	1
9003695	1
5909794	1
72976063	1
23744834	1
7907901	1
90352829	1
7632183	1
9075707	1
9003657	1
7634646	1
58684413	1
24741783	1
80426149	1
91625854	1
49295403	1
69298605	1
49288868	1
14275576	1
78227075	1
91662858	1
26960631	1
9143396	1
97623229	1
16993666	1
9055879	1
69317686	1
23192308	1
5737250	1
25375171	1
78250126	1
27434741	1
65453232	1
34313271	1
97636675	1
23208200	1
88881950	1
86864305	1
76920506	1
65025595	1
39343297	1
86876380	1
34286155	1
39351321	1
5245860	1
76929763	1
29259541	1
25377012	1
97648668	1
97599957	1
91682501	1
14249439	1
88886339	1
9009206	1
9052114	1
65461360	1
64978738	1
16976678	1
34323030	1
97591473	1
49290920	1
26957809	1
25357194	1
78226246	1
69277178	1
93906152	1
49282113	1
88433568	1
49272520	1
65445586	1
27467725	1
23178339	1
64993614	1
97640551	1
88466947	1
64983938	1
69296834	1
88491116	1
16975545	1
17027387	1
93844246	1
86879858	1
88432488	1
39318678	1
88477581	1
65012157	1
49268955	1
17029914	1
65471383	1
88440595	1
27452055	1
88509536	1
39306512	1
29003242	1
88869235	1
39906051	1
26960813	1
65421147	1
86872794	1
9143740	1
88448034	1
97594930	1
97637885	1
39346462	1
65411085	1
5554817	1
69310368	1
26964416	1
39939536	1
29254604	1
77084869	1
50984628	1
64361979	1
14679632	1
25300139	1
17244828	1
25250679	1
7393083	1
25271430	1
6649065	1
69871560	1
66817318	1
37596867	1
69857307	1
5431762	1
5455150	1
78105571	1
86723676	1
9115312	1
73640299	1
14682379	1
65612477	1
59360414	1
59423109	1
37560886	1
39519228	1
17208919	1
50972692	1
24194892	1
66010402	1
5429996	1
71174132	1
66040738	1
77080214	1
69876769	1
17199828	1
17253093	1
86743835	1
77050590	1
77064762	1
78095838	1
59728533	1
14725955	1
38057300	1
69887912	1
73661258	1
69878275	1
24163140	1
50970499	1
66011430	1
5309123	1
80784038	1
14697338	1
64348272	1
14669102	1
66816218	1
59372531	1
37604164	1
25301049	1
37609018	1
59700626	1
78124695	1
7577948	1
59670147	1
14713397	1
40479451	1
38030787	1
86738762	1
7395887	1
38007781	1
50946272	1
77034066	1
39570662	1
7837742	1
50963337	1
38020810	1
78071092	1
50986437	1
7816467	1
66833702	1
51007227	1
14701836	1
49126882	1
87937320	1
49152830	1
85657871	1
20249402	1
85632866	1
47707442	1
75958833	1
75665012	1
10405201	1
75923220	1
41010999	1
22862828	1
49168245	1
20285970	1
16725028	1
7189532	1
22927732	1
71663571	1
74808920	1
56739001	1
87917795	1
26184880	1
73213712	1
49121480	1
20548588	1
20295665	1
22928708	1
56765819	1
49135677	1
16762449	1
5654632	1
5847047	1
6164560	1
26232020	1
14386167	1
7982884	1
26235161	1
84167268	1
71676702	1
7699711	1
20580782	1
74768253	1
56754873	1
6165720	1
74796633	1
47643159	1
22914378	1
73234920	1
20585020	1
44304990	1
16714505	1
74782006	1
44284189	1
84133573	1
41030511	1
20272210	1
7723969	1
20531750	1
14415468	1
10394529	1
71684900	1
74805007	1
7982949	1
7699610	1
75637016	1
71634155	1
44252928	1
20567732	1
20551782	1
33702219	1
74762726	1
75652126	1
85696274	1
22916444	1
7752965	1
44305339	1
41348102	1
5844862	1
75666409	1
81709373	1
33744817	1
74742263	1
20574669	1
87929028	1
75620783	1
14436003	1
49126502	1
20303676	1
74739209	1
6666250	1
85652404	1
7193802	1
56773123	1
20537918	1
6667370	1
91893051	1
46878951	1
91854506	1
71989925	1
46849232	1
91852241	1
47328467	1
48326988	1
63676201	1
58443871	1
55773305	1
63680487	1
7980366	1
47332180	1
13345945	1
94789120	1
46891157	1
46833775	1
58431114	1
94779761	1
48347525	1
44824790	1
5805485	1
75570436	1
98939727	1
98934202	1
77863832	1
6709079	1
7914505	1
69021787	1
91887923	1
22512745	1
7915017	1
67427506	1
47333271	1
7979982	1
21661066	1
85119625	1
91862802	1
22510580	1
68975832	1
55765269	1
63166329	1
75587946	1
75544061	1
91850669	1
63174217	1
41153289	1
77875397	1
44829264	1
56102569	1
7790681	1
46888817	1
9114016	1
44796573	1
7914515	1
57373459	1
72017636	1
75586981	1
62821739	1
56460226	1
68999397	1
62774500	1
21708238	1
63668334	1
46835553	1
63700673	1
72033033	1
9259091	1
98978204	1
67411703	1
55788513	1
63148122	1
77885201	1
57358458	1
9114809	1
58418570	1
21652783	1
62810574	1
70440792	1
44789530	1
22507945	1
58471093	1
21721482	1
63652732	1
74466313	1
99000425	1
44784127	1
63162286	1
85122037	1
7914941	1
7914507	1
91880335	1
7980399	1
9027444	1
9126958	1
19309681	1
19297584	1
70163415	1
55009215	1
55064035	1
56688458	1
32633107	1
13801568	1
73351012	1
70201413	1
7350686	1
19709772	1
66461660	1
73412168	1
83140472	1
70178048	1
56653578	1
51016854	1
66494114	1
48830070	1
5718569	1
92015066	1
48825657	1
41967787	1
66480243	1
73352495	1
51059713	1
48825124	1
17372515	1
82254572	1
83163701	1
56687783	1
19735028	1
76976556	1
19705715	1
55043538	1
76977000	1
55036195	1
19698105	1
9126617	1
56668285	1
34828651	1
92017599	1
5716271	1
7353696	1
82249352	1
19090210	1
22116814	1
83100396	1
36036124	1
55009559	1
51035705	1
21759052	1
7353615	1
70175468	1
9220698	1
22198384	1
59097888	1
7807507	1
48824682	1
13768111	1
51043511	1
22201803	1
91998303	1
70199212	1
82257369	1
55006414	1
32643426	1
21735502	1
82252708	1
17391949	1
59115455	1
36018951	1
66440878	1
9126833	1
5716603	1
17396511	1
13797550	1
55026503	1
70199366	1
73927908	1
48851460	1
34768353	1
17342910	1
34789107	1
7805359	1
22114700	1
77024750	1
51068840	1
17398048	1
17396182	1
66442912	1
82250547	1
34770592	1
17395617	1
51057801	1
17368625	1
92003373	1
9027209	1
54995035	1
42009293	1
22074624	1
83120188	1
56683337	1
13765252	1
9028008	1
19074365	1
45354785	1
5881712	1
45314903	1
47014446	1
10651007	1
99508681	1
34091251	1
4022407	1
82825373	1
62871936	1
4023560	1
4012021	1
31143329	1
34100861	1
9289593	1
65519608	1
5985924	1
47022188	1
10659592	1
28287415	1
28296950	1
5881308	1
80608575	1
4014377	1
61520190	1
62884797	1
34099776	1
7798071	1
47015036	1
61519206	1
35634120	1
99500209	1
6596263	1
31079562	1
34099006	1
28291554	1
35614885	1
61504276	1
78466993	1
9288728	1
6740719	1
82870152	1
4022627	1
62866009	1
72901749	1
7996198	1
7949780	1
94254434	1
4010689	1
82845205	1
5993977	1
61572224	1
78474995	1
4012426	1
39813421	1
16299810	1
28266027	1
31093258	1
72898977	1
62870642	1
7126499	1
32031402	1
16345729	1
35643370	1
45329186	1
10657704	1
4016507	1
78507173	1
61525061	1
47001015	1
35570017	1
10663582	1
64388566	1
65541856	1
82839969	1
45306705	1
35594247	1
47015029	1
82813845	1
32029230	1
34118670	1
66374549	1
28271573	1
82846911	1
7949834	1
9339196	1
66385461	1
16340346	1
82819304	1
28315387	1
65552210	1
45293519	1
4017086	1
58607843	1
6681185	1
34142043	1
34146837	1
69672485	1
81488686	1
33444696	1
86467580	1
42336358	1
93180358	1
58008903	1
83880979	1
34195221	1
29331007	1
34155361	1
63294796	1
63345847	1
22498765	1
54623617	1
24457561	1
47959629	1
60035385	1
83874559	1
15199066	1
81466820	1
47987583	1
69677940	1
58587345	1
93222341	1
81501123	1
42360446	1
58022559	1
21951363	1
6680335	1
41596042	1
41585817	1
9157356	1
62551223	1
5121903	1
5131173	1
22425430	1
15188476	1
93207682	1
5132278	1
9123971	1
9124008	1
9124881	1
58556136	1
68264530	1
63324276	1
93189950	1
41642900	1
5132245	1
22496328	1
54619904	1
6044071	1
94022702	1
58585266	1
63353911	1
60053819	1
57975325	1
81375838	1
5132282	1
81493286	1
58020766	1
86407960	1
81507298	1
81492338	1
68218739	1
15207921	1
41614281	1
93229014	1
81502155	1
86399303	1
24504557	1
60086070	1
6044851	1
15185838	1
81424245	1
83829297	1
68228295	1
63293250	1
68252258	1
86452352	1
9124103	1
32967298	1
62548399	1
69644025	1
54684912	1
32965968	1
37247966	1
47971760	1
69680611	1
42357622	1
32722027	1
6239029	1
34182908	1
6045440	1
83847174	1
41621826	1
9124887	1
75773746	1
76855964	1
9070787	1
9072182	1
52824180	1
96931701	1
9071726	1
57596287	1
71226136	1
98009001	1
52834608	1
7987456	1
57586104	1
29774197	1
52851717	1
71222797	1
9072207	1
71228987	1
61256330	1
37320874	1
71222516	1
7659737	1
42188018	1
71376004	1
82965865	1
98045263	1
15087587	1
9004640	1
71380688	1
7710911	1
89040108	1
75774881	1
15114985	1
83002484	1
57561766	1
97993349	1
83003813	1
52835213	1
9069813	1
37319371	1
42182054	1
6175367	1
71332379	1
45007815	1
71356598	1
61249449	1
96964833	1
98023563	1
96932810	1
82989484	1
45056748	1
45034894	1
7378267	1
98019205	1
15101990	1
71358039	1
45017652	1
7708819	1
7464183	1
29818095	1
76828184	1
96955157	1
71362923	1
61222436	1
71389293	1
76863577	1
29810194	1
7643310	1
37273609	1
50471842	1
9026251	1
6376420	1
64268879	1
84538471	1
78761710	1
50400502	1
30013684	1
18927503	1
84515453	1
60634193	1
85407519	1
49564752	1
49052418	1
34380287	1
44834306	1
49552602	1
78761790	1
78775287	1
34339274	1
50404033	1
7990277	1
78822046	1
69953392	1
44879887	1
50468891	1
69976078	1
62606345	1
57405770	1
27778546	1
9242436	1
7167546	1
84545443	1
85419719	1
7727822	1
90421904	1
81929222	1
7990443	1
69604662	1
79181694	1
27778252	1
34346385	1
18274667	1
78822111	1
85412617	1
63390635	1
81937750	1
79148622	1
18264189	1
9026431	1
75729037	1
57426179	1
9025964	1
18307553	1
7727314	1
90433367	1
7728278	1
85417122	1
62555355	1
62586627	1
50415223	1
7727824	1
27775514	1
9025992	1
7573143	1
81952491	1
50424617	1
49605984	1
27750572	1
69948206	1
49565480	1
64257109	1
40445509	1
81944390	1
7970059	1
40433044	1
75700610	1
9053301	1
69964813	1
7727222	1
7573680	1
9026844	1
69926875	1
18253994	1
85459003	1
9026841	1
90432129	1
27796422	1
30042441	1
9046599	1
48186582	1
65901598	1
36862946	1
72117576	1
72124261	1
43659383	1
9038576	1
7800892	1
95531022	1
72064387	1
9195957	1
36867588	1
65845077	1
72846438	1
48171749	1
7933793	1
72848212	1
9046679	1
61805461	1
26793326	1
7800242	1
97125530	1
97080054	1
13579065	1
26823276	1
72060679	1
85193417	1
26810920	1
48155705	1
36858073	1
9046121	1
48166226	1
9195959	1
7999731	1
65838409	1
87520532	1
65850773	1
5728895	1
7974847	1
48219543	1
26815787	1
15694368	1
38140889	1
38152068	1
43647026	1
13596640	1
61843649	1
6834359	1
15672585	1
71412163	1
85254595	1
72822701	1
72095887	1
87535377	1
97112963	1
91726993	1
72855303	1
13597387	1
94415590	1
13595219	1
85207730	1
7975485	1
38169845	1
38203535	1
72855287	1
72114372	1
95548179	1
72111305	1
36884987	1
13561450	1
96021226	1
60869698	1
43652634	1
13565182	1
61631012	1
72097337	1
9210888	1
38153588	1
71438069	1
95493870	1
94418058	1
6831775	1
97071249	1
52607413	1
7124153	1
21492788	1
26745790	1
57024694	1
13264102	1
43226001	1
47114082	1
88793135	1
33221071	1
59887938	1
43264802	1
31818722	1
33223479	1
26740203	1
36418715	1
36400907	1
33237938	1
43230232	1
76155827	1
88777639	1
65784963	1
25903724	1
88800919	1
26702809	1
31816065	1
17571916	1
13275127	1
31845069	1
83685267	1
65232872	1
53177251	1
53164560	1
89165518	1
7952087	1
33204601	1
59943138	1
9305669	1
89211545	1
78843530	1
59929818	1
43219343	1
52583194	1
7697105	1
52600365	1
36411724	1
57059174	1
78896008	1
65218686	1
26742474	1
29484291	1
17570671	1
17552098	1
47120892	1
31616240	1
89156151	1
17590075	1
7273123	1
6285705	1
29496300	1
76152098	1
20964126	1
71187564	1
65219538	1
89200055	1
31629879	1
98118675	1
26711164	1
71190230	1
65772264	1
65800383	1
65789129	1
88794309	1
65232599	1
88817701	1
98070868	1
71185072	1
33244282	1
9111008	1
25962176	1
88824637	1
35750740	1
52594102	1
89197629	1
76169701	1
9203842	1
26684985	1
31595539	1
98086010	1
53176281	1
65195703	1
29509755	1
53160463	1
78832658	1
94906698	1
5666641	1
36134515	1
6416024	1
28329280	1
44094725	1
62261025	1
94915792	1
89695204	1
28362281	1
94915315	1
62256455	1
95699062	1
16445806	1
89711190	1
6409466	1
7932413	1
7845853	1
60183220	1
16433224	1
51211256	1
15832691	1
35873466	1
95058703	1
62263213	1
62249747	1
77185752	1
7845500	1
36120156	1
5666642	1
6412612	1
39493020	1
23827489	1
60216847	1
5666672	1
93079503	1
89654675	1
28324850	1
36113945	1
77200876	1
5666677	1
23824602	1
93038578	1
7961226	1
53328434	1
15865049	1
28337868	1
77181177	1
62256053	1
36105164	1
93079898	1
16484511	1
53342773	1
44078734	1
36128097	1
94927416	1
93088154	1
35882217	1
30559041	1
6416480	1
52111964	1
62282833	1
53353833	1
16459786	1
55097712	1
44235777	1
23841985	1
44238778	1
51216586	1
23862564	1
23851257	1
95099643	1
16455831	1
39506274	1
39493662	1
28320798	1
7960848	1
52055017	1
44082461	1
5666690	1
53363288	1
30510901	1
67606825	1
23794984	1
95649864	1
86967249	1
50264245	1
95677027	1
60214303	1
5666676	1
5666633	1
62291720	1
39446527	1
51228239	1
35896282	1
55087472	1
53329703	1
6206810	1
93042405	1
95074044	1
62296134	1
96250168	1
35964565	1
64014096	1
13979885	1
93134254	1
44708387	1
77312787	1
62114114	1
32907088	1
32929887	1
99945227	1
50575298	1
7406326	1
64065077	1
64071595	1
30078035	1
90472377	1
68384086	1
30115519	1
51154472	1
50569224	1
90819084	1
84824943	1
36007684	1
5217755	1
6331655	1
68406507	1
7372138	1
77303081	1
96298849	1
50560759	1
62099093	1
44713584	1
97370408	1
91376672	1
51091678	1
7367541	1
50554649	1
65126663	1
90498959	1
93145531	1
93108748	1
77296885	1
9111244	1
50552290	1
65178903	1
97391055	1
64060526	1
90813440	1
7371916	1
99962365	1
50518910	1
99924168	1
16274539	1
97415718	1
91312093	1
91330888	1
41240872	1
90496559	1
13966811	1
50562212	1
7552131	1
77269553	1
14016032	1
45994805	1
44704986	1
76611590	1
77312995	1
32940257	1
62151694	1
20421132	1
50548601	1
32912008	1
5226583	1
41259337	1
68386502	1
76634184	1
90816206	1
20423341	1
51102489	1
76598774	1
68423793	1
30101154	1
68408666	1
99959260	1
44704875	1
90498848	1
41243945	1
41272628	1
5217121	1
24381031	1
23983795	1
42458720	1
53603029	1
16610756	1
96900693	1
42447273	1
24414337	1
24366962	1
21126638	1
55612205	1
49429126	1
87968654	1
42770842	1
7879188	1
24407894	1
11953539	1
28823308	1
7880193	1
31709131	1
7253599	1
78693538	1
54782469	1
11930925	1
49399019	1
25199334	1
42766881	1
7880514	1
11947406	1
9337092	1
7878685	1
21090027	1
11443772	1
11450608	1
42751754	1
78690397	1
24370375	1
68473022	1
23994627	1
53631904	1
28876060	1
68466190	1
63094614	1
67100621	1
55592179	1
23938558	1
87973172	1
28846878	1
16569435	1
7882263	1
21121352	1
55612168	1
11964996	1
85914777	1
25199256	1
63077996	1
9001440	1
23986273	1
96878379	1
11473490	1
28841259	1
78735229	1
25192317	1
21127754	1
9262419	1
81052599	1
28868317	1
53644260	1
24390274	1
42444088	1
49448628	1
42715489	1
28834136	1
68510260	1
85855283	1
25165445	1
21117974	1
80990823	1
16592505	1
7998731	1
53667652	1
67142175	1
23994239	1
7881923	1
88000227	1
29061841	1
25765062	1
99139990	1
52153322	1
49874301	1
88936393	1
10487739	1
88978462	1
33374845	1
7160327	1
15366689	1
29047345	1
99085826	1
75000445	1
88964364	1
20637136	1
43359165	1
99103292	1
48285019	1
9104825	1
29097062	1
41852332	1
7162498	1
29070446	1
88972336	1
9104220	1
48288801	1
74531193	1
95766358	1
29087347	1
52251247	1
58306912	1
74566433	1
15411294	1
25543882	1
7164966	1
81645074	1
81634009	1
10454882	1
52250037	1
41841095	1
49904677	1
90677366	1
25599396	1
41864249	1
15380823	1
26856092	1
58329162	1
10441716	1
25812226	1
99101379	1
67742056	1
22682581	1
81623683	1
43355163	1
29077190	1
74972025	1
99099442	1
90626862	1
49877941	1
52261821	1
81657104	1
52243372	1
95756108	1
15397880	1
58271794	1
20595673	1
80332938	1
20656852	1
69186517	1
80333565	1
49843984	1
29042820	1
10478554	1
33352444	1
33358486	1
69184494	1
25758069	1
95771362	1
99096043	1
29062385	1
67731221	1
10441958	1
81636490	1
58279488	1
20618581	1
95712959	1
33375314	1
25581254	1
43359162	1
58285555	1
90655420	1
6098941	1
33337186	1
41859779	1
6098481	1
22702048	1
25562921	1
49852747	1
25606302	1
25565478	1
74961726	1
26843162	1
58265121	1
22646457	1
81663987	1
58334987	1
25749860	1
59052528	1
74567650	1
77972407	1
89924196	1
89901742	1
77637419	1
77640469	1
33096497	1
38481560	1
37837305	1
89937680	1
9314267	1
19627857	1
77930745	1
7979075	1
33082805	1
91425355	1
83446131	1
35432390	1
26258593	1
19659969	1
7978900	1
91408969	1
77684393	1
35480245	1
33060622	1
94836341	1
7943204	1
18447904	1
66561288	1
26267668	1
91400747	1
26532826	1
42596704	1
11533708	1
37828509	1
28942466	1
78337379	1
9313127	1
35479489	1
77938852	1
73801312	1
94836256	1
73795556	1
37804442	1
77974642	1
32227012	1
28936770	1
28933589	1
94882461	1
73856059	1
7979496	1
74610565	1
26517937	1
74615085	1
9228286	1
7979309	1
19635008	1
83445241	1
51582385	1
37841116	1
7979388	1
63259932	1
74597020	1
28948199	1
7943227	1
6046703	1
7874816	1
7979338	1
51547380	1
32129318	1
73445646	1
73831651	1
26315142	1
89904790	1
38487770	1
91415854	1
20841027	1
26269019	1
91442187	1
77636016	1
33080976	1
35435368	1
89881106	1
32227490	1
32227250	1
32090500	1
32134537	1
37783665	1
74647446	1
5209179	1
32117800	1
18415139	1
37829903	1
20848649	1
42589548	1
5209180	1
7942990	1
94880073	1
63208775	1
91409131	1
26273897	1
7117597	1
94855921	1
73462359	1
63231177	1
28936312	1
91426057	1
7847687	1
90599719	1
99015816	1
62323267	1
90617444	1
33548586	1
61407250	1
42307879	1
60689361	1
93833994	1
99057319	1
99020351	1
30325059	1
9065769	1
62384389	1
90573551	1
24716613	1
51525014	1
89557512	1
56546737	1
89554383	1
91782111	1
62374895	1
90578057	1
62364042	1
7813104	1
51467670	1
60571745	1
7811438	1
19110011	1
82877150	1
20021421	1
20737301	1
16793831	1
60167090	1
60567330	1
82923424	1
30290152	1
9064498	1
7303237	1
24688120	1
60165707	1
60140326	1
33587612	1
20795380	1
60127218	1
19106041	1
20017250	1
73499803	1
97568024	1
33553040	1
60731177	1
60612378	1
16774960	1
29610454	1
16817309	1
30276722	1
60739381	1
33563552	1
91806923	1
30297326	1
60169257	1
90580684	1
33589464	1
62383359	1
33552056	1
51465169	1
90583352	1
99005034	1
82921721	1
60752627	1
60167875	1
41464162	1
7674968	1
19957417	1
51481509	1
9065777	1
51496586	1
42320856	1
61395356	1
99057934	1
90608299	1
7848011	1
41482509	1
88582960	1
56546620	1
73537198	1
9257242	1
19155494	1
6874007	1
45738200	1
45749136	1
50745962	1
47396808	1
37139071	1
57645428	1
73754943	1
27634034	1
66272775	1
9226910	1
33831957	1
15549374	1
60423942	1
90773922	1
27627375	1
73739185	1
9151711	1
15508655	1
6934428	1
27632093	1
47375746	1
33892914	1
7510834	1
43749830	1
15536493	1
41105167	1
5961664	1
31360328	1
72522008	1
70253888	1
72510399	1
45786972	1
57626480	1
31348418	1
37181399	1
50759748	1
60463264	1
66250072	1
50736534	1
9117999	1
73738926	1
43797164	1
37163815	1
41070576	1
66236477	1
37130436	1
50735429	1
70261850	1
10233105	1
90759210	1
43788370	1
43765048	1
13206494	1
15522638	1
7671732	1
6937881	1
7506910	1
7510417	1
27668611	1
27612780	1
10272445	1
45784189	1
9146702	1
15554851	1
47375513	1
9208563	1
9151312	1
6760153	1
13200065	1
57663378	1
6364499	1
9226770	1
43765335	1
27660126	1
7511284	1
7706299	1
6362684	1
9117408	1
7672174	1
13217304	1
41117382	1
10222254	1
45734842	1
45249222	1
33894468	1
33899541	1
45732763	1
43766032	1
13186380	1
43766190	1
37157677	1
73768764	1
66078226	1
5320095	1
89328308	1
62528131	1
89404873	1
44416403	1
6676580	1
67474049	1
6677065	1
93488254	1
42117507	1
93494416	1
89421638	1
57216865	1
19890510	1
9044487	1
9045466	1
16543403	1
7971744	1
9043806	1
67512960	1
66081477	1
17725569	1
62509077	1
70942569	1
9043955	1
6383967	1
9315260	1
64950068	1
83361335	1
7228249	1
6346160	1
9044281	1
66074668	1
83358731	1
42164172	1
17733665	1
57234859	1
62538123	1
42168788	1
57186328	1
19889892	1
64905985	1
89345363	1
6633445	1
42137714	1
7972044	1
89372006	1
81219157	1
66117153	1
44421950	1
50034236	1
17741320	1
62474551	1
83376881	1
70912666	1
57222732	1
15746608	1
9077257	1
67511300	1
9301832	1
93502252	1
67506634	1
83368562	1
66089595	1
9246955	1
7971435	1
15767496	1
7971842	1
44420754	1
81269354	1
17753072	1
5923201	1
74705008	1
37007540	1
37457547	1
7610497	1
50090059	1
70996313	1
15580784	1
20486074	1
70995696	1
11815420	1
40148935	1
36988199	1
52422165	1
74670847	1
59159433	1
71025672	1
95985689	1
82120354	1
92879989	1
59153107	1
94966537	1
15590173	1
6856786	1
15949711	1
11825902	1
5630453	1
37414489	1
82083598	1
6859721	1
97253861	1
7609320	1
7245548	1
94982022	1
37423577	1
37469154	1
63831851	1
41647297	1
71020778	1
5628559	1
40156577	1
40140832	1
92874039	1
53297415	1
5263121	1
70978304	1
15580959	1
37437440	1
37435973	1
82081820	1
50107482	1
49193821	1
20457008	1
74738096	1
53290529	1
75524915	1
20468072	1
63798687	1
95939234	1
63847154	1
64549072	1
18174441	1
15651815	1
53241597	1
37422503	1
50067315	1
53304960	1
52477338	1
95952805	1
53297703	1
64535415	1
20497462	1
94980941	1
95935986	1
15950026	1
53245018	1
52446376	1
11800007	1
94972444	1
11789145	1
15584666	1
53302785	1
64577808	1
74735440	1
7608916	1
63826868	1
11798231	1
94964659	1
90159642	1
15595962	1
9324948	1
70764349	1
6599118	1
52461816	1
15616814	1
95940555	1
70998308	1
97232828	1
90102675	1
37405328	1
50097695	1
85836224	1
85765520	1
86256107	1
64145333	1
7968142	1
63445379	1
45853098	1
47171768	1
97931812	1
62624522	1
31392432	1
12315928	1
21067739	1
27395348	1
67629126	1
27383925	1
67679024	1
20867147	1
21059562	1
83020221	1
40563003	1
83065220	1
97966400	1
9016098	1
6806421	1
38420738	1
83041763	1
66327441	1
66339948	1
66350920	1
21065499	1
31411856	1
18686190	1
27326020	1
86295571	1
40196576	1
47176588	1
38411380	1
9284104	1
40232088	1
40568024	1
35036781	1
63460366	1
18710844	1
45840063	1
64099227	1
62632933	1
21043998	1
85839045	1
64161693	1
61454008	1
85810071	1
38368813	1
74914196	1
62651924	1
67662967	1
86997637	1
45862233	1
7731390	1
57830845	1
7260539	1
18702157	1
20886297	1
40213134	1
61448743	1
74902132	1
35051838	1
62625131	1
27328080	1
67621715	1
63431562	1
7960370	1
66349699	1
66321580	1
97940509	1
61489755	1
62653248	1
66353776	1
12284041	1
86281096	1
63464355	1
40179579	1
5155148	1
38357017	1
35052129	1
40566744	1
31399364	1
40206501	1
35039887	1
40947764	1
37707835	1
85312338	1
31210445	1
9193014	1
9155929	1
85300520	1
16862353	1
19364797	1
6872505	1
19366729	1
84657941	1
31966884	1
36956630	1
28490995	1
84651379	1
7310764	1
28509314	1
78149417	1
25060421	1
85319403	1
23255255	1
34679612	1
23702136	1
78182338	1
85325407	1
84649177	1
86171420	1
74056106	1
15506311	1
86175162	1
34627431	1
25032805	1
9051486	1
6520446	1
17897779	1
6523927	1
32003001	1
15506495	1
74047522	1
32554186	1
6118615	1
32554570	1
84599026	1
84613938	1
7141638	1
5523533	1
7139979	1
23657435	1
74025103	1
15438094	1
17905543	1
7109415	1
19340377	1
31960718	1
9051174	1
7307021	1
25018623	1
15494387	1
37754401	1
9050707	1
31213292	1
34675626	1
40949693	1
5524715	1
36901235	1
84647833	1
86170960	1
31158573	1
23280544	1
25073703	1
78210247	1
28484627	1
84587593	1
86185795	1
12577748	1
16872575	1
54163243	1
19222459	1
7503586	1
43662125	1
21514548	1
14373412	1
23389583	1
65630085	1
38959407	1
54145810	1
61195370	1
7500727	1
53122598	1
79841317	1
21155473	1
14384092	1
61193686	1
65652062	1
21180454	1
79821148	1
79859850	1
21198823	1
23406768	1
36186003	1
54596408	1
71724343	1
21156466	1
61183790	1
23388086	1
43728024	1
7042231	1
37697269	1
54591790	1
23427797	1
6656058	1
7950970	1
79514413	1
14369193	1
19182753	1
7905223	1
71766509	1
70014413	1
36201681	1
43725768	1
65625817	1
19220419	1
71717754	1
43721453	1
36176745	1
7954395	1
38966151	1
53762110	1
5612992	1
6186844	1
9113060	1
79817623	1
16955191	1
16909491	1
38942135	1
99677021	1
71717502	1
5714391	1
54155496	1
54105990	1
79564306	1
53146587	1
9103793	1
7950789	1
79818556	1
99658612	1
38977284	1
79545605	1
21553094	1
36158069	1
38975590	1
54599288	1
9189429	1
45121317	1
28733389	1
34875341	1
89236573	1
39054634	1
23015094	1
55175299	1
6114776	1
92566146	1
23021394	1
92538335	1
23061309	1
9273447	1
9188822	1
68168332	1
33321865	1
18350953	1
91067449	1
35376996	1
61296737	1
5677507	1
11759634	1
23071961	1
23009785	1
11727965	1
9158499	1
78405902	1
98816095	1
98815518	1
61308529	1
91029226	1
79262640	1
9188741	1
46417061	1
7844917	1
40350171	1
82351269	1
89217664	1
61284526	1
92498627	1
5229960	1
61359217	1
40339753	1
79253733	1
61281630	1
61341026	1
34844879	1
26465045	1
18330434	1
18377132	1
74811351	1
55213014	1
98803860	1
91051953	1
9074146	1
33302434	1
18315391	1
61309475	1
98818000	1
91023612	1
79260195	1
35394927	1
61304476	1
74838292	1
23069272	1
98837887	1
55182585	1
39014084	1
18382422	1
67079612	1
78386464	1
23079842	1
89243023	1
91036295	1
89218213	1
79246363	1
6638553	1
68150059	1
78430121	1
18362139	1
89281364	1
61338033	1
9188883	1
18334804	1
9074457	1
6515850	1
39040159	1
78399985	1
89213803	1
67052135	1
9048007	1
89225867	1
98798680	1
92521768	1
34850042	1
78422453	1
67090092	1
18349725	1
6114417	1
71948761	1
74843175	1
61308621	1
98830169	1
26416743	1
23068461	1
9272933	1
78383693	1
6514828	1
18319428	1
79230123	1
33313374	1
41508402	1
18380629	1
26437201	1
91060026	1
7844503	1
82386806	1
9188740	1
9030929	1
28388793	1
79295545	1
12744540	1
75128352	1
79291581	1
78069443	1
43128206	1
56212798	1
79286936	1
49789004	1
9274374	1
94677284	1
56227044	1
66771647	1
67306600	1
76080189	1
78015614	1
81155009	1
91579559	1
54980388	1
78557826	1
79354193	1
13609366	1
94700557	1
61921658	1
6620842	1
54971528	1
9032246	1
7975708	1
43119404	1
12743639	1
13637045	1
76079975	1
54937477	1
78065314	1
43118719	1
30219975	1
75120845	1
9032266	1
7936694	1
61918307	1
13464721	1
7937137	1
12692845	1
54959055	1
49817053	1
49826930	1
13438384	1
13440558	1
28450636	1
65394937	1
94702147	1
79304207	1
9036404	1
9031573	1
75130267	1
92257214	1
92200153	1
7936802	1
9031787	1
12693818	1
91587389	1
54925148	1
13667717	1
61901996	1
7936732	1
9031584	1
91540456	1
94728067	1
68766378	1
70105902	1
13644649	1
13652833	1
72137009	1
67273180	1
75136389	1
94720863	1
28437152	1
54967072	1
78543377	1
94707218	1
78051885	1
77598015	1
30897752	1
80706033	1
5151233	1
68808751	1
52888956	1
5148241	1
9035618	1
30450765	1
20359100	1
23633627	1
52907802	1
85504072	1
5154435	1
9266225	1
9125281	1
52923389	1
53560681	1
7934613	1
9237834	1
53975674	1
23634503	1
46555330	1
55341883	1
30465881	1
68944084	1
38822112	1
70511958	1
9238157	1
30909235	1
38792164	1
5425082	1
85536922	1
46575261	1
68807112	1
7993208	1
9125241	1
77587311	1
53987486	1
17618634	1
17658802	1
23624055	1
70479820	1
30899996	1
77607896	1
58941884	1
38828633	1
55347857	1
30859502	1
23624200	1
38804872	1
55329789	1
9057345	1
7934548	1
80743276	1
9122829	1
30940837	1
9123105	1
53586594	1
20336749	1
36472710	1
68849598	1
36491114	1
9281704	1
30950892	1
52880339	1
30421544	1
36464942	1
52888098	1
38832903	1
66638518	1
6131329	1
52922632	1
30443848	1
30910041	1
5326700	1
53593855	1
58987029	1
30926919	1
7935112	1
17649167	1
30928959	1
46583020	1
40859394	1
79471759	1
14660163	1
24320076	1
43838544	1
84966117	1
87345508	1
39695334	1
5549838	1
24329045	1
14610622	1
5652948	1
7746130	1
63607634	1
5725135	1
95434169	1
12150768	1
87286846	1
12153765	1
74305564	1
75048843	1
55586308	1
9335005	1
70326327	1
24316995	1
54484694	1
5306108	1
87305363	1
84906963	1
7716724	1
50809255	1
74298843	1
7976970	1
9021776	1
84950768	1
74316285	1
55517323	1
84952940	1
74321339	1
5723153	1
32428257	1
76443282	1
95469031	1
76509413	1
9281060	1
40885042	1
76471390	1
5652341	1
24303630	1
76458843	1
5721047	1
7745323	1
5366853	1
14623680	1
95424585	1
39725687	1
39684238	1
95437834	1
63643948	1
7447852	1
43859744	1
32415771	1
75067516	1
40902799	1
76784071	1
9021638	1
55555695	1
84896894	1
7746059	1
12129020	1
7715542	1
55519150	1
40852964	1
7721864	1
95414044	1
43812337	1
24303623	1
9022222	1
95439152	1
36765227	1
32407746	1
7721885	1
84941767	1
95410419	1
7977018	1
87307085	1
50836238	1
75077993	1
70322941	1
81091930	1
95562990	1
40675549	1
51992860	1
51979580	1
59264017	1
7973223	1
23911682	1
29898953	1
40669418	1
80659823	1
70533679	1
16120960	1
9054134	1
7664569	1
7291886	1
70580893	1
38727899	1
95570390	1
38719492	1
85097059	1
5510894	1
80844995	1
93720140	1
59225166	1
44107708	1
59264956	1
16097831	1
98379726	1
23922118	1
68296967	1
98410829	1
32315118	1
44154359	1
9053934	1
82651054	1
44152462	1
27594207	1
6071325	1
82653094	1
80860354	1
38778053	1
80840995	1
23909148	1
29892834	1
85111544	1
68290237	1
80843353	1
7973264	1
38749723	1
47243829	1
5510893	1
5780686	1
44161265	1
6070666	1
5780930	1
9054062	1
23913555	1
32339788	1
98405329	1
9277537	1
52015409	1
5780739	1
16073281	1
68338039	1
80629670	1
47233143	1
93714256	1
32316849	1
47270765	1
48485748	1
93724729	1
51985629	1
44120225	1
95601300	1
6943597	1
98401036	1
80646964	1
9050498	1
80899656	1
81103614	1
38729909	1
23926064	1
48507414	1
59256167	1
70545380	1
44132863	1
85062552	1
81761291	1
38719320	1
81974427	1
95146927	1
42892781	1
20209679	1
75370441	1
75349205	1
9317158	1
18856923	1
6121578	1
86573845	1
94649684	1
27094190	1
87379459	1
72693519	1
6747609	1
10830862	1
7757879	1
51355726	1
75334167	1
21332778	1
7821204	1
10319694	1
7759524	1
7820679	1
67920797	1
51379464	1
21362357	1
67930255	1
42480218	1
21298166	1
43902840	1
65056988	1
87390692	1
81986127	1
34212654	1
20173823	1
67928759	1
86587310	1
10848863	1
92282469	1
6746886	1
67971960	1
18830203	1
13473115	1
7630531	1
82000956	1
86590227	1
75350886	1
6743643	1
9142371	1
43942640	1
51356006	1
10822299	1
49969891	1
82015113	1
43906012	1
6123596	1
6124498	1
67956714	1
42871508	1
43903836	1
95138747	1
72627250	1
88653328	1
94588049	1
10796249	1
67917376	1
42877998	1
5814607	1
81970321	1
72614778	1
81986131	1
75340195	1
42902624	1
13501261	1
10302392	1
51354014	1
9207253	1
42880108	1
10852956	1
34245712	1
84782273	1
64186075	1
7917559	1
66949112	1
77548623	1
67000695	1
6885554	1
9006679	1
24089973	1
64184930	1
98721427	1
98615271	1
86489874	1
55455867	1
99361534	1
48411927	1
27267277	1
28188796	1
48375244	1
66970985	1
64783373	1
42101368	1
9006513	1
5410103	1
16172994	1
77495847	1
16189269	1
99345756	1
96517032	1
16189099	1
69325982	1
24144552	1
69389001	1
99381454	1
5404305	1
64200009	1
69348550	1
69373331	1
18626018	1
69341844	1
66992458	1
24131157	1
7954958	1
98590879	1
98603473	1
24144262	1
64166421	1
7974561	1
48368458	1
42035883	1
99386026	1
72210772	1
98580560	1
64793690	1
18615453	1
66947118	1
86498309	1
72254130	1
98777950	1
18614001	1
7974708	1
72220422	1
66962519	1
98617726	1
6271414	1
99349645	1
18665090	1
55469147	1
7951260	1
28214386	1
84787045	1
7955217	1
42035680	1
18640435	1
98764498	1
99381709	1
86503623	1
99346267	1
9321992	1
7257421	1
64769718	1
89746730	1
77534923	1
69338434	1
77492207	1
23139255	1
70613316	1
96527385	1
38096504	1
22368834	1
9199004	1
6102708	1
55846905	1
64703082	1
48878828	1
43488187	1
23103982	1
69470948	1
69514207	1
69518396	1
71102360	1
47589772	1
23112262	1
67234706	1
22376432	1
6101359	1
92771231	1
64732434	1
71098412	1
23110476	1
6506697	1
55856515	1
48884870	1
96538556	1
70637573	1
9199769	1
43476053	1
9199440	1
70621477	1
38089885	1
82150375	1
48086144	1
9018907	1
48912978	1
67323343	1
92769213	1
13960111	1
27496913	1
92777154	1
13907846	1
23096546	1
92747735	1
69534243	1
45163810	1
23144256	1
67346620	1
71047390	1
48940165	1
71101502	1
37914411	1
7999923	1
92785921	1
37916855	1
92758496	1
38105275	1
48874073	1
9018992	1
9019261	1
45188870	1
80322872	1
22395931	1
69515087	1
67210065	1
70628723	1
7777258	1
95826951	1
4100862	1
9127909	1
52322200	1
17423363	1
57483545	1
52330772	1
30389223	1
52322499	1
95789453	1
73192018	1
7966361	1
6894512	1
4041500	1
92111663	1
57484955	1
4102588	1
11336729	1
32884052	1
51240119	1
45663649	1
11336564	1
4041186	1
52330202	1
54063884	1
92111931	1
4100117	1
4101148	1
11309684	1
45704484	1
30386299	1
57505721	1
7590226	1
9287077	1
55419756	1
30393582	1
42994958	1
45656089	1
34698941	1
5101387	1
7965701	1
4041467	1
57519166	1
5313584	1
4040087	1
11291108	1
92124534	1
7614082	1
73182714	1
17441541	1
57504091	1
30381690	1
92125619	1
11350807	1
34743674	1
30388236	1
30408095	1
43002569	1
9127483	1
19476141	1
73980451	1
73114703	1
11311513	1
92086335	1
92115216	1
95802281	1
19517397	1
73174653	1
93637041	1
6891576	1
55424423	1
6888225	1
6419887	1
4101394	1
9127714	1
4040840	1
11343228	1
59597109	1
54061764	1
5361683	1
32869551	1
17454989	1
11333534	1
19519474	1
17413047	1
57533862	1
4100860	1
4101151	1
52320642	1
95226347	1
5361884	1
4100391	1
5360170	1
9127822	1
5358643	1
93694632	1
29159556	1
59641894	1
55406405	1
4102468	1
97786110	1
30399579	1
29160159	1
54063502	1
17430047	1
95821285	1
54070110	1
54105247	1
52334809	1
6892309	1
74011013	1
54067716	1
4100871	1
57510876	1
92060283	1
54044980	1
45685142	1
4101146	1
5704344	1
4041114	1
19488270	1
92119371	1
31903087	1
7732060	1
79648029	1
68547054	1
13110678	1
48731980	1
9148876	1
33494205	1
27993441	1
13119575	1
77134873	1
86044832	1
56935701	1
99731909	1
24033732	1
28745824	1
68564283	1
6350438	1
28783233	1
31930431	1
7906786	1
48787312	1
68545976	1
35240758	1
31948414	1
23441938	1
56982499	1
47814065	1
27966498	1
35248285	1
68644525	1
44366883	1
68626414	1
68555568	1
79662499	1
6903537	1
35260337	1
6351542	1
7656015	1
28017085	1
14567054	1
68521933	1
64862165	1
24032159	1
99704734	1
56991405	1
68563553	1
28783525	1
64836572	1
48766964	1
44331911	1
53046869	1
33530578	1
24051575	1
96999119	1
53066283	1
6353027	1
48744479	1
6902561	1
31880775	1
68560550	1
54883501	1
9236119	1
47843824	1
13128379	1
48739938	1
13130391	1
33467481	1
79611310	1
5847839	1
44385773	1
28797720	1
64853277	1
7732362	1
33480437	1
54882642	1
97026648	1
5560782	1
54877349	1
79594370	1
23486628	1
99732247	1
99757851	1
9211429	1
33475598	1
27695031	1
12765407	1
76018850	1
27700491	1
27715420	1
11121593	1
72292246	1
11578954	1
99224883	1
46030228	1
90976959	1
26352144	1
14188913	1
12799505	1
91938725	1
84397083	1
90991911	1
80017841	1
53898128	1
25693349	1
27724612	1
91965276	1
72311156	1
83217649	1
83236159	1
58224396	1
11078095	1
90975555	1
97439125	1
11572806	1
76022638	1
84355289	1
96677403	1
26338033	1
76038593	1
72344797	1
86770125	1
53898234	1
76020540	1
14180107	1
11090665	1
86821064	1
72323482	1
6997172	1
53890507	1
11572920	1
14177457	1
9141812	1
7851580	1
97440887	1
26398181	1
97498424	1
86806452	1
11595795	1
96618987	1
27698594	1
46040736	1
14187083	1
97466633	1
6996849	1
99225348	1
62027127	1
9142030	1
96633891	1
25743235	1
26331110	1
62036125	1
9129890	1
72331053	1
80036297	1
25696941	1
84423321	1
90938544	1
9296273	1
83225107	1
26377100	1
26384796	1
9129724	1
7581304	1
99803217	1
11705277	1
9319893	1
99803932	1
51961372	1
86103487	1
7930281	1
4034279	1
51959335	1
4034496	1
5659683	1
4031445	1
98907520	1
4031989	1
21411745	1
7515419	1
57915572	1
57940994	1
57956537	1
77452575	1
30665161	1
7133230	1
99790105	1
98905470	1
4033864	1
4033778	1
56368372	1
41789621	1
12036029	1
11640428	1
30686737	1
7518147	1
7133306	1
4035426	1
51969632	1
31038161	1
4031172	1
51920336	1
4034590	1
35710183	1
4031586	1
57964079	1
4031340	1
7072764	1
4031207	1
7066603	1
9021145	1
82489439	1
11701661	1
51955834	1
41787871	1
12047436	1
7514326	1
7135925	1
51944869	1
77446064	1
99775983	1
57936648	1
30674512	1
4035329	1
58738816	1
36232670	1
7064557	1
91188007	1
99799109	1
9020869	1
36285964	1
56381573	1
9020322	1
99831890	1
4034305	1
20134526	1
51945518	1
4036152	1
11700386	1
58736218	1
11669166	1
82486188	1
4033462	1
4030498	1
11701458	1
86136777	1
30679413	1
4034415	1
4033478	1
4030484	1
7134144	1
20097140	1
24863107	1
36261112	1
35717560	1
4031054	1
4031681	1
24817483	1
41800507	1
35692806	1
30664842	1
4034820	1
7929532	1
41776437	1
31057614	1
21397564	1
20150690	1
57929642	1
11662991	1
62995125	1
35711786	1
7014980	1
7513409	1
43556454	1
87652174	1
14765500	1
28535147	1
49655249	1
11006535	1
69034616	1
38287391	1
70862811	1
13853520	1
4001669	1
70848923	1
43181936	1
28138608	1
56153961	1
99851496	1
38340627	1
13855981	1
28557377	1
38288776	1
87640811	1
38349155	1
4003375	1
93918828	1
56159843	1
7198954	1
26058912	1
26670779	1
6064732	1
69053334	1
13849297	1
26639309	1
43558008	1
14787643	1
99879693	1
43539366	1
55275098	1
7786319	1
26062346	1
4002419	1
43578228	1
26063175	1
7197271	1
49640506	1
49672206	1
55681329	1
15299034	1
69078071	1
87587437	1
5738028	1
7647378	1
11037276	1
4006103	1
91078304	1
7183188	1
70852980	1
4005185	1
56147540	1
38310140	1
4006048	1
49614072	1
14757146	1
38336634	1
87625485	1
57116773	1
37400690	1
15319759	1
4006102	1
43019420	1
93944148	1
70843009	1
38325563	1
7648802	1
28570840	1
4003005	1
26622158	1
7186876	1
11056932	1
7184786	1
4009255	1
55224983	1
28560786	1
69099321	1
26075577	1
43203406	1
89854569	1
57128664	1
57107063	1
15340575	1
49675784	1
14759928	1
14764068	1
43159664	1
91098779	1
37375003	1
9139016	1
9138149	1
38328728	1
93917351	1
7786456	1
26625397	1
28151682	1
4003348	1
9138026	1
55221960	1
99863276	1
69090586	1
57101224	1
91082445	1
26629971	1
43023741	1
5544797	1
53507524	1
5831003	1
69819493	1
10100574	1
83781337	1
10983837	1
53486781	1
54438880	1
75297834	1
53476537	1
83784232	1
7641872	1
96207386	1
17309859	1
64500055	1
48667655	1
15069406	1
25840371	1
84347740	1
69789247	1
48691289	1
96222140	1
18478599	1
10077949	1
10938797	1
56574949	1
84291155	1
84318581	1
69786721	1
34035523	1
96201130	1
33983177	1
7858903	1
59436646	1
77398647	1
75283457	1
10939392	1
11000510	1
99593428	1
30164493	1
6765400	1
77331317	1
25817953	1
90246019	1
10993801	1
5181028	1
96189829	1
34021402	1
6771133	1
96211297	1
29414282	1
25866825	1
29397965	1
48668560	1
7995798	1
10077203	1
77354806	1
96159160	1
5186857	1
29444631	1
9318191	1
54402424	1
53403139	1
10128081	1
33990601	1
49359486	1
5938397	1
15046582	1
6571013	1
54459257	1
10134976	1
84303951	1
6572540	1
99537446	1
59505830	1
92661086	1
53381493	1
99609705	1
18477065	1
53402489	1
5547136	1
56613339	1
25817511	1
10992545	1
69773034	1
75265970	1
96162876	1
30184629	1
84285983	1
7995515	1
10081101	1
48677967	1
54430077	1
50338816	1
63048348	1
5456028	1
9068884	1
6511133	1
83922129	1
36698285	1
6255566	1
83665794	1
85378326	1
69132789	1
6250855	1
97683628	1
88291852	1
75888949	1
5461432	1
75849265	1
36673025	1
5463854	1
12638648	1
88288236	1
12624138	1
28183858	1
57284511	1
36703021	1
82536038	1
83941366	1
97721145	1
7938400	1
88322306	1
82522496	1
83602170	1
83572985	1
75873217	1
83557853	1
63014818	1
50282653	1
83951653	1
12637698	1
83653231	1
7989429	1
63021913	1
9034010	1
44912759	1
12658190	1
28647205	1
7682521	1
6257976	1
83642898	1
24929157	1
7824158	1
36706836	1
97664884	1
69121415	1
5462868	1
7682074	1
97727369	1
83940714	1
63003895	1
88284146	1
7680945	1
6329109	1
12668053	1
57298581	1
9069565	1
36734388	1
28181631	1
69144337	1
83630390	1
85400919	1
6507793	1
69136643	1
75885413	1
50303437	1
97696843	1
12666691	1
75877583	1
97678013	1
88267577	1
83936254	1
7918825	1
36690677	1
83568179	1
9068080	1
44925422	1
12632827	1
7989563	1
31475577	1
44923700	1
