7851356	[1, [0.026255698558296126, 0.97374430144170387]]
6816885	[1, [0.025854740177416291, 0.97414525982258371]]
7616512	[1, [0.014088322355090388, 0.98591167764490961]]
7578456	[1, [0.01984247928962779, 0.98015752071037221]]
90982947	[1, [0.047589169703843193, 0.95241083029615681]]
7850263	[1, [0.0099769869690192747, 0.99002301303098073]]
25708145	[1, [0.022636710368230117, 0.97736328963176988]]
6814412	[1, [0.002920037162062461, 0.99707996283793754]]
25717253	[1, [0.041207526017750351, 0.95879247398224965]]
7616496	[1, [0.025752674989881541, 0.97424732501011846]]
7647994	[1, [0.00018503602452857315, 0.99981496397547143]]
56182872	[1, [0.018366437823435611, 0.98163356217656439]]
7201485	[1, [0.018651045767852814, 0.98134895423214719]]
7787064	[1, [0.01640907425210103, 0.98359092574789897]]
7833139	[1, [0.043517466918721714, 0.95648253308127829]]
7830563	[1, [0.031463359385648593, 0.96853664061435141]]
43516093	[1, [0.003267341345725705, 0.99673265865427429]]
6864552	[1, [0.028333869898274022, 0.97166613010172598]]
7185327	[1, [0.001460344462753671, 0.99853965553724633]]
13831847	[1, [8.6790949423654062e-05, 0.99991320905057635]]
7187270	[1, [0.00015411324983716224, 0.99984588675016284]]
5740377	[1, [0.0014558752790966301, 0.99854412472090337]]
5739912	[1, [0.033426017888084081, 0.96657398211191592]]
6184250	[1, [0.040886205222394278, 0.95911379477760572]]
6186102	[1, [0.025197444503559652, 0.97480255549644035]]
6183798	[1, [0.0030998498032831501, 0.99690015019671685]]
6184375	[1, [0.041926346235019674, 0.95807365376498033]]
54615756	[1, [0.0055380986851049085, 0.99446190131489509]]
6187238	[1, [0.042571580664281683, 0.95742841933571832]]
7953592	[1, [0.043461693516918531, 0.95653830648308147]]
53146158	[1, [0.014842074560307505, 0.98515792543969249]]
6188281	[1, [0.048624292348763531, 0.95137570765123647]]
7950503	[1, [3.7644347065546313e-05, 0.99996235565293445]]
6185017	[1, [0.037663653845271261, 0.96233634615472874]]
7953857	[1, [0.01288673556760378, 0.98711326443239622]]
5712026	[1, [0.024311648489003246, 0.97568835151099675]]
6726236	[1, [0.018958630095199935, 0.98104136990480006]]
6185511	[1, [0.040167969648043811, 0.95983203035195619]]
7045208	[1, [0.034618515037710518, 0.96538148496228948]]
5850717	[1, [0.019350394710397456, 0.98064960528960254]]
65638607	[1, [0.018535571832495101, 0.9814644281675049]]
6187576	[1, [0.029586855280987145, 0.97041314471901285]]
7953934	[1, [0.033764953530806663, 0.96623504646919334]]
99625138	[1, [0.0065818556132769546, 0.99341814438672305]]
7730335	[1, [0.00054774861869089086, 0.99945225138130911]]
5161498	[1, [0.030844097014608773, 0.96915590298539123]]
40572449	[1, [0.0021947636722259301, 0.99780523632777407]]
74937753	[1, [0.0079676682231191176, 0.99203233177688088]]
27337896	[1, [0.0091671751510229438, 0.99083282484897706]]
5156232	[1, [0.025628061436628768, 0.97437193856337123]]
5161487	[1, [0.00093882595687366788, 0.99906117404312633]]
5161596	[1, [0.0063926541507722812, 0.99360734584922772]]
5161548	[1, [0.0021293412760522434, 0.99787065872394776]]
40224778	[1, [0.014703037042536948, 0.98529696295746305]]
6801190	[1, [0.0050578712391049496, 0.99494212876089505]]
74950817	[1, [0.044576967528101141, 0.95542303247189886]]
35003461	[1, [0.0046491093730308686, 0.99535089062696913]]
7959693	[1, [0.0026014140493048066, 0.99739858595069519]]
6803471	[1, [0.0088672137620461333, 0.99113278623795387]]
45132015	[1, [0.0090367456999965734, 0.99096325430000343]]
6112728	[1, [0.0014068732136366391, 0.99859312678636336]]
7844937	[1, [0.031717455628469171, 0.96828254437153083]]
74864508	[1, [0.0092629879532692971, 0.9907370120467307]]
6111992	[1, [0.0030256224814737553, 0.99697437751852624]]
6640191	[1, [0.015490320148035419, 0.98450967985196458]]
26460331	[1, [0.010611673656053866, 0.98938832634394613]]
6639018	[1, [0.021208645614585908, 0.97879135438541409]]
6111205	[1, [0.026237895544546364, 0.97376210445545364]]
78386828	[1, [0.019723905941396391, 0.98027609405860361]]
7985886	[1, [0.011461854803524019, 0.98853814519647598]]
92532412	[1, [0.0046057528119474167, 0.99539424718805258]]
74851089	[1, [0.031419026372079495, 0.96858097362792051]]
7985966	[1, [0.0016687087858042737, 0.99833129121419573]]
9272992	[1, [0.0081298107166586364, 0.99187018928334136]]
52368814	[1, [0.0055387165005311711, 0.99446128349946883]]
17437784	[1, [0.0095779435028181537, 0.99042205649718185]]
6419617	[1, [0.047288755221518097, 0.9527112447784819]]
7318770	[1, [0.0049913620331270003, 0.995008637966873]]
7593915	[1, [6.4656506203464303e-06, 0.99999353434937965]]
7611356	[1, [0.004742712823847639, 0.99525728717615236]]
57470207	[1, [0.0060218455457845543, 0.99397815445421545]]
7614293	[1, [0.036346944675709314, 0.96365305532429069]]
7966208	[1, [0.033788845652299115, 0.96621115434770088]]
7016884	[1, [0.012420268138229384, 0.98757973186177062]]
7019194	[1, [0.017278506153694861, 0.98272149384630514]]
7966110	[1, [0.0035305875935349729, 0.99646941240646503]]
5702022	[1, [0.020179912610993389, 0.97982008738900661]]
6420769	[1, [0.00021669701348403514, 0.99978330298651596]]
7612835	[1, [0.04983266485338278, 0.95016733514661722]]
17436840	[1, [0.018783172776296153, 0.98121682722370385]]
7016952	[1, [0.0075629257038283271, 0.99243707429617167]]
7317643	[1, [0.014787722538708636, 0.98521227746129136]]
45684726	[1, [0.01408260524313365, 0.98591739475686635]]
91837331	[1, [0.012210230011446943, 0.98778976998855306]]
7969158	[1, [0.013003349130439101, 0.9869966508695609]]
5868916	[1, [0.031007200133567947, 0.96899279986643205]]
90614903	[1, [0.010894165200301065, 0.98910583479969894]]
7969148	[1, [0.0037042008512377933, 0.99629579914876221]]
7674425	[1, [9.3603040594136822e-05, 0.99990639695940586]]
7303126	[1, [0.0026629684366022977, 0.9973370315633977]]
88612869	[1, [0.04894138066003384, 0.95105861933996616]]
7569330	[1, [0.048539724953309604, 0.9514602750466904]]
80344193	[1, [0.0078752963257933128, 0.99212470367420669]]
7161252	[1, [0.0029492589628442589, 0.99705074103715574]]
95774577	[1, [0.004980688788483123, 0.99501931121151688]]
88972453	[1, [0.00531241289240314, 0.99468758710759686]]
7410208	[1, [0.026345730785910737, 0.97365426921408926]]
29087746	[1, [0.0033430726543254297, 0.99665692734567457]]
7407377	[1, [0.010868980428490937, 0.98913101957150906]]
5807334	[1, [0.019691334996608134, 0.98030866500339187]]
12921959	[1, [0.013489038874305748, 0.98651096112569425]]
26856535	[1, [0.020145251188762536, 0.97985474881123746]]
26849559	[1, [0.0028169203024368539, 0.99718307969756315]]
6809324	[1, [0.014749511413979177, 0.98525048858602082]]
50889588	[1, [0.0012186553400646005, 0.9987813446599354]]
6944540	[1, [0.018863013185486777, 0.98113698681451322]]
6908479	[1, [0.001649226622252864, 0.99835077337774714]]
7606543	[1, [0.000187699866569635, 0.99981230013343037]]
6197025	[1, [0.021529684006517447, 0.97847031599348255]]
6198247	[1, [0.02477891896292983, 0.97522108103707017]]
38693512	[1, [0.036979963121928083, 0.96302003687807192]]
7788508	[1, [0.017722758953728324, 0.98227724104627168]]
5116274	[1, [0.045781401443362957, 0.95421859855663704]]
7795942	[1, [0.02408917585001491, 0.97591082414998509]]
6905210	[1, [0.0078214397150552228, 0.99217856028494478]]
5115931	[1, [0.021101528001888581, 0.97889847199811142]]
59868132	[1, [0.00074622017452830036, 0.9992537798254717]]
5118283	[1, [0.021942685423465669, 0.97805731457653433]]
5118281	[1, [0.017809599192427528, 0.98219040080757247]]
6195063	[1, [0.021317247217646496, 0.9786827527823535]]
6944774	[1, [0.027939369152215843, 0.97206063084778416]]
14944345	[1, [0.035207076493234846, 0.96479292350676515]]
7980847	[1, [0.0033646372817749404, 0.99663536271822506]]
7981105	[1, [0.010477996299001147, 0.98952200370099885]]
7180503	[1, [0.00085798612150900233, 0.999142013878491]]
65312983	[1, [0.0083103617373434524, 0.99168963826265655]]
7937741	[1, [0.042623994037752522, 0.95737600596224748]]
7625957	[1, [0.044205036856669877, 0.95579496314333012]]
7809901	[1, [0.02261690681620343, 0.97738309318379657]]
40317114	[1, [0.0061769786958626449, 0.99382302130413736]]
76233071	[1, [0.027969895730991068, 0.97203010426900893]]
7177777	[1, [0.014349549403430362, 0.98565045059656964]]
14075255	[1, [0.011851868281061551, 0.98814813171893845]]
14885768	[1, [0.0030200353465862362, 0.99697996465341376]]
6792086	[1, [0.039069921140845953, 0.96093007885915405]]
7981404	[1, [0.0079142778832705929, 0.99208572211672941]]
6791715	[1, [0.039157300213364943, 0.96084269978663506]]
7981251	[1, [0.038791061067676935, 0.96120893893232306]]
7180217	[1, [0.013477447071359228, 0.98652255292864077]]
7180188	[1, [0.00035457455069431987, 0.99964542544930568]]
5241287	[1, [0.014254985892521721, 0.98574501410747828]]
7937777	[1, [0.0099786003969601911, 0.99002139960303981]]
7809029	[1, [0.034091984032033951, 0.96590801596796605]]
7147064	[1, [0.036077762341665376, 0.96392223765833462]]
5696382	[1, [0.0042749776563162367, 0.99572502234368376]]
65938199	[1, [0.017151578449438598, 0.9828484215505614]]
5647117	[1, [0.022273857910944828, 0.97772614208905517]]
96337500	[1, [0.014547545239109172, 0.98545245476089083]]
5646993	[1, [0.0029115294817435577, 0.99708847051825644]]
5680820	[1, [0.0035504819874441207, 0.99644951801255588]]
5925977	[1, [0.0063578530347069284, 0.99364214696529307]]
36614662	[1, [0.008075167450903864, 0.99192483254909614]]
5637670	[1, [1.3313439638507063e-05, 0.99998668656036149]]
5145630	[1, [0.00048923279749168991, 0.99951076720250831]]
6845808	[1, [0.027635228023320191, 0.97236477197667981]]
5685825	[1, [0.032511572713315173, 0.96748842728668483]]
7966748	[1, [0.028853338871784207, 0.97114666112821579]]
71832852	[1, [0.043044123192915507, 0.95695587680708449]]
5693737	[1, [0.0042749776563162367, 0.99572502234368376]]
90885168	[1, [0.0088705616868179904, 0.99112943831318201]]
78919491	[1, [0.0068649208238563686, 0.99313507917614363]]
5141413	[1, [0.046249441906554889, 0.95375055809344511]]
5647123	[1, [0.029996594482746275, 0.97000340551725373]]
5475969	[1, [0.023781073529032803, 0.9762189264709672]]
7479828	[1, [0.041905779588750747, 0.95809422041124925]]
7112111	[1, [0.03545641861628257, 0.96454358138371743]]
7389948	[1, [0.0016802070777828249, 0.99831979292221718]]
58182033	[1, [0.011515283028800338, 0.98848471697119966]]
52684680	[1, [0.0021131607912836525, 0.99788683920871635]]
76532675	[1, [0.037049973517247037, 0.96295002648275296]]
88836512	[1, [0.0096489556029066836, 0.99035104439709332]]
5375442	[1, [0.0017810781957705579, 0.99821892180422944]]
7273821	[1, [0.00079043967081537936, 0.99920956032918462]]
6156704	[1, [0.021244718102986671, 0.97875528189701333]]
6214711	[1, [0.035069381067822647, 0.96493061893217735]]
7123818	[1, [0.049596874592154561, 0.95040312540784544]]
7959263	[1, [0.00047567897247757784, 0.99952432102752242]]
5373406	[1, [0.0019254051326482724, 0.99807459486735173]]
21486203	[1, [0.0021131607912836525, 0.99788683920871635]]
6216771	[1, [0.040935819456486389, 0.95906418054351361]]
83703368	[1, [0.048973236712064105, 0.95102676328793589]]
78888115	[1, [0.034428828390255073, 0.96557117160974493]]
7959177	[1, [0.032009549346426969, 0.96799045065357303]]
29500273	[1, [0.039748164872676517, 0.96025183512732348]]
7952323	[1, [0.00089434992090320353, 0.9991056500790968]]
6214305	[1, [0.015953791540851525, 0.98404620845914847]]
57077249	[1, [0.031032796269140794, 0.96896720373085921]]
6154032	[1, [0.022587541367726338, 0.97741245863227366]]
7121868	[1, [0.011225409857178903, 0.9887745901428211]]
13255258	[1, [0.036807179345691887, 0.96319282065430811]]
7959088	[1, [0.025583220237826998, 0.974416779762173]]
43266416	[1, [0.0011894341912668249, 0.99881056580873318]]
6212560	[1, [0.027628518203117514, 0.97237148179688249]]
57023910	[1, [0.0021403429611154268, 0.99785965703888457]]
7951866	[1, [0.023400286806122161, 0.97659971319387784]]
7959366	[1, [0.049993267427345445, 0.95000673257265456]]
6180035	[1, [0.026441685527079151, 0.97355831447292085]]
6182155	[1, [0.034588828200082133, 0.96541117179991787]]
7800094	[1, [0.012244790101546998, 0.987755209898453]]
6837783	[1, [0.042657820193549356, 0.95734217980645064]]
7955401	[1, [0.024777436380806539, 0.97522256361919346]]
6182214	[1, [0.021317247217646496, 0.9786827527823535]]
5741853	[1, [0.00038163808020041934, 0.99961836191979958]]
6841798	[1, [0.02460793893678459, 0.97539206106321541]]
7934301	[1, [0.0044332470038433991, 0.9955667529961566]]
7799487	[1, [0.028099266808966683, 0.97190073319103332]]
94386473	[1, [0.02462534972142294, 0.97537465027857706]]
95494440	[1, [0.0044223249244867979, 0.9955776750755132]]
72809723	[1, [0.015876872337941439, 0.98412312766205856]]
60870049	[1, [0.028664014580200736, 0.97133598541979926]]
72861595	[1, [0.036867210035638309, 0.96313278996436169]]
96072193	[1, [0.036934691143472365, 0.96306530885652764]]
7975492	[1, [0.0058882466104450693, 0.99411175338955493]]
60847233	[1, [0.00076107974076178309, 0.99923892025923822]]
5729509	[1, [0.0059372243544751901, 0.99406277564552481]]
5728602	[1, [0.00067308332154136785, 0.99932691667845863]]
7975226	[1, [0.018746887113211708, 0.98125311288678829]]
5742820	[1, [0.00034885155576680482, 0.9996511484442332]]
64933005	[1, [0.049400884680487311, 0.95059911531951269]]
7227030	[1, [0.027043641753352277, 0.97295635824664772]]
5925267	[1, [0.036906334002367314, 0.96309366599763269]]
6495966	[1, [0.0065051432121971953, 0.9934948567878028]]
6384864	[1, [0.030481346955272937, 0.96951865304472706]]
7971748	[1, [0.025055110926924251, 0.97494488907307575]]
6383827	[1, [0.00044014792033852945, 0.99955985207966147]]
5930816	[1, [0.012041244557767894, 0.98795875544223211]]
6384419	[1, [0.035580871426332039, 0.96441912857366796]]
6496567	[1, [0.0091622374042046317, 0.99083776259579537]]
5924611	[1, [0.015270233602597383, 0.98472976639740262]]
5866082	[1, [0.010529066451774982, 0.98947093354822502]]
64951164	[1, [0.049453931432541731, 0.95054606856745827]]
7224693	[1, [0.034881188320297185, 0.96511881167970281]]
42122894	[1, [0.042012264828218182, 0.95798773517178182]]
7971884	[1, [0.0003642403522245985, 0.9996357596477754]]
42229558	[1, [0.012774417106762415, 0.98722558289323759]]
9043657	[1, [0.032152414183720168, 0.96784758581627983]]
6462164	[1, [0.019435079551413437, 0.98056492044858656]]
6018829	[1, [0.024253837571081682, 0.97574616242891832]]
6174508	[1, [0.048624292348763531, 0.95137570765123647]]
6463829	[1, [0.015150414026525616, 0.98484958597347438]]
57567178	[1, [0.025656666659952143, 0.97434333334004786]]
6173780	[1, [0.045647869115578721, 0.95435213088442128]]
6460938	[1, [0.011521363783851934, 0.98847863621614807]]
6689923	[1, [0.0486223798643588, 0.9513776201356412]]
6462342	[1, [2.1465898643047154e-06, 0.9999978534101357]]
7852587	[1, [0.00047982434294513432, 0.99952017565705487]]
96960914	[1, [0.033432528064639033, 0.96656747193536097]]
6458749	[1, [9.895403737192332e-06, 0.99999010459626281]]
7374631	[1, [0.017803403155936648, 0.98219659684406335]]
6176409	[1, [0.040172241560348265, 0.95982775843965173]]
7212853	[1, [3.913854753512247e-06, 0.99999608614524649]]
6176592	[1, [0.036009343782195002, 0.963990656217805]]
6397786	[1, [0.0081087890031334986, 0.9918912109968665]]
7329873	[1, [0.015579182743656439, 0.98442081725634356]]
7330054	[1, [0.022242835142332829, 0.97775716485766717]]
7871357	[1, [0.017646487134918787, 0.98235351286508121]]
7871517	[1, [0.018633138531005899, 0.9813668614689941]]
7332610	[1, [0.0040602870518291478, 0.99593971294817085]]
5536791	[1, [0.0074572772889465178, 0.99254272271105348]]
6569696	[1, [0.016577895297859024, 0.98342210470214098]]
7895104	[1, [0.0040985450855335337, 0.99590145491446647]]
7459634	[1, [0.03791141685997601, 0.96208858314002399]]
5535356	[1, [0.047370027633212186, 0.95262997236678781]]
5535153	[1, [0.0078786143493476679, 0.99212138565065233]]
48549728	[1, [0.015830238800497165, 0.98416976119950283]]
6395281	[1, [0.00046543702289103539, 0.99953456297710896]]
6127897	[1, [0.0065202771582284491, 0.99347972284177155]]
5103511	[1, [0.00077597705920173787, 0.99922402294079826]]
5103411	[1, [0.0092685387067555913, 0.99073146129324441]]
7977878	[1, [0.0032291901754142316, 0.99677080982458577]]
5285944	[1, [0.048428794541746756, 0.95157120545825324]]
5139169	[1, [0.032815543419769555, 0.96718445658023044]]
17784901	[1, [0.0041306333313448906, 0.99586936666865511]]
63778214	[1, [0.0099425843663486502, 0.99005741563365135]]
7835615	[1, [0.03480119810413107, 0.96519880189586893]]
35061515	[1, [0.0016854210787672352, 0.99831457892123276]]
6052410	[1, [0.011762916921311262, 0.98823708307868874]]
7978150	[1, [0.0032349992459345112, 0.99676500075406549]]
5103522	[1, [0.031763248373088415, 0.96823675162691158]]
7936112	[1, [0.0056735311515955233, 0.99432646884840448]]
6447419	[1, [0.049092303673507809, 0.95090769632649219]]
6074114	[1, [0.003487198391884494, 0.99651280160811551]]
59563971	[1, [0.0090410752394555205, 0.99095892476054448]]
6071693	[1, [0.024019082183542095, 0.9759809178164579]]
6075050	[1, [0.0069510023734511428, 0.99304899762654886]]
48040481	[1, [0.0030734014823781131, 0.99692659851762189]]
95376072	[1, [0.018508116320224977, 0.98149188367977502]]
5692621	[1, [0.0037476414580143169, 0.99625235854198568]]
7991657	[1, [0.0020909458980243878, 0.99790905410197561]]
7991698	[1, [0.003392849657472885, 0.99660715034252711]]
7932071	[1, [0.044016609841167287, 0.95598339015883271]]
59533804	[1, [0.0018861122696326449, 0.99811388773036736]]
7801801	[1, [0.019112757815826331, 0.98088724218417367]]
33780086	[1, [0.0071057075026325078, 0.99289429249736749]]
94110937	[1, [0.04705028898201713, 0.95294971101798287]]
7932321	[1, [0.018832475524539039, 0.98116752447546096]]
6446620	[1, [0.044822507741358764, 0.95517749225864124]]
7991442	[1, [0.0082654457483843924, 0.99173455425161561]]
7958092	[1, [0.021650756811996352, 0.97834924318800365]]
7633791	[1, [0.041509578842225725, 0.95849042115777427]]
7986264	[1, [0.042723584772112799, 0.9572764152278872]]
20685782	[1, [0.0066948671211334299, 0.99330513287886657]]
7957956	[1, [0.032504580862702692, 0.96749541913729731]]
7957866	[1, [0.046815099604915145, 0.95318490039508486]]
6919731	[1, [0.00028149105353469928, 0.9997185089464653]]
7986402	[1, [0.0012785460552228178, 0.99872145394477718]]
6751498	[1, [0.041993235265466833, 0.95800676473453317]]
6922105	[1, [0.00038708192555003684, 0.99961291807444996]]
5490618	[1, [0.041187114931593771, 0.95881288506840623]]
80401961	[1, [0.038479274496496241, 0.96152072550350376]]
7956701	[1, [0.032796260673285338, 0.96720373932671466]]
7964878	[1, [0.010985917820068969, 0.98901408217993103]]
7956880	[1, [0.049292695300133804, 0.9507073046998662]]
6139486	[1, [0.00291549053714657, 0.99708450946285343]]
7930488	[1, [0.046908603175418562, 0.95309139682458144]]
7931208	[1, [0.023417593443715634, 0.97658240655628437]]
7940863	[1, [0.0061876124986580683, 0.99381238750134193]]
37967804	[1, [0.0084203959991301369, 0.99157960400086986]]
7919621	[1, [0.004992005607344141, 0.99500799439265586]]
6143388	[1, [0.022794709951063807, 0.97720529004893619]]
25471485	[1, [0.002141833762109302, 0.9978581662378907]]
21280886	[1, [0.0090957764218142501, 0.99090422357818575]]
15911255	[1, [0.049209660449139991, 0.95079033955086001]]
64662065	[1, [0.017115769034929285, 0.98288423096507072]]
7965234	[1, [0.0041471801049334234, 0.99585281989506658]]
5628379	[1, [0.0032022424835876917, 0.99679775751641231]]
97357360	[1, [0.0099663322925512832, 0.99003366770744872]]
7927858	[1, [0.036743672271994599, 0.9632563277280054]]
37989512	[1, [0.025086417236583891, 0.97491358276341611]]
7320436	[1, [0.00047772189252670572, 0.99952227810747329]]
7931180	[1, [0.028028039751688438, 0.97197196024831156]]
5627399	[1, [0.0039683468532496491, 0.99603165314675035]]
91879332	[1, [0.025543622803382404, 0.9744563771966176]]
6712928	[1, [0.020826358338860707, 0.97917364166113929]]
5668324	[1, [0.043565123290143504, 0.9564348767098565]]
7101915	[1, [0.003352059288430409, 0.99664794071156959]]
7103179	[1, [0.021690375652882565, 0.97830962434711743]]
6713100	[1, [0.020251078029378755, 0.97974892197062124]]
57365356	[1, [0.0088206752847987957, 0.9911793247152012]]
7791721	[1, [0.037064872310182517, 0.96293512768981748]]
7001971	[1, [0.028110116976471922, 0.97188988302352808]]
48330666	[1, [0.043936989529832382, 0.95606301047016762]]
13347392	[1, [0.0030320060794005732, 0.99696799392059943]]
55496894	[1, [0.0010661269005093343, 0.99893387309949067]]
7917947	[1, [0.0025320638778996152, 0.99746793612210038]]
7917939	[1, [0.041123255293498362, 0.95887674470650164]]
7951269	[1, [0.038499408646297084, 0.96150059135370292]]
7917972	[1, [0.010254522372162733, 0.98974547762783727]]
5672217	[1, [0.0061075460039126117, 0.99389245399608739]]
7917944	[1, [0.00049201897649508997, 0.99950798102350491]]
48433995	[1, [0.040613033603890125, 0.95938696639610987]]
55500993	[1, [0.028865627665583982, 0.97113437233441602]]
7973928	[1, [0.0014730789882574369, 0.99852692101174256]]
89776805	[1, [0.019870749432281287, 0.98012925056771871]]
7974143	[1, [0.0088742643597995441, 0.99112573564020046]]
7917945	[1, [0.02255676144250518, 0.97744323855749482]]
7974336	[1, [0.037039013667589438, 0.96296098633241056]]
7917647	[1, [0.015829981196996523, 0.98417001880300348]]
24138590	[1, [0.0045000690916878749, 0.99549993090831213]]
99344221	[1, [0.029922847439551647, 0.97007715256044835]]
85105401	[1, [0.03724098962107969, 0.96275901037892031]]
7973239	[1, [0.033692906314747528, 0.96630709368525247]]
93760372	[1, [0.00062183776512925171, 0.99937816223487075]]
80665641	[1, [0.0063403157567396562, 0.99365968424326034]]
6943739	[1, [0.036863032270037732, 0.96313696772996227]]
7345143	[1, [0.021690375652882565, 0.97830962434711743]]
78625977	[1, [0.032083320921511671, 0.96791667907848833]]
7991922	[1, [0.023130222769394915, 0.97686977723060509]]
6943882	[1, [0.017395531248094898, 0.9826044687519051]]
7973878	[1, [0.03722689935522383, 0.96277310064477617]]
7344803	[1, [0.033795963338551505, 0.9662040366614485]]
98402771	[1, [0.0025071909321509045, 0.9974928090678491]]
7340351	[1, [0.0087907430554173827, 0.99120925694458262]]
7293640	[1, [0.017269607885800897, 0.9827303921141991]]
7664164	[1, [0.029494270138697765, 0.97050572986130224]]
6942912	[1, [0.025589415704068919, 0.97441058429593108]]
85051155	[1, [0.034979681979775523, 0.96502031802022448]]
5636099	[1, [0.049196223110607118, 0.95080377688939288]]
92373712	[1, [0.024500202165856688, 0.97549979783414331]]
5566712	[1, [0.0026325626702391469, 0.99736743732976085]]
7785165	[1, [0.0096153738692558166, 0.99038462613074418]]
7785430	[1, [0.012192098488449932, 0.98780790151155007]]
9091804	[1, [0.020133155717492857, 0.97986684428250714]]
35536200	[1, [0.0071811614045333982, 0.9928188385954666]]
7785449	[1, [0.038023648725896475, 0.96197635127410352]]
5567161	[1, [0.041381546968324634, 0.95861845303167537]]
80048940	[1, [0.040970958661436518, 0.95902904133856348]]
7785340	[1, [0.04803799244260909, 0.95196200755739091]]
47476786	[1, [0.010995670867013141, 0.98900432913298686]]
7153911	[1, [0.043881184938046713, 0.95611881506195329]]
46529005	[1, [0.0033181450998336359, 0.99668185490016636]]
7209148	[1, [0.013243685536261096, 0.9867563144637389]]
92587250	[1, [0.0041475194112252645, 0.99585248058877474]]
7361387	[1, [0.0074632405567666149, 0.99253675944323339]]
7152278	[1, [0.017892226679213308, 0.98210777332078669]]
92630703	[1, [0.030638675437691609, 0.96936132456230839]]
7939852	[1, [0.032831424460812109, 0.96716857553918789]]
7206321	[1, [0.011492572860295369, 0.98850742713970463]]
7939460	[1, [0.0091373271917738474, 0.99086267280822615]]
7962509	[1, [0.0046128000763764332, 0.99538719992362357]]
54336443	[1, [0.0042951016248607976, 0.9957048983751392]]
7156761	[1, [0.032796023205752367, 0.96720397679424763]]
5528401	[1, [0.037710572214888161, 0.96228942778511184]]
7906542	[1, [0.044016609841167287, 0.95598339015883271]]
6192999	[1, [0.035069381067822647, 0.96493061893217735]]
68810030	[1, [0.019826054298287099, 0.9801739457017129]]
6192067	[1, [0.028808083098867843, 0.97119191690113216]]
6194482	[1, [0.011853902606271283, 0.98814609739372872]]
5150384	[1, [0.013029461826078892, 0.98697053817392111]]
80763101	[1, [0.00083194871890024391, 0.99916805128109976]]
6132651	[1, [0.011940472404176727, 0.98805952759582327]]
53981708	[1, [0.0036806785237822881, 0.99631932147621771]]
38824703	[1, [0.032840007677620853, 0.96715999232237915]]
51429596	[1, [0.017536101402275794, 0.98246389859772421]]
6132037	[1, [0.028093390087588599, 0.9719066099124114]]
20339676	[1, [0.0038733127997259142, 0.99612668720027409]]
7769248	[1, [0.011291481698093464, 0.98870851830190654]]
7935189	[1, [0.025443484326501009, 0.97455651567349899]]
7768711	[1, [0.010269813843997833, 0.98973018615600217]]
7168029	[1, [0.037663653845271261, 0.96233634615472874]]
7572064	[1, [0.04916646757135279, 0.95083353242864721]]
7970123	[1, [0.0095688037483528943, 0.99043119625164711]]
7572369	[1, [0.039838913711088719, 0.96016108628891128]]
49545832	[1, [0.0017510079139068102, 0.99824899208609319]]
78793339	[1, [0.021262684958519018, 0.97873731504148098]]
7167143	[1, [0.042827701818519692, 0.95717229818148031]]
63420308	[1, [0.030652636760756136, 0.96934736323924386]]
7573074	[1, [0.027240484590502212, 0.97275951540949779]]
7969763	[1, [0.030166135341444411, 0.96983386465855559]]
7778369	[1, [4.9740220776861577e-05, 0.99995025977922314]]
7171500	[1, [0.036121292143213357, 0.96387870785678664]]
49592565	[1, [0.020195996361863533, 0.97980400363813647]]
50425768	[1, [0.018309512262131844, 0.98169048773786816]]
7970044	[1, [0.010023062981335151, 0.98997693701866485]]
7970401	[1, [0.00552227564638752, 0.99447772435361248]]
7990205	[1, [0.016803015539516908, 0.98319698446048309]]
5395734	[1, [0.031983852229291565, 0.96801614777070843]]
84571586	[1, [0.022312579860147563, 0.97768742013985244]]
42775374	[1, [0.0078113543211864034, 0.9921886456788136]]
11440245	[1, [0.023085691439329703, 0.9769143085606703]]
6465486	[1, [0.023579390238329223, 0.97642060976167078]]
7967243	[1, [0.01118572634312498, 0.98881427365687502]]
21093849	[1, [0.049209660449139991, 0.95079033955086001]]
6168950	[1, [0.014596545160824537, 0.98540345483917546]]
53640779	[1, [0.0014785641302156316, 0.99852143586978437]]
6077058	[1, [0.014708415924425622, 0.98529158407557438]]
6464727	[1, [0.014537025276090909, 0.98546297472390909]]
6171281	[1, [0.041365994919716598, 0.9586340050802834]]
6431439	[1, [0.011053707699500204, 0.9889462923004998]]
53599305	[1, [0.01664986452956152, 0.98335013547043848]]
78744154	[1, [0.005515817664373257, 0.99448418233562674]]
6077558	[1, [0.009662923942039825, 0.99033707605796018]]
63107022	[1, [0.0038773392984010613, 0.99612266070159894]]
7967239	[1, [0.0036040486645223524, 0.99639595133547765]]
5482924	[1, [0.009032861946920101, 0.9909671380530799]]
7967265	[1, [0.021248416746978305, 0.9787515832530217]]
6171964	[1, [0.026169848569249088, 0.97383015143075091]]
49444832	[1, [0.013316576966169724, 0.98668342303383028]]
7881957	[1, [0.0063335381043800876, 0.99366646189561991]]
5131713	[1, [0.036430440647110429, 0.96356955935288957]]
9125068	[1, [0.0060388971854159479, 0.99396110281458405]]
6240801	[1, [0.01439102138952264, 0.98560897861047736]]
21958159	[1, [0.0042323008628150083, 0.99576769913718499]]
9124748	[1, [0.0061280867652805382, 0.99387191323471946]]
6472445	[1, [0.021303260313164096, 0.9786967396868359]]
81459041	[1, [0.023457036023786682, 0.97654296397621332]]
21994704	[1, [0.031531375344192814, 0.96846862465580719]]
47990689	[1, [0.011608817018900375, 0.98839118298109963]]
6240628	[1, [0.014023571892402553, 0.98597642810759745]]
86439896	[1, [0.015458441908280829, 0.98454155809171917]]
5730720	[1, [0.013156304077273751, 0.98684369592272625]]
83893038	[1, [0.031602157947265175, 0.96839784205273483]]
5731635	[1, [0.036860077833493321, 0.96313992216650668]]
5731390	[1, [0.019931185812217644, 0.98006881418778236]]
5542376	[1, [0.039467728580909078, 0.96053227141909092]]
5133517	[1, [0.027255355922567559, 0.97274464407743244]]
6239063	[1, [0.00013019576689254908, 0.99986980423310745]]
69616104	[1, [0.009660245989143057, 0.99033975401085694]]
5731238	[1, [0.026083352856183906, 0.97391664714381609]]
5122345	[1, [0.011494901726900042, 0.98850509827309996]]
58034645	[1, [0.001995736591476116, 0.99800426340852388]]
7220993	[1, [0.010718312483062653, 0.98928168751693735]]
5133436	[1, [0.047162715764953567, 0.95283728423504643]]
79452571	[1, [0.049592541308064675, 0.95040745869193533]]
6452886	[1, [0.015895510790423617, 0.98410448920957638]]
55548343	[1, [0.032551182786694777, 0.96744881721330522]]
7977060	[1, [0.0098313406812816639, 0.99016865931871834]]
6455877	[1, [0.021299802173473381, 0.97870019782652662]]
55567103	[1, [0.01258987490857788, 0.98741012509142212]]
5652509	[1, [0.035623629225338904, 0.9643763707746611]]
6457942	[1, [0.02911808157528839, 0.97088191842471161]]
6457188	[1, [0.0035903680108260172, 0.99640963198917398]]
7745389	[1, [0.013712380620640063, 0.98628761937935994]]
7175343	[1, [0.026604457393568537, 0.97339554260643146]]
7239482	[1, [0.035417419415111229, 0.96458258058488877]]
88156543	[1, [0.0088705616868179904, 0.99112943831318201]]
41301769	[1, [0.046420928533453365, 0.95357907146654663]]
7176871	[1, [0.026520449169707305, 0.97347955083029269]]
17829031	[1, [0.024123926128157724, 0.97587607387184228]]
7971005	[1, [0.029310753383628874, 0.97068924661637113]]
7988202	[1, [0.0033855592625382513, 0.99661444073746175]]
39747613	[1, [0.00094180595221193819, 0.99905819404778806]]
6434567	[1, [0.010491018365318516, 0.98950898163468148]]
7644360	[1, [0.046235924851608323, 0.95376407514839168]]
5252938	[1, [0.00022639098034016314, 0.99977360901965984]]
7116822	[1, [0.016568456787459107, 0.98343154321254089]]
7174455	[1, [0.03926156936897407, 0.96073843063102593]]
5575088	[1, [0.0086161504109892872, 0.99138384958901071]]
7599771	[1, [0.04032821098065531, 0.95967178901934469]]
7789695	[1, [0.033583625163305708, 0.96641637483669429]]
5571273	[1, [0.013276831122738142, 0.98672316887726186]]
10767285	[1, [0.021208517845945352, 0.97879148215405465]]
6033187	[1, [0.0052137007984411898, 0.99478629920155881]]
5333293	[1, [0.020794671349433913, 0.97920532865056609]]
22013729	[1, [0.03809960052754191, 0.96190039947245809]]
6161475	[1, [0.045386649957663283, 0.95461335004233672]]
7599088	[1, [0.021605547899046895, 0.9783944521009531]]
10206085	[1, [0.0061685081923382734, 0.99383149180766173]]
6163305	[1, [0.040972763004732071, 0.95902723699526793]]
6160657	[1, [0.018111587302038323, 0.98188841269796168]]
6159175	[1, [0.0094430897293882321, 0.99055691027061177]]
7788952	[1, [0.00056590372307852022, 0.99943409627692148]]
14490834	[1, [0.0042612960315016046, 0.9957387039684984]]
6038077	[1, [0.028920707219218356, 0.97107929278078164]]
28797249	[1, [0.01541029974547059, 0.98458970025452941]]
6797423	[1, [0.032725961415599025, 0.96727403858440097]]
6902571	[1, [0.030646367375086858, 0.96935363262491314]]
27999926	[1, [0.030990468457532061, 0.96900953154246794]]
6354951	[1, [0.0071597177198032824, 0.99284028228019672]]
6897980	[1, [0.0051877704231009236, 0.99481222957689908]]
14562996	[1, [0.0030698368983003155, 0.99693016310169968]]
5561979	[1, [0.01863694087152501, 0.98136305912847499]]
68591487	[1, [0.0022444885578077889, 0.99775551144219221]]
47835005	[1, [0.035973209048568267, 0.96402679095143173]]
5705828	[1, [0.0012708695839556139, 0.99872913041604439]]
6122307	[1, [6.2079388995273099e-05, 0.99993792061100473]]
94589890	[1, [0.048684312044973255, 0.95131568795502675]]
94638512	[1, [0.036493401103961487, 0.96350659889603851]]
42492527	[1, [0.0086315357739605858, 0.99136846422603941]]
7822940	[1, [0.010201947068404826, 0.98979805293159517]]
82011471	[1, [0.025517626662475257, 0.97448237333752474]]
7758975	[1, [0.025712570065818507, 0.97428742993418149]]
42909800	[1, [0.010233893217291734, 0.98976610678270827]]
7756786	[1, [0.047923972455723329, 0.95207602754427667]]
6124593	[1, [0.037635162328829908, 0.96236483767117009]]
5705826	[1, [2.3693273119462788e-05, 0.99997630672688054]]
92302953	[1, [0.0023558747842662431, 0.99764412521573376]]
5816366	[1, [0.0038051638205776062, 0.99619483617942239]]
67922846	[1, [0.020550736121315416, 0.97944926387868458]]
7759915	[1, [0.030659555075658318, 0.96934044492434168]]
6122215	[1, [0.020180780853293334, 0.97981921914670667]]
5956156	[1, [0.0049612365103700595, 0.99503876348962994]]
6370720	[1, [0.032155404296265178, 0.96784459570373482]]
59492611	[1, [0.0071811614045333982, 0.9928188385954666]]
6370020	[1, [0.021713675989275205, 0.97828632401072479]]
7640376	[1, [0.0047527127296063121, 0.99524728727039369]]
5954963	[1, [0.030468888415428275, 0.96953111158457173]]
7860565	[1, [0.0044332470038433991, 0.9955667529961566]]
5830506	[1, [0.0057223050800681019, 0.9942776949199319]]
53520096	[1, [0.029591314850598072, 0.97040868514940193]]
64492213	[1, [0.043928355357040316, 0.95607164464295968]]
29460288	[1, [0.0043599059411547625, 0.99564009405884524]]
25826383	[1, [0.007109615240040501, 0.9928903847599595]]
5186047	[1, [0.036557075329594291, 0.96344292467040571]]
7642351	[1, [0.019680855963626898, 0.9803191440363731]]
15045139	[1, [0.047606256259191571, 0.95239374374080843]]
5954164	[1, [0.04737054370583671, 0.95262945629416329]]
6767666	[1, [0.048643253319895163, 0.95135674668010484]]
5832601	[1, [0.00045838977621603938, 0.99954161022378396]]
75297300	[1, [0.0037040242067457596, 0.99629597579325424]]
6367503	[1, [0.0031222600955080893, 0.99687773990449191]]
6369739	[1, [0.042107163323741092, 0.95789283667625891]]
6370940	[1, [0.021713675989275205, 0.97828632401072479]]
7908652	[1, [0.00077350892908500946, 0.99922649107091499]]
5952762	[1, [0.022633130883749852, 0.97736686911625015]]
84293019	[1, [0.020416952344569195, 0.97958304765543081]]
49326340	[1, [0.045015150912129376, 0.95498484908787062]]
6370008	[1, [0.033907665050310509, 0.96609233494968949]]
84292905	[1, [0.032731577057930838, 0.96726842294206916]]
5185935	[1, [0.027862186121330401, 0.9721378138786696]]
77367971	[1, [0.023372935262625738, 0.97662706473737426]]
5956712	[1, [0.022466725866834514, 0.97753327413316549]]
95953439	[1, [0.0052846218125965905, 0.99471537818740341]]
7607253	[1, [0.019931185812217644, 0.98006881418778236]]
6026502	[1, [0.032322823611690255, 0.96767717638830975]]
53248370	[1, [0.0063883437172687074, 0.99361165628273129]]
75500991	[1, [0.02924076354332894, 0.97075923645667106]]
9330222	[1, [0.016341665453152077, 0.98365833454684792]]
75480107	[1, [0.022892668825860718, 0.97710733117413928]]
6001821	[1, [0.038812639255122239, 0.96118736074487776]]
30724611	[1, [0.012675217310612275, 0.98732478268938773]]
6029940	[1, [0.034576894988139872, 0.96542310501186013]]
6856703	[1, [0.015462048506601822, 0.98453795149339818]]
20523353	[1, [0.0019583626970625101, 0.99804163730293749]]
5630063	[1, [0.01200986744696908, 0.98799013255303092]]
7583697	[1, [0.0070206735904960738, 0.99297932640950393]]
5858510	[1, [0.016330547364010406, 0.98366945263598959]]
48126221	[1, [0.003381716489456732, 0.99661828351054327]]
45172872	[1, [0.025232808935084727, 0.97476719106491527]]
7583905	[1, [0.01074561566514598, 0.98925438433485402]]
7776575	[1, [0.020654453464605926, 0.97934554653539407]]
92773703	[1, [0.014063415191940654, 0.98593658480805935]]
17488866	[1, [0.0016141927946996537, 0.99838580720530035]]
6102025	[1, [0.011270909810751406, 0.98872909018924859]]
6941325	[1, [0.032073273909932642, 0.96792672609006736]]
6759219	[1, [0.028787659157801238, 0.97121234084219876]]
13208736	[1, [0.038396370646732625, 0.96160362935326738]]
66275447	[1, [0.029828873945102918, 0.97017112605489708]]
5823217	[1, [0.00045640351023412684, 0.99954359648976587]]
5823827	[1, [0.0048536760589699135, 0.99514632394103009]]
5818638	[1, [0.00020116656105950703, 0.99979883343894049]]
5963926	[1, [0.03145889629896248, 0.96854110370103752]]
6758498	[1, [0.023678802950544697, 0.9763211970494553]]
73736933	[1, [0.018293306676868237, 0.98170669332313176]]
6366436	[1, [0.03561057981050697, 0.96438942018949303]]
7707808	[1, [0.0077002295425588896, 0.99229977045744111]]
45738209	[1, [0.03706818658626343, 0.96293181341373657]]
5819246	[1, [0.0016761120707318167, 0.99832388792926818]]
27663743	[1, [0.0046074150418737858, 0.99539258495812621]]
90720701	[1, [0.039458173720630429, 0.96054182627936957]]
6756920	[1, [0.016930340724883974, 0.98306965927511603]]
9251367	[1, [0.045399383390469339, 0.95460061660953066]]
7356568	[1, [0.01103256530533625, 0.98896743469466375]]
7961955	[1, [0.024226835115671919, 0.97577316488432808]]
36565487	[1, [0.004805468491948961, 0.99519453150805104]]
7984155	[1, [0.04184518909624857, 0.95815481090375143]]
6492650	[1, [0.003336000084344648, 0.99666399991565535]]
7750099	[1, [0.030078730338287341, 0.96992126966171266]]
7230421	[1, [0.023949194205570734, 0.97605080579442927]]
94198335	[1, [0.045897892493087733, 0.95410210750691227]]
6931189	[1, [0.0023858823394494744, 0.99761411766055053]]
6490006	[1, [0.0018663198597328456, 0.99813368014026715]]
94202750	[1, [0.021609825733512555, 0.97839017426648744]]
7961651	[1, [0.024341157329067942, 0.97565884267093206]]
6488548	[1, [0.045231559317244319, 0.95476844068275568]]
5663970	[1, [0.041926346235019674, 0.95807365376498033]]
5737020	[1, [0.0045335389560489103, 0.99546646104395109]]
5244151	[1, [0.014277917308427424, 0.98572208269157258]]
5243962	[1, [0.00053834836311328349, 0.99946165163688672]]
28989408	[1, [0.013952837857885925, 0.98604716214211408]]
5552431	[1, [0.0011187393240680299, 0.99888126067593197]]
29976482	[1, [0.042901339559600071, 0.95709866044039993]]
5109719	[1, [0.0043842111251896076, 0.99561578887481039]]
9009414	[1, [0.011811499100648937, 0.98818850089935106]]
29000949	[1, [0.02007581020052851, 0.97992418979947149]]
93857957	[1, [0.0077585454508192209, 0.99224145454918078]]
97644839	[1, [0.033763397772611392, 0.96623660222738861]]
5737117	[1, [0.0019662654776635424, 0.99803373452233646]]
5243887	[1, [0.04238322580280518, 0.95761677419719482]]
5648869	[1, [0.0061408241412447273, 0.99385917585875527]]
7890313	[1, [0.0046127815457813748, 0.99538721845421863]]
5108686	[1, [0.031970828139951113, 0.96802917186004889]]
7893021	[1, [0.025445049898472849, 0.97455495010152715]]
93862755	[1, [0.0090410752394555205, 0.99095892476054448]]
5734014	[1, [0.00047356736963188872, 0.99952643263036811]]
88529474	[1, [0.0020800239623759431, 0.99791997603762406]]
5243886	[1, [0.036210444390555985, 0.96378955560944402]]
69310019	[1, [0.027761379874223002, 0.972238620125777]]
5734547	[1, [0.01378750196965739, 0.98621249803034261]]
55054802	[1, [0.03229972831095107, 0.96770027168904893]]
7807885	[1, [0.048166679870985218, 0.95183332012901478]]
7806313	[1, [0.0060091717336758776, 0.99399082826632412]]
76969610	[1, [0.028842648353489264, 0.97115735164651074]]
7347006	[1, [0.00079043967081537936, 0.99920956032918462]]
5265554	[1, [0.0075629257038283271, 0.99243707429617167]]
66481163	[1, [0.026670182724540248, 0.97332981727545975]]
5699727	[1, [0.0050428157058415302, 0.99495718429415847]]
34077156	[1, [0.0017797661389351571, 0.99822023386106484]]
6451965	[1, [0.045748942039967266, 0.95425105796003273]]
31081068	[1, [0.036804818660428729, 0.96319518133957127]]
5884622	[1, [0.014531334321495337, 0.98546866567850466]]
6386998	[1, [0.036957601153766451, 0.96304239884623355]]
6449223	[1, [0.043790951064468842, 0.95620904893553116]]
6450389	[1, [0.031039090091861121, 0.96896090990813888]]
99473683	[1, [0.036553134067112136, 0.96344686593288786]]
7952794	[1, [0.026426176258441347, 0.97357382374155865]]
6735659	[1, [0.037535905178317619, 0.96246409482168238]]
58094735	[1, [0.036916764040995753, 0.96308323595900425]]
6449118	[1, [0.0037248465145774956, 0.9962751534854225]]
61516568	[1, [0.016333932910499227, 0.98366606708950077]]
6388640	[1, [0.023505989864539112, 0.97649401013546089]]
6452493	[1, [0.025677737865323902, 0.9743222621346761]]
62896517	[1, [0.0062099134968208736, 0.99379008650317913]]
6595273	[1, [0.013435388856578023, 0.98656461114342198]]
39885922	[1, [0.0078615943295878843, 0.99213840567041212]]
7127822	[1, [0.0074454955421202618, 0.99255450445787974]]
6448409	[1, [0.027983140476192991, 0.97201685952380701]]
65532681	[1, [0.034914072816049746, 0.96508592718395025]]
6393901	[1, [0.041397049371044048, 0.95860295062895595]]
7838527	[1, [0.01074561566514598, 0.98925438433485402]]
7972167	[1, [0.00552227564638752, 0.99447772435361248]]
66829385	[1, [0.042988933972338494, 0.95701106602766151]]
7972711	[1, [0.0087420776860533955, 0.9912579223139466]]
7957609	[1, [0.00052222220502584626, 0.99947777779497415]]
7783944	[1, [0.025573197849977802, 0.9744268021500222]]
7577712	[1, [0.012192098488449932, 0.98780790151155007]]
7972374	[1, [0.032078551530804078, 0.96792144846919592]]
6478011	[1, [0.015117627719951843, 0.98488237228004816]]
6482167	[1, [0.0075629257038283271, 0.99243707429617167]]
7957552	[1, [0.042239967912765075, 0.95776003208723492]]
24155235	[1, [0.035955319472840253, 0.96404468052715975]]
69858126	[1, [0.0066702599896334425, 0.99332974001036656]]
6481056	[1, [0.011602571488024238, 0.98839742851197576]]
6477009	[1, [0.028979471829392089, 0.97102052817060791]]
39523567	[1, [0.011861758764987185, 0.98813824123501282]]
39587478	[1, [0.043964921813194335, 0.95603507818680566]]
6484027	[1, [0.014574778178818915, 0.98542522182118109]]
5452397	[1, [0.0030836080539247135, 0.99691639194607529]]
65591477	[1, [0.03431242259021805, 0.96568757740978195]]
17193766	[1, [0.049396150273166461, 0.95060384972683354]]
6481307	[1, [0.026619573141581032, 0.97338042685841897]]
6168693	[1, [0.017960833932724518, 0.98203916606727548]]
33706218	[1, [0.01645739775801236, 0.98354260224198764]]
41022967	[1, [0.0026616496317241056, 0.99733835036827589]]
7189026	[1, [0.023796946699502608, 0.97620305330049739]]
7574686	[1, [0.02165309077134514, 0.97834690922865486]]
6164475	[1, [0.00748029473740075, 0.99251970526259925]]
6166751	[1, [0.023155460254812854, 0.97684453974518715]]
6716994	[1, [0.02008589374290759, 0.97991410625709241]]
75962972	[1, [0.029723956653577632, 0.97027604334642237]]
5656453	[1, [0.0015080743707869271, 0.99849192562921307]]
7983303	[1, [0.010695886967798107, 0.98930411303220189]]
6166222	[1, [0.019978321239920827, 0.98002167876007917]]
75639564	[1, [0.023535321490526395, 0.9764646785094736]]
7188505	[1, [0.018559530015952563, 0.98144046998404744]]
7982590	[1, [0.021559650143931686, 0.97844034985606831]]
5844942	[1, [0.027689058810549949, 0.97231094118945005]]
6167011	[1, [0.01527662458304524, 0.98472337541695476]]
33044024	[1, [0.0053433062959722388, 0.99465669370402776]]
5214344	[1, [0.04168479744774467, 0.95831520255225533]]
7117365	[1, [0.01559325949365109, 0.98440674050634891]]
6138512	[1, [0.0049948195789631944, 0.99500518042103681]]
7118082	[1, [0.039944764162611612, 0.96005523583738839]]
5214426	[1, [0.049260965479186014, 0.95073903452081399]]
73826618	[1, [0.012045022604406541, 0.98795497739559346]]
6134494	[1, [0.016290158644824637, 0.98370984135517536]]
7877331	[1, [0.029527849596442612, 0.97047215040355739]]
5214438	[1, [0.021933763409012208, 0.97806623659098779]]
5214436	[1, [0.012041244557767894, 0.98795875544223211]]
5214347	[1, [0.03659971129704076, 0.96340028870295924]]
5214458	[1, [0.025686101470526634, 0.97431389852947337]]
5214439	[1, [0.026036855761505384, 0.97396314423849462]]
51572845	[1, [0.014026465454363479, 0.98597353454563652]]
6264124	[1, [0.0057951783925223044, 0.9942048216074777]]
6380266	[1, [0.0013580725195885268, 0.99864192748041147]]
83670733	[1, [0.035400586644351972, 0.96459941335564803]]
5459697	[1, [0.00135443437867655, 0.99864556562132345]]
24919104	[1, [0.038954182636684487, 0.96104581736331551]]
6330325	[1, [0.035894522434407938, 0.96410547756559206]]
6424855	[1, [0.00013729508501680865, 0.99986270491498319]]
83941918	[1, [0.014957616946647989, 0.98504238305335201]]
40968414	[1, [0.0065978598528071419, 0.99340214014719286]]
7007171	[1, [0.040525154486341197, 0.9594748455136588]]
7314872	[1, [0.029524234938959615, 0.97047576506104039]]
7136695	[1, [0.032762240148333621, 0.96723775985166638]]
34626079	[1, [0.0036649725477527761, 0.99633502745224722]]
6117280	[1, [0.00024653467143409546, 0.9997534653285659]]
7141034	[1, [0.045965711013502553, 0.95403428898649745]]
9094192	[1, [0.019991274536801718, 0.98000872546319828]]
7111689	[1, [0.022013223829399631, 0.97798677617060037]]
6868858	[1, [0.002864865145429496, 0.9971351348545705]]
7137899	[1, [0.044130953760779135, 0.95586904623922087]]
6115769	[1, [0.0014184626736040151, 0.99858153732639598]]
23266798	[1, [0.031804216245453598, 0.9681957837545464]]
28455339	[1, [0.0051288203145732902, 0.99487117968542671]]
6870747	[1, [0.030090754183540236, 0.96990924581645976]]
6337367	[1, [0.021173116400631686, 0.97882688359936831]]
5854383	[1, [0.025029488362644181, 0.97497051163735582]]
13967137	[1, [0.040805492106629204, 0.9591945078933708]]
5216760	[1, [0.0023603473446177636, 0.99763965265538224]]
5857575	[1, [0.018229282146338011, 0.98177071785366199]]
62146660	[1, [0.0074821928216619593, 0.99251780717833804]]
5216728	[1, [0.005843994198041047, 0.99415600580195895]]
30056897	[1, [0.00094658276635906091, 0.99905341723364094]]
50574395	[1, [0.0094382410528937033, 0.9905617589471063]]
5215371	[1, [0.0043226654293867517, 0.99567733457061325]]
32942385	[1, [0.00030006376044222627, 0.99969993623955777]]
5216688	[1, [0.0032079570286667192, 0.99679204297133328]]
93146893	[1, [0.031641404035511744, 0.96835859596448826]]
51114021	[1, [0.022683773931940099, 0.9773162260680599]]
5216693	[1, [0.019006351149859491, 0.98099364885014051]]
90528804	[1, [0.0071200989133870518, 0.99287990108661295]]
35985135	[1, [0.0054617540692661892, 0.99453824593073381]]
97364563	[1, [0.0047322921992996037, 0.9952677078007004]]
7936538	[1, [0.042239967912765075, 0.95776003208723492]]
28446427	[1, [0.024422718514687025, 0.97557728148531297]]
7936688	[1, [0.021427010516151035, 0.97857298948384897]]
7249798	[1, [0.024931902122901639, 0.97506809787709836]]
7976593	[1, [0.0038685706590586566, 0.99613142934094134]]
6402390	[1, [0.034401815341859154, 0.96559818465814085]]
13671155	[1, [0.040400025569826581, 0.95959997443017342]]
6400921	[1, [0.036743672271994599, 0.9632563277280054]]
6626941	[1, [0.0041122484319826569, 0.99588775156801734]]
6627148	[1, [0.0054431477162948383, 0.99455685228370516]]
7929482	[1, [0.037491424910756299, 0.9625085750892437]]
7133975	[1, [0.048863323471244446, 0.95113667652875555]]
98924826	[1, [0.00686213404572944, 0.99313786595427056]]
20112886	[1, [0.010682832391386232, 0.98931716760861377]]
41742429	[1, [0.0028153115029823095, 0.99718468849701769]]
5556164	[1, [0.020856247161586072, 0.97914375283841393]]
99811472	[1, [0.026706394878332373, 0.97329360512166763]]
11647117	[1, [0.019715959366295444, 0.98028404063370456]]
6440286	[1, [0.014574778178818915, 0.98542522182118109]]
7069435	[1, [0.0058611592232321597, 0.99413884077676784]]
6587805	[1, [0.041623631199157463, 0.95837636880084254]]
6705726	[1, [0.043392132483482615, 0.95660786751651739]]
6439932	[1, [0.02119650365148118, 0.97880349634851882]]
60208884	[1, [0.0047049296736582091, 0.99529507032634179]]
5665026	[1, [0.018322784347982846, 0.98167721565201715]]
6416804	[1, [0.031039090091861121, 0.96896090990813888]]
6207350	[1, [0.021329057375298888, 0.97867094262470111]]
6416113	[1, [0.042326423668326618, 0.95767357633167338]]
7845814	[1, [0.014341453936876691, 0.98565854606312331]]
7846494	[1, [0.042092353911092339, 0.95790764608890766]]
95054200	[1, [0.042377568960926038, 0.95762243103907396]]
6409365	[1, [0.033994936449263657, 0.96600506355073634]]
5950114	[1, [0.046939079977839304, 0.9530609200221607]]
6204778	[1, [0.022210490881413469, 0.97778950911858653]]
50252858	[1, [0.0023389190601607046, 0.9976610809398393]]
44068476	[1, [0.015200935102184454, 0.98479906489781555]]
94914733	[1, [0.014710632133466572, 0.98528936786653343]]
6412163	[1, [0.00015284678074056757, 0.99984715321925943]]
6403839	[1, [0.00025220609347698097, 0.99974779390652302]]
60220120	[1, [0.0053075782181365438, 0.99469242178186346]]
7846292	[1, [0.022943470316968639, 0.97705652968303136]]
6409091	[1, [0.0045850961548952185, 0.99541490384510478]]
7845510	[1, [0.013802947146934308, 0.98619705285306569]]
5666583	[1, [0.021740156984135561, 0.97825984301586444]]
6407585	[1, [0.0093752568385639945, 0.99062474316143601]]
95055616	[1, [0.010426701174423236, 0.98957329882557676]]
6405166	[1, [0.0077039892143322408, 0.99229601078566776]]
6414794	[1, [0.00014420454540475802, 0.99985579545459524]]
95696623	[1, [0.025900205609894034, 0.97409979439010597]]
6204141	[1, [0.013056195315410468, 0.98694380468458953]]
44045211	[1, [0.026348261891107283, 0.97365173810889272]]
5666566	[1, [0.019091975790452298, 0.9809080242095477]]
51227216	[1, [0.014963225436004479, 0.98503677456399552]]
5667339	[1, [0.040821943602822319, 0.95917805639717768]]
