7580876	[1, [0.00038932184723827756, 0.99961067815276172]]
7579671	[1, [0.015320515906857346, 0.98467948409314265]]
9346079	[1, [0.038886854683033989, 0.96111314531696601]]
7950346	[1, [0.00042806230768399622, 0.999571937692316]]
9113126	[1, [0.04788256425074755, 0.95211743574925245]]
79874182	[1, [0.045527443030212611, 0.95447255696978739]]
30600516	[1, [0.041664770827393838, 0.95833522917260616]]
62544064	[1, [0.035053754063999021, 0.96494624593600098]]
83902218	[1, [0.032135513707236329, 0.96786448629276367]]
68255452	[1, [0.0065773673385167708, 0.99342263266148323]]
47937354	[1, [0.023136178677432229, 0.97686382132256777]]
7614014	[1, [0.0085558227180929647, 0.99144417728190704]]
5101023	[1, [0.012959199036076896, 0.9870408009639231]]
45720671	[1, [0.019678857677147943, 0.98032114232285206]]
7612013	[1, [0.0055374344204153214, 0.99446256557958468]]
5101032	[1, [0.01212982731412815, 0.98787017268587185]]
5100053	[1, [0.0037140800567870835, 0.99628591994321292]]
7684456	[1, [0.0084946681704245464, 0.99150533182957545]]
9121251	[1, [0.04609817859830756, 0.95390182140169244]]
7965755	[1, [0.0041190583252925794, 0.99588094167470742]]
7591718	[1, [0.0045217127985585082, 0.99547828720144149]]
7683937	[1, [0.017392850922370973, 0.98260714907762903]]
5101025	[1, [0.0067748208418344502, 0.99322517915816555]]
5101030	[1, [0.004673681513060024, 0.99532631848693998]]
9074221	[1, [0.029827625695815319, 0.97017237430418468]]
9073705	[1, [0.012852366797393877, 0.98714763320260612]]
35390560	[1, [0.027427548278742053, 0.97257245172125795]]
9074164	[1, [0.011601006782859913, 0.98839899321714009]]
9073842	[1, [0.017844978537778, 0.982155021462222]]
9273625	[1, [0.03419015661306346, 0.96580984338693654]]
40373961	[1, [0.027928934665558569, 0.97207106533444143]]
79240839	[1, [0.033145508336775986, 0.96685449166322401]]
9074458	[1, [0.040466106695273951, 0.95953389330472605]]
92498795	[1, [0.046166497406164853, 0.95383350259383515]]
9083886	[1, [0.04307952698704054, 0.95692047301295946]]
9083858	[1, [0.04647152881158978, 0.95352847118841022]]
9084108	[1, [0.018921204583603135, 0.98107879541639686]]
9084047	[1, [0.04192037542724858, 0.95807962457275142]]
9084444	[1, [0.046521994027085567, 0.95347800597291443]]
9083962	[1, [0.030422314323445554, 0.96957768567655445]]
9084495	[1, [0.038970428640880739, 0.96102957135911926]]
9242577	[1, [0.041656254113633606, 0.95834374588636639]]
7573910	[1, [0.0026738881287816652, 0.99732611187121833]]
9084617	[1, [0.00069777029029072235, 0.99930222970970928]]
9084735	[1, [0.02758702196037921, 0.97241297803962079]]
9084639	[1, [0.042201977698422488, 0.95779802230157751]]
9241700	[1, [0.0096924834723239872, 0.99030751652767601]]
9084642	[1, [0.024644638177487188, 0.97535536182251281]]
9242077	[1, [0.025265437322438578, 0.97473456267756142]]
9084218	[1, [0.015792910263402904, 0.9842070897365971]]
9084542	[1, [0.014187896040858017, 0.98581210395914198]]
9084182	[1, [0.031464921347587271, 0.96853507865241273]]
9084181	[1, [0.041042360211099971, 0.95895763978890003]]
7728562	[1, [0.038277930975591401, 0.9617220690244086]]
78807946	[1, [0.030334043253417708, 0.96966595674658229]]
7573442	[1, [0.0070146974208668, 0.9929853025791332]]
55738236	[1, [0.046777708079164149, 0.95322229192083585]]
9266885	[1, [0.017332935849388109, 0.98266706415061189]]
7199727	[1, [0.022546966585999417, 0.97745303341400058]]
70814790	[1, [0.0020974254085048827, 0.99790257459149512]]
93956359	[1, [0.00069580346375874846, 0.99930419653624125]]
70671918	[1, [0.047890581866676163, 0.95210941813332384]]
7039016	[1, [0.00038281910681881026, 0.99961718089318119]]
7453632	[1, [0.0029752751950682388, 0.99702472480493176]]
37494350	[1, [0.0078995695121343301, 0.99210043048786567]]
46619908	[1, [0.015573206156603514, 0.98442679384339649]]
87391149	[1, [0.041951798847546518, 0.95804820115245348]]
49955999	[1, [0.02745950021893695, 0.97254049978106305]]
9206076	[1, [0.046940872966275915, 0.95305912703372409]]
51358538	[1, [0.032518046691673241, 0.96748195330832676]]
9230552	[1, [0.021150956825213951, 0.97884904317478605]]
21309591	[1, [0.040232759217439518, 0.95976724078256048]]
7686689	[1, [0.00015795784877215002, 0.99984204215122785]]
5239083	[1, [0.0037836264045890688, 0.99621637359541093]]
7678549	[1, [0.00048674805549075995, 0.99951325194450924]]
7686761	[1, [0.00050476035303992361, 0.99949523964696008]]
7688827	[1, [0.0048053097631547415, 0.99519469023684526]]
7687460	[1, [0.00050117810260319473, 0.99949882189739681]]
7686952	[1, [0.00050844579999631545, 0.99949155420000368]]
17141394	[1, [0.01353139935339287, 0.98646860064660713]]
9204417	[1, [0.04943792888585663, 0.95056207111414337]]
9204202	[1, [0.021078539856035916, 0.97892146014396408]]
9128717	[1, [0.017143378788379571, 0.98285662121162043]]
9129056	[1, [0.048041148121726662, 0.95195885187827334]]
46316060	[1, [0.0073851248888295862, 0.99261487511117041]]
7997536	[1, [0.04627166320012932, 0.95372833679987068]]
12444960	[1, [0.023268540291842332, 0.97673145970815767]]
85720354	[1, [0.021664657804455256, 0.97833534219554474]]
9283556	[1, [0.03731559743130497, 0.96268440256869503]]
9016651	[1, [0.028512023734511116, 0.97148797626548888]]
7959919	[1, [0.0040327652953273674, 0.99596723470467263]]
34999681	[1, [0.029052370502726355, 0.97094762949727365]]
66794826	[1, [0.046751847358030618, 0.95324815264196938]]
9080333	[1, [0.026103056048643047, 0.97389694395135695]]
61940463	[1, [0.035351996857122203, 0.9646480031428778]]
65344840	[1, [0.03776482737942255, 0.96223517262057745]]
9274365	[1, [0.04688272018372841, 0.95311727981627159]]
9274417	[1, [0.047591743539975973, 0.95240825646002403]]
43130644	[1, [0.0061247950242255822, 0.99387520497577442]]
28439031	[1, [0.0080681659886797652, 0.99193183401132023]]
7936638	[1, [0.0078782178940478564, 0.99212178210595214]]
9239731	[1, [0.00027656935442144093, 0.99972343064557856]]
61873468	[1, [0.0032642944484971848, 0.99673570555150282]]
9240167	[1, [0.039689778073507265, 0.96031022192649274]]
9274093	[1, [0.016248478687399315, 0.98375152131260069]]
6786628	[1, [0.022317134597198529, 0.97768286540280147]]
9218457	[1, [0.042268937609942325, 0.95773106239005767]]
7936252	[1, [0.011424778946025671, 0.98857522105397433]]
83459675	[1, [0.012806782470365818, 0.98719321752963418]]
9228757	[1, [0.0286618835533613, 0.9713381164466387]]
92458319	[1, [0.023310458404301015, 0.97668954159569898]]
9081310	[1, [0.030704177343445216, 0.96929582265655478]]
9229838	[1, [0.045970147850937559, 0.95402985214906244]]
7942627	[1, [0.022001410466370164, 0.97799858953362984]]
9229325	[1, [0.0099996971984319671, 0.99000030280156803]]
9081103	[1, [0.04192037542724858, 0.95807962457275142]]
9081292	[1, [0.0013596905177857277, 0.99864030948221427]]
89568250	[1, [0.021067106553696813, 0.97893289344630319]]
42785057	[1, [0.029511934608014045, 0.97048806539198595]]
9066450	[1, [0.026573108301544801, 0.9734268916984552]]
9201685	[1, [0.018460683936123101, 0.9815393160638769]]
9193138	[1, [0.028188782161037818, 0.97181121783896218]]
9059278	[1, [0.016969709182726889, 0.98303029081727311]]
9059075	[1, [0.034365830440996614, 0.96563416955900339]]
92576409	[1, [0.042759212247152734, 0.95724078775284727]]
26569759	[1, [0.0090281151088790201, 0.99097188489112098]]
84489250	[1, [0.038885721073301016, 0.96111427892669898]]
38874710	[1, [0.023219306665982264, 0.97678069333401774]]
7209395	[1, [0.045459393333014519, 0.95454060666698548]]
7156073	[1, [0.046748272454419038, 0.95325172754558096]]
9058919	[1, [0.035457407105811467, 0.96454259289418853]]
7160889	[1, [0.037496625829359753, 0.96250337417064025]]
20627337	[1, [0.018560072996673505, 0.9814399270033265]]
6083698	[1, [0.030986003062579481, 0.96901399693742052]]
5808163	[1, [0.011870113787563863, 0.98812988621243614]]
5806283	[1, [0.020206184398503746, 0.97979381560149625]]
7407023	[1, [0.038350503945817516, 0.96164949605418248]]
7411028	[1, [0.029668340463703591, 0.97033165953629641]]
7159875	[1, [0.018298024032255222, 0.98170197596774478]]
7584424	[1, [0.0048400830116638316, 0.99515991698833617]]
80306140	[1, [0.0030411293826064778, 0.99695887061739352]]
7583557	[1, [0.032083064073979428, 0.96791693592602057]]
7583466	[1, [0.0015831068507000667, 0.99841689314929993]]
5861725	[1, [0.026347343586609395, 0.9736526564133906]]
9000050	[1, [0.022121639929469583, 0.97787836007053042]]
7584157	[1, [0.020836609184346044, 0.97916339081565396]]
45136714	[1, [0.0018853345190933402, 0.99811466548090666]]
5786832	[1, [0.022904527843867095, 0.9770954721561329]]
6960060	[1, [0.029446327412638973, 0.97055367258736103]]
89503589	[1, [0.0013836729203080544, 0.99861632707969195]]
7570730	[1, [0.0073221300114444388, 0.99267786998855556]]
19579492	[1, [0.016027087608795232, 0.98397291239120477]]
79414187	[1, [0.04587380586661538, 0.95412619413338462]]
7802007	[1, [0.049370535223499434, 0.95062946477650057]]
9224649	[1, [0.029529354534068908, 0.97047064546593109]]
9225712	[1, [0.012472335905692633, 0.98752766409430737]]
9219664	[1, [0.012775513483021417, 0.98722448651697858]]
5111961	[1, [0.021797130180002067, 0.97820286981999793]]
46261821	[1, [0.030980073371940087, 0.96901992662805991]]
22791546	[1, [0.0022488561430094034, 0.9977511438569906]]
5575207	[1, [0.014528727882928028, 0.98547127211707197]]
5340548	[1, [0.029783619250377535, 0.97021638074962246]]
6091642	[1, [0.020798289414660109, 0.97920171058533989]]
39763727	[1, [0.049257077071045985, 0.95074292292895402]]
9234257	[1, [0.027206205992674981, 0.97279379400732502]]
9235076	[1, [0.031690823589038519, 0.96830917641096148]]
27418181	[1, [0.020763773135890506, 0.97923622686410949]]
7379511	[1, [0.015000278032015979, 0.98499972196798402]]
7126038	[1, [0.017182674722654112, 0.98281732527734589]]
35601592	[1, [0.012439951915093395, 0.98756004808490661]]
58083016	[1, [0.041876613789309181, 0.95812338621069082]]
5985284	[1, [0.039858669501721677, 0.96014133049827832]]
99480322	[1, [0.015059914659648843, 0.98494008534035116]]
9083420	[1, [0.017056562217417359, 0.98294343778258264]]
9083555	[1, [0.03187685294487197, 0.96812314705512803]]
7804892	[1, [0.022713764591316798, 0.9772862354086832]]
84847814	[1, [0.0068483163046426654, 0.99315168369535733]]
9083302	[1, [0.029421176102377267, 0.97057882389762273]]
9083228	[1, [0.033615886486034863, 0.96638411351396514]]
9083803	[1, [0.037526051554909512, 0.96247394844509049]]
9083187	[1, [0.041136476497341312, 0.95886352350265869]]
9083540	[1, [0.029592021170659288, 0.97040797882934071]]
5217748	[1, [0.040093936408481912, 0.95990606359151809]]
9083613	[1, [0.016522296040134887, 0.98347770395986511]]
9083164	[1, [0.032485921653051197, 0.9675140783469488]]
9083077	[1, [0.045772865704003629, 0.95422713429599637]]
9033402	[1, [0.00032763220040232799, 0.99967236779959767]]
86931060	[1, [0.028686226034203233, 0.97131377396579677]]
86974382	[1, [0.043681892355086793, 0.95631810764491321]]
6406818	[1, [0.044442676736349496, 0.9555573232636505]]
9076694	[1, [0.024263819511486928, 0.97573618048851307]]
9247527	[1, [0.041822684062126858, 0.95817731593787314]]
9247841	[1, [0.027203109427850647, 0.97279689057214935]]
9077293	[1, [0.014823499092115555, 0.98517650090788444]]
42167142	[1, [0.023852614805594419, 0.97614738519440558]]
89410580	[1, [0.004182723854313064, 0.99581727614568694]]
9247031	[1, [0.025967858537202515, 0.97403214146279748]]
6500149	[1, [0.017788459209838292, 0.98221154079016171]]
9233063	[1, [0.03926791151325304, 0.96073208848674696]]
9259863	[1, [0.022237142181447234, 0.97776285781855277]]
7605450	[1, [0.00012659159045547153, 0.99987340840954453]]
9261093	[1, [0.028190450507575293, 0.97180954949242471]]
50907586	[1, [0.038154847765806577, 0.96184515223419342]]
9263130	[1, [0.044694960938980399, 0.9553050390610196]]
7606335	[1, [0.0028883689875627283, 0.99711163101243727]]
9233016	[1, [0.033872045165352693, 0.96612795483464731]]
62463720	[1, [0.044428430427191135, 0.95557156957280887]]
9263807	[1, [0.0069952345890880174, 0.99300476541091198]]
9215414	[1, [0.024510763087984944, 0.97548923691201506]]
9232550	[1, [0.01988437995790826, 0.98011562004209174]]
7714414	[1, [0.0015002204229871419, 0.99849977957701286]]
15090115	[1, [0.025829721486919199, 0.9741702785130808]]
6821258	[1, [0.011542906518887341, 0.98845709348111266]]
7468011	[1, [0.045459393333014519, 0.95454060666698548]]
97980086	[1, [0.0045847765203015367, 0.99541522347969846]]
7988112	[1, [0.02703131899239497, 0.97296868100760503]]
9072154	[1, [0.032867654023176374, 0.96713234597682363]]
7709645	[1, [0.001222441503490046, 0.99877755849650995]]
7711503	[1, [0.010415515255617569, 0.98958448474438243]]
81520393	[1, [0.0041073221264847914, 0.99589267787351521]]
7495641	[1, [0.027397126857583332, 0.97260287314241667]]
81541855	[1, [0.027165882067651581, 0.97283411793234842]]
49457328	[1, [0.016181519261543986, 0.98381848073845601]]
42759149	[1, [0.049701287256433746, 0.95029871274356625]]
61012603	[1, [0.0081748273782236147, 0.99182517262177639]]
9261978	[1, [0.037349945820893349, 0.96265005417910665]]
9261577	[1, [0.039142222231946411, 0.96085777776805359]]
6172860	[1, [0.018175433397425667, 0.98182456660257433]]
9262831	[1, [0.016556989169121072, 0.98344301083087893]]
23996640	[1, [0.010576047691624346, 0.98942395230837565]]
66045771	[1, [0.011603690159327273, 0.98839630984067273]]
7398981	[1, [0.031469895510815915, 0.96853010448918408]]
7702995	[1, [0.00037739970344019547, 0.9996226002965598]]
10421199	[1, [0.02308888162381495, 0.97691111837618505]]
7704267	[1, [0.0025741158758849636, 0.99742588412411504]]
5222545	[1, [0.020724823440601003, 0.979275176559399]]
7704083	[1, [7.1406821385400221e-05, 0.9999285931786146]]
6717690	[1, [0.044808309367998289, 0.95519169063200171]]
22863506	[1, [0.037145536896709408, 0.96285446310329059]]
20265775	[1, [0.044292300688315689, 0.95570769931168431]]
87937153	[1, [0.025691152699865216, 0.97430884730013478]]
20462161	[1, [0.036739277901278289, 0.96326072209872171]]
7608729	[1, [0.0040609577455128498, 0.99593904225448715]]
63841626	[1, [0.03555188741972759, 0.96444811258027241]]
40117085	[1, [0.010467243669405768, 0.98953275633059423]]
9282057	[1, [0.025504308529011754, 0.97449569147098825]]
9266525	[1, [0.030308331899651209, 0.96969166810034879]]
77587003	[1, [0.038777790887564501, 0.9612222091124355]]
9265475	[1, [0.040810877841548243, 0.95918912215845176]]
9266355	[1, [0.02386901288653831, 0.97613098711346169]]
9266388	[1, [0.04688272018372841, 0.95311727981627159]]
53581729	[1, [0.029578958922953369, 0.97042104107704663]]
9035416	[1, [0.035286182332033178, 0.96471381766796682]]
9264872	[1, [0.043299769794728271, 0.95670023020527173]]
23586923	[1, [0.049153082058416286, 0.95084691794158371]]
9156608	[1, [0.043494662449020338, 0.95650533755097966]]
15503657	[1, [0.016876449487155831, 0.98312355051284417]]
9156267	[1, [0.019984083565197097, 0.9800159164348029]]
9226496	[1, [0.0325373283931365, 0.9674626716068635]]
9120265	[1, [0.018827287500954526, 0.98117271249904547]]
9118220	[1, [0.007657761075872016, 0.99234223892412798]]
73719010	[1, [0.041884342504949656, 0.95811565749505034]]
9117637	[1, [0.046731995045795616, 0.95326800495420438]]
9227299	[1, [0.041656254113633606, 0.95834374588636639]]
5790519	[1, [0.00052363630592189292, 0.99947636369407811]]
9117613	[1, [0.034270613642236714, 0.96572938635776329]]
9227511	[1, [0.012890039659283703, 0.9871099603407163]]
9120064	[1, [0.036117822081127127, 0.96388217791887287]]
6873787	[1, [0.022580588472494001, 0.977419411527506]]
5792344	[1, [0.047716869799609318, 0.95228313020039068]]
7671090	[1, [0.025715002049110369, 0.97428499795088963]]
76442275	[1, [0.047061583835172005, 0.95293841616482799]]
7719486	[1, [0.012847416928179478, 0.98715258307182052]]
7718386	[1, [0.019604320018842825, 0.98039567998115718]]
9281031	[1, [0.017058087513603382, 0.98294191248639662]]
32398206	[1, [0.027795336096156031, 0.97220466390384397]]
9280791	[1, [0.021078539856035916, 0.97892146014396408]]
7696277	[1, [0.0039904796498113626, 0.99600952035018864]]
59929735	[1, [0.039648719768907603, 0.9603512802310924]]
98090200	[1, [0.027980638358824694, 0.97201936164117531]]
7952131	[1, [0.018882809002259027, 0.98111719099774097]]
7696147	[1, [0.0025265720257758861, 0.99747342797422411]]
57006468	[1, [0.0096347994270852277, 0.99036520057291477]]
7959135	[1, [0.030672798898872755, 0.96932720110112724]]
9202414	[1, [0.026045307682736496, 0.9739546923172635]]
31832298	[1, [0.030239554405126934, 0.96976044559487307]]
9204036	[1, [0.015572287667463991, 0.98442771233253601]]
78841071	[1, [0.049889613977478597, 0.9501103860225214]]
73292770	[1, [0.010219888085526208, 0.98978011191447379]]
6284340	[1, [0.0018669737723414626, 0.99813302622765854]]
7697025	[1, [0.00039644061419097376, 0.99960355938580903]]
9202597	[1, [0.037574576065427578, 0.96242542393457242]]
5344688	[1, [0.026380496189812863, 0.97361950381018714]]
7567416	[1, [0.025999007623365156, 0.97400099237663484]]
7545204	[1, [0.021942998963939697, 0.9780570010360603]]
21628063	[1, [0.022537363107063335, 0.97746263689293666]]
7722361	[1, [0.014510421144793617, 0.98548957885520638]]
5849464	[1, [0.031569306664877228, 0.96843069333512277]]
9236173	[1, [0.034955858789061489, 0.96504414121093851]]
9235490	[1, [0.047950028286029345, 0.95204997171397066]]
9212799	[1, [0.016684308648111323, 0.98331569135188868]]
5793083	[1, [0.0053543576703212192, 0.99464564232967878]]
77177761	[1, [0.020235965110024789, 0.97976403488997521]]
9212003	[1, [0.027779547193385046, 0.97222045280661495]]
9212524	[1, [0.044477772643938707, 0.95552222735606129]]
14577360	[1, [0.028786232317033145, 0.97121376768296686]]
6897804	[1, [0.036294836271489439, 0.96370516372851056]]
47814950	[1, [0.013855899560577534, 0.98614410043942247]]
7955856	[1, [0.027389569699371785, 0.97261043030062821]]
9209561	[1, [0.047968733143432529, 0.95203126685656747]]
26776808	[1, [0.044497403464441199, 0.9555025965355588]]
9211200	[1, [0.011574104360582926, 0.98842589563941707]]
9271839	[1, [0.01988437995790826, 0.98011562004209174]]
7933482	[1, [0.011818821755490649, 0.98818117824450935]]
9270624	[1, [0.046763938797575455, 0.95323606120242454]]
9210642	[1, [0.028200099363042685, 0.97179990063695731]]
7933763	[1, [0.0073700430909314774, 0.99262995690906852]]
72805369	[1, [0.038696076822456238, 0.96130392317754376]]
9210371	[1, [0.030900579956403273, 0.96909942004359673]]
9213645	[1, [0.022415715522571489, 0.97758428447742851]]
9213735	[1, [0.047432110656936199, 0.9525678893430638]]
55038369	[1, [0.0050489952065265742, 0.99495100479347343]]
9213533	[1, [0.044575455219764581, 0.95542454478023542]]
32619417	[1, [0.017364999085914823, 0.98263500091408518]]
99003472	[1, [0.0004897553404233923, 0.99951024465957661]]
9114810	[1, [0.047410970470998404, 0.9525890295290016]]
70393559	[1, [0.040181755843980649, 0.95981824415601935]]
9258312	[1, [0.016171743502627289, 0.98382825649737271]]
9258896	[1, [0.031817873736042279, 0.96818212626395772]]
9084987	[1, [0.039103923358044135, 0.96089607664195587]]
9084964	[1, [0.049242596761455926, 0.95075740323854407]]
9084877	[1, [0.044001384716961578, 0.95599861528303842]]
9084792	[1, [0.015997470638315803, 0.9840025293616842]]
9084803	[1, [0.039832450222327287, 0.96016754977767271]]
9085052	[1, [0.035416294494840295, 0.96458370550515971]]
9278098	[1, [0.043574036160984098, 0.9564259638390159]]
9085020	[1, [0.026426921164820927, 0.97357307883517907]]
9279260	[1, [0.035722757260779114, 0.96427724273922089]]
9084945	[1, [0.044924061095501844, 0.95507593890449816]]
9084986	[1, [0.033849590955057907, 0.96615040904494209]]
6942611	[1, [0.034679103847761517, 0.96532089615223848]]
81136066	[1, [0.010650347520172465, 0.98934965247982753]]
9278859	[1, [0.027416548487658066, 0.97258345151234193]]
9278743	[1, [0.035235821854317728, 0.96476417814568227]]
6070674	[1, [0.019046514075808152, 0.98095348592419185]]
9278480	[1, [0.021999508232313447, 0.97800049176768655]]
9084842	[1, [0.025801496110924638, 0.97419850388907536]]
9084889	[1, [0.026235564647947074, 0.97376443535205293]]
9251838	[1, [0.014664112519758077, 0.98533588748024192]]
9249769	[1, [0.027078656743448115, 0.97292134325655188]]
9248375	[1, [0.045304301721520002, 0.95469569827848]]
9248578	[1, [0.016923437360044979, 0.98307656263995502]]
9249211	[1, [0.044240401226266268, 0.95575959877373373]]
9254212	[1, [0.018217852749011554, 0.98178214725098845]]
6881687	[1, [0.018386166123651626, 0.98161383387634837]]
7695379	[1, [0.0013489417323659936, 0.99865105826763401]]
5187115	[1, [0.026876961448105141, 0.97312303855189486]]
49373930	[1, [0.037544400754759288, 0.96245559924524071]]
7695916	[1, [0.0016766441859533687, 0.99832335581404663]]
7693954	[1, [0.010968182347085631, 0.98903181765291437]]
30148912	[1, [0.015546557566613384, 0.98445344243338662]]
69175994	[1, [0.0061121101960324165, 0.99388788980396758]]
9082547	[1, [0.044468562247950594, 0.95553143775204941]]
9078160	[1, [0.02001174732724309, 0.97998825267275691]]
9016012	[1, [0.037216463539730738, 0.96278353646026926]]
9078585	[1, [0.028959897041785143, 0.97104010295821486]]
9083054	[1, [0.047323742071110564, 0.95267625792888944]]
24925011	[1, [0.017004284289242277, 0.98299571571075772]]
9068577	[1, [0.03932757135158671, 0.96067242864841329]]
5788000	[1, [0.0003868403185475211, 0.99961315968145248]]
9082788	[1, [0.016131161248280512, 0.98386883875171949]]
9068895	[1, [0.018293931984814882, 0.98170606801518512]]
28643930	[1, [0.022700100281719648, 0.97729989971828035]]
7681530	[1, [0.02153650730348533, 0.97846349269651467]]
7682480	[1, [0.00050476035303992361, 0.99949523964696008]]
9082912	[1, [0.042566709655976087, 0.95743329034402391]]
9082127	[1, [0.025465913251187522, 0.97453408674881248]]
83937624	[1, [0.040071522730583675, 0.95992847726941632]]
9082956	[1, [0.032937243955099005, 0.967062756044901]]
9082808	[1, [0.030924496018900016, 0.96907550398109998]]
9078444	[1, [0.015865286728670935, 0.98413471327132906]]
5789058	[1, [0.022940455632282863, 0.97705954436771714]]
9078577	[1, [0.015602398810528828, 0.98439760118947117]]
9078739	[1, [0.042472831739491235, 0.95752716826050877]]
9082899	[1, [0.016093777933166353, 0.98390622206683365]]
9082911	[1, [0.032663014834476978, 0.96733698516552302]]
9078245	[1, [0.044468562247950594, 0.95553143775204941]]
9078189	[1, [0.029827625695815319, 0.97017237430418468]]
9269292	[1, [0.028126505098187149, 0.97187349490181285]]
20153828	[1, [0.015884371170909017, 0.98411562882909098]]
9118523	[1, [0.037357339913805743, 0.96264266008619426]]
9269618	[1, [0.018624224821712332, 0.98137577517828767]]
9253205	[1, [0.048255267823459236, 0.95174473217654076]]
9269432	[1, [0.04615896109472073, 0.95384103890527927]]
9269817	[1, [0.046785171723405794, 0.95321482827659421]]
31034422	[1, [0.040150302406537608, 0.95984969759346239]]
9253899	[1, [0.040617904674697614, 0.95938209532530239]]
7843399	[1, [0.038345494910115296, 0.9616545050898847]]
9075258	[1, [0.012139652466839013, 0.98786034753316099]]
9074930	[1, [0.016203260908076667, 0.98379673909192333]]
98684231	[1, [0.0081975818179643722, 0.99180241818203563]]
7928457	[1, [0.014470046247083701, 0.9855299537529163]]
6055775	[1, [0.0089492990590498422, 0.99105070094095016]]
5626402	[1, [0.033968680946758756, 0.96603131905324124]]
91234998	[1, [0.017286604371595016, 0.98271339562840498]]
9074596	[1, [0.022050827425662001, 0.977949172574338]]
9136400	[1, [0.017143378788379571, 0.98285662121162043]]
9075420	[1, [0.042260115092890849, 0.95773988490710915]]
7965370	[1, [0.030609783480663122, 0.96939021651933688]]
7986445	[1, [0.0063991622115594504, 0.99360083778844055]]
9076322	[1, [0.041893709002771118, 0.95810629099722888]]
7986505	[1, [0.032363561489852866, 0.96763643851014713]]
7904102	[1, [0.017012400745243905, 0.98298759925475609]]
7631533	[1, [0.0097475436069914823, 0.99025245639300852]]
92955376	[1, [0.01717615072918155, 0.98282384927081845]]
