5929334	1
5683959	1
7737728	1
5638730	1
5929174	1
44576271	1
9152898	1
5925855	1
5927623	1
5925669	1
96301660	1
71775677	1
6153449	1
5928870	1
63910206	1
6846719	1
7966756	1
9152851	1
5693776	1
60797762	1
5684314	1
5684453	1
60965001	1
7794191	1
7147880	1
7144680	1
87432503	1
5682535	1
5643367	1
7994724	1
7737811	1
62952195	1
7793816	1
24574706	1
7793249	1
39431522	1
5681397	1
5638390	1
7735669	1
5680778	1
5642315	1
60957833	1
60780034	1
5928389	1
9147832	1
5929038	1
7499579	1
7737687	1
65964998	1
7495641	1
5144292	1
7150768	1
7994845	1
15282556	1
82269313	1
5927028	1
7794215	1
39393735	1
6149323	1
15280342	1
5917803	1
5925949	1
71829761	1
24539120	1
6153341	1
15282919	1
60932215	1
5694343	1
36640838	1
7792834	1
9148639	1
6845871	1
7737005	1
96316999	1
7735149	1
24541376	1
5642470	1
14840508	1
6148793	1
90894621	1
24560759	1
5643861	1
7736363	1
5680972	1
7144081	1
87488306	1
88074807	1
6150412	1
5681376	1
7736904	1
7793648	1
7994786	1
7794115	1
24569829	1
63927791	1
5646275	1
94584297	1
7497910	1
7736985	1
5928642	1
5141013	1
5140830	1
7425541	1
9152776	1
5926305	1
7794457	1
36631911	1
59326463	1
62281156	1
53377738	1
16440227	1
6236153	1
7932848	1
7846856	1
6204880	1
39493602	1
7960484	1
5753911	1
6238488	1
35875938	1
89656416	1
7932386	1
6202983	1
6204963	1
5945423	1
6408251	1
60200371	1
35935617	1
9033295	1
39236071	1
95672466	1
9032733	1
9033367	1
5666390	1
95633691	1
6414623	1
7932829	1
6414510	1
44225021	1
6204212	1
7845850	1
51195895	1
6412019	1
7932965	1
62296427	1
89678293	1
77217452	1
39450445	1
6410760	1
6237885	1
6407393	1
44059007	1
39489719	1
6237698	1
52104950	1
9341557	1
36096834	1
52105063	1
15844806	1
6404526	1
35900612	1
51197502	1
6237939	1
93083195	1
15810626	1
23796836	1
7932971	1
15808278	1
44214960	1
9341670	1
7846888	1
6410828	1
36135212	1
9342726	1
5665830	1
9341464	1
5665395	1
36100986	1
5754338	1
6234519	1
7846119	1
36115445	1
6405674	1
89666250	1
89711737	1
93018016	1
53374085	1
7933289	1
36111589	1
95100527	1
51209370	1
7932782	1
9033402	1
5946633	1
6205038	1
55100928	1
6202813	1
67582734	1
7932896	1
15856541	1
10674451	1
6391439	1
5986995	1
82834716	1
9288967	1
28251619	1
5995144	1
94252531	1
82846485	1
78447468	1
64408932	1
9137619	1
6451365	1
32085251	1
7127753	1
72889839	1
5986192	1
7949853	1
6389732	1
7129094	1
78495069	1
7949716	1
6390015	1
6740306	1
6393797	1
10711551	1
7798146	1
6596369	1
7797402	1
34098699	1
61564352	1
10700202	1
5989415	1
7952778	1
6391678	1
6452459	1
5986242	1
94267744	1
34096795	1
80595723	1
80588720	1
47040415	1
7950191	1
7953113	1
62858837	1
94267609	1
5991697	1
62903958	1
7798603	1
7952747	1
5880881	1
64418031	1
6387223	1
39851077	1
6386739	1
62876759	1
7924650	1
10677908	1
34064290	1
6594022	1
9289361	1
35612724	1
6740208	1
7996717	1
7798179	1
7797433	1
7797991	1
64381421	1
7127360	1
6392630	1
4010341	1
9137859	1
82868112	1
6389628	1
6389629	1
80615098	1
10699548	1
5883146	1
7797288	1
28269701	1
6387271	1
9339526	1
80548305	1
7799218	1
6391206	1
16311300	1
6451271	1
99500021	1
9289191	1
6449761	1
6595786	1
7127187	1
32032097	1
6393729	1
6594444	1
94267841	1
66384106	1
7126534	1
9137627	1
7797239	1
32085699	1
80600268	1
6393715	1
5986391	1
7797592	1
7799043	1
66356694	1
5988801	1
46996605	1
6597586	1
9338530	1
5884560	1
58058798	1
5883308	1
10658522	1
94292169	1
7798004	1
82840775	1
58044212	1
6450276	1
94267042	1
80581890	1
7797166	1
7799121	1
34124028	1
5986033	1
7126232	1
6388814	1
7953432	1
6389606	1
7127977	1
64031095	1
76623494	1
76628695	1
6336706	1
51136736	1
5216700	1
7944642	1
7404645	1
41227502	1
7803874	1
7804572	1
62115777	1
5217748	1
7804225	1
7804892	1
6332504	1
51117667	1
7547620	1
64027438	1
41212420	1
90488916	1
62158533	1
84818192	1
41271000	1
6339169	1
9111677	1
7804332	1
7804691	1
90494920	1
5857090	1
41225151	1
16249417	1
50185436	1
5622720	1
6333199	1
93113823	1
7803687	1
96293851	1
7549500	1
16274578	1
50144478	1
32912419	1
9276917	1
7805134	1
7555779	1
68398779	1
5216292	1
7406143	1
16260390	1
90808023	1
41259820	1
50169756	1
90815715	1
7370873	1
50157840	1
7368055	1
5214913	1
77318140	1
9100996	1
68427212	1
93113378	1
35981745	1
65173024	1
64066229	1
20391364	1
5623538	1
7371329	1
7804421	1
45954177	1
93138264	1
9100273	1
7550979	1
7803495	1
7404689	1
20424949	1
50520334	1
93097613	1
30097503	1
91360645	1
97371924	1
5623701	1
35948317	1
96255557	1
6339090	1
6336970	1
5623244	1
93108387	1
5621497	1
9100821	1
7403469	1
7927273	1
32488310	1
34978170	1
6945829	1
38644227	1
6945078	1
32467550	1
35854160	1
9294674	1
41918240	1
62440945	1
7788291	1
32465542	1
6907050	1
9295308	1
6944774	1
6779045	1
9018711	1
80222440	1
7787880	1
6945628	1
9018289	1
21814245	1
61993186	1
6780772	1
6196243	1
6944856	1
7927240	1
6945996	1
6945305	1
6912566	1
61999778	1
6904315	1
32462114	1
7605540	1
7796494	1
6944540	1
6198368	1
66886400	1
6910598	1
7788264	1
35853050	1
21814035	1
66916937	1
62016019	1
7787441	1
6782941	1
61999101	1
9295046	1
6913302	1
6652053	1
9233404	1
5119734	1
6780252	1
7788354	1
7788173	1
6913253	1
7926700	1
9232924	1
79093934	1
71593737	1
6944514	1
9264524	1
6653041	1
21809532	1
6655483	1
27212836	1
80214652	1
7926737	1
75444693	1
7901257	1
5116031	1
7796150	1
34987839	1
6944639	1
9295491	1
9018265	1
7796187	1
7787772	1
7796326	1
7788191	1
71610780	1
21850477	1
7981950	1
7794753	1
80197341	1
35801898	1
7795047	1
7927070	1
7900300	1
7901840	1
32495808	1
7926913	1
50918748	1
6910949	1
6197450	1
7788810	1
84255658	1
7788775	1
42660055	1
66906688	1
34922227	1
7926809	1
7926898	1
7794688	1
6774969	1
6908347	1
62467796	1
6776607	1
9233016	1
6944681	1
82578299	1
62396232	1
7927200	1
42629772	1
7795879	1
9017871	1
7379511	1
29304882	1
5106991	1
78244690	1
5663901	1
39914219	1
78249331	1
26949813	1
6645482	1
88882793	1
27459505	1
5552132	1
39946954	1
5108686	1
5552966	1
88464402	1
65027236	1
9056131	1
34275933	1
7892844	1
9144156	1
25373686	1
9040000	1
5554219	1
5649838	1
29025802	1
5107663	1
9073016	1
5106098	1
78287344	1
14264179	1
9039892	1
9009410	1
28974080	1
5736546	1
5107806	1
5109284	1
29312740	1
9039598	1
64971085	1
93857188	1
23217913	1
9040328	1
5650507	1
9144116	1
5661432	1
5243894	1
7384357	1
78258599	1
9008798	1
6645535	1
5243926	1
5246389	1
49306597	1
76950598	1
5650826	1
5243882	1
6645833	1
39362248	1
9052343	1
5245269	1
88478306	1
5554994	1
49303411	1
93844523	1
39312209	1
6645561	1
9143779	1
5554908	1
5553836	1
86850858	1
5554014	1
5107614	1
5650399	1
26928954	1
29313270	1
88542057	1
5243902	1
9052386	1
91609653	1
23154055	1
34300138	1
78221900	1
7383313	1
29966890	1
5243879	1
34276795	1
6642128	1
7382447	1
5554090	1
78266799	1
9143778	1
7742938	1
9013149	1
7963442	1
9298640	1
25982093	1
7961493	1
7742944	1
7742347	1
6924641	1
7356849	1
6930178	1
7743648	1
7748773	1
7744156	1
7749896	1
6969493	1
36550479	1
7285142	1
7942214	1
9013810	1
9133937	1
26010758	1
6932925	1
6931977	1
7963372	1
85938831	1
6965907	1
77833138	1
7230241	1
7749069	1
7749636	1
76417420	1
7358053	1
5762469	1
7356787	1
9134791	1
7941715	1
7743369	1
7742485	1
63994407	1
7744488	1
7961896	1
77818466	1
18996912	1
27150375	1
6929138	1
76369584	1
92858067	1
7941383	1
76366322	1
7284621	1
7744111	1
61750415	1
7941532	1
63978916	1
52551090	1
6965092	1
7744682	1
63980061	1
6925000	1
6968199	1
6969084	1
7750168	1
58849015	1
7358388	1
6930639	1
7742702	1
27159993	1
7750091	1
6966233	1
9248863	1
25993697	1
7941686	1
7744762	1
6968202	1
33966198	1
6928457	1
7748322	1
89455110	1
93258380	1
7284579	1
7984166	1
6491195	1
9298025	1
9298384	1
7748963	1
34409639	1
7654870	1
7961750	1
6924348	1
27176701	1
9248867	1
9248375	1
85951059	1
5760003	1
36543228	1
6968575	1
6967659	1
93265265	1
58843109	1
7356575	1
71505264	1
6965592	1
9249002	1
6928993	1
6964606	1
94159017	1
7941575	1
6923050	1
6965557	1
9013548	1
7742602	1
6489321	1
7749198	1
7962181	1
7983640	1
7742903	1
7749383	1
7653990	1
27172727	1
9222958	1
6492275	1
6489730	1
92795746	1
6929909	1
7230007	1
7231053	1
9026974	1
9027782	1
7805444	1
7807623	1
6431082	1
9221612	1
73385894	1
9220858	1
83151505	1
19279906	1
7348727	1
7692861	1
5700100	1
7806656	1
32664683	1
92053323	1
5717110	1
48815197	1
36035248	1
19692226	1
7806392	1
87701298	1
13751542	1
9027723	1
7807145	1
9027244	1
6429856	1
51018909	1
48989397	1
22159142	1
9126346	1
7693018	1
19040257	1
17384006	1
48855434	1
7691837	1
6429314	1
6428474	1
70209713	1
9026969	1
9213735	1
5576492	1
36044871	1
42002770	1
6428648	1
92003823	1
7693085	1
59109688	1
7805530	1
19045853	1
13804401	1
9214686	1
49008707	1
7805765	1
36022482	1
13805789	1
6429469	1
6429132	1
7806146	1
9026998	1
34789896	1
7806549	1
36016418	1
6428590	1
55004753	1
49013171	1
9221985	1
17394192	1
21786829	1
19080241	1
70194277	1
7692837	1
6320793	1
66488607	1
7806085	1
13792846	1
51044441	1
6428846	1
82264883	1
92025661	1
13816473	1
32629531	1
13769591	1
7806089	1
73356534	1
5579970	1
9027162	1
9127054	1
22137174	1
36018977	1
66471208	1
7807520	1
7692896	1
5266125	1
7678852	1
86324003	1
7628098	1
5237520	1
56925471	1
68683470	1
5356826	1
7937729	1
9041077	1
14936639	1
7625945	1
9130714	1
52718512	1
9024064	1
7677851	1
56856088	1
9041550	1
84064207	1
7678645	1
27010354	1
90233161	1
7688322	1
7627567	1
6049923	1
7178063	1
29205852	1
5469893	1
7810512	1
6049296	1
6048594	1
7809841	1
40288354	1
9041228	1
7678037	1
56885222	1
7180765	1
7678468	1
86364332	1
7678038	1
7678031	1
9099109	1
7178636	1
7938280	1
9011745	1
6794112	1
5237532	1
7688732	1
52741222	1
5355601	1
7808911	1
90236011	1
9041388	1
6792694	1
84114165	1
9023418	1
7686952	1
7808220	1
6793728	1
90168455	1
7678077	1
7678394	1
5469762	1
9024178	1
7688896	1
7678881	1
7627522	1
26989899	1
9332140	1
7688490	1
5356536	1
17137245	1
5356592	1
23308801	1
7678044	1
5237507	1
7678332	1
6790354	1
9098650	1
7808408	1
5238029	1
68723682	1
6794369	1
7677812	1
6792542	1
5469416	1
7180188	1
84106577	1
7678154	1
33636978	1
7937620	1
7678549	1
17121864	1
29219525	1
7686761	1
72384542	1
14884670	1
9332364	1
90181599	1
9040498	1
7626279	1
7937849	1
9130806	1
9062538	1
14942842	1
7180934	1
9012110	1
5355031	1
7677839	1
7809210	1
85561949	1
5471813	1
7689723	1
90242387	1
40316169	1
96786032	1
17124492	1
7180093	1
7937691	1
9040867	1
84120161	1
6792285	1
5237647	1
9131348	1
7687750	1
5471548	1
9332594	1
5238772	1
24977419	1
46718009	1
6560326	1
5634956	1
7269120	1
46331782	1
7785052	1
67789075	1
5584509	1
88698727	1
6563249	1
80093959	1
5566235	1
7785447	1
39650800	1
22723781	1
46331468	1
6561642	1
79956360	1
6563299	1
18051093	1
14169847	1
14131441	1
22764566	1
7785130	1
88768659	1
22727239	1
6557655	1
79932671	1
14133430	1
7785787	1
22739678	1
12499934	1
6561406	1
22746268	1
9091980	1
5885233	1
35509579	1
5566142	1
7785506	1
5633383	1
9128940	1
39644019	1
80075698	1
5634327	1
12512887	1
9055539	1
39630859	1
9135265	1
5567182	1
5261307	1
7997368	1
46735061	1
24986635	1
5249135	1
9204799	1
43393498	1
7785858	1
6558872	1
66187569	1
5568190	1
9055409	1
92419666	1
12505487	1
7997500	1
39605255	1
35510288	1
43386725	1
5249062	1
5568805	1
6560491	1
9092090	1
5636165	1
12445314	1
5247793	1
46694544	1
46328780	1
25002531	1
22982872	1
6557092	1
51707579	1
6563629	1
46953685	1
49692679	1
79909180	1
7997536	1
18092933	1
81836869	1
14154693	1
70503898	1
9034777	1
9132810	1
70483967	1
5150017	1
30964113	1
9125801	1
9058317	1
30878254	1
9264872	1
7765179	1
9282057	1
58935031	1
51422335	1
9122905	1
23642734	1
6192823	1
36480494	1
77559773	1
9244882	1
30932559	1
17663788	1
80756822	1
7767527	1
23589205	1
9238745	1
7935327	1
36458393	1
52914123	1
68907191	1
9122789	1
9058606	1
52873758	1
9238909	1
53990680	1
9034703	1
66598377	1
6584165	1
20376081	1
23589029	1
7934451	1
9123824	1
7934540	1
5153980	1
9125289	1
6133344	1
36501728	1
7993378	1
6133789	1
9057529	1
7765170	1
30969322	1
68947701	1
5325683	1
85537899	1
9281959	1
9034923	1
7934835	1
9238297	1
6190954	1
5325741	1
5152111	1
38820394	1
7765166	1
9056975	1
5152337	1
70479849	1
70449398	1
6189205	1
6191706	1
7767432	1
38798426	1
5425463	1
52873216	1
9132913	1
68857453	1
52886289	1
36517659	1
20378806	1
5149665	1
30465536	1
68929818	1
9125598	1
5325695	1
7934605	1
6194607	1
7765990	1
30900971	1
30425748	1
9123333	1
5148724	1
30877380	1
9281424	1
9035205	1
23592205	1
7993039	1
6189256	1
23585807	1
77611812	1
9122833	1
6190177	1
6194505	1
51424383	1
9058345	1
9057815	1
9058644	1
38848904	1
6670853	1
6106059	1
12094972	1
9067611	1
45550800	1
6671890	1
7819439	1
9201400	1
5477338	1
9201082	1
7819243	1
7817789	1
76575369	1
27955709	1
5479390	1
29665422	1
6672377	1
5476748	1
7525485	1
7113278	1
58377474	1
7526788	1
29685118	1
52657877	1
6106573	1
7818111	1
7818355	1
7817818	1
22266308	1
43998164	1
9202145	1
58178360	1
9132245	1
7783085	1
7386715	1
58140447	1
7817786	1
50685173	1
9066605	1
5970982	1
9132307	1
9200693	1
6672166	1
12113994	1
51771332	1
5477676	1
7817985	1
7526182	1
72746304	1
6673958	1
12061970	1
6669686	1
52648578	1
29653590	1
6669428	1
12393868	1
25634241	1
19387843	1
73102016	1
7112269	1
38549860	1
89603401	1
7113798	1
7523366	1
5476679	1
45574260	1
7112701	1
6672698	1
7819769	1
7527127	1
6109036	1
29623354	1
73079352	1
51758218	1
45559956	1
7819389	1
51770456	1
87158890	1
7476012	1
73086590	1
6673830	1
15008549	1
11202222	1
7988894	1
5572509	1
7116522	1
7826848	1
6093064	1
7646570	1
9122272	1
9291966	1
7235862	1
7645393	1
41294161	1
5572246	1
7238648	1
7988751	1
6228365	1
7115649	1
18793074	1
98168710	1
7235265	1
6613381	1
7826853	1
7174970	1
39744224	1
7970947	1
6091334	1
22600431	1
5256273	1
7828652	1
7828977	1
56848978	1
46294896	1
7645833	1
7239973	1
38577707	1
39779747	1
41319106	1
6611092	1
7828258	1
7116559	1
6434550	1
39233259	1
75239246	1
6612740	1
99300453	1
6610656	1
7829211	1
7356474	1
47720330	1
7644662	1
7115481	1
6095838	1
9234257	1
6611787	1
7988377	1
41335570	1
6089439	1
6226033	1
18762370	1
7827051	1
5575063	1
5572359	1
7826513	1
22581826	1
46285330	1
7644772	1
5572594	1
39756992	1
9292643	1
7827817	1
7828481	1
7828319	1
75184293	1
7355109	1
6610303	1
47774134	1
7176729	1
5340425	1
7827754	1
76684045	1
7174902	1
7645888	1
17842810	1
7238694	1
7644684	1
7970856	1
7829469	1
5573988	1
7988806	1
39189524	1
5574230	1
7175213	1
7645116	1
75205152	1
6225727	1
6227688	1
7116002	1
7826458	1
7354990	1
7237738	1
9122449	1
18758545	1
6252305	1
6330213	1
5457436	1
7682728	1
9034639	1
36707781	1
36717699	1
7681645	1
7824688	1
6328653	1
7939286	1
7772809	1
63036995	1
6380351	1
6379609	1
7824638	1
7772823	1
6381712	1
7825905	1
7681912	1
88276511	1
9034457	1
7770119	1
83264631	1
28623112	1
36681846	1
9015313	1
12679482	1
9082596	1
7681612	1
9034055	1
7823684	1
5456561	1
7682034	1
82503099	1
7683069	1
88277469	1
6507900	1
36700434	1
7824642	1
9034245	1
12621528	1
9082999	1
6426960	1
6322927	1
6508987	1
7681365	1
7918561	1
6324614	1
7747960	1
83600476	1
7682480	1
9015223	1
7939129	1
6255158	1
5787444	1
7825723	1
9034631	1
6324483	1
5462636	1
7824540	1
6254618	1
7771212	1
7681375	1
83944391	1
6381701	1
85344010	1
6379719	1
69179472	1
7682456	1
7748058	1
7772603	1
7939015	1
24870409	1
6381286	1
6378549	1
6381178	1
6509285	1
6379000	1
6423703	1
6510086	1
5464824	1
7773170	1
6378661	1
6331064	1
7682792	1
7825354	1
6254771	1
5463373	1
57239447	1
6509334	1
9078732	1
7746577	1
6330306	1
9082679	1
9069736	1
7746455	1
83554579	1
36670313	1
75874690	1
7825090	1
7773069	1
5459697	1
7825087	1
6327320	1
7746548	1
7824137	1
6509158	1
7939152	1
7825774	1
83655932	1
82507638	1
7909893	1
7682260	1
7918923	1
24900124	1
6322695	1
83566428	1
6511156	1
5464398	1
63029528	1
88286493	1
7682605	1
7939205	1
9082218	1
82546720	1
28609135	1
7824110	1
9022528	1
5380479	1
76470824	1
9022652	1
40886016	1
5532873	1
7746225	1
9336302	1
79438440	1
14641853	1
63584194	1
7744943	1
75040628	1
5380221	1
5366669	1
5465773	1
7745290	1
7745690	1
24340522	1
32395765	1
5468781	1
9087239	1
24333166	1
5305842	1
5548602	1
7745844	1
7745657	1
5551812	1
5550187	1
76786531	1
5466885	1
5531191	1
5466407	1
5305775	1
5651022	1
76762982	1
5652143	1
9030656	1
50832020	1
5305026	1
5533665	1
43843052	1
7745644	1
5469016	1
12133891	1
5551967	1
5723609	1
7721965	1
5468316	1
5467760	1
5306438	1
5306454	1
95408796	1
84918021	1
7745849	1
75056360	1
76509893	1
76803871	1
5534014	1
54532732	1
32431476	1
9086831	1
7745947	1
5552084	1
5366271	1
5366898	1
5380179	1
5551398	1
74367213	1
50850583	1
79447251	1
7721870	1
39705078	1
5465884	1
55550631	1
74357535	1
95448329	1
7745986	1
95406830	1
14595020	1
9022376	1
5304356	1
9021947	1
76795588	1
5651613	1
9086570	1
43846031	1
5551964	1
7744930	1
12155247	1
7977543	1
87286588	1
84892262	1
5551268	1
5531511	1
14657150	1
5304836	1
7721863	1
7745471	1
5304505	1
5549182	1
24326340	1
7720119	1
14599305	1
6454645	1
7448447	1
9022485	1
7721938	1
5467268	1
7721868	1
6455499	1
7451002	1
5377743	1
7977427	1
9030071	1
39721946	1
40899510	1
5380486	1
54521667	1
7802368	1
98281782	1
6074015	1
48049874	1
27823225	1
6072883	1
7931880	1
7802709	1
9060819	1
19569857	1
7802367	1
97140362	1
60488689	1
50636221	1
27845391	1
7801586	1
17981774	1
9002642	1
98286611	1
6073679	1
48011222	1
95392434	1
9219098	1
7932296	1
6074054	1
95346786	1
56015508	1
31581288	1
48017858	1
7991182	1
9062064	1
5351843	1
7802576	1
73576672	1
6662496	1
7802120	1
7931443	1
7931829	1
9224444	1
7991231	1
22299241	1
6075099	1
95384727	1
9060497	1
6076196	1
59566500	1
6445533	1
7803261	1
7420987	1
59569716	1
45392779	1
59539505	1
80969455	1
54301315	1
7802768	1
33764191	1
33827752	1
27863768	1
5352483	1
9006852	1
50641187	1
53836131	1
18008066	1
7931909	1
60514749	1
7801519	1
9062150	1
45416293	1
6443743	1
7991851	1
9061747	1
90034463	1
19531346	1
6074352	1
60507120	1
7931932	1
97163888	1
80978644	1
48011909	1
9002359	1
96130638	1
55968790	1
7931413	1
9060516	1
7801697	1
6445147	1
55987435	1
6663740	1
9219192	1
6072413	1
53857656	1
24266491	1
7802701	1
6947031	1
9096025	1
6947605	1
9021308	1
7930303	1
9319569	1
9270026	1
7929620	1
9328412	1
9253205	1
5555613	1
7071935	1
5555901	1
7929822	1
6587867	1
5558175	1
7843231	1
24826290	1
9319687	1
6705014	1
35721208	1
7843587	1
5557147	1
9020677	1
77450409	1
24846400	1
7929718	1
6949456	1
57970023	1
56386229	1
9096449	1
6589211	1
7843399	1
56403481	1
5557415	1
20098586	1
6438767	1
51920037	1
7518193	1
6949463	1
7135175	1
7929842	1
7841363	1
41788049	1
5659784	1
9268471	1
7843465	1
7130923	1
7066738	1
7015638	1
6442119	1
31048665	1
57926795	1
9021071	1
6946657	1
86148323	1
7843542	1
9020604	1
31005224	1
5555890	1
5660608	1
7514896	1
7842349	1
9253016	1
9329548	1
5556256	1
6948204	1
31034422	1
5659412	1
5659757	1
9253121	1
91183959	1
12019767	1
7930216	1
77429052	1
5556371	1
24855414	1
5658359	1
7841467	1
7843012	1
7015236	1
20159103	1
6948401	1
9020657	1
82422264	1
7067310	1
6946649	1
7514344	1
7843135	1
6589360	1
7014288	1
6441827	1
58757104	1
51914987	1
99767568	1
9096689	1
9021059	1
9020130	1
7929662	1
91204815	1
7056749	1
21432008	1
35650808	1
98924811	1
7059068	1
5556534	1
99785841	1
9268787	1
6587665	1
6949450	1
36231334	1
5659551	1
7939715	1
7962631	1
7939809	1
46239114	1
71849719	1
9060443	1
45456543	1
6876358	1
9195693	1
7963029	1
7362950	1
96698147	1
7412874	1
84444362	1
5563508	1
5564550	1
54241414	1
44467758	1
7928703	1
7209541	1
9059717	1
45651000	1
96742210	1
5527056	1
9059036	1
96707318	1
7939746	1
96743458	1
7156222	1
5527667	1
5528653	1
9060325	1
9195695	1
38908172	1
5564618	1
9193268	1
6874864	1
45508652	1
7940020	1
6876350	1
5563107	1
47431555	1
49535430	1
9010092	1
11868435	1
77704133	1
7415759	1
7929072	1
7929126	1
12867881	1
7361180	1
7928758	1
7760670	1
7929274	1
7762388	1
7906069	1
7764146	1
5565130	1
9193269	1
7928546	1
5527682	1
7152442	1
54246961	1
7939854	1
7359664	1
7928742	1
53716261	1
7929010	1
71898340	1
45482088	1
7928824	1
47457242	1
96730238	1
7929120	1
6875951	1
9059365	1
9010169	1
7928590	1
9009839	1
19749954	1
7928637	1
7416398	1
9010317	1
5528642	1
84438834	1
92577334	1
5526957	1
84475021	1
46199812	1
5562589	1
33173320	1
7963008	1
6875932	1
7763669	1
84494929	1
77727885	1
7962604	1
12849724	1
9193103	1
9059981	1
7204033	1
5564568	1
9009682	1
6577107	1
6875072	1
45488682	1
7206285	1
7939347	1
7928977	1
6874872	1
6875888	1
45494713	1
60372927	1
7412048	1
7939548	1
12850835	1
5563918	1
80542951	1
84446981	1
33114170	1
5840875	1
9311088	1
10730245	1
32771985	1
22040138	1
5671129	1
5341994	1
46783334	1
5840331	1
25128233	1
6037558	1
9042651	1
48609452	1
5568997	1
7562403	1
7491538	1
7566476	1
79048625	1
7723349	1
5571019	1
7790039	1
7722825	1
6163594	1
10195974	1
10733362	1
7723459	1
9310349	1
5333613	1
9043433	1
7722363	1
7539896	1
6159880	1
6163410	1
7790091	1
7541359	1
6038035	1
9139404	1
10741783	1
7722901	1
6035369	1
7596868	1
5842755	1
7866990	1
7722621	1
89951504	1
5342834	1
7722242	1
14520310	1
78981563	1
35144131	1
7565326	1
7493723	1
5337766	1
25100391	1
89955845	1
7562208	1
7545149	1
79009883	1
5569079	1
7559171	1
6603863	1
7723072	1
10726811	1
6160749	1
5343485	1
5840417	1
32791474	1
7789078	1
6159924	1
5341680	1
40759048	1
7722433	1
7558980	1
9140103	1
5569438	1
5336702	1
21646279	1
6160959	1
10758963	1
14475218	1
5341691	1
5569275	1
6163902	1
6162567	1
25108284	1
51671915	1
6033676	1
10749425	1
22039047	1
7722215	1
6160743	1
46777272	1
7723236	1
6038125	1
7722772	1
32778559	1
39097775	1
5341996	1
5670603	1
7567005	1
5332448	1
9043336	1
6036072	1
7866793	1
5344688	1
7598873	1
7493453	1
7722754	1
5336280	1
7489599	1
7567416	1
7493464	1
6602751	1
5842219	1
7597498	1
7722766	1
10722124	1
5571131	1
5571144	1
7722319	1
7545204	1
5333525	1
7869889	1
7866734	1
22048495	1
5669507	1
10201936	1
9340083	1
51650205	1
7543524	1
7722268	1
6037639	1
18877316	1
94589223	1
7759296	1
10336761	1
10335739	1
5705724	1
7821991	1
7758171	1
42899961	1
7822099	1
7822863	1
42533307	1
81996710	1
7756767	1
72716015	1
10337125	1
13481275	1
7759993	1
7759077	1
81973385	1
27051049	1
6746390	1
21325592	1
6314282	1
7822232	1
7822383	1
86570743	1
7822738	1
7760096	1
7629225	1
18867202	1
43904990	1
20199996	1
10326207	1
51331218	1
51333929	1
27075432	1
6745846	1
65096558	1
72642630	1
65046749	1
9145582	1
6745348	1
21348243	1
10338109	1
18888113	1
72695012	1
7820379	1
9047109	1
7821741	1
86550452	1
5814355	1
21358173	1
82026294	1
49976256	1
92296493	1
7758638	1
9317001	1
13531166	1
27090169	1
6120868	1
86575829	1
88675900	1
7821377	1
94645760	1
10858522	1
5917012	1
7821305	1
7822042	1
5705716	1
75349501	1
7759499	1
6302839	1
7822529	1
7820875	1
10328173	1
27095718	1
6299200	1
9316519	1
5914959	1
5812785	1
27081065	1
5705715	1
6745428	1
48901978	1
5473379	1
96597505	1
45195456	1
6504215	1
67373422	1
48123708	1
96539242	1
7776554	1
64711422	1
6963883	1
17510768	1
82127477	1
9101335	1
80300813	1
36354701	1
9019092	1
6502459	1
7774497	1
6505106	1
6959581	1
5472669	1
5786888	1
45192322	1
9000296	1
45164285	1
6961033	1
67355194	1
36341562	1
82175115	1
45189321	1
67201927	1
6962520	1
37917516	1
5475374	1
10620743	1
5861465	1
6503125	1
6731956	1
5858190	1
6505658	1
13886295	1
6733504	1
47641390	1
5473682	1
7584602	1
6960060	1
6731583	1
10624249	1
6506410	1
6502332	1
45201796	1
5859030	1
13946003	1
23137346	1
9019237	1
5786853	1
5784916	1
6731458	1
7587109	1
5473337	1
6962508	1
10639936	1
7922865	1
22381435	1
69477788	1
6505593	1
36366635	1
5474011	1
6102500	1
7584157	1
9101525	1
27476159	1
6102611	1
43437524	1
10649268	1
6103685	1
70601389	1
7775266	1
17505634	1
7583557	1
5473996	1
64718542	1
6959776	1
5474832	1
6959638	1
6101921	1
9019021	1
7774516	1
23095612	1
63676603	1
46897549	1
7946354	1
98971100	1
6712928	1
7103777	1
7100849	1
7002905	1
7102924	1
7101697	1
75542264	1
7104163	1
7915240	1
7792428	1
7103383	1
47290905	1
7915234	1
57374055	1
85150516	1
41196892	1
9307601	1
21676227	1
7915238	1
7101118	1
7791617	1
98948237	1
56429598	1
9307315	1
7103546	1
91902507	1
9306830	1
44768864	1
7791435	1
7021471	1
58422625	1
7792372	1
77871857	1
74484073	1
7101775	1
67413433	1
63661488	1
70369450	1
67427506	1
9307024	1
7792485	1
7101428	1
9114338	1
67419690	1
58448165	1
7791114	1
62780736	1
91879687	1
7980412	1
9306507	1
7101354	1
7980434	1
75604180	1
7792149	1
77873608	1
7101968	1
7915324	1
6713100	1
9114408	1
6709651	1
58422779	1
7915239	1
63190587	1
74447805	1
99415153	1
7101465	1
7102139	1
9257886	1
7792515	1
74495294	1
7101005	1
6709695	1
7980508	1
99416928	1
7791041	1
7001740	1
7102117	1
5804709	1
7100690	1
7104228	1
7104379	1
56082636	1
9114787	1
7790827	1
70367861	1
7915303	1
5668235	1
7104172	1
58457012	1
21697573	1
46861180	1
7979706	1
7791954	1
21716571	1
7102687	1
9114182	1
9307545	1
9257491	1
7101379	1
91904507	1
7103217	1
22507056	1
77856456	1
5213016	1
77986386	1
7117757	1
32217353	1
28934795	1
94837155	1
5202092	1
28944574	1
7943314	1
7366589	1
26323147	1
7942477	1
7942492	1
73806338	1
6135360	1
7118632	1
7943090	1
7118304	1
28918670	1
7117657	1
9314676	1
9313417	1
7117352	1
7364411	1
73828800	1
26519397	1
7943068	1
7875694	1
7978781	1
9081971	1
7119776	1
9228029	1
7942925	1
5213538	1
51556863	1
6137039	1
33042558	1
32112806	1
6138328	1
77970259	1
7942565	1
94856671	1
35456983	1
7119263	1
66515709	1
7942459	1
26510119	1
5214606	1
66531576	1
33092125	1
7364512	1
7942563	1
38453711	1
9081081	1
26303145	1
7364876	1
20856039	1
51548528	1
7876478	1
5213539	1
32223825	1
19659418	1
7942884	1
7876124	1
26321266	1
83428586	1
77951360	1
7876929	1
7877143	1
42557018	1
6047168	1
26495305	1
6046497	1
9314072	1
32190883	1
7875448	1
38480009	1
32233301	1
26482703	1
6138171	1
32150311	1
7942956	1
92485394	1
5214440	1
9080004	1
68798247	1
6991601	1
6991668	1
28401509	1
66750282	1
6621452	1
49813384	1
6621010	1
6629127	1
6243997	1
5746005	1
94667233	1
9274093	1
6626983	1
9032131	1
6243215	1
79328052	1
6992292	1
9239264	1
72152744	1
6993227	1
6240921	1
7975772	1
6398340	1
7248840	1
92252226	1
43139304	1
6991055	1
9035871	1
13402172	1
6249405	1
6242034	1
6402525	1
9031213	1
12684442	1
30250108	1
76061213	1
6992986	1
61919042	1
6241096	1
7246501	1
61926677	1
9036091	1
78526534	1
67242207	1
43127682	1
91596245	1
7936811	1
9036417	1
91580129	1
6398886	1
28401790	1
6244520	1
6241996	1
7937118	1
6399097	1
79334631	1
7936789	1
6627660	1
6242006	1
7937042	1
54919192	1
6994751	1
6991929	1
9031332	1
70085229	1
7248978	1
68800912	1
13628928	1
9036632	1
76082394	1
7936986	1
61907914	1
9274173	1
79300684	1
9035907	1
30575017	1
6953233	1
38978064	1
53772408	1
30570190	1
7950501	1
16915757	1
16965677	1
6145468	1
38945287	1
43685310	1
7905683	1
6660245	1
7504546	1
7905270	1
5809773	1
6659182	1
7052803	1
16928803	1
6952096	1
7954280	1
5851639	1
6950655	1
65625932	1
6655703	1
9113169	1
87811214	1
5852314	1
6951114	1
6145040	1
6145020	1
79585489	1
6184739	1
6147491	1
6145386	1
7954039	1
54136831	1
16922337	1
6148331	1
21172865	1
30608976	1
23423673	1
79770069	1
7950704	1
21198627	1
21161239	1
5852258	1
5613305	1
6722606	1
5713160	1
14319399	1
5811010	1
6953081	1
6147584	1
23377562	1
5808708	1
5853867	1
23379151	1
6724741	1
5853137	1
7905447	1
19243165	1
6726236	1
7504915	1
54164410	1
7953941	1
53795948	1
6144357	1
21176542	1
38963909	1
6723905	1
5610265	1
30592852	1
37646689	1
54171479	1
21146804	1
6953302	1
7950892	1
6950129	1
5675194	1
7985747	1
6516250	1
82364821	1
9189423	1
6516898	1
34854026	1
61292607	1
7925806	1
6514567	1
26435078	1
89254478	1
6880311	1
5677990	1
67085621	1
6641278	1
9047963	1
39012044	1
98784421	1
79216533	1
11735315	1
5676660	1
40358621	1
79277517	1
6112752	1
6516536	1
23030311	1
6879509	1
6880358	1
6640383	1
6514889	1
79228729	1
33286786	1
39028131	1
34849629	1
5230186	1
26438129	1
5677458	1
6640697	1
79228730	1
9189427	1
26410710	1
11711651	1
6640825	1
34841048	1
6514456	1
82402400	1
9048668	1
71931442	1
6513833	1
39035446	1
40357367	1
98818523	1
11735737	1
52409617	1
6112094	1
18338197	1
55212555	1
18339323	1
11758047	1
7844292	1
7985552	1
9073658	1
67060970	1
6879985	1
5675653	1
6876927	1
91068750	1
9189422	1
7926376	1
23023620	1
89278698	1
52413054	1
23047191	1
33267433	1
5230316	1
68218359	1
5231346	1
9189418	1
7843810	1
6114408	1
9047979	1
9074294	1
74860152	1
6515979	1
5675344	1
6877054	1
78403558	1
9189424	1
47167092	1
7277266	1
7282715	1
61447641	1
74920415	1
7959938	1
45841410	1
6801496	1
7731204	1
40569026	1
40600648	1
61473627	1
7258934	1
6804066	1
40544091	1
7277630	1
9312441	1
67620657	1
6986287	1
7731647	1
7730392	1
86253204	1
6987581	1
7730294	1
7258817	1
7276788	1
40573445	1
57837067	1
12307268	1
20909690	1
6805370	1
7729977	1
85805918	1
38416232	1
7729771	1
6985853	1
7730927	1
7261970	1
61467418	1
6806351	1
7281404	1
9042269	1
7729807	1
7959882	1
21039464	1
7730459	1
7731255	1
7263423	1
45826710	1
35037563	1
7730427	1
83022086	1
6988824	1
7262876	1
61453489	1
45860234	1
9284323	1
9042185	1
9283469	1
6989933	1
66313286	1
7278945	1
6805909	1
7729965	1
21048435	1
20869339	1
7731818	1
66330624	1
9042112	1
6806597	1
20866724	1
9042141	1
20883472	1
5161710	1
64129381	1
35024129	1
7729886	1
7730039	1
97930435	1
6988427	1
9311402	1
7730895	1
87043938	1
20867995	1
7959643	1
57882381	1
31384641	1
7438575	1
5767355	1
6988009	1
7968220	1
66317504	1
31424754	1
7729724	1
7730237	1
18739988	1
62669103	1
6986076	1
57879042	1
45866193	1
46669671	1
9029276	1
91530042	1
59961845	1
98514481	1
5537153	1
38224168	1
9029053	1
7332638	1
6394861	1
5536759	1
37515911	1
98475568	1
62755610	1
6565454	1
7331339	1
24635666	1
7330420	1
48555336	1
97874084	1
9029495	1
31783990	1
9140281	1
47498681	1
9140690	1
17096436	1
35352670	1
86641718	1
62724495	1
6126870	1
7455717	1
6568005	1
81346601	1
46607172	1
24596486	1
7896833	1
7462747	1
7893534	1
7453069	1
5348729	1
9028737	1
9140853	1
48527091	1
95867010	1
9029477	1
84980022	1
17056129	1
6570347	1
7031829	1
46650843	1
95912932	1
60005621	1
31802094	1
62722100	1
68092701	1
5350217	1
7871525	1
47535261	1
5351137	1
91483076	1
7668776	1
6396721	1
5534170	1
70676549	1
7669018	1
7459878	1
81357826	1
7336740	1
5351479	1
91502968	1
6397521	1
6396736	1
5350631	1
70723085	1
9028252	1
44673540	1
97863404	1
7667126	1
6394507	1
7897845	1
31749700	1
24631156	1
38233150	1
9141165	1
7456697	1
6570623	1
9327745	1
9029160	1
7894495	1
7668091	1
6127036	1
97884840	1
35294400	1
5534246	1
6570564	1
7534710	1
7529320	1
6050682	1
6695750	1
7836323	1
6691312	1
6053163	1
7755565	1
7835831	1
7936319	1
57782930	1
5105043	1
37101549	1
7531003	1
37058901	1
5303347	1
6788275	1
7836267	1
7935617	1
5978690	1
31272190	1
7834059	1
5102549	1
7935619	1
57787690	1
5303664	1
9116008	1
9217394	1
5303836	1
7837084	1
57823199	1
7936229	1
7834710	1
7753393	1
17810097	1
11239301	1
11270801	1
7533775	1
7977733	1
7532535	1
7835469	1
5105061	1
6786999	1
20045957	1
7834557	1
67893697	1
5302648	1
7753872	1
7943457	1
7836614	1
83487611	1
6785559	1
7943701	1
7834718	1
9116288	1
5105060	1
5301325	1
7835049	1
69411235	1
6784588	1
7936132	1
5976432	1
5101970	1
6691331	1
6540611	1
82741621	1
7835232	1
5102420	1
6788195	1
6548914	1
6691319	1
7534095	1
5104063	1
6540112	1
5286041	1
5105070	1
7754767	1
5982886	1
9116587	1
7944400	1
67838051	1
7753512	1
76355978	1
59738754	1
6538904	1
6694666	1
7834096	1
7836399	1
93572343	1
5138235	1
5301508	1
6788247	1
11222833	1
83508756	1
7833617	1
7935877	1
7835367	1
7935897	1
7836224	1
11425897	1
65750021	1
7836945	1
59737914	1
6537489	1
5105050	1
5102395	1
5979005	1
7837128	1
7755079	1
88345930	1
69713544	1
7531390	1
7528630	1
7753402	1
17775122	1
7529663	1
57803507	1
11414420	1
25447916	1
6545316	1
17823051	1
17777831	1
7837058	1
7835639	1
7754851	1
57820377	1
11366132	1
6787542	1
6784075	1
93398890	1
11423158	1
7835434	1
5105025	1
5303080	1
6538456	1
88397260	1
69717582	1
7728994	1
9026457	1
90459428	1
7635095	1
7727791	1
57442854	1
6378067	1
7635651	1
9052703	1
6700276	1
6375367	1
9242077	1
9242229	1
6375489	1
27786199	1
9053200	1
69965376	1
6375901	1
5193966	1
18918898	1
18280582	1
60631884	1
6701864	1
30019272	1
9026189	1
7777572	1
90439007	1
69978064	1
7636217	1
18292264	1
7778610	1
7969774	1
7727583	1
9026683	1
5192562	1
69910684	1
7637486	1
79190562	1
7727825	1
57413628	1
75723095	1
60637664	1
49074428	1
7727454	1
7167428	1
69971088	1
9241480	1
75755308	1
7634825	1
7729288	1
6375021	1
40421943	1
7573871	1
34386637	1
9025733	1
30009869	1
49081129	1
5397294	1
7636375	1
90447203	1
9053340	1
7969753	1
34396916	1
7727649	1
6378469	1
6376212	1
81956647	1
84567278	1
30008374	1
18296186	1
49592414	1
9053487	1
7970209	1
6697912	1
7727587	1
7172728	1
50479312	1
84543507	1
7728607	1
18289722	1
81893838	1
57402845	1
30046649	1
57461244	1
7990419	1
50440181	1
50446152	1
7572284	1
34375109	1
34358724	1
6375786	1
6374987	1
57494676	1
5360739	1
9128186	1
7318656	1
7685088	1
51257382	1
5703598	1
6888614	1
6374010	1
5318011	1
9242691	1
52296048	1
7965697	1
45676191	1
95236797	1
6371988	1
7612347	1
9242727	1
93630296	1
93643377	1
7593700	1
6372352	1
93644503	1
95831108	1
6420211	1
7315400	1
5359300	1
6374310	1
51283199	1
42965231	1
7683760	1
95253039	1
6893164	1
7017482	1
6891798	1
6887409	1
6374121	1
32880231	1
30360443	1
54041529	1
7018908	1
6373673	1
30362162	1
6371180	1
6892958	1
9244417	1
9288135	1
6888748	1
11299621	1
42931617	1
6421903	1
57522039	1
7685048	1
9128163	1
7684456	1
7611942	1
45676308	1
6372149	1
51240646	1
7683395	1
93649414	1
6422088	1
6371884	1
7683887	1
17434368	1
7966278	1
7965567	1
5313230	1
11309306	1
19526751	1
6893311	1
6887961	1
30386673	1
6420800	1
7683632	1
45698487	1
5359237	1
6890062	1
17446287	1
54083149	1
9127830	1
29121658	1
5317506	1
73184846	1
5361353	1
5702612	1
34504564	1
34511394	1
73128116	1
7686149	1
5314532	1
6374381	1
11295149	1
9287091	1
34714845	1
7594611	1
7589098	1
7683456	1
5328306	1
32983812	1
69652195	1
94056227	1
9014189	1
69634190	1
81465063	1
6684930	1
9124781	1
58573842	1
83840845	1
5133508	1
81471760	1
5539040	1
21951551	1
5539502	1
58029344	1
33406565	1
33026923	1
58027488	1
33401440	1
68229955	1
42390440	1
24482202	1
7223967	1
5539227	1
9124468	1
6240801	1
37212905	1
9124009	1
83864848	1
21933263	1
37188301	1
5331334	1
5328513	1
5617832	1
5538168	1
69630045	1
54636504	1
6684427	1
60091879	1
5133542	1
63299329	1
5615928	1
6681016	1
86453673	1
5538871	1
6045286	1
69626337	1
5328951	1
93194245	1
5617573	1
5537985	1
33454210	1
37208772	1
47952802	1
68262401	1
5133515	1
7222203	1
5618842	1
9014186	1
7220708	1
37250691	1
47965454	1
60050462	1
7221696	1
5537680	1
58022133	1
7221830	1
81371198	1
5328369	1
5543423	1
21974930	1
81489826	1
6239983	1
63320218	1
5331011	1
29382089	1
24446624	1
5537688	1
9014376	1
9013936	1
60071561	1
63319256	1
81404054	1
32718943	1
9014033	1
58031064	1
5733298	1
86434922	1
58010257	1
5329667	1
7224288	1
9158217	1
41641775	1
5122589	1
6938255	1
5770517	1
9119709	1
90757955	1
7673732	1
70243308	1
9151474	1
47398829	1
5825985	1
50761215	1
31357522	1
6758498	1
9151062	1
70247093	1
9151176	1
5819885	1
7707414	1
5773762	1
6873667	1
7704524	1
6941325	1
7704879	1
5427653	1
6938867	1
7705550	1
6360560	1
13215358	1
7673882	1
9117754	1
28079196	1
43770153	1
6934622	1
6757275	1
33895250	1
37162606	1
7674284	1
90771047	1
37174574	1
7707721	1
13227822	1
90701435	1
6874005	1
6937619	1
5965736	1
6874568	1
10233429	1
27645721	1
6873127	1
90748181	1
33862013	1
6763549	1
7671591	1
6874200	1
45280928	1
6937011	1
6939271	1
15546747	1
9117691	1
9117147	1
27629968	1
15564901	1
50764889	1
70279056	1
70235261	1
9151740	1
6756374	1
13223699	1
5960816	1
6934348	1
74427187	1
6364397	1
5790700	1
37165162	1
74406063	1
7706453	1
74430348	1
7706115	1
9226588	1
6873893	1
7670430	1
72539704	1
7671904	1
72566097	1
6940811	1
7648780	1
37376281	1
28559817	1
7949004	1
91144249	1
5741095	1
7832424	1
11052732	1
7832730	1
7182847	1
7832313	1
43196717	1
7832100	1
26675266	1
43041687	1
43057696	1
70852841	1
5739863	1
38327545	1
14749204	1
11038111	1
7830732	1
7833174	1
99864993	1
7949140	1
70808494	1
93922475	1
9266885	1
38327717	1
43177134	1
9343732	1
5740474	1
6862307	1
5740778	1
49631840	1
6864796	1
7786943	1
55290761	1
99844487	1
6860904	1
99900796	1
68019545	1
70851744	1
7832093	1
99994433	1
43576211	1
9343851	1
6867578	1
37380840	1
68011264	1
11032845	1
68052536	1
7187013	1
43165494	1
4002829	1
93959689	1
57106210	1
7649093	1
55694706	1
19883253	1
6867905	1
26628666	1
38334986	1
38307305	1
6063835	1
7831630	1
87604726	1
43563393	1
7646752	1
6864726	1
9343194	1
6868475	1
55226075	1
6865192	1
99883856	1
7199502	1
9266940	1
6863623	1
55283523	1
7786468	1
6863362	1
7647163	1
6867265	1
9344415	1
6063069	1
70814968	1
26639310	1
99840052	1
7648725	1
43166105	1
7948809	1
7831518	1
6063466	1
9344401	1
7832341	1
87631882	1
4004611	1
9343695	1
6862698	1
91125188	1
56179261	1
5740692	1
87632832	1
7831333	1
7832124	1
7786770	1
7649065	1
37360601	1
7830901	1
26662213	1
7199179	1
7832474	1
7786939	1
37356354	1
10378982	1
7751222	1
20270952	1
7700834	1
10403724	1
7723853	1
9024619	1
7751576	1
6665687	1
7724239	1
5654405	1
85688466	1
5219843	1
5278250	1
56708924	1
26219158	1
81738428	1
5847160	1
87923670	1
47712041	1
6716994	1
20580933	1
7190112	1
7703100	1
49099753	1
75944292	1
7679815	1
7701295	1
20279932	1
9049189	1
7191363	1
75616821	1
7723700	1
7724312	1
7751028	1
84158855	1
7702400	1
5654605	1
10392410	1
7725069	1
7724212	1
7723945	1
85636446	1
14438433	1
7679915	1
20584580	1
87907097	1
7723652	1
47659769	1
7751276	1
20562575	1
7680430	1
7752922	1
7723871	1
6665571	1
7703771	1
81702697	1
26233439	1
20545454	1
5220808	1
5844587	1
7703918	1
6164682	1
7702995	1
14393020	1
6667048	1
16718927	1
81692507	1
5844745	1
7699759	1
6008618	1
6714009	1
20532154	1
44252270	1
7723960	1
81676770	1
5219792	1
6665842	1
5843708	1
7679687	1
44306089	1
87915516	1
7680618	1
6665234	1
7750895	1
5276688	1
81674078	1
71620929	1
7723927	1
6164753	1
6667330	1
6668076	1
7679078	1
6167059	1
7753023	1
7680553	1
7724908	1
9048994	1
74793563	1
74791963	1
7724374	1
7704078	1
5846984	1
6718074	1
20584619	1
7983115	1
7680076	1
7724369	1
7703178	1
47706771	1
9049256	1
33718178	1
85697529	1
7724188	1
7751003	1
74768622	1
9087870	1
7814676	1
6486368	1
25257567	1
7972721	1
5455411	1
66837408	1
7813948	1
5310452	1
78141328	1
6634290	1
6481496	1
7783857	1
7838148	1
7783833	1
5959126	1
64309885	1
6646796	1
7838929	1
7813658	1
7972295	1
78112861	1
40540891	1
5311728	1
7784221	1
17226931	1
5311423	1
38024222	1
24153361	1
7577118	1
9037929	1
7816309	1
7783599	1
66808505	1
5309240	1
7972391	1
6483805	1
77083727	1
7815879	1
73652329	1
64316983	1
5312452	1
17242057	1
5454096	1
7814291	1
80785312	1
7840369	1
6649679	1
7957622	1
6475480	1
5453569	1
5430168	1
64339072	1
51004017	1
6648435	1
7783915	1
59693266	1
6485374	1
9037309	1
5310985	1
7784542	1
7816528	1
77064857	1
7780295	1
65579086	1
7815236	1
5309790	1
5309752	1
7814543	1
5311846	1
7957659	1
6634413	1
5312106	1
6478805	1
7784532	1
9037163	1
65615030	1
7816165	1
7483983	1
7488771	1
40525548	1
7815442	1
40525122	1
40495938	1
7576338	1
7815656	1
7839140	1
6650129	1
6476475	1
6483896	1
5429698	1
6485431	1
7972869	1
7816508	1
7815143	1
7576335	1
66816816	1
5309307	1
9088482	1
5453397	1
5452783	1
9038026	1
7972782	1
7956992	1
7840263	1
6650749	1
7837814	1
6481081	1
7838472	1
5453878	1
7814887	1
38051959	1
14702513	1
7815406	1
65558248	1
6646681	1
7838199	1
77062151	1
69844231	1
7784572	1
7783804	1
7397906	1
71110867	1
7783812	1
5310899	1
7661473	1
7928450	1
12238397	1
52968696	1
7940764	1
25515844	1
16399700	1
98692203	1
7322101	1
98677751	1
7725910	1
7940675	1
7727097	1
21260582	1
6139701	1
16674311	1
7964916	1
7662472	1
7725758	1
7931231	1
25480997	1
7726264	1
6531416	1
7930524	1
12223118	1
7726825	1
37924422	1
37993745	1
7726985	1
7940925	1
7940401	1
7940850	1
25525831	1
5875554	1
16378873	1
45881263	1
7725659	1
6534840	1
5877376	1
7661563	1
45891289	1
7726136	1
7965177	1
7726438	1
6143855	1
7662880	1
9285753	1
9136349	1
6059391	1
7931187	1
5284213	1
7956330	1
6055276	1
6535230	1
7964823	1
6060772	1
9136070	1
57712756	1
98684231	1
32312837	1
16395957	1
7927699	1
64622322	1
7931374	1
5876802	1
7919604	1
16060891	1
9074664	1
29703839	1
7927725	1
6139094	1
7956247	1
7956280	1
6140046	1
7920922	1
16388169	1
5708387	1
6059046	1
7956759	1
7725955	1
9285812	1
91246646	1
7940918	1
37926491	1
6531860	1
45939787	1
98199347	1
9136358	1
7927861	1
5626147	1
98689608	1
6139551	1
5706042	1
7928442	1
9285202	1
7940971	1
7726621	1
6059195	1
7940464	1
7725679	1
7920884	1
7726046	1
7662891	1
7931228	1
6140171	1
6139504	1
6533426	1
7726664	1
5875813	1
9136045	1
7726624	1
7965173	1
45934113	1
12242872	1
12262208	1
5284864	1
5879872	1
64650301	1
29721738	1
7726267	1
7940676	1
6141439	1
7660129	1
7940989	1
64644931	1
98190360	1
7941298	1
9075423	1
98215865	1
6533718	1
6913552	1
13009812	1
6753721	1
9076578	1
7725252	1
7958619	1
10580556	1
7078042	1
7862618	1
18156786	1
5875109	1
10570924	1
7907740	1
7903744	1
87070892	1
6749422	1
6922216	1
80459302	1
9075585	1
20658721	1
6751756	1
6618826	1
21878763	1
7865278	1
6916786	1
7085693	1
6922546	1
87099050	1
5490099	1
74227717	1
90382452	1
5873165	1
7883554	1
7087382	1
80429400	1
6920698	1
7077833	1
7886648	1
9002891	1
74083483	1
23738969	1
6970046	1
58682279	1
6916297	1
7633990	1
7884395	1
6915013	1
7088766	1
5871355	1
7632764	1
6971073	1
7958153	1
58646965	1
7725456	1
7633764	1
7903675	1
10510316	1
7957941	1
6974809	1
7908263	1
5906518	1
7725303	1
74181995	1
93001196	1
18152476	1
7885682	1
9076165	1
18109798	1
5872053	1
7958592	1
5269803	1
5493810	1
6614590	1
5872380	1
10527981	1
7631533	1
7725461	1
58648846	1
7957902	1
13032855	1
7631459	1
9076565	1
80150848	1
7958605	1
6922368	1
6615105	1
6971907	1
5492234	1
23727714	1
7086372	1
12985225	1
6922116	1
6919943	1
6755030	1
7884578	1
7090216	1
87114986	1
40800550	1
94988965	1
5263584	1
15652084	1
50113877	1
6000252	1
53259752	1
52434937	1
75515941	1
63838312	1
75539207	1
6002336	1
9325738	1
6032690	1
6854213	1
7609440	1
9324882	1
7651210	1
6599105	1
15602479	1
6600643	1
63838027	1
6001923	1
7607527	1
9326069	1
53264877	1
6856750	1
6592119	1
6600407	1
37013667	1
52431711	1
52476030	1
6030089	1
70965347	1
97265614	1
63814324	1
9330371	1
53265245	1
6598632	1
15957746	1
59202703	1
6593046	1
9326319	1
70807025	1
15967044	1
6026694	1
5837333	1
94976247	1
36974175	1
6030244	1
6858600	1
5629266	1
53279852	1
50070136	1
75507621	1
9331279	1
37448728	1
71024135	1
9325657	1
7245708	1
52423640	1
6852121	1
95962309	1
5632451	1
6858286	1
53281927	1
75488924	1
6852553	1
6600270	1
6592939	1
74729369	1
6590702	1
6853848	1
5631968	1
9331193	1
6000304	1
7241476	1
6600887	1
15983047	1
18197339	1
40140842	1
9326409	1
9325829	1
6002721	1
5262506	1
75513121	1
6000046	1
15980825	1
5839382	1
74726779	1
15648928	1
6001421	1
7651979	1
7650460	1
6591417	1
30727507	1
7649416	1
82089036	1
64564100	1
70802025	1
37446536	1
6852828	1
6854219	1
82116431	1
6592060	1
7242559	1
5632347	1
85103339	1
7663748	1
9054031	1
81091760	1
9085794	1
38780761	1
7664793	1
48473726	1
6943986	1
81095422	1
27557928	1
44157617	1
5522806	1
9050409	1
7343416	1
47225369	1
29858845	1
5782187	1
40659205	1
80860082	1
6071557	1
7855724	1
93701622	1
9085590	1
51997715	1
9277596	1
5604891	1
85107453	1
44145786	1
7973397	1
7857226	1
7856930	1
7295784	1
7663524	1
95585222	1
6942912	1
5609384	1
47262826	1
38745096	1
40641765	1
7296209	1
9050241	1
82690127	1
44137654	1
5523076	1
6944170	1
80629833	1
85044487	1
7856323	1
95622689	1
38760524	1
38727232	1
52006685	1
81113243	1
5605633	1
68340600	1
7973000	1
5780736	1
80838611	1
6943882	1
51858108	1
7973434	1
9053985	1
5608834	1
7664228	1
16104290	1
68330625	1
68310424	1
7290214	1
23901948	1
6942703	1
9278859	1
29870745	1
68352128	1
6944290	1
9054404	1
40646390	1
7856714	1
5782223	1
80660904	1
80902554	1
6943037	1
16098900	1
51996641	1
23931853	1
7855262	1
5608906	1
68360623	1
95575363	1
51870799	1
5606993	1
5525099	1
6523779	1
12580760	1
28521435	1
7111382	1
7100299	1
7110429	1
6872365	1
15498943	1
31986868	1
16881408	1
7008623	1
7106095	1
9094109	1
32584755	1
9156267	1
7306370	1
7110583	1
31987501	1
37733085	1
5524149	1
15460455	1
9004853	1
7110780	1
7098517	1
7107546	1
31186320	1
5526803	1
7110982	1
74058154	1
7310255	1
5524041	1
7110370	1
7136695	1
34650018	1
9051610	1
7106966	1
9156529	1
7107390	1
6116431	1
12576146	1
9157044	1
7106081	1
86176707	1
9051070	1
9005842	1
7985038	1
86216290	1
7006940	1
6871841	1
34656005	1
19326501	1
9155174	1
7984599	1
6872420	1
7100431	1
16863597	1
7106775	1
12562056	1
85264915	1
7984619	1
28484222	1
5525629	1
32560343	1
7312864	1
25024620	1
6872166	1
6522396	1
9156829	1
7108505	1
7107951	1
40931846	1
25067796	1
19351721	1
6523114	1
9004855	1
9093230	1
7307639	1
32552149	1
19319315	1
23260140	1
7100313	1
6523091	1
28465319	1
6868842	1
31994728	1
19347068	1
7111897	1
15470701	1
7984508	1
7009146	1
84621613	1
5523449	1
7100307	1
40969792	1
7105877	1
34646386	1
7137043	1
6521463	1
23666537	1
36928473	1
6870077	1
7093741	1
7099114	1
31157299	1
9050974	1
40920255	1
7109297	1
6872335	1
23225834	1
7105662	1
5524185	1
5523828	1
7004682	1
6521004	1
7009748	1
6115216	1
25062516	1
6882252	1
64779203	1
7954519	1
7918146	1
6278951	1
9322387	1
99304628	1
98719001	1
5348197	1
6887085	1
7974019	1
55499366	1
7954452	1
84765508	1
27306176	1
7912472	1
5346944	1
16202680	1
7912546	1
24104185	1
5674824	1
7912500	1
7951219	1
77496649	1
7912693	1
6625343	1
24106359	1
6270507	1
5509736	1
27313805	1
7951441	1
6883900	1
7918232	1
6882233	1
7974517	1
7912649	1
9254861	1
6608016	1
86473663	1
5509734	1
64179572	1
7918143	1
6626492	1
24081803	1
7912657	1
7918231	1
6276964	1
28242139	1
5509733	1
7912557	1
6625865	1
72231174	1
6608228	1
7912604	1
98642073	1
7912698	1
9308624	1
7954839	1
7954817	1
7954424	1
9006301	1
7256147	1
7951435	1
6885538	1
9008045	1
64771885	1
7974219	1
7912692	1
66947811	1
5346376	1
84804113	1
9006176	1
7255955	1
48399150	1
24086909	1
7912459	1
5509738	1
72258927	1
6043209	1
9321439	1
5405686	1
6884077	1
16171215	1
16172833	1
64215721	1
18635287	1
9322583	1
7257540	1
28239735	1
7912545	1
77479489	1
6885828	1
84771800	1
6277190	1
7998372	1
7878858	1
9337019	1
61012603	1
7879242	1
61053754	1
6080223	1
9334472	1
11443719	1
42455719	1
11451127	1
6077771	1
23989364	1
31715825	1
55635903	1
68498939	1
11485182	1
6172224	1
28855128	1
6081115	1
6976251	1
11975607	1
7251883	1
85854182	1
6975476	1
21137781	1
11474796	1
85926770	1
6433074	1
6978749	1
11479474	1
6977483	1
78744729	1
9001127	1
9262548	1
28875784	1
5481880	1
5484936	1
6975836	1
9337792	1
7881050	1
6977939	1
7253671	1
31729467	1
7250990	1
11926516	1
5479578	1
6170206	1
6977838	1
68481153	1
7882269	1
7879463	1
53665456	1
42458484	1
9334695	1
67142637	1
9336571	1
25172864	1
63095346	1
6433384	1
96861651	1
9079355	1
6170710	1
7252745	1
7998063	1
81007431	1
7249939	1
78709822	1
68485993	1
24409874	1
7998541	1
23949735	1
9337135	1
5480476	1
6077561	1
42764094	1
53659903	1
28840020	1
5484014	1
28845357	1
5479793	1
7881027	1
6078660	1
7250947	1
7013258	1
31720667	1
9078795	1
6980597	1
42443187	1
54774090	1
85853691	1
54783577	1
6077866	1
63080948	1
6433196	1
28819926	1
9337328	1
7882824	1
61056280	1
9000941	1
25189919	1
9001082	1
6171880	1
55642597	1
25189829	1
9001615	1
5480137	1
6980598	1
9129706	1
7849375	1
76003114	1
26380992	1
11611368	1
7921318	1
9142150	1
14215156	1
11108881	1
11576254	1
11604890	1
58218325	1
7618982	1
11078347	1
6819119	1
99174879	1
72323195	1
6997706	1
99198285	1
62084912	1
7579103	1
9345702	1
11629805	1
7916061	1
9345722	1
12802936	1
9129715	1
9346086	1
7619177	1
26136155	1
7615400	1
9345698	1
9346089	1
9141893	1
91933113	1
11090011	1
5798699	1
7915886	1
12814039	1
9141262	1
7921322	1
9346072	1
53915669	1
88213729	1
7850528	1
6996149	1
88221846	1
7916327	1
5799302	1
6814137	1
6996322	1
9345074	1
7921261	1
89080833	1
9346088	1
46097378	1
7850587	1
7921519	1
62070782	1
7617346	1
9141484	1
75988234	1
62080486	1
5709657	1
7000891	1
9345692	1
9345714	1
26148000	1
25737918	1
46078025	1
86841725	1
97450335	1
6999801	1
9346111	1
9107403	1
96603034	1
84353664	1
26375457	1
9324299	1
7921235	1
9345542	1
7921290	1
7921388	1
5709878	1
80017159	1
7921230	1
7851117	1
53947014	1
7921518	1
25744370	1
9344777	1
7001417	1
27697272	1
6996455	1
7921364	1
11086680	1
9130330	1
5801983	1
5801857	1
7921473	1
6998562	1
7578318	1
7921276	1
9345697	1
6813535	1
76046163	1
7915889	1
7618695	1
83185274	1
7921260	1
9130541	1
9346093	1
53944847	1
26157731	1
46071405	1
86794576	1
27690928	1
7915896	1
6996372	1
9153326	1
7921316	1
25696736	1
25681336	1
7921359	1
7921490	1
9345713	1
7921495	1
62069474	1
9098228	1
62526921	1
6339787	1
5274006	1
6676412	1
6633583	1
17735933	1
66106114	1
5923805	1
5925372	1
5862349	1
5929671	1
17733073	1
5930334	1
9246610	1
70916865	1
70951123	1
7622841	1
7971925	1
5319736	1
6383576	1
9248127	1
6382987	1
66119874	1
93498417	1
6632223	1
7910954	1
67485693	1
7622829	1
5923708	1
7621277	1
6630786	1
64955351	1
57231970	1
42154779	1
5318646	1
5322760	1
7912741	1
7912796	1
5922823	1
5318688	1
7625554	1
19942248	1
7624085	1
5318668	1
6499143	1
81250889	1
5271718	1
7620879	1
93532607	1
6384628	1
5321143	1
7912936	1
6382757	1
6499688	1
5924881	1
93504586	1
5318747	1
6632079	1
7227672	1
66107227	1
5271843	1
15736634	1
7971539	1
9098414	1
5930601	1
6383044	1
67489761	1
6385799	1
7910833	1
5321043	1
7625634	1
7913108	1
5864475	1
7912763	1
15758788	1
5324143	1
9044767	1
5924727	1
9247031	1
7225810	1
6631583	1
7224447	1
5924611	1
6340830	1
66131483	1
6341733	1
6384833	1
9044169	1
5863651	1
44434234	1
9076694	1
5321284	1
70891544	1
6383703	1
5924990	1
5925432	1
7228470	1
9076651	1
9246773	1
7987877	1
52826392	1
5174698	1
5936571	1
15092200	1
61231099	1
9301054	1
7376973	1
9299806	1
7463508	1
7378166	1
94482821	1
9003869	1
6954891	1
61209361	1
7214483	1
94482892	1
97980086	1
52811133	1
6955005	1
29808753	1
61279492	1
71336851	1
9004477	1
6176414	1
6526211	1
7852502	1
6827588	1
94446031	1
7710776	1
9300612	1
6017599	1
98041417	1
9150195	1
5175303	1
7852522	1
7708351	1
6528883	1
82959622	1
6015173	1
7472194	1
9299644	1
37273209	1
9004519	1
7643989	1
61268014	1
6176482	1
57573250	1
7658238	1
5258853	1
5936548	1
5162351	1
7659471	1
6529284	1
5936546	1
5935287	1
5936578	1
5174308	1
7463816	1
5936541	1
5936539	1
9300367	1
7987558	1
6174590	1
6016175	1
6955989	1
6526978	1
9043770	1
7474255	1
6685548	1
6958091	1
7711113	1
15095783	1
52805372	1
6956513	1
9004562	1
7644128	1
7642556	1
5934563	1
9004315	1
6526660	1
45034196	1
7643303	1
9150253	1
6954883	1
37321076	1
61213519	1
6459933	1
7852190	1
42187955	1
76810349	1
6019706	1
9070291	1
6957330	1
5936545	1
9072265	1
9070113	1
75779936	1
7659758	1
7851856	1
5256675	1
6529717	1
71214104	1
5162362	1
5175207	1
5256674	1
9003848	1
5600637	1
58298218	1
6084506	1
22661562	1
6099461	1
7411028	1
15405073	1
6100644	1
6082741	1
69210817	1
88968204	1
26890996	1
5689226	1
74999345	1
7408172	1
20593825	1
6085361	1
25814402	1
5806957	1
5808292	1
15369791	1
90693339	1
5806283	1
5591034	1
7916935	1
20615943	1
25757648	1
26859340	1
7407858	1
5689785	1
80375383	1
9104140	1
29048076	1
7916928	1
6082524	1
15388838	1
5805777	1
6810154	1
25791227	1
43362117	1
33388875	1
7409149	1
5807103	1
5806622	1
7916521	1
25532911	1
6086001	1
6808728	1
5806685	1
9011130	1
20594658	1
9109839	1
25556903	1
6808342	1
7916812	1
69237506	1
41878596	1
9109390	1
90667113	1
5591022	1
49911077	1
49844488	1
6807880	1
49866839	1
5808190	1
5602091	1
5807230	1
81647291	1
6807258	1
5602286	1
25785543	1
58295593	1
74527282	1
7407110	1
7916921	1
6809229	1
74588191	1
9011214	1
52141539	1
74975163	1
25810368	1
81613565	1
12936577	1
5591023	1
9104590	1
6088560	1
52236132	1
6083121	1
6811602	1
49890699	1
25582575	1
6812266	1
74993907	1
81667485	1
22700024	1
29098060	1
7408330	1
6984306	1
19952038	1
6981953	1
7847821	1
24671758	1
97566252	1
5870964	1
7847308	1
90548695	1
89525421	1
20731206	1
20789829	1
6982879	1
9066033	1
7813069	1
88607363	1
20779413	1
6556979	1
19169271	1
60725073	1
7568007	1
6554242	1
29561775	1
62326766	1
7811403	1
7811898	1
6983249	1
7810898	1
6555119	1
6983410	1
7675904	1
19986662	1
24712578	1
9290846	1
30271859	1
24649164	1
90617902	1
7301515	1
6982155	1
6983013	1
82917639	1
7298504	1
19997146	1
90549708	1
7677441	1
7812515	1
7812755	1
61418147	1
97517342	1
91788518	1
9290895	1
20771882	1
9064605	1
7811348	1
9066073	1
24705257	1
7300484	1
7676252	1
6981335	1
7811130	1
61360916	1
7848007	1
6554065	1
7304779	1
7813406	1
61391922	1
5867091	1
24687097	1
29610062	1
6982477	1
6982725	1
56516901	1
29573565	1
7676905	1
73557741	1
30298770	1
6981736	1
19148034	1
29570738	1
6551621	1
7305132	1
5867779	1
7812342	1
91791907	1
7811281	1
29543457	1
6985678	1
42315403	1
5870889	1
30293871	1
7810661	1
6982699	1
82886595	1
7913875	1
7298832	1
7676170	1
6555327	1
61416163	1
7300161	1
9065087	1
6902055	1
6899253	1
44349191	1
7734178	1
35223644	1
6895832	1
44318441	1
6902555	1
7732487	1
7733065	1
24074110	1
6354659	1
97007383	1
28786536	1
5559932	1
6797742	1
5793877	1
48732702	1
99739019	1
5796054	1
5560467	1
6353878	1
9212443	1
5847916	1
5795352	1
53055636	1
7733224	1
27992788	1
5849604	1
9091156	1
31885097	1
14525812	1
7732774	1
31935059	1
97053125	1
44389562	1
9191031	1
5559350	1
5794289	1
7733662	1
5559549	1
31901722	1
7732758	1
31944810	1
48763717	1
9211521	1
13177569	1
53065324	1
6352000	1
77177271	1
5560050	1
86059504	1
7732307	1
7732138	1
5849609	1
7955328	1
6799407	1
6794990	1
5558909	1
5849464	1
9294443	1
5561082	1
5561032	1
5561642	1
6355006	1
7733647	1
5849585	1
5849587	1
7732563	1
6903068	1
7656739	1
5794530	1
7656304	1
5560378	1
5794859	1
5795728	1
7907520	1
7731988	1
6352149	1
97055065	1
7655615	1
5849610	1
6898158	1
7656964	1
97006814	1
54906813	1
6798803	1
64866010	1
7656266	1
5849590	1
5561453	1
53019674	1
5560696	1
6354380	1
6800109	1
6902410	1
5849611	1
7732730	1
56956170	1
9191442	1
7733253	1
7733138	1
56934783	1
28799599	1
64868867	1
7656583	1
5794160	1
6901276	1
14558472	1
7733565	1
7734560	1
5793470	1
64837177	1
7734417	1
7655817	1
9293831	1
84349285	1
54403707	1
10122837	1
5548484	1
53515135	1
7908508	1
75295957	1
18516922	1
7694988	1
30139234	1
5185196	1
7859207	1
7693520	1
96176505	1
29433221	1
6370837	1
6367562	1
7858975	1
6367717	1
6370767	1
6772848	1
83812723	1
17280445	1
10988440	1
7695775	1
9318568	1
10975477	1
64472185	1
77393836	1
33982281	1
10087348	1
48718021	1
29455947	1
7693957	1
17288141	1
9088958	1
18482577	1
5545109	1
33993985	1
54437949	1
7694583	1
5175586	1
6767258	1
75262089	1
64508613	1
10090691	1
25848200	1
75259105	1
7695938	1
10979482	1
7995553	1
18488159	1
7695916	1
6369024	1
7859633	1
6370328	1
7693479	1
6369472	1
5547952	1
7693622	1
5940692	1
48658270	1
5186045	1
6573449	1
5830628	1
5185268	1
96223646	1
49375938	1
7641090	1
6369528	1
7994959	1
5182866	1
5545925	1
7861500	1
6369069	1
48707014	1
10125591	1
64465755	1
5547190	1
9319443	1
56584244	1
5545494	1
5836091	1
7642324	1
5937769	1
6370533	1
18522692	1
7693421	1
15052235	1
6370505	1
9318263	1
92706715	1
7693883	1
53414972	1
29413054	1
48717001	1
7642087	1
5546500	1
6370215	1
83789111	1
5548449	1
10100029	1
6369227	1
64515460	1
77337556	1
5548028	1
9038237	1
5900571	1
38202176	1
9039251	1
6182505	1
7933706	1
5232592	1
5727813	1
6833276	1
6221950	1
48207921	1
6217289	1
7800087	1
96068132	1
5727899	1
6180342	1
5234143	1
95544143	1
7799673	1
5742478	1
15677793	1
7933786	1
91742063	1
61652478	1
72855387	1
13590798	1
48189318	1
7800363	1
7800072	1
26787443	1
48152240	1
5901704	1
85186602	1
7799441	1
48153066	1
6837667	1
15713848	1
65886222	1
6223459	1
72110009	1
43659166	1
5728623	1
13582192	1
7800342	1
5727096	1
13587740	1
61619652	1
7799828	1
6833746	1
5728037	1
5417230	1
95499150	1
5411826	1
5741782	1
7955856	1
7800652	1
36847976	1
7799621	1
6177737	1
7955617	1
7933419	1
61855759	1
5742004	1
7934025	1
6179454	1
7934215	1
9271400	1
13551672	1
6180255	1
9039049	1
9210701	1
7955871	1
9196033	1
5237062	1
7975323	1
7975121	1
85230768	1
6178700	1
6842191	1
7999114	1
5899717	1
13567698	1
60884151	1
6833388	1
7800064	1
9110015	1
38157398	1
7800673	1
5416923	1
6829864	1
96017860	1
6830465	1
9038329	1
6290713	1
31612924	1
6290480	1
31861491	1
5377444	1
6214721	1
7952449	1
88827209	1
7952008	1
5374114	1
7959044	1
47075558	1
7120411	1
7697025	1
7273397	1
5373082	1
20934210	1
47109080	1
7739379	1
65833764	1
35741908	1
7698185	1
7740806	1
6155993	1
83751548	1
57064194	1
98085073	1
31813429	1
65208962	1
7740366	1
6285199	1
78865516	1
7698027	1
6208603	1
7696195	1
9306238	1
7738256	1
6157509	1
73319510	1
5377525	1
13290251	1
13259456	1
53182537	1
7738954	1
7274584	1
17585225	1
9306142	1
89191322	1
6154552	1
52615613	1
57066831	1
13321485	1
20980192	1
76163219	1
59925895	1
7740952	1
7270559	1
7741376	1
43257070	1
29528446	1
7122841	1
6158506	1
31645850	1
17578824	1
7274397	1
65789403	1
35757852	1
31862979	1
65196443	1
7740097	1
52630671	1
9110856	1
6215833	1
43264182	1
7959296	1
6281275	1
6154046	1
7123030	1
7120724	1
7697333	1
6156465	1
57070669	1
9204036	1
7740878	1
6215435	1
9203036	1
7739327	1
7951969	1
33227727	1
7740534	1
31616423	1
6287028	1
7696530	1
6294857	1
83709134	1
31641390	1
83745968	1
31593826	1
88826139	1
