7929048	[1, [0.030795966663265562, 0.96920403333673444]]
7205881	[1, [0.035116739845355349, 0.96488326015464465]]
7906389	[1, [0.025130012029114912, 0.97486998797088509]]
5564079	[1, [0.01097629164180336, 0.98902370835819664]]
7906392	[1, [0.01069137852427271, 0.98930862147572729]]
7906654	[1, [0.015070398750026248, 0.98492960124997375]]
7939417	[1, [0.035269111972619061, 0.96473088802738094]]
7939914	[1, [0.00065263931173087375, 0.99934736068826913]]
7760797	[1, [0.021658647235387463, 0.97834135276461254]]
7906383	[1, [0.0058311702787954278, 0.99416882972120457]]
7206642	[1, [0.012111433515149317, 0.98788856648485068]]
5974879	[1, [0.014112734879831668, 0.98588726512016833]]
5974821	[1, [0.0023351967054593414, 0.99766480329454066]]
6109361	[1, [0.0030125467802886163, 0.99698745321971138]]
5475969	[1, [0.045770737114415594, 0.95422926288558441]]
5972078	[1, [0.00044334664242684507, 0.99955665335757315]]
18051093	[1, [0.032406824792537758, 0.96759317520746224]]
5635497	[1, [0.0001147273420958328, 0.99988527265790417]]
5633554	[1, [0.0038317104266942792, 0.99616828957330572]]
7784975	[1, [0.016469577355484599, 0.9835304226445154]]
5634215	[1, [0.0039209671480461283, 0.99607903285195387]]
5634313	[1, [0.019355814697004869, 0.98064418530299513]]
5633426	[1, [0.00036260612344563015, 0.99963739387655437]]
5635908	[1, [0.0046351478048979322, 0.99536485219510207]]
5634220	[1, [0.0055842969969234213, 0.99441570300307658]]
5633089	[1, [0.0036920376246082354, 0.99630796237539176]]
6196760	[1, [0.037121635783062046, 0.96287836421693795]]
7787501	[1, [0.036264995145295464, 0.96373500485470454]]
7605281	[1, [0.021667536536567833, 0.97833246346343217]]
6910418	[1, [0.037270429227486357, 0.96272957077251364]]
7795975	[1, [0.0016830833093945952, 0.9983169166906054]]
7927388	[1, [0.043104720996084422, 0.95689527900391558]]
7927413	[1, [0.0086551019920539929, 0.99134489800794601]]
7926650	[1, [0.030795966663265562, 0.96920403333673444]]
7982185	[1, [0.034422994236860238, 0.96557700576313976]]
7981916	[1, [0.034338640436137213, 0.96566135956386279]]
6652157	[1, [0.045370727149152246, 0.95462927285084775]]
7796013	[1, [0.015588954479807238, 0.98441104552019276]]
5115868	[1, [0.0060982383086809477, 0.99390176169131905]]
7902538	[1, [0.037407212930279155, 0.96259278706972085]]
6776607	[1, [0.031699805720237784, 0.96830019427976222]]
7688354	[1, [0.021953529037190389, 0.97804647096280961]]
7688381	[1, [0.020322016311985824, 0.97967798368801418]]
5241126	[1, [0.027210312622393928, 0.97278968737760607]]
7809205	[1, [0.021583245342990498, 0.9784167546570095]]
56890307	[1, [0.031276807854346389, 0.96872319214565361]]
5240984	[1, [0.022026941397133237, 0.97797305860286676]]
7937756	[1, [0.00045707463779065538, 0.99954292536220934]]
7937486	[1, [0.026359865211720956, 0.97364013478827904]]
7689618	[1, [0.031987587183758603, 0.9680124128162414]]
7677906	[1, [0.02460813301323328, 0.97539186698676672]]
7689163	[1, [0.040067565092240964, 0.95993243490775904]]
7678812	[1, [0.036714974073492557, 0.96328502592650744]]
5637551	[1, [0.03606884177140568, 0.96393115822859432]]
5647523	[1, [0.04179493763121811, 0.95820506236878189]]
5929336	[1, [0.011735622083313246, 0.98826437791668675]]
5681933	[1, [0.0090863318173973751, 0.99091366818260262]]
5679009	[1, [0.00049091576953530502, 0.99950908423046469]]
5679165	[1, [0.019355814697004869, 0.98064418530299513]]
7735330	[1, [0.00039799462182588119, 0.99960200537817412]]
7431851	[1, [0.044951725831630096, 0.9550482741683699]]
5681883	[1, [0.00060760014169169985, 0.9993923998583083]]
5637800	[1, [0.0088136696046950957, 0.9911863303953049]]
5681672	[1, [0.019455569339496659, 0.98054443066050334]]
7428455	[1, [0.0408839705159878, 0.9591160294840122]]
7144653	[1, [0.0092767051547173462, 0.99072329484528265]]
5679224	[1, [0.00036270016951922557, 0.99963729983048077]]
7950042	[1, [0.012675449842232456, 0.98732455015776754]]
6389620	[1, [0.0034150893286946093, 0.99658491067130539]]
5881270	[1, [0.00078067185211161405, 0.99921932814788839]]
6391459	[1, [0.002092399525926103, 0.9979076004740739]]
6449276	[1, [0.0019461878113394837, 0.99805381218866052]]
6390781	[1, [0.0092757755019974297, 0.99072422449800257]]
6392432	[1, [0.0088889888018425234, 0.99111101119815748]]
7129460	[1, [0.0026284139855754507, 0.99737158601442455]]
7952792	[1, [0.027485006323602401, 0.9725149936763976]]
5882847	[1, [0.00019197222845290796, 0.99980802777154709]]
6392347	[1, [0.0087944845929206483, 0.99120551540707935]]
7949885	[1, [0.020270318387256792, 0.97972968161274321]]
6452244	[1, [0.0029292162198149008, 0.9970707837801851]]
6451101	[1, [0.024911452365311448, 0.97508854763468855]]
6391306	[1, [0.032253789202082994, 0.96774621079791701]]
7953379	[1, [0.015252705354295015, 0.98474729464570498]]
6386360	[1, [0.0072907323806420399, 0.99270926761935796]]
6389954	[1, [0.037673294449582007, 0.96232670555041799]]
6390380	[1, [0.033179750355720738, 0.96682024964427926]]
7950101	[1, [0.012526993584128343, 0.98747300641587166]]
6393386	[1, [0.0023494044301610728, 0.99765059556983893]]
6390572	[1, [0.021592041511165561, 0.97840795848883444]]
34098699	[1, [0.018220107989333822, 0.98177989201066618]]
5715921	[1, [0.013571129764670897, 0.9864288702353291]]
5719227	[1, [0.0020978030844500672, 0.99790219691554993]]
7806102	[1, [0.0048059387525324349, 0.99519406124746757]]
7690504	[1, [0.027672284831888105, 0.97232771516811189]]
5715465	[1, [0.0034867473670121552, 0.99651325263298784]]
59106549	[1, [0.035129793561895162, 0.96487020643810484]]
5719451	[1, [0.0023800726041749432, 0.99761992739582506]]
5716129	[1, [0.0052478282320950198, 0.99475217176790498]]
5715577	[1, [0.00026175353779012145, 0.99973824646220988]]
5716164	[1, [0.037628209865174234, 0.96237179013482577]]
6427928	[1, [0.00010557261852539579, 0.9998944273814746]]
5717816	[1, [0.004049720815035851, 0.99595027918496415]]
5719804	[1, [0.0058492685076715345, 0.99415073149232847]]
5718849	[1, [0.00048424037518723928, 0.99951575962481276]]
5714879	[1, [0.00043016516018545836, 0.99956983483981454]]
21744644	[1, [0.037757260770540202, 0.9622427392294598]]
5715786	[1, [0.0031245042149558033, 0.9968754957850442]]
7607253	[1, [0.010248552663905564, 0.98975144733609444]]
9331227	[1, [0.034763912248265694, 0.96523608775173431]]
5630380	[1, [0.0042295154336521312, 0.99577048456634787]]
5629712	[1, [0.019849469236353556, 0.98015053076364644]]
7827839	[1, [0.047411455882240272, 0.95258854411775973]]
5575768	[1, [0.0037074765739689708, 0.99629252342603103]]
7114800	[1, [0.018556777896574173, 0.98144322210342583]]
7115764	[1, [0.00044846304981038809, 0.99955153695018961]]
6228793	[1, [0.0025359924855402616, 0.99746400751445974]]
6228721	[1, [0.017795219577885546, 0.98220478042211445]]
6118520	[1, [0.0009916119024566683, 0.99900838809754333]]
7111572	[1, [0.022446172488104432, 0.97755382751189557]]
7137213	[1, [0.039068033712850836, 0.96093196628714916]]
5608186	[1, [0.0021659237560999189, 0.99783407624390008]]
6068710	[1, [0.0017926333442250808, 0.99820736665577492]]
5784513	[1, [0.0079208186743915387, 0.99207918132560846]]
7973471	[1, [0.0066435217268113744, 0.99335647827318863]]
6067821	[1, [0.0044576606077004755, 0.99554233939229952]]
6069694	[1, [0.0023264798157730526, 0.99767352018422695]]
5510736	[1, [0.033278620795883396, 0.9667213792041166]]
7973518	[1, [0.044479420202256592, 0.95552057979774341]]
5523076	[1, [0.0085776602346937514, 0.99142233976530625]]
5606079	[1, [0.0093012540502787067, 0.99069874594972129]]
9007483	[1, [0.028230479757836768, 0.97176952024216323]]
7931991	[1, [0.035810645222216442, 0.96418935477778356]]
6076233	[1, [0.0025831617924932937, 0.99741683820750671]]
6447195	[1, [0.019292890766433368, 0.98070710923356663]]
6071741	[1, [0.00093092291051000142, 0.99906907708949]]
7802778	[1, [0.018267909813169836, 0.98173209018683016]]
6445131	[1, [0.047854171122565181, 0.95214582887743482]]
7931208	[1, [0.0093098768783935748, 0.99069012312160643]]
7663078	[1, [0.001094650747332282, 0.99890534925266772]]
7941134	[1, [0.00040271464572305682, 0.99959728535427694]]
7965079	[1, [0.026086641199014049, 0.97391335880098595]]
9075311	[1, [0.00042786489036994446, 0.99957213510963006]]
7928443	[1, [0.032660650589131368, 0.96733934941086863]]
7956818	[1, [0.037967692699582556, 0.96203230730041744]]
7964912	[1, [0.013500894807174979, 0.98649910519282502]]
5708611	[1, [0.022443286006388341, 0.97755671399361166]]
5627494	[1, [0.048359993221846809, 0.95164000677815319]]
7662142	[1, [0.011220146601006675, 0.98877985339899332]]
7927600	[1, [0.00014470902639185379, 0.99985529097360815]]
7956152	[1, [0.014915329294231561, 0.98508467070576844]]
5628523	[1, [0.018163797200076326, 0.98183620279992367]]
5627399	[1, [0.0052762069762831709, 0.99472379302371683]]
9003637	[1, [0.037223720273342198, 0.9627762797266578]]
5875401	[1, [0.011646048888774962, 0.98835395111122504]]
5509428	[1, [0.047138934010111933, 0.95286106598988807]]
7958468	[1, [0.037565770186300029, 0.96243422981369997]]
5872087	[1, [0.0001455337518571076, 0.99985446624814289]]
5873445	[1, [0.0012425017586074061, 0.99875749824139259]]
69371430	[1, [0.021821053204774676, 0.97817894679522532]]
27261571	[1, [0.046565206120183, 0.953434793879817]]
7912357	[1, [0.0031760851088732389, 0.99682391489112676]]
5672628	[1, [0.0059267028487006712, 0.99407329715129933]]
6625469	[1, [0.017375089868622906, 0.98262491013137709]]
5674315	[1, [0.0020533279033900786, 0.99794667209660992]]
5671824	[1, [0.025087945339440143, 0.97491205466055986]]
5403691	[1, [0.023380785462749909, 0.97661921453725009]]
9008201	[1, [0.023877246982799361, 0.97612275301720064]]
7974348	[1, [0.036049103194000232, 0.96395089680599977]]
6882802	[1, [0.03342710312168351, 0.96657289687831649]]
7599088	[1, [0.010176930606169532, 0.98982306939383047]]
7597911	[1, [0.00071649064194123646, 0.99928350935805876]]
7789351	[1, [0.009144940164681703, 0.9908550598353183]]
7601753	[1, [0.041020167232072691, 0.95897983276792731]]
5668847	[1, [0.028146274070244282, 0.97185372592975572]]
5668872	[1, [0.0038317104266942792, 0.99616828957330572]]
7491007	[1, [0.037931518474101145, 0.96206848152589886]]
6164064	[1, [0.018015021242368756, 0.98198497875763124]]
7932971	[1, [0.04878374449711953, 0.95121625550288047]]
6235773	[1, [0.030085667181915854, 0.96991433281808415]]
5947908	[1, [0.0097302504192642303, 0.99026974958073577]]
6207346	[1, [0.0049674288958720947, 0.99503257110412791]]
6408471	[1, [0.0017454702938666244, 0.99825452970613338]]
5665026	[1, [0.034563073184517568, 0.96543692681548243]]
5753850	[1, [0.038688892834055411, 0.96131110716594459]]
5667047	[1, [0.0039209671480461283, 0.99607903285195387]]
6236463	[1, [0.043493693845145676, 0.95650630615485432]]
7961022	[1, [0.023894671646960686, 0.97610532835303931]]
7961316	[1, [0.0023569866553420082, 0.99764301334465799]]
6415781	[1, [0.025219324769005458, 0.97478067523099454]]
5753919	[1, [0.0054454157038603679, 0.99455458429613963]]
5667443	[1, [0.00049091576953530502, 0.99950908423046469]]
6409191	[1, [0.0028170129496412066, 0.99718298705035879]]
5667709	[1, [0.00029991249053173963, 0.99970008750946826]]
6414664	[1, [0.031940664871359714, 0.96805933512864029]]
6412280	[1, [0.006177619384283406, 0.99382238061571659]]
7960879	[1, [0.044311326969011855, 0.95568867303098815]]
6413057	[1, [0.043863945537867655, 0.95613605446213235]]
6414080	[1, [0.0020643917958378388, 0.99793560820416216]]
7979706	[1, [0.028511809835895852, 0.97148819016410415]]
7804212	[1, [0.035678523962888287, 0.96432147603711171]]
5856111	[1, [0.047838728796211316, 0.95216127120378868]]
76594211	[1, [0.039683098282847551, 0.96031690171715245]]
5855608	[1, [0.034270186829411631, 0.96572981317058837]]
7406023	[1, [0.023809008088051309, 0.97619099191194869]]
7804616	[1, [0.0048317351843365497, 0.99516826481566345]]
11631437	[1, [0.045187785132348668, 0.95481221486765133]]
7916227	[1, [0.049742307697937971, 0.95025769230206203]]
7582441	[1, [0.003469558991965549, 0.99653044100803445]]
7915972	[1, [0.013362592906866144, 0.98663740709313386]]
7916002	[1, [0.030228297139118121, 0.96977170286088188]]
7915975	[1, [0.037967692699582556, 0.96203230730041744]]
7916319	[1, [0.0069406727662073564, 0.99305932723379264]]
5232807	[1, [3.5696259281792209e-09, 0.99999999643037407]]
7934067	[1, [0.0041404952059793665, 0.99585950479402063]]
6829877	[1, [0.034562564432802589, 0.96543743556719741]]
7999684	[1, [0.028068152337071162, 0.97193184766292884]]
6180162	[1, [0.011683251216784929, 0.98831674878321507]]
5727726	[1, [0.0016578144687834362, 0.99834218553121656]]
7799487	[1, [0.0098678966732433926, 0.99013210332675661]]
6222048	[1, [0.012717481664651142, 0.98728251833534886]]
6221707	[1, [0.019626544731748297, 0.9803734552682517]]
5728996	[1, [0.028110760261772394, 0.97188923973822761]]
5743164	[1, [0.0038424205732006111, 0.99615757942679939]]
6182339	[1, [0.0216560136059748, 0.9783439863940252]]
5745653	[1, [0.0074944912797078045, 0.9925055087202922]]
5727103	[1, [0.0017050349083095329, 0.99829496509169047]]
6180695	[1, [0.027580820008403006, 0.97241917999159699]]
5742291	[1, [0.036481835019335884, 0.96351816498066412]]
5742791	[1, [0.014933185753089551, 0.98506681424691045]]
5728582	[1, [0.025219324769005458, 0.97478067523099454]]
5728376	[1, [0.028077139363008929, 0.97192286063699107]]
5232682	[1, [0.00096868203832201072, 0.99903131796167799]]
6181028	[1, [0.019774641683594774, 0.98022535831640523]]
6180085	[1, [0.022728565623998165, 0.97727143437600184]]
7934014	[1, [0.035227703376487951, 0.96477229662351205]]
5851639	[1, [0.014416482318875379, 0.98558351768112462]]
5853137	[1, [0.032824229786769799, 0.9671757702132302]]
5811794	[1, [0.0036473014281561689, 0.99635269857184383]]
6183688	[1, [0.0093012540502787067, 0.99069874594972129]]
6144469	[1, [0.027566330501223146, 0.97243366949877685]]
5712592	[1, [0.035562311715913619, 0.96443768828408638]]
5611173	[1, [0.00046935995000041419, 0.99953064004999959]]
5710481	[1, [0.011553527113940643, 0.98844647288605936]]
5612763	[1, [0.0096559248428971234, 0.99034407515710288]]
5851852	[1, [0.034270186829411631, 0.96572981317058837]]
5613006	[1, [0.00056026167832967655, 0.99943973832167032]]
7953703	[1, [0.036503913769820429, 0.96349608623017957]]
5810929	[1, [0.0067250997105724464, 0.99327490028942755]]
6187914	[1, [0.0067206754517178391, 0.99327932454828216]]
5613255	[1, [0.014620437459496149, 0.98537956254050385]]
5613919	[1, [0.00052253302622440323, 0.9994774669737756]]
5811893	[1, [0.0017285629243515288, 0.99827143707564847]]
6183913	[1, [0.0049674288958720947, 0.99503257110412791]]
5809499	[1, [0.042780613828558356, 0.95721938617144164]]
5711523	[1, [0.0032443025054842423, 0.99675569749451576]]
7641878	[1, [0.020175556873570977, 0.97982444312642902]]
5546500	[1, [0.047586647678035776, 0.95241335232196422]]
5546777	[1, [0.013312930299913317, 0.98668706970008668]]
6770846	[1, [0.030514854274564684, 0.96948514572543532]]
7693595	[1, [0.013191671456270426, 0.98680832854372957]]
5956402	[1, [0.014896161440691391, 0.98510383855930861]]
5954963	[1, [0.033992975105829992, 0.96600702489417001]]
5957287	[1, [0.0035154698840943466, 0.99648453011590565]]
5176984	[1, [0.035218970981707676, 0.96478102901829232]]
6348615	[1, [0.015961889449804034, 0.98403811055019597]]
6898158	[1, [0.031485259529581255, 0.96851474047041874]]
48772469	[1, [0.033331874222314539, 0.96666812577768546]]
7907294	[1, [0.013103886842954493, 0.98689611315704551]]
7656575	[1, [0.049260084808485982, 0.95073991519151402]]
13133039	[1, [0.020966214676422901, 0.9790337853235771]]
5561979	[1, [0.029986811739527774, 0.97001318826047223]]
5793110	[1, [0.00081556925174786077, 0.99918443074825214]]
7906733	[1, [0.0028463104498727132, 0.99715368955012729]]
5760935	[1, [0.011244471990136118, 0.98875552800986388]]
7961488	[1, [0.042568151272742605, 0.9574318487272574]]
7941741	[1, [0.0089300327312885619, 0.99106996726871144]]
7962089	[1, [0.045273080009097133, 0.95472691999090287]]
5762727	[1, [0.019937817681375924, 0.98006218231862408]]
5761305	[1, [0.0050025232303905209, 0.99499747676960948]]
5763953	[1, [0.00028941282496652843, 0.99971058717503347]]
5759091	[1, [0.025791524224233031, 0.97420847577576697]]
5765225	[1, [0.013428817260315418, 0.98657118273968458]]
7963733	[1, [0.0052289663503365391, 0.99477103364966346]]
7963201	[1, [0.020497090570899879, 0.97950290942910012]]
6645839	[1, [0.0048910643898801842, 0.99510893561011982]]
5737159	[1, [0.018382943014354725, 0.98161705698564528]]
5663954	[1, [0.015707481057050554, 0.98429251894294945]]
5662652	[1, [0.015143873317204126, 0.98485612668279587]]
5663522	[1, [0.014089005358481677, 0.98591099464151832]]
5735885	[1, [0.0036926566100242697, 0.99630734338997573]]
5648798	[1, [0.027380768600950955, 0.97261923139904904]]
5735475	[1, [0.010770937826449445, 0.98922906217355056]]
5736818	[1, [0.0026899136696872938, 0.99731008633031271]]
5648460	[1, [0.0072862833068698674, 0.99271371669313013]]
5649798	[1, [0.022959294299134347, 0.97704070570086565]]
5109654	[1, [0.028829347488722123, 0.97117065251127788]]
7840045	[1, [0.033086518425700318, 0.96691348157429968]]
5309790	[1, [0.020607193715481587, 0.97939280628451841]]
6486510	[1, [0.022093323691544486, 0.97790667630845551]]
7489220	[1, [0.019877309666224252, 0.98012269033377575]]
6482306	[1, [0.013341725843733609, 0.98665827415626639]]
7576413	[1, [0.0022136662455158884, 0.99778633375448411]]
73645187	[1, [0.045555072509679162, 0.95444492749032084]]
7575072	[1, [0.00043934359230790587, 0.99956065640769209]]
6476183	[1, [0.0005879929473087131, 0.99941200705269129]]
6395232	[1, [0.0042708573206573508, 0.99572914267934265]]
7872764	[1, [0.040331338489884683, 0.95966866151011532]]
6397265	[1, [0.0047886899363122071, 0.99521131006368779]]
6395128	[1, [0.0083548720890148642, 0.99164512791098514]]
6122227	[1, [0.00060760014169169985, 0.9993923998583083]]
5812662	[1, [0.040933061189612263, 0.95906693881038774]]
7757022	[1, [0.033508165080493257, 0.96649183491950674]]
5814279	[1, [0.0043162539010062062, 0.99568374609899379]]
7760056	[1, [0.0031278914055252738, 0.99687210859447473]]
5813659	[1, [0.00036066862975070446, 0.9996393313702493]]
7756593	[1, [0.0037817727253545153, 0.99621822727464548]]
5813876	[1, [0.0047909989230536798, 0.99520900107694632]]
7835615	[1, [0.013363256924947109, 0.98663674307505289]]
5984695	[1, [0.00054321792610290132, 0.9994567820738971]]
5977105	[1, [0.0029235148967730051, 0.99707648510322699]]
5302231	[1, [0.020212751505805815, 0.97978724849419419]]
5301799	[1, [0.023407889953099614, 0.97659211004690039]]
5220995	[1, [0.048198234088382974, 0.95180176591161703]]
7193832	[1, [0.019403169127338638, 0.98059683087266136]]
5654257	[1, [0.014089005358481677, 0.98591099464151832]]
6166277	[1, [0.04814836912893572, 0.95185163087106428]]
7679919	[1, [0.041944224813757591, 0.95805577518624241]]
7679969	[1, [0.048764215834887881, 0.95123578416511212]]
6167011	[1, [0.011932719367843014, 0.98806728063215699]]
7982465	[1, [0.033718708104832906, 0.96628129189516709]]
7725183	[1, [0.00022172834269773567, 0.99977827165730226]]
7680464	[1, [0.031132357359610063, 0.96886764264038994]]
7723667	[1, [0.0049813678130811168, 0.99501863218691888]]
7952288	[1, [0.0011924811352627129, 0.99880751886473729]]
7959140	[1, [0.040031883322158346, 0.95996811667784165]]
83718270	[1, [0.013840364407772698, 0.9861596355922273]]
7698395	[1, [0.043576088924159317, 0.95642391107584068]]
6155418	[1, [0.016347808159599686, 0.98365219184040031]]
6210510	[1, [0.0080145477038827684, 0.99198545229611723]]
7952346	[1, [0.037909777351568863, 0.96209022264843114]]
7696455	[1, [0.049239442087874008, 0.95076055791212599]]
7959366	[1, [0.0039325173618219855, 0.99606748263817801]]
6213268	[1, [0.036344835456092905, 0.96365516454390709]]
7943149	[1, [0.02753310617787752, 0.97246689382212248]]
11527769	[1, [0.017943165112501269, 0.98205683488749873]]
5687703	[1, [0.037177151702715183, 0.96282284829728482]]
9105059	[1, [0.040318717344816513, 0.95968128265518349]]
5689278	[1, [0.037177151702715183, 0.96282284829728482]]
7916506	[1, [0.028378561019564597, 0.9716214389804354]]
5603427	[1, [0.032213931962262854, 0.96778606803773715]]
5603329	[1, [0.016886623841008697, 0.9831133761589913]]
7916679	[1, [0.01118890080453816, 0.98881109919546184]]
5603580	[1, [0.0011906349665525839, 0.99880936503344742]]
5688000	[1, [0.041075319951052292, 0.95892468004894771]]
5601618	[1, [0.042931921175945242, 0.95706807882405476]]
7916893	[1, [0.00013501172259511307, 0.99986498827740489]]
5603266	[1, [0.000912570812412139, 0.99908742918758786]]
7162166	[1, [0.025023863648643285, 0.97497613635135671]]
6399662	[1, [0.034400432615989907, 0.96559956738401009]]
7936361	[1, [0.024592945718531767, 0.97540705428146823]]
70123442	[1, [0.0023091801068276796, 0.99769081989317232]]
9080419	[1, [0.0065647412447406017, 0.9934352587552594]]
5746341	[1, [0.0024387142281560026, 0.997561285771844]]
9274796	[1, [0.0050098048285630581, 0.99499019517143694]]
7936876	[1, [0.044566855767981695, 0.95543314423201831]]
7936763	[1, [0.0036643374566018849, 0.99633566254339812]]
6991671	[1, [0.00095681778506351289, 0.99904318221493649]]
5746972	[1, [0.016209420694553112, 0.98379057930544689]]
7592537	[1, [0.0026899136696872938, 0.99731008633031271]]
7684236	[1, [0.025377442377817139, 0.97462255762218286]]
6892554	[1, [0.0396948061090453, 0.9603051938909547]]
7610747	[1, [0.031509357232741841, 0.96849064276725816]]
6421683	[1, [0.04073559955218875, 0.95926440044781125]]
7676644	[1, [0.0033576605140938076, 0.99664233948590619]]
82914657	[1, [0.049625529846928695, 0.9503744701530713]]
7812979	[1, [0.037184310388261421, 0.96281568961173858]]
82136790	[1, [0.046522737617415877, 0.95347726238258412]]
6102221	[1, [0.00013877146494956083, 0.99986122853505044]]
5786260	[1, [0.00988740630385887, 0.99011259369614113]]
6727584	[1, [0.0090510996831689727, 0.99094890031683103]]
7585254	[1, [0.0064766628662422665, 0.99352333713375773]]
6386238	[1, [0.0028170129496412066, 0.99718298705035879]]
7910617	[1, [0.014008665396034958, 0.98599133460396504]]
6384387	[1, [0.0001423503389171854, 0.99985764966108281]]
7620445	[1, [0.012199026872375951, 0.98780097312762405]]
6385470	[1, [0.019843228124406642, 0.98015677187559336]]
7910622	[1, [0.0094702924052594284, 0.99052970759474057]]
7910708	[1, [0.039076785011497583, 0.96092321498850242]]
6382857	[1, [0.00023507008423362397, 0.99976492991576638]]
5929702	[1, [0.011735622083313246, 0.98826437791668675]]
5930696	[1, [0.011867862429592257, 0.98813213757040774]]
9077462	[1, [0.036783886273187516, 0.96321611372681248]]
6386126	[1, [0.011113100991184122, 0.98888689900881588]]
5863714	[1, [0.037608930211711522, 0.96239106978828848]]
7987272	[1, [0.023595128564747214, 0.97640487143525279]]
7644163	[1, [0.013897922529420459, 0.98610207747057954]]
7987399	[1, [0.039792906389056637, 0.96020709361094336]]
7210936	[1, [0.015672960261788105, 0.9843270397382119]]
7659371	[1, [0.037936294954294514, 0.96206370504570549]]
6174866	[1, [0.035245055548984161, 0.96475494445101584]]
7938501	[1, [0.0074329076250372328, 0.99256709237496277]]
9082991	[1, [0.031724841595509923, 0.96827515840449008]]
5787277	[1, [0.0025803764050591482, 0.99741962359494085]]
7909624	[1, [0.039707596262658518, 0.96029240373734148]]
5789932	[1, [0.00046509113876680441, 0.9995349088612332]]
7938605	[1, [0.001319553606043522, 0.99868044639395648]]
7938541	[1, [0.016678801799403509, 0.98332119820059649]]
5789813	[1, [0.001220847336350861, 0.99877915266364914]]
6264344	[1, [0.0046159498100352137, 0.99538405018996479]]
7938772	[1, [0.033333645690682867, 0.96666635430931713]]
7939080	[1, [0.00085458428952189802, 0.9991454157104781]]
6382280	[1, [0.0062866439606854563, 0.99371335603931454]]
7682034	[1, [0.043235972540384027, 0.95676402745961597]]
7938977	[1, [0.043903558748854765, 0.95609644125114523]]
7727934	[1, [0.0075825634545594323, 0.99241743654544057]]
6376420	[1, [0.026525740267345554, 0.97347425973265445]]
7969688	[1, [0.040888454521111894, 0.95911154547888811]]
7929718	[1, [0.04878374449711953, 0.95121625550288047]]
7929996	[1, [0.012823493566765154, 0.98717650643323485]]
7930216	[1, [0.030772056115469737, 0.96922794388453026]]
7929529	[1, [0.044252748341046422, 0.95574725165895358]]
6948361	[1, [0.0017851462952772623, 0.99821485370472274]]
6442366	[1, [0.00068225426006995882, 0.99931774573993004]]
5658359	[1, [0.004159224547389484, 0.99584077545261052]]
5331730	[1, [0.018476390644423524, 0.98152360935557648]]
5732648	[1, [0.016399952612709767, 0.98360004738729023]]
5731390	[1, [0.010248552663905564, 0.98975144733609444]]
5127286	[1, [0.0014703438266191471, 0.99852965617338085]]
5615177	[1, [0.01203980818039474, 0.98796019181960526]]
5730942	[1, [0.0072043070664060682, 0.99279569293359393]]
5730203	[1, [0.0073258830028164468, 0.99267411699718355]]
5729927	[1, [0.0013751131549133433, 0.99862488684508666]]
5731238	[1, [0.0082418059568041269, 0.99175819404319587]]
6470103	[1, [0.00048919844385131306, 0.99951080155614869]]
5730106	[1, [0.045370499258281294, 0.95462950074171871]]
9123965	[1, [0.0034532145353008969, 0.9965467854646991]]
5733328	[1, [0.0057490021550451464, 0.99425099784495485]]
5127773	[1, [0.010140116589479664, 0.98985988341052034]]
5731477	[1, [0.031674829828642004, 0.968325170171358]]
5617123	[1, [0.048515576222800894, 0.95148442377719911]]
5765842	[1, [0.002592239330010071, 0.99740776066998993]]
5766371	[1, [0.0019669537811463078, 0.99803304621885369]]
7960460	[1, [0.023621461835665158, 0.97637853816433484]]
5765626	[1, [0.013780248609239654, 0.98621975139076035]]
5158558	[1, [0.041272627381250815, 0.95872737261874919]]
6801208	[1, [0.044677391510815623, 0.95532260848918438]]
5158559	[1, [0.0436254505595981, 0.9563745494404019]]
6467958	[1, [0.010285648965897232, 0.98971435103410277]]
9262907	[1, [0.0049194965393427603, 0.99508050346065724]]
6431980	[1, [0.0047061114563669015, 0.9952938885436331]]
6078355	[1, [0.036169368098674548, 0.96383063190132545]]
9001795	[1, [0.0049344883476128976, 0.9950655116523871]]
6170690	[1, [0.017795219577885546, 0.98220478042211445]]
5740488	[1, [0.014745707022193022, 0.98525429297780698]]
6066341	[1, [0.028402669162320593, 0.97159733083767941]]
5739863	[1, [0.032140130098176733, 0.96785986990182327]]
7832605	[1, [0.037022573491810706, 0.96297742650818929]]
6066082	[1, [0.0052502530427342986, 0.9947497469572657]]
6063789	[1, [0.00022088576701106977, 0.99977911423298893]]
5738285	[1, [0.031674829828642004, 0.968325170171358]]
7832634	[1, [0.038951092505815632, 0.96104890749418437]]
5738405	[1, [0.033091880793996831, 0.96690811920600317]]
5740368	[1, [0.010125829304268419, 0.98987417069573158]]
5738553	[1, [0.019292890766433368, 0.98070710923356663]]
5739932	[1, [0.043235006575577661, 0.95676499342442234]]
7786232	[1, [0.0049674288958720947, 0.99503257110412791]]
7183216	[1, [0.0093012540502787067, 0.99069874594972129]]
5739422	[1, [0.0065837169046704114, 0.99341628309532959]]
5738152	[1, [0.042668691573970241, 0.95733130842602976]]
5739912	[1, [0.0052407523479442997, 0.9947592476520557]]
7976916	[1, [0.023143136096538841, 0.97685686390346116]]
7976871	[1, [0.018083935126069095, 0.9819160648739309]]
5724525	[1, [0.0013193543481988534, 0.99868064565180115]]
5726267	[1, [0.01227678941138366, 0.98772321058861634]]
5725602	[1, [0.00048424037518723928, 0.99951575962481276]]
5726610	[1, [0.00098287109686223673, 0.99901712890313776]]
55529575	[1, [0.01085480326454924, 0.98914519673545076]]
5652078	[1, [0.024846563065728855, 0.97515343693427115]]
5724989	[1, [0.0013193543481988534, 0.99868064565180115]]
6453815	[1, [0.00094205652505374715, 0.99905794347494625]]
5721056	[1, [0.0014775654176257813, 0.99852243458237422]]
5721806	[1, [0.0014780033498961176, 0.99852199665010388]]
5722941	[1, [0.0036596402841372333, 0.99634035971586277]]
5469044	[1, [0.00014447524804050982, 0.99985552475195949]]
7976802	[1, [0.00049276070315396048, 0.99950723929684604]]
5653444	[1, [0.030672440412614299, 0.9693275595873857]]
5532060	[1, [0.04794094318656883, 0.95205905681343117]]
5723992	[1, [0.00021834262666609039, 0.99978165737333391]]
7985732	[1, [0.029804210052744473, 0.97019578994725553]]
5675303	[1, [0.043903949088724414, 0.95609605091127559]]
39069598	[1, [0.022818051988378163, 0.97718194801162184]]
7986132	[1, [0.015664769471302575, 0.98433523052869742]]
7985940	[1, [0.0078734203162956762, 0.99212657968370432]]
5228378	[1, [0.031933726303876808, 0.96806627369612319]]
9074244	[1, [0.0010336026899790962, 0.9989663973100209]]
5675218	[1, [0.00055339699916667762, 0.99944660300083332]]
5676580	[1, [0.00036260612344563015, 0.99963739387655437]]
7843890	[1, [0.023334565311350808, 0.97666543468864919]]
5677795	[1, [0.0076933401251190192, 0.99230665987488098]]
6113122	[1, [0.00049091576953530502, 0.99950908423046469]]
6938255	[1, [0.027528555507207897, 0.9724714444927921]]
7704609	[1, [0.038969941430203825, 0.96103005856979618]]
5792294	[1, [0.00011506105206604555, 0.99988493894793395]]
5772323	[1, [0.0033742534261638202, 0.99662574657383618]]
5771084	[1, [0.0452339447392065, 0.9547660552607935]]
7510276	[1, [0.022096403999530612, 0.97790359600046939]]
5792070	[1, [0.00083604178262375317, 0.99916395821737625]]
7670819	[1, [0.013897922529420459, 0.98610207747057954]]
5774067	[1, [0.010611680660434386, 0.98938831933956561]]
5792042	[1, [0.0050196459155377182, 0.99498035408446228]]
7508395	[1, [0.024556949266400063, 0.97544305073359994]]
5791101	[1, [0.026861887639797244, 0.97313811236020276]]
5791228	[1, [0.0022926996868780636, 0.99770730031312194]]
5961540	[1, [0.0089670551184687364, 0.99103294488153126]]
5792849	[1, [0.00083604221169031323, 0.99916395778830969]]
6193413	[1, [0.011367027470350566, 0.98863297252964943]]
53524992	[1, [0.036225721113670395, 0.96377427888632961]]
5152813	[1, [0.041876599619906085, 0.95812340038009391]]
7767035	[1, [0.015630928589197235, 0.98436907141080277]]
6193038	[1, [0.04076996894770768, 0.95923003105229232]]
6194629	[1, [0.025199320259039149, 0.97480067974096085]]
6194612	[1, [0.017795219577885546, 0.98220478042211445]]
