7517742	1
9020828	1
7014607	1
6949077	1
82434062	1
56348145	1
6947393	1
86122003	1
9096715	1
9118286	1
41750007	1
7013771	1
6949529	1
51904406	1
7130651	1
7929481	1
7930317	1
9328844	1
5659402	1
30683716	1
9020945	1
77433550	1
31056289	1
7058851	1
11683496	1
6589888	1
7014616	1
7131211	1
6707141	1
86124419	1
57922848	1
82486215	1
5556193	1
9329640	1
30704365	1
5558497	1
11637867	1
41731637	1
36231912	1
9319507	1
5555147	1
6589360	1
9329472	1
6705167	1
51934216	1
9268395	1
7066960	1
9319686	1
86105894	1
9269520	1
9021049	1
5659609	1
7067358	1
7062274	1
57947332	1
20122130	1
98898153	1
9328171	1
6946383	1
58765168	1
7136219	1
7131606	1
9320624	1
7131888	1
5660980	1
21384950	1
11992075	1
7016464	1
5659481	1
5325992	1
70506202	1
5326023	1
23631432	1
5152461	1
51418851	1
5422286	1
30938939	1
30995618	1
23642128	1
6584855	1
5152454	1
80737948	1
36500515	1
30863036	1
9058686	1
23613221	1
5150998	1
6193919	1
38820716	1
5325678	1
5326054	1
51408903	1
5325957	1
5147910	1
7992992	1
9058053	1
9123225	1
46573648	1
9126021	1
52893979	1
30425252	1
7768634	1
9265348	1
5325575	1
20343912	1
17676036	1
9123414	1
70481165	1
17639132	1
5147801	1
17647019	1
9133367	1
51393881	1
68866006	1
5325820	1
5325681	1
9035591	1
58976129	1
5423834	1
36468923	1
55333698	1
30980820	1
5325566	1
46555568	1
9015658	1
6512511	1
50334154	1
6256630	1
7989284	1
82547359	1
7682140	1
6509872	1
9033916	1
97735734	1
5463577	1
7938582	1
9077723	1
7938972	1
9012201	1
28616000	1
5463329	1
9015739	1
36686404	1
5788356	1
83937624	1
9082947	1
7824862	1
7683137	1
97727598	1
6511261	1
9033742	1
7824026	1
85372064	1
83604059	1
9033627	1
69105749	1
7989905	1
7910178	1
6379240	1
7746401	1
7681266	1
5461256	1
36699820	1
7682969	1
9012524	1
6379823	1
9014833	1
44971028	1
75876420	1
6328317	1
82517558	1
7989247	1
5787587	1
9082963	1
9012313	1
6508374	1
24871203	1
9015011	1
7773785	1
82520117	1
9013001	1
83956810	1
5458518	1
7989989	1
5789638	1
31464730	1
7681014	1
5462503	1
7989567	1
50281709	1
9069091	1
75895326	1
9012533	1
5787496	1
28608713	1
6381947	1
7910148	1
5456823	1
24912288	1
7746439	1
5463654	1
5461047	1
7681422	1
7910162	1
7746765	1
76760050	1
5364929	1
5365462	1
7715130	1
7714763	1
5722851	1
5650944	1
7716458	1
9336103	1
7977076	1
5721423	1
5530680	1
24337148	1
5726610	1
9087135	1
7722079	1
14634324	1
7716515	1
5307088	1
7745398	1
9336201	1
7745832	1
5308311	1
7447342	1
40836477	1
5465324	1
9021562	1
7721192	1
5465460	1
5468499	1
79470807	1
5549867	1
5723992	1
5721183	1
36767438	1
7716896	1
7717357	1
5466614	1
79472249	1
5721056	1
14596976	1
9021684	1
95417748	1
7715751	1
5367560	1
24309163	1
36747745	1
5720937	1
24296163	1
7719486	1
70327078	1
12180991	1
36772543	1
9022039	1
5363670	1
5467198	1
5722941	1
5532174	1
95440567	1
5468679	1
5651422	1
5363585	1
54533531	1
5550604	1
5652672	1
5380986	1
5531696	1
9334977	1
14594571	1
5308560	1
14633937	1
5531103	1
7744905	1
12193909	1
9336216	1
5723479	1
7722018	1
5651122	1
9279435	1
5722155	1
7449598	1
7718386	1
5725973	1
5652808	1
7716423	1
5306438	1
9021675	1
5466862	1
5725602	1
7977405	1
7447438	1
7722017	1
12167710	1
9086234	1
5366125	1
7448599	1
7720119	1
12168699	1
7707946	1
98032537	1
7853834	1
7987405	1
7713706	1
94476582	1
7643762	1
5174472	1
82960964	1
7708642	1
71233177	1
7711503	1
61242501	1
7712670	1
76875696	1
89008325	1
6173436	1
5175300	1
7713162	1
7714414	1
9070012	1
94500984	1
6462178	1
7711843	1
7211252	1
7644198	1
6526938	1
5172492	1
7643310	1
9004309	1
89034901	1
5170033	1
6826379	1
6459673	1
6690189	1
6016404	1
6526457	1
7220213	1
7642961	1
9150062	1
9070116	1
7709645	1
7714215	1
45043560	1
6820788	1
5936443	1
7211608	1
5933703	1
7709224	1
71326026	1
6687601	1
5170027	1
7852136	1
6525832	1
7713436	1
6460120	1
7642864	1
76858795	1
9301129	1
5163545	1
7712706	1
6824489	1
5170026	1
6015180	1
6826042	1
6527545	1
96907182	1
5162399	1
6525504	1
6685292	1
75823735	1
37299276	1
6527548	1
5172390	1
7213510	1
61264876	1
7711325	1
6956224	1
5170005	1
5936725	1
6462324	1
7711472	1
5933804	1
82977062	1
7710891	1
9299705	1
9315364	1
50043300	1
5923393	1
7971350	1
6633456	1
5272372	1
5862540	1
6676835	1
9315389	1
89304907	1
7910886	1
5923325	1
7226857	1
81267865	1
6497733	1
7972081	1
6630408	1
5271885	1
44434239	1
15772057	1
6347091	1
64901951	1
7971593	1
5323273	1
66089962	1
6382857	1
15745390	1
6494620	1
5322144	1
9044444	1
93483377	1
44460771	1
89289657	1
5924616	1
6676033	1
39666807	1
9097851	1
9302811	1
5322616	1
7620996	1
44459952	1
7971802	1
16541749	1
6678182	1
6633445	1
5864581	1
6676538	1
5866248	1
83346749	1
15733688	1
5932777	1
9315041	1
6345736	1
6341150	1
5865088	1
6676489	1
64927644	1
6499783	1
44441946	1
39676470	1
7623198	1
6678697	1
9302050	1
5925155	1
19945049	1
42125430	1
5931999	1
84801887	1
55457038	1
5404818	1
6885795	1
6278951	1
5347595	1
6624453	1
6886722	1
6040036	1
64740086	1
69371984	1
5672842	1
6039444	1
5403596	1
7954929	1
69384278	1
99309160	1
6040134	1
5404792	1
5671699	1
98760687	1
6040900	1
5671238	1
7912610	1
6623609	1
7912686	1
7974289	1
7257715	1
6268674	1
5405461	1
5674729	1
5509503	1
18654686	1
7955207	1
5674758	1
9008689	1
6040097	1
7951301	1
86526864	1
9322837	1
6040144	1
42078846	1
24148723	1
64225849	1
64805107	1
6042134	1
5671254	1
5671954	1
6883019	1
5673058	1
69390390	1
6607816	1
9008625	1
98605820	1
18663197	1
5671945	1
5673491	1
9007845	1
6042418	1
5672937	1
96517464	1
6043075	1
6272568	1
86506326	1
42073401	1
9007905	1
7912679	1
5404782	1
5405464	1
86517384	1
5671963	1
84788495	1
6885870	1
5674335	1
6880545	1
5404781	1
99312352	1
7954790	1
5403602	1
6885442	1
7911897	1
9254791	1
64179901	1
5405462	1
6277190	1
9006295	1
6270651	1
7974171	1
9006320	1
6039287	1
6038680	1
18612130	1
5405881	1
42092631	1
5674511	1
6040442	1
9008399	1
5601003	1
5688088	1
25810105	1
90655428	1
80347495	1
7916936	1
5689149	1
58997024	1
5688894	1
48285019	1
25596926	1
5806894	1
5807609	1
25785752	1
5690289	1
6100931	1
9104816	1
5806528	1
5806536	1
5687440	1
26831848	1
5808420	1
5687958	1
7916928	1
67713152	1
5587987	1
90666019	1
59003854	1
6099042	1
99086776	1
7159362	1
5808127	1
5806541	1
7408998	1
5808596	1
9011130	1
5687975	1
5690054	1
81625882	1
5689650	1
6807321	1
7163952	1
5806545	1
9010711	1
52187365	1
29077339	1
25795241	1
5808618	1
5806594	1
5687522	1
9010704	1
5690089	1
10482375	1
69206474	1
6812448	1
88942716	1
9108728	1
25785543	1
5806524	1
7916914	1
15422286	1
5806537	1
5806527	1
67719410	1
6812234	1
90633687	1
29110790	1
6098964	1
12908340	1
6808697	1
69204296	1
9011110	1
59049727	1
69195779	1
43330106	1
5688897	1
9104137	1
9104551	1
9010797	1
7916927	1
80340701	1
6098764	1
90659086	1
15376286	1
9104886	1
5688766	1
5688225	1
5689762	1
20767752	1
7969537	1
6554687	1
24708387	1
7969063	1
7847851	1
7570140	1
19163629	1
61397763	1
9290733	1
9290970	1
16787216	1
60759226	1
6555089	1
7677576	1
60142999	1
33545727	1
51521338	1
7969414	1
62353823	1
61377041	1
60558337	1
6983091	1
7849152	1
97581562	1
7567581	1
61364208	1
41428049	1
7848125	1
7969174	1
5868693	1
24668235	1
6550726	1
6550692	1
60690394	1
6983667	1
42313795	1
6551552	1
90576146	1
6984731	1
5869955	1
73547758	1
61386044	1
9066198	1
97563336	1
91790350	1
41437111	1
7968865	1
33598764	1
60708691	1
20769292	1
6985519	1
29570975	1
33550393	1
42327888	1
5868928	1
61364813	1
6555256	1
6984585	1
7847544	1
82880178	1
7677465	1
7568190	1
20013570	1
19152703	1
60592450	1
7568141	1
82917639	1
60126256	1
91775799	1
73545504	1
7848948	1
7677418	1
73503981	1
89503589	1
7298794	1
7301024	1
7675466	1
6551916	1
5309316	1
40487651	1
7779640	1
5309616	1
6650683	1
7814407	1
6650356	1
69866654	1
6480420	1
6650116	1
5431393	1
39550676	1
7780129	1
73641227	1
7814954	1
7483567	1
7972242	1
5431169	1
7485892	1
6480972	1
7484327	1
69883590	1
65563966	1
7972803	1
7779678	1
5308840	1
7487547	1
5429814	1
6633849	1
5429985	1
69861589	1
7392951	1
5959688	1
5453344	1
9115015	1
5430424	1
50981297	1
7814294	1
17254534	1
7577657	1
6649149	1
5959076	1
7779382	1
6635512	1
6476625	1
7972144	1
7784177	1
6477860	1
73634847	1
77070227	1
7779787	1
59353716	1
73636270	1
5432108	1
17190310	1
5310352	1
71124610	1
7815425	1
7486505	1
7486260	1
9088721	1
39575106	1
6484416	1
9087424	1
9037847	1
9088311	1
7959760	1
87040662	1
31433934	1
7729956	1
7442317	1
63442278	1
66316475	1
9017086	1
7259077	1
9284930	1
5162104	1
47160610	1
7960160	1
6804219	1
35052658	1
40209369	1
7959861	1
45851678	1
63441873	1
85717975	1
9016482	1
6802122	1
83019787	1
5162102	1
83087257	1
7262633	1
38359282	1
85738339	1
6801526	1
7261970	1
9042277	1
86260986	1
66314892	1
7959888	1
7441033	1
6802851	1
7968059	1
9041840	1
7731168	1
6990522	1
7960318	1
7731664	1
63469698	1
7731690	1
7277427	1
9042447	1
7960307	1
7968609	1
62627882	1
66336517	1
27340870	1
9311835	1
45805041	1
87052776	1
12286073	1
6801862	1
5766077	1
40584219	1
64110548	1
35054458	1
40241422	1
6805217	1
61450701	1
63447146	1
66350618	1
21021460	1
64131125	1
64145819	1
61497353	1
80625847	1
5780959	1
98409305	1
9054456	1
6708443	1
7992557	1
7666177	1
47234649	1
6068886	1
38760015	1
82690044	1
7291690	1
5521404	1
5782324	1
6070674	1
7973111	1
38721251	1
7973489	1
5521666	1
6942789	1
7663527	1
44138152	1
80666817	1
82668291	1
38775420	1
5784562	1
98357687	1
95607207	1
5784512	1
40691116	1
7973657	1
48456204	1
5782355	1
7857787	1
44111644	1
5782358	1
5781003	1
59226804	1
59252743	1
6068062	1
47247368	1
6943431	1
9277856	1
80857526	1
6942895	1
9054435	1
9277566	1
81752674	1
40625600	1
5783034	1
81090768	1
7292775	1
5608232	1
78675200	1
7857359	1
59257191	1
47225369	1
78661216	1
5607064	1
80661982	1
70548145	1
9054281	1
23915418	1
68356209	1
9084823	1
80637425	1
70544884	1
51892197	1
9050459	1
67025203	1
5675362	1
6879083	1
5231387	1
9073487	1
5678051	1
46442509	1
34906596	1
9074020	1
7925835	1
78423556	1
7844333	1
45098033	1
5675612	1
6639888	1
52392931	1
28670329	1
7926460	1
6113641	1
61354907	1
6515866	1
5228474	1
6639786	1
55146446	1
23072088	1
7986132	1
39056919	1
39034542	1
6514302	1
9074187	1
6639095	1
9048016	1
7926009	1
9074212	1
45059596	1
6514100	1
74863582	1
45110758	1
7985370	1
5231334	1
5677596	1
82388506	1
23022091	1
5678293	1
5675007	1
5676101	1
7925679	1
9074194	1
91027236	1
67032915	1
79214417	1
5675746	1
6516914	1
6877384	1
5675212	1
6877209	1
5228478	1
7925906	1
61349006	1
52385696	1
6113181	1
5677025	1
9048058	1
6638965	1
55198418	1
67058830	1
40378022	1
28727279	1
6515191	1
89270157	1
5676765	1
6641364	1
92532169	1
74869021	1
11753727	1
6110052	1
71920250	1
9073754	1
79233020	1
26469340	1
26416507	1
18367140	1
40355627	1
33295481	1
5222597	1
5219008	1
5656211	1
5219843	1
7704267	1
5220533	1
49100033	1
9025582	1
49136326	1
75963278	1
5657181	1
5278250	1
22893341	1
7751498	1
5220640	1
41052295	1
84148063	1
26237785	1
33696561	1
41001793	1
5220578	1
6668814	1
5220424	1
6011802	1
5220621	1
7699697	1
7680655	1
7189369	1
5657655	1
5222545	1
7752356	1
74787733	1
7680166	1
5219894	1
5222560	1
44248080	1
40038796	1
20551189	1
6667418	1
5277850	1
7190726	1
5224458	1
9024754	1
75636428	1
7679168	1
26215561	1
5220632	1
7680200	1
7679409	1
16720079	1
5220610	1
71680263	1
47706771	1
5220544	1
9049494	1
56716058	1
26239496	1
84144053	1
5224164	1
49124528	1
7189917	1
81717997	1
81683932	1
5219889	1
6665926	1
6666973	1
9049043	1
22884945	1
22889684	1
7679277	1
7679348	1
6716923	1
81692725	1
5219895	1
7679342	1
20286420	1
33729335	1
20242622	1
7574447	1
75955597	1
5220413	1
16727630	1
6668670	1
20290208	1
7751349	1
5219966	1
6665948	1
26189125	1
16609628	1
61012603	1
5481993	1
11972712	1
5483069	1
9334104	1
5482377	1
9079587	1
7882284	1
9334183	1
5486041	1
7967673	1
7880638	1
49396881	1
96888210	1
6980676	1
5480686	1
7011395	1
6431970	1
7250993	1
42746587	1
7013227	1
7879122	1
31666328	1
23939785	1
6431445	1
9334612	1
5484240	1
81026411	1
42726880	1
67120029	1
7967177	1
7879094	1
28837731	1
5480331	1
7012113	1
96873613	1
55618597	1
11463672	1
9001472	1
7883201	1
23984709	1
24385923	1
11966482	1
7998221	1
55645632	1
6977350	1
7880107	1
7010832	1
7967681	1
21077088	1
7013332	1
6975640	1
60999695	1
6077308	1
7998609	1
7010253	1
5486119	1
9336864	1
53642437	1
31677323	1
54838979	1
11931091	1
55642815	1
9001047	1
9333814	1
7998575	1
9001277	1
78679211	1
85864920	1
31310076	1
73730353	1
6361939	1
9117847	1
5790133	1
5772109	1
33889951	1
5965980	1
6873030	1
5792042	1
5792607	1
5790950	1
5426257	1
6758742	1
50795343	1
28100088	1
60455052	1
5827353	1
41132712	1
73723315	1
9119588	1
28099592	1
7705934	1
28054676	1
13212084	1
5792070	1
5790777	1
5774067	1
5790843	1
9120401	1
7706348	1
5791650	1
45735769	1
7705322	1
15520176	1
45228746	1
50755484	1
60416108	1
28055229	1
73738067	1
10289098	1
28041282	1
66234048	1
7706573	1
5790898	1
47351401	1
5772189	1
5792922	1
5790908	1
37119106	1
6874583	1
6940814	1
5772323	1
7671696	1
45238314	1
5771084	1
45745483	1
73725761	1
5790232	1
5960974	1
9120461	1
27604915	1
5790700	1
5792345	1
6874354	1
66247087	1
6941582	1
5965550	1
7706115	1
50790635	1
6367073	1
37155633	1
5771903	1
7511810	1
5774168	1
29497577	1
36378876	1
7958815	1
35764619	1
52592010	1
36382859	1
29478178	1
6209706	1
25930668	1
9203579	1
35784925	1
33211468	1
43265791	1
7698311	1
6208790	1
65252736	1
25898607	1
5374715	1
6158812	1
7697663	1
52592755	1
6156163	1
17590339	1
31813429	1
47059783	1
7696879	1
6154602	1
6281275	1
98074338	1
53225617	1
9305161	1
7121777	1
7959325	1
57022553	1
6156491	1
29502802	1
7739485	1
13315483	1
5373391	1
7952131	1
13290764	1
59925741	1
6155643	1
6209653	1
43229770	1
6155210	1
53161726	1
53200738	1
5373387	1
6221582	1
60863213	1
5236143	1
7800576	1
6836314	1
7933386	1
6840878	1
5236142	1
5727272	1
65840049	1
15681082	1
6841723	1
6839378	1
6830215	1
96039414	1
65912052	1
9038855	1
5233552	1
6836561	1
9109986	1
7975414	1
85191047	1
72812116	1
5234686	1
5235025	1
97121548	1
6831868	1
5895681	1
5728238	1
7934067	1
48149520	1
5232789	1
5727726	1
61635965	1
5727246	1
48217803	1
36889988	1
6178337	1
5233579	1
72112597	1
6828368	1
7933919	1
26796369	1
60909072	1
7955481	1
9045906	1
5232807	1
7933418	1
5727955	1
7974907	1
5232802	1
5727863	1
6833011	1
9271012	1
7933482	1
91728869	1
6179974	1
6834716	1
48198486	1
60869138	1
7933763	1
5728237	1
7934224	1
94428268	1
48190620	1
87518324	1
7998908	1
61864835	1
9046349	1
13595708	1
5729285	1
26779144	1
5414093	1
5728301	1
7955834	1
6222068	1
5728032	1
48196469	1
5728432	1
7975277	1
97130448	1
6833681	1
9270356	1
9038688	1
96058311	1
60902362	1
5727667	1
6829514	1
87562362	1
71458014	1
91755014	1
37901057	1
9000395	1
36354182	1
6963253	1
6960911	1
23110630	1
69469743	1
48118145	1
5785266	1
5475401	1
92775410	1
96572290	1
80281873	1
7585592	1
37879146	1
5474851	1
6960007	1
27490612	1
92747816	1
27474821	1
7583851	1
5475708	1
36370010	1
9019103	1
5474286	1
5473202	1
48103056	1
5784851	1
5786406	1
9000157	1
9102597	1
80306140	1
5474992	1
5860451	1
45172901	1
5786179	1
6506154	1
27487818	1
5785979	1
45176107	1
6102216	1
45192322	1
5785933	1
48935621	1
7583285	1
22353002	1
9019694	1
6960944	1
47641274	1
5475281	1
7999990	1
96531619	1
9020025	1
7587761	1
9019756	1
5785107	1
5861285	1
5787011	1
27524101	1
5786260	1
6101821	1
10643442	1
23149377	1
90925276	1
5927284	1
5684636	1
90893714	1
5685470	1
5145628	1
5144615	1
5143562	1
96330301	1
63538206	1
7425190	1
7735712	1
81567657	1
5928333	1
5925882	1
88066984	1
5144596	1
5647055	1
5686338	1
36656230	1
5919820	1
5647609	1
5682137	1
59340040	1
6152705	1
6849864	1
9152887	1
78902135	1
96333907	1
5918602	1
5144727	1
5679020	1
5926443	1
39443920	1
7737372	1
7143058	1
7736039	1
24529306	1
7736446	1
63899483	1
5145630	1
14810988	1
7737344	1
5647999	1
5681480	1
5144700	1
7994329	1
63919565	1
5682391	1
5144009	1
5682924	1
63506641	1
5681971	1
5920928	1
6151781	1
5685018	1
5686217	1
5145923	1
59321310	1
7500166	1
7429385	1
5926456	1
7994738	1
7735546	1
5142361	1
39431522	1
6843524	1
5143620	1
7736817	1
14843189	1
5921404	1
5143560	1
5685384	1
5647592	1
15270813	1
87443246	1
5681382	1
5682971	1
6843970	1
87499939	1
60776270	1
15246940	1
5680353	1
5686700	1
7432482	1
7149337	1
5921278	1
9148419	1
24559881	1
62954337	1
63915253	1
71806989	1
5144018	1
24552080	1
5918981	1
5142493	1
5684385	1
39377658	1
96316999	1
6654529	1
7898808	1
5116213	1
50927107	1
9106132	1
7927492	1
62020844	1
5116210	1
7981917	1
5115890	1
5116216	1
6653361	1
7903076	1
80222440	1
5116040	1
7902967	1
6945815	1
35809013	1
6904348	1
5116097	1
6908173	1
27249173	1
5116098	1
6651818	1
6652777	1
9017540	1
7901784	1
5115868	1
6944475	1
6911151	1
5116163	1
5117622	1
61973818	1
5119073	1
5115893	1
46167911	1
7927027	1
82610920	1
9294743	1
46165933	1
7606751	1
5117521	1
5116039	1
80244743	1
21835210	1
5118521	1
6653890	1
6651070	1
7900806	1
66893200	1
84268243	1
9018560	1
46113618	1
6945984	1
7606871	1
9106085	1
9017591	1
81425723	1
68258413	1
6044396	1
29391030	1
5538550	1
5542238	1
54626658	1
22446091	1
6685172	1
54685745	1
94012085	1
54657982	1
32739537	1
58593702	1
60039910	1
47965454	1
32695143	1
68284809	1
6680247	1
6045684	1
5615301	1
5122156	1
5543211	1
5616193	1
5327910	1
6045558	1
60097595	1
5730162	1
24470809	1
6239690	1
24452658	1
22471698	1
9014699	1
6680192	1
5619332	1
21993770	1
6472728	1
6474575	1
81440370	1
81379175	1
83877271	1
5133647	1
9124640	1
9014033	1
6682099	1
94010358	1
6044420	1
32987667	1
34174249	1
68273807	1
9014203	1
5128693	1
6045172	1
5540692	1
6044752	1
7990813	1
50506487	1
75730421	1
27748460	1
78803988	1
78764424	1
6376416	1
69553054	1
9026688	1
7728009	1
7990970	1
27806184	1
7778104	1
18952279	1
69613991	1
7573570	1
5192870	1
40408097	1
40400620	1
34362482	1
6376599	1
6376722	1
79202117	1
75734477	1
75694332	1
7635840	1
64280041	1
7778848	1
6697731	1
7778624	1
57417326	1
90424196	1
5189260	1
27754085	1
44833730	1
6375479	1
7167171	1
18301934	1
7970199	1
5381113	1
7571006	1
9053134	1
7729110	1
63414532	1
49543152	1
9025837	1
85459848	1
9053289	1
7778849	1
7172500	1
50470890	1
40436905	1
7728791	1
5190620	1
27796125	1
78767360	1
7639006	1
6377886	1
50498102	1
18286855	1
7990058	1
5189252	1
49031021	1
27779910	1
5559560	1
47931499	1
31939954	1
6797929	1
23466957	1
13159830	1
7657145	1
6354659	1
6903626	1
68587189	1
7906790	1
13175414	1
99723660	1
97058754	1
97026495	1
5561346	1
77125101	1
6797213	1
7656172	1
54850159	1
79653099	1
14582246	1
90261601	1
5559533	1
48739398	1
48767136	1
7907154	1
5849109	1
31893016	1
64877190	1
9091362	1
13163500	1
7732496	1
5794729	1
7655907	1
28761110	1
53045224	1
7734243	1
54891419	1
6896650	1
24066023	1
64870281	1
47887544	1
14559832	1
7656419	1
23472014	1
6798042	1
47875042	1
7656082	1
9149472	1
5849766	1
64826182	1
68571319	1
64843253	1
69793189	1
7695051	1
53514353	1
6367705	1
6772395	1
7641547	1
7909024	1
15077880	1
5176984	1
7695916	1
18519976	1
7909364	1
5545809	1
7695060	1
7640643	1
5831964	1
64503428	1
49382400	1
5545795	1
56605473	1
7693441	1
30176162	1
17322477	1
6368446	1
6771062	1
5547135	1
25881743	1
5180222	1
6369283	1
7694718	1
7861263	1
10955584	1
5180460	1
64508521	1
7860195	1
34026217	1
7909484	1
10085975	1
6574279	1
5955379	1
34023184	1
10945611	1
29407969	1
25842813	1
99538487	1
84295412	1
9318469	1
5954786	1
6770281	1
10099987	1
7909413	1
99552723	1
5185638	1
5181204	1
53384588	1
75276910	1
10075740	1
15067675	1
5186912	1
6368223	1
9089878	1
5186010	1
7909430	1
6574170	1
56629367	1
5544727	1
77326502	1
5938730	1
64459799	1
7694136	1
6571441	1
5185004	1
96162797	1
96195270	1
7639736	1
5186008	1
7909414	1
7639494	1
34051428	1
83760939	1
5954502	1
5544990	1
5954540	1
5180199	1
18491459	1
30143356	1
7695722	1
77386060	1
56569683	1
18521252	1
5101023	1
9127542	1
6893050	1
7966060	1
7684456	1
6419970	1
5359286	1
7018034	1
5360430	1
17406204	1
45719080	1
7591042	1
73981077	1
7318184	1
7684588	1
51254072	1
5316946	1
95826911	1
6894148	1
6894009	1
5101030	1
5361915	1
6893126	1
9243373	1
5101032	1
6371691	1
7683900	1
42968968	1
9127410	1
73987270	1
7595356	1
29157283	1
42962039	1
7017542	1
29151888	1
9287573	1
73170487	1
6888699	1
19469119	1
73133124	1
7966334	1
5100004	1
32883541	1
9288028	1
17423585	1
34507978	1
30373602	1
7683685	1
7611095	1
7319206	1
6892223	1
5358591	1
7020263	1
5101025	1
5101473	1
5359524	1
34508741	1
54038508	1
5100053	1
5362475	1
73184378	1
6889331	1
6371227	1
55413728	1
5100013	1
7315828	1
7318582	1
7595273	1
5313488	1
52275248	1
9128220	1
6373421	1
81872776	1
49729271	1
46973308	1
46933637	1
49690932	1
13040114	1
5632772	1
7266423	1
9128873	1
22728622	1
39594882	1
14166973	1
5636291	1
9092665	1
5249084	1
9204774	1
7997655	1
7997451	1
24957851	1
22947980	1
5247790	1
79937271	1
71268206	1
6562470	1
46316872	1
5885365	1
9204791	1
9054877	1
5566442	1
6558933	1
5634464	1
6559445	1
79934822	1
5582805	1
6557814	1
22986778	1
5886260	1
5248475	1
24967687	1
7784698	1
5581763	1
6560706	1
5633324	1
46937369	1
7997814	1
51713022	1
5567010	1
35561285	1
71269128	1
12425957	1
7997562	1
14124053	1
67830931	1
35533607	1
9054966	1
23003859	1
6562524	1
9205461	1
81836869	1
88754754	1
6562076	1
7970670	1
7116643	1
76712410	1
7173295	1
7355279	1
7970825	1
98134104	1
7988910	1
6434337	1
99256050	1
7988588	1
6614087	1
7175528	1
5111973	1
5111961	1
76706382	1
7114800	1
7116749	1
6229973	1
5111130	1
7988391	1
58537090	1
7356118	1
7644790	1
7988224	1
7176595	1
39759781	1
58531926	1
5255610	1
6434332	1
7237317	1
5114503	1
7354631	1
84692049	1
7173820	1
5112152	1
5575130	1
7826501	1
7114749	1
39163877	1
30832215	1
5575689	1
7234924	1
7645792	1
6229651	1
7644821	1
56795435	1
46258625	1
5254106	1
5114339	1
58490672	1
56812235	1
5338282	1
7174122	1
7116368	1
10785034	1
9309837	1
7870299	1
6605060	1
5570489	1
5570458	1
6036144	1
9341319	1
7538959	1
7723083	1
21603054	1
6034292	1
6037609	1
7567221	1
5670526	1
21622654	1
7868583	1
7567062	1
22035385	1
6161282	1
10931871	1
5569798	1
25094989	1
7867128	1
5332917	1
9043520	1
9139778	1
5670919	1
7868510	1
7870375	1
5669250	1
6037597	1
7722131	1
7869140	1
7537529	1
9139105	1
5344721	1
5337311	1
5569326	1
39146129	1
40756095	1
6160995	1
5333609	1
5670872	1
5669863	1
10727478	1
35154316	1
39113219	1
5571591	1
7789750	1
6160644	1
5569177	1
7543698	1
5571703	1
78999363	1
7596757	1
7546320	1
5670388	1
9310074	1
7567361	1
9311285	1
6037888	1
6036435	1
6035915	1
5670343	1
6036005	1
22050627	1
5353197	1
6660566	1
7424864	1
48034225	1
98308257	1
97208175	1
80963613	1
18024193	1
24247912	1
55988235	1
9002665	1
79406981	1
24234317	1
94114982	1
59573960	1
40019942	1
31525254	1
45403743	1
96107758	1
6443622	1
73565430	1
9002146	1
9002191	1
40004045	1
5353827	1
9061489	1
54261213	1
90062386	1
22343132	1
9002715	1
33797461	1
9002432	1
9061952	1
24232254	1
18000397	1
9001916	1
6662102	1
6661813	1
9007484	1
9002781	1
24261118	1
7802701	1
94100437	1
22342581	1
7418673	1
9002762	1
53851481	1
6663342	1
27814385	1
9002489	1
95377319	1
59551508	1
7931884	1
40025272	1
55986325	1
79370844	1
7802007	1
54264611	1
79425164	1
7991871	1
28532954	1
56174133	1
43011292	1
69079449	1
19816574	1
6865687	1
6065781	1
6062728	1
7182232	1
14769489	1
56159579	1
26657668	1
37343396	1
7197693	1
7832940	1
7196258	1
6062948	1
19847266	1
5740300	1
55729119	1
55667918	1
70814790	1
6064512	1
57153651	1
55264326	1
7787147	1
6861436	1
87617364	1
14733590	1
43166924	1
55670279	1
7648446	1
7183264	1
6861395	1
7184006	1
68003023	1
28592656	1
28529480	1
6867653	1
9344352	1
26631409	1
55738236	1
56131383	1
99864726	1
6860683	1
7187862	1
49659920	1
5739979	1
55268782	1
7185314	1
38301517	1
55269583	1
7948960	1
91123583	1
28140521	1
6860810	1
89823156	1
13872930	1
5740582	1
9344196	1
28563613	1
6064407	1
6063207	1
7648932	1
93958400	1
7197987	1
41140848	1
7791368	1
7027064	1
58440692	1
47301222	1
47315240	1
48331761	1
7946813	1
7020695	1
9306572	1
56449042	1
7023593	1
99451701	1
7020463	1
58474224	1
68994340	1
7790603	1
7003913	1
22561117	1
6711064	1
68957160	1
70411626	1
48362382	1
7002040	1
7946532	1
7022235	1
7980147	1
7026210	1
5804179	1
56046523	1
98930489	1
9307674	1
67419176	1
6711482	1
5803042	1
22522975	1
7023682	1
7025258	1
41149995	1
98973010	1
7003361	1
7025502	1
44788123	1
48323936	1
7002226	1
58414842	1
13349913	1
7003786	1
47306195	1
5705781	1
20172506	1
18842708	1
5814279	1
9317641	1
9207582	1
21344709	1
67954298	1
10323983	1
7820938	1
81980110	1
10298987	1
5812539	1
42856528	1
65083350	1
7630081	1
9046861	1
7822012	1
42906339	1
5705739	1
42865144	1
6295405	1
9317290	1
5814508	1
67967397	1
7630873	1
20199475	1
9206051	1
5916609	1
9145780	1
67929114	1
5705785	1
5915822	1
27062201	1
7630435	1
75356871	1
34212305	1
6123864	1
6314313	1
49924887	1
92287658	1
51371630	1
13487623	1
13494964	1
5812898	1
7629459	1
9146602	1
5813216	1
13510236	1
5813876	1
5705613	1
5705738	1
5816317	1
5704951	1
5812838	1
6746199	1
6747071	1
5813528	1
6744281	1
42877486	1
88665139	1
5916189	1
9142529	1
5705191	1
21356944	1
27066234	1
7630303	1
7629793	1
7628277	1
94648086	1
43928261	1
5813163	1
92334661	1
7758297	1
9047014	1
81996710	1
94633313	1
5813659	1
5812631	1
72611379	1
17107098	1
37501650	1
7330946	1
87235160	1
7964527	1
9028643	1
7456444	1
5535608	1
7872512	1
6394467	1
98514756	1
7871681	1
5349898	1
5349469	1
7028560	1
97835379	1
7871826	1
7873091	1
46611501	1
60016663	1
35280550	1
7964488	1
86655657	1
5350285	1
7964307	1
7871137	1
70727774	1
98537955	1
97853305	1
9328120	1
68070905	1
5535055	1
85039075	1
9326679	1
87276460	1
6395140	1
81298953	1
7032803	1
97817439	1
85034867	1
7873714	1
5537611	1
81310433	1
5536459	1
7893764	1
7873727	1
68114784	1
60255763	1
9029491	1
6394961	1
17079876	1
5351137	1
37515136	1
46620846	1
9028501	1
98519950	1
7668814	1
5350232	1
47543449	1
97871934	1
7894621	1
95882327	1
6395128	1
7333052	1
5536568	1
70712498	1
7453348	1
98457576	1
5537297	1
9013479	1
7232391	1
7742217	1
7356532	1
7984013	1
61758929	1
9013303	1
58827815	1
18999363	1
71476279	1
9013149	1
7358754	1
6489672	1
34439926	1
9298810	1
5762727	1
9222867	1
9249064	1
92797379	1
89424452	1
27182475	1
76387333	1
25966033	1
7284936	1
34415228	1
7357462	1
76419679	1
27142796	1
5765225	1
7653311	1
77801064	1
7963065	1
5760478	1
27131088	1
27159754	1
27157351	1
7749636	1
7961685	1
5759091	1
7655219	1
25976837	1
7983482	1
36562875	1
7961395	1
7941366	1
7749260	1
25994303	1
5758437	1
9013504	1
9013049	1
7962139	1
5758347	1
5763953	1
7358570	1
6933528	1
7749709	1
7962003	1
93316114	1
9013331	1
63953774	1
7961618	1
7963432	1
7963627	1
7358567	1
76366891	1
7962173	1
9249788	1
9013067	1
7748608	1
6964698	1
7356740	1
52563305	1
7963515	1
58918805	1
34428909	1
93285530	1
7356801	1
58885748	1
7963784	1
7984114	1
7963300	1
6928962	1
5101946	1
20076095	1
6543410	1
5984693	1
6050925	1
5303804	1
67868887	1
6054232	1
6052023	1
9144900	1
57796189	1
5103862	1
6538612	1
5135607	1
5979278	1
9116506	1
93555846	1
6545566	1
5102768	1
25440453	1
88363117	1
7531151	1
88335425	1
6695371	1
83479364	1
5102771	1
5980475	1
5135019	1
93377131	1
25417616	1
83508056	1
6539367	1
5982639	1
7943436	1
57815276	1
93346781	1
5102843	1
6053584	1
6538165	1
7977688	1
7755899	1
6692022	1
6051034	1
7936163	1
6692115	1
5983384	1
69457231	1
7936081	1
6051055	1
6786926	1
5979678	1
25442016	1
37049132	1
6544906	1
5301366	1
5977105	1
17777427	1
9116419	1
5301430	1
6550144	1
6543658	1
7755736	1
6052026	1
6693465	1
76337753	1
9154878	1
69724330	1
7935673	1
6540026	1
57768450	1
6692607	1
7978032	1
6787542	1
76352310	1
7754606	1
7528844	1
6546433	1
57799205	1
11371523	1
7936252	1
51070375	1
21724177	1
7806092	1
5715465	1
7692929	1
76973481	1
5717744	1
5716164	1
7353636	1
5715702	1
83109342	1
21778095	1
82233774	1
21787918	1
5715577	1
5720637	1
9222235	1
22083298	1
56663767	1
9027884	1
9214372	1
9127226	1
82232416	1
22110446	1
5580867	1
48855092	1
5718849	1
91989946	1
48808396	1
73384430	1
7689914	1
56649597	1
17335627	1
7353647	1
22137174	1
5719698	1
6427928	1
42011212	1
9221782	1
19701140	1
19312477	1
56659631	1
5715148	1
22096306	1
65478934	1
69295241	1
5108039	1
5245301	1
9008999	1
9072973	1
88856372	1
97647646	1
29019744	1
88467720	1
5245202	1
9073253	1
6643048	1
27418181	1
5553707	1
88855447	1
88481743	1
5663105	1
14311441	1
29924188	1
65031097	1
49252217	1
5107959	1
5106886	1
7382277	1
86850928	1
29320254	1
5664173	1
5107991	1
69288168	1
6642192	1
65430940	1
29019797	1
86891415	1
65407195	1
5245290	1
5108002	1
7379128	1
9051886	1
5245749	1
5107558	1
5245380	1
5661325	1
29914266	1
88518570	1
5108334	1
5552522	1
49293300	1
23217913	1
65442587	1
9039938	1
9055960	1
76905056	1
9143424	1
9009400	1
9073155	1
23205381	1
7929157	1
46215312	1
7416743	1
33143070	1
54243103	1
7155794	1
7929018	1
7361170	1
47468709	1
7151789	1
5565457	1
60364301	1
7360091	1
53688119	1
6875162	1
54374470	1
5563670	1
45446945	1
9194009	1
7361086	1
9009825	1
7157582	1
44475055	1
7760745	1
7761910	1
7359746	1
7150863	1
46527098	1
9010381	1
54367619	1
9058961	1
7760851	1
7962705	1
80479412	1
77711634	1
6579081	1
7763175	1
9059727	1
5562690	1
9059003	1
7761285	1
54209617	1
96729066	1
5564512	1
45592734	1
7939895	1
60337703	1
7939996	1
7208596	1
6579070	1
7150819	1
49530841	1
9010404	1
7929027	1
18567191	1
9194395	1
5527372	1
84464806	1
7155228	1
7939493	1
7962888	1
77731039	1
9059518	1
26560567	1
5527899	1
77710039	1
54400585	1
53679387	1
6579058	1
6579079	1
7360177	1
44478555	1
5529776	1
7156832	1
96712760	1
18547357	1
6579073	1
9010308	1
7207757	1
49473983	1
6046883	1
42607021	1
6138833	1
51594033	1
7363278	1
7874816	1
37808419	1
33093744	1
7979453	1
26293954	1
6137966	1
5214086	1
5209146	1
7363323	1
78331432	1
7942916	1
5210441	1
94880620	1
5201296	1
6135887	1
74638021	1
5213329	1
78314702	1
7092282	1
37776807	1
7874631	1
26500774	1
26295362	1
7092520	1
37820085	1
5200924	1
6136122	1
18454195	1
9313774	1
74651812	1
5214756	1
77956474	1
6135432	1
94826282	1
42561070	1
7092402	1
19628350	1
7092716	1
74651664	1
6135578	1
6047584	1
89914648	1
5213119	1
32185678	1
37799976	1
51602718	1
37812614	1
7942491	1
83457121	1
37831244	1
66566199	1
73480981	1
7874892	1
73808944	1
73827053	1
9313129	1
5212715	1
77667798	1
5211970	1
77649456	1
6046117	1
9314153	1
7118616	1
7119460	1
9081306	1
5214755	1
5210266	1
83433713	1
7942852	1
6047828	1
6137063	1
51548482	1
6621085	1
61877085	1
70111999	1
6993731	1
7936717	1
30250452	1
6993256	1
13444724	1
9031104	1
49773966	1
7249254	1
30222733	1
9303906	1
7936876	1
9035960	1
5746445	1
49821033	1
9030897	1
7976521	1
9303026	1
6626913	1
9031256	1
66733328	1
43103865	1
7937290	1
92239947	1
81186971	1
9080604	1
9274417	1
9031943	1
7937022	1
9036410	1
6398573	1
6628299	1
70109893	1
61881928	1
61906256	1
6243553	1
6242929	1
6622633	1
81185545	1
61940463	1
9080824	1
78564640	1
5746730	1
12737183	1
7247777	1
6994100	1
7936638	1
6622016	1
6241309	1
72144912	1
6621406	1
7179780	1
7181765	1
29186007	1
9099219	1
14935150	1
7677639	1
23569149	1
7179549	1
23524626	1
5470582	1
9011805	1
7687630	1
7678819	1
6049225	1
68679464	1
9331911	1
9332306	1
7937799	1
5356536	1
5356377	1
96760974	1
7938193	1
7808430	1
14906091	1
7627363	1
7677968	1
23342775	1
68686159	1
6048567	1
7688188	1
17114254	1
7627387	1
7627201	1
9011851	1
7678580	1
9011788	1
23556803	1
6050244	1
96768909	1
23532646	1
33629757	1
7938168	1
7981275	1
5355657	1
56907538	1
5357247	1
5472404	1
84117826	1
40288889	1
7689414	1
5355482	1
6049391	1
9023692	1
7980799	1
7628122	1
7689207	1
17115556	1
7627156	1
6049396	1
76247399	1
5239083	1
7807976	1
5357575	1
7677662	1
9332056	1
6791908	1
90211519	1
52734579	1
7180089	1
5470688	1
72355011	1
40278116	1
9011767	1
7177265	1
5470455	1
9024196	1
23317600	1
5472507	1
9063347	1
9011548	1
7678921	1
90219181	1
5241287	1
7627117	1
7956419	1
12248159	1
5707209	1
5877376	1
98684231	1
7965277	1
7956816	1
5708611	1
6057356	1
6532041	1
6140491	1
9075060	1
9286087	1
12209937	1
7726302	1
7956284	1
5878311	1
16376424	1
97300595	1
32287577	1
6143919	1
16656285	1
6536088	1
6139500	1
7940492	1
6057286	1
7956266	1
6141500	1
7956945	1
29729507	1
6057155	1
7928386	1
7920874	1
91280269	1
52948295	1
15930189	1
7322594	1
13685393	1
9074754	1
16403016	1
12247759	1
64662105	1
5878003	1
5626605	1
6143381	1
6057845	1
6531321	1
25490459	1
6055406	1
7661425	1
52963232	1
6055832	1
6054866	1
5876696	1
5878826	1
5707149	1
7320243	1
7920947	1
6142667	1
32254062	1
7964986	1
7965458	1
5875482	1
13717069	1
6055712	1
7725746	1
72428277	1
6055720	1
6059088	1
6060485	1
7919568	1
5626852	1
7965236	1
7919287	1
5706400	1
16683350	1
6535245	1
7928457	1
5877536	1
16686020	1
7941293	1
9074642	1
6061084	1
9136526	1
6057412	1
7958327	1
7886998	1
7883953	1
7633218	1
10510985	1
7087456	1
5487457	1
10559848	1
5872087	1
21924627	1
93424991	1
90330608	1
80410475	1
18167998	1
7957929	1
5491167	1
23771478	1
23778894	1
90349828	1
9002914	1
7631574	1
24738140	1
6969701	1
5487749	1
5493310	1
6618593	1
5488116	1
5908178	1
6618714	1
5912074	1
7958537	1
9003721	1
18116682	1
5492031	1
6974656	1
5489346	1
7089149	1
5491300	1
5909909	1
5911941	1
7904539	1
10534393	1
41671135	1
9094690	1
6615134	1
21863058	1
72976484	1
90359155	1
5487805	1
5912113	1
6920999	1
7631543	1
7083119	1
7904756	1
7634010	1
72997441	1
10573753	1
5487754	1
7091555	1
5491335	1
58640394	1
6614991	1
58683442	1
6971060	1
20697988	1
5492077	1
6973148	1
7986445	1
9076560	1
93007725	1
7086320	1
5872550	1
5490728	1
5912222	1
5909922	1
9076506	1
74187801	1
5269803	1
5492036	1
7634321	1
5875324	1
7883677	1
74091098	1
7631533	1
7957901	1
5872240	1
5269475	1
5487343	1
7904617	1
6914338	1
87120737	1
18129150	1
7634274	1
5493233	1
92960735	1
7958546	1
7958431	1
5269035	1
58186578	1
43976563	1
6673425	1
72741315	1
7521345	1
7479659	1
42839042	1
9067153	1
73073459	1
7114070	1
9066535	1
50704939	1
58126808	1
7478791	1
5972078	1
38521191	1
45536836	1
7479874	1
6109361	1
76534335	1
6107296	1
7478415	1
5974782	1
73101000	1
9200957	1
6670704	1
7112444	1
7781518	1
6108820	1
7112285	1
7781442	1
34593124	1
6670861	1
5476875	1
7114269	1
7478272	1
6673995	1
50704468	1
7481750	1
11174707	1
7389300	1
11187493	1
5969666	1
6671287	1
11167149	1
7113102	1
27917379	1
9202179	1
7388414	1
58356848	1
72790528	1
7475255	1
7113887	1
61685926	1
19430360	1
61682176	1
9067168	1
58137776	1
44002245	1
5972464	1
7112570	1
7782495	1
9201711	1
11160503	1
58409760	1
61687113	1
58164160	1
12376644	1
7482541	1
43995595	1
72747316	1
7480953	1
7112468	1
9108482	1
5477598	1
7113578	1
7479973	1
5665072	1
6406028	1
5664904	1
89691034	1
94892893	1
51180199	1
7932801	1
39250292	1
50234848	1
6409882	1
51182221	1
6235490	1
39247164	1
35930483	1
39481294	1
5666976	1
5666239	1
53379158	1
7947710	1
36138702	1
5948602	1
16439054	1
77224173	1
60186388	1
9342940	1
6414317	1
5665327	1
5667398	1
51207435	1
60209043	1
28364465	1
7847054	1
5666825	1
5665704	1
50257973	1
5667618	1
7933239	1
39516990	1
15810567	1
6234132	1
93056720	1
86928680	1
51199288	1
7961077	1
5666024	1
53307301	1
23856793	1
5753919	1
6208176	1
15817366	1
9032884	1
5949070	1
5667663	1
30497989	1
15853198	1
86983944	1
15840612	1
7933193	1
5666629	1
35901960	1
51180040	1
23851876	1
28348418	1
67567278	1
39268254	1
9033101	1
60202993	1
86931060	1
16463101	1
39294104	1
6144161	1
7905292	1
37642284	1
30583607	1
6657167	1
30626217	1
6146367	1
30569419	1
7905626	1
30565535	1
21522414	1
5612184	1
19227430	1
6148029	1
5809288	1
6953128	1
79852255	1
9103482	1
5809273	1
19181929	1
70039929	1
5811435	1
5811241	1
79520842	1
7044586	1
54124165	1
7044849	1
5811598	1
6043642	1
7506042	1
5810706	1
71724009	1
5811957	1
6148421	1
9102970	1
6951518	1
7905258	1
37675382	1
6145057	1
37633883	1
14319855	1
6725336	1
5609808	1
7051364	1
6950609	1
5812389	1
7950586	1
5812188	1
6043815	1
5851369	1
7954069	1
7047114	1
79807116	1
5810752	1
5810864	1
16908429	1
6183455	1
6145130	1
7905287	1
23394218	1
37694585	1
7046610	1
5809268	1
16941320	1
5712592	1
87793306	1
5809194	1
7905227	1
6952098	1
6726469	1
7506376	1
6727186	1
14380119	1
7041626	1
7954102	1
65639704	1
6951240	1
7049174	1
6659908	1
7950475	1
5851699	1
7905238	1
5811469	1
9112553	1
5810719	1
7040959	1
5812383	1
7954237	1
6951827	1
6657393	1
6952437	1
5610535	1
9103387	1
79814107	1
5884494	1
7924647	1
72902238	1
7924416	1
5991946	1
28295666	1
6451253	1
7127820	1
5988757	1
6386785	1
9289349	1
5994942	1
5992591	1
5881270	1
39824056	1
35642193	1
66390079	1
32026716	1
6387377	1
5988412	1
35630417	1
10657492	1
31110679	1
45339778	1
34096832	1
39869644	1
6451516	1
99469184	1
5993978	1
7924420	1
7949978	1
7949903	1
7996466	1
5989836	1
7949778	1
5880333	1
6391459	1
5989208	1
6393703	1
7127751	1
64384005	1
28306637	1
78478026	1
7127107	1
6636554	1
45310272	1
6739748	1
32077321	1
28296941	1
9289430	1
5984919	1
7126201	1
78508374	1
32029460	1
35590022	1
5880876	1
6636232	1
16289189	1
62869011	1
31140269	1
7996764	1
6734824	1
58082842	1
99520641	1
9339043	1
6392275	1
9289474	1
47007237	1
7953241	1
5986809	1
7924437	1
6637311	1
9289659	1
7111600	1
34639405	1
7004218	1
7139558	1
9005312	1
7097889	1
32584726	1
7098466	1
85265834	1
34665669	1
7984726	1
7109635	1
5524111	1
31217384	1
85304819	1
7111572	1
6119231	1
31157679	1
7985141	1
40943055	1
7007327	1
7111761	1
7008435	1
7138765	1
7140180	1
84598953	1
7004733	1
54699032	1
25016499	1
23693262	1
9005750	1
7140556	1
74077440	1
6117102	1
12611273	1
7007870	1
7138732	1
9156192	1
86178848	1
7096198	1
28514903	1
15484585	1
31968190	1
7098546	1
19334639	1
84615727	1
5523434	1
6871656	1
31205387	1
9093023	1
54715757	1
7097199	1
7139792	1
7004211	1
6871524	1
5523573	1
9004959	1
78193321	1
7139901	1
7111799	1
9005644	1
6118520	1
15459348	1
32540524	1
7925321	1
9093805	1
7009820	1
28494626	1
74047272	1
86170203	1
14002690	1
30070190	1
97391206	1
9083806	1
65142418	1
5214761	1
5216185	1
44733647	1
7553958	1
50201438	1
6333823	1
45992510	1
50175186	1
7367580	1
5623509	1
7371038	1
65154839	1
5855201	1
9111167	1
7552659	1
7555928	1
5215551	1
9112031	1
7804947	1
9111514	1
97363822	1
5623281	1
13977432	1
93145897	1
64027367	1
5215010	1
36000296	1
16216572	1
44684974	1
50542419	1
5622311	1
5215004	1
5622304	1
46017561	1
7804565	1
90486235	1
90493547	1
14014012	1
7369144	1
9111398	1
64050220	1
7406437	1
84823611	1
50198693	1
9101199	1
68370259	1
45999467	1
6336319	1
90846502	1
5214764	1
7556456	1
5215018	1
5216166	1
7944676	1
16242804	1
5217789	1
7619614	1
7851331	1
62083810	1
89095076	1
97485130	1
88198291	1
7579266	1
7850625	1
5801451	1
6996171	1
88222258	1
6996312	1
86830092	1
7581301	1
88248883	1
5800586	1
83236687	1
11070407	1
26133413	1
11139956	1
9345250	1
90990382	1
12804415	1
6819079	1
9130330	1
89088981	1
6814324	1
7617834	1
9297341	1
83187536	1
83192226	1
84385691	1
25696248	1
9297373	1
90945767	1
14220050	1
80000099	1
14233022	1
75988236	1
9345312	1
58209491	1
6997086	1
46033372	1
7001336	1
5709642	1
5801367	1
9107221	1
9141643	1
83178018	1
9107479	1
26126752	1
9107048	1
7850184	1
5800874	1
9323132	1
12779978	1
70788742	1
49201580	1
6593399	1
5631092	1
7607425	1
92881177	1
5999512	1
20487168	1
64554563	1
5629118	1
7608372	1
40788459	1
97216903	1
7650522	1
50100288	1
5996378	1
5629563	1
64547836	1
7246028	1
5631258	1
95021208	1
74716892	1
5838139	1
96001656	1
92906846	1
5630942	1
6602068	1
49200213	1
20495485	1
49194023	1
6858757	1
5839299	1
6857983	1
9330738	1
11791812	1
15629575	1
6853466	1
40791108	1
6600330	1
6854294	1
6599857	1
5632302	1
52454968	1
6854470	1
6593139	1
7651530	1
20487662	1
40116065	1
9326335	1
64548739	1
97233943	1
6000439	1
53289032	1
5629133	1
5996983	1
9324845	1
5998393	1
90129678	1
52476445	1
97273127	1
5263626	1
18223326	1
5995423	1
