9112461	[1, [0.020735392719483103, 0.9792646072805169]]
70031476	[1, [0.015021136179519168, 0.9849788638204808]]
30618833	[1, [0.001244436310050001, 0.99875556368995]]
19244588	[1, [0.01432698280395217, 0.9856730171960478]]
9103151	[1, [0.0021977904747866317, 0.9978022095252134]]
79553012	[1, [0.04843542660947453, 0.9515645733905255]]
16964284	[1, [0.024394438768279292, 0.9756055612317207]]
5612584	[1, [0.03351731427989402, 0.966482685720106]]
7500853	[1, [0.0014354549532766825, 0.9985645450467233]]
6655846	[1, [0.01846947129773735, 0.9815305287022627]]
6145981	[1, [0.004530825296054086, 0.9954691747039459]]
59002101	[1, [4.054085509042071e-05, 0.9999594591449096]]
5807230	[1, [0.02583272135830461, 0.9741672786416954]]
43349445	[1, [0.017644000278189687, 0.9823559997218103]]
5807103	[1, [0.017339183328422325, 0.9826608166715777]]
5808292	[1, [0.006058485319781148, 0.9939415146802189]]
29042016	[1, [0.01180637576020871, 0.9881936242397913]]
81630611	[1, [0.02886054074183564, 0.9711394592581644]]
74952503	[1, [0.008310878186009507, 0.9916891218139905]]
12896161	[1, [0.00010246039876937729, 0.9998975396012306]]
25585632	[1, [0.014609728621591933, 0.9853902713784081]]
10455732	[1, [0.0028281686121354177, 0.9971718313878646]]
69206253	[1, [0.0009094059878077543, 0.9990905940121922]]
7166759	[1, [0.019621881613120618, 0.9803781183868794]]
26873522	[1, [0.013456469055236675, 0.9865435309447633]]
5805724	[1, [0.0003479109689811244, 0.9996520890310189]]
20600941	[1, [0.007381207109009691, 0.9926187928909903]]
5807736	[1, [0.027561615374495196, 0.9724383846255048]]
81642166	[1, [0.005666233392738751, 0.9943337666072612]]
41816673	[1, [0.009366304204077913, 0.9906336957959221]]
29103776	[1, [0.0001320098009942594, 0.9998679901990057]]
59076641	[1, [0.03565941754222213, 0.9643405824577779]]
51028495	[1, [0.015614848038479012, 0.984385151961521]]
55034950	[1, [0.045743979750802466, 0.9542560202491975]]
66440433	[1, [0.000532100936564972, 0.999467899063435]]
48799900	[1, [0.034030307577304186, 0.9659696924226958]]
19735414	[1, [0.00031450059761584104, 0.9996854994023842]]
59094847	[1, [0.033118647786122946, 0.966881352213877]]
7692139	[1, [0.024830853390170105, 0.9751691466098299]]
19740496	[1, [0.002531753209819243, 0.9974682467901808]]
21731326	[1, [0.049201171534984156, 0.9507988284650158]]
9214349	[1, [0.004342923966747181, 0.9956570760332528]]
7807233	[1, [7.572301173874862e-07, 0.9999992427698826]]
92018599	[1, [0.012946124657847724, 0.9870538753421523]]
9222023	[1, [0.010482579626560518, 0.9895174203734395]]
34789539	[1, [0.035349931105610355, 0.9646500688943896]]
5576566	[1, [6.47438943320866e-05, 0.9999352561056679]]
59093313	[1, [0.01595154029053658, 0.9840484597094634]]
56700745	[1, [0.00018342256180292615, 0.9998165774381971]]
9221121	[1, [0.02261736139389736, 0.9773826386061026]]
6315237	[1, [0.00021283414330086625, 0.9997871658566991]]
82221099	[1, [0.0031149703445944033, 0.9968850296554056]]
9213324	[1, [0.01732963346482308, 0.9826703665351769]]
22119895	[1, [0.0011314623643310373, 0.998868537635669]]
92057107	[1, [0.016520245771231346, 0.9834797542287687]]
9220645	[1, [0.0009309957081334863, 0.9990690042918665]]
34828682	[1, [0.03677590512509876, 0.9632240948749012]]
19737374	[1, [0.031521310378361034, 0.968478689621639]]
65133419	[1, [0.028886121730019476, 0.9711138782699805]]
62141395	[1, [0.046137386019982296, 0.9538626139800177]]
64055565	[1, [0.009195024526701068, 0.9908049754732989]]
93101623	[1, [0.0010216741915296534, 0.9989783258084703]]
46002620	[1, [0.014368965914318133, 0.9856310340856819]]
5217473	[1, [1.836444954361749e-05, 0.9999816355504564]]
90484803	[1, [0.0275736438565356, 0.9724263561434644]]
9276800	[1, [4.6138233474102286e-05, 0.9999538617665259]]
32912333	[1, [0.027789487535450297, 0.9722105124645497]]
91346972	[1, [5.812917895364755e-06, 0.9999941870821046]]
99940339	[1, [0.012030087040037385, 0.9879699129599626]]
20420417	[1, [0.023643993343005154, 0.9763560066569948]]
5217471	[1, [7.917424213854662e-05, 0.9999208257578615]]
5217467	[1, [0.008247316002507943, 0.9917526839974921]]
65123621	[1, [0.03913154856083623, 0.9608684514391638]]
5217472	[1, [5.5564285120768275e-06, 0.9999944435714879]]
35954403	[1, [0.04644744258773914, 0.9535525574122609]]
5217469	[1, [1.2998662109686698e-05, 0.9999870013378903]]
20449511	[1, [0.018872138000340044, 0.98112786199966]]
6597061	[1, [0.0008757204619739278, 0.9991242795380261]]
9289669	[1, [0.0011914107087045434, 0.9988085892912955]]
94267609	[1, [0.023115177270556786, 0.9768848227294432]]
7923805	[1, [0.044178248067111126, 0.9558217519328889]]
31113223	[1, [0.019586981379909885, 0.9804130186200901]]
5995144	[1, [0.04406389110202236, 0.9559361088979776]]
9289746	[1, [0.01069253700710704, 0.989307462992893]]
78478026	[1, [0.002049381720967025, 0.997950618279033]]
9288528	[1, [0.038945259894605955, 0.961054740105394]]
5988265	[1, [2.4057462882032254e-05, 0.999975942537118]]
7127368	[1, [0.00116000193991328, 0.9988399980600867]]
9338730	[1, [0.004037947547301135, 0.9959620524526989]]
5883761	[1, [0.02279366704383734, 0.9772063329561627]]
58072381	[1, [0.00024591051114264406, 0.9997540894888574]]
94234733	[1, [0.03675840218311466, 0.9632415978168853]]
5883853	[1, [0.00022609916238136574, 0.9997739008376186]]
9338530	[1, [0.0411746818052795, 0.9588253181947205]]
72909521	[1, [0.009073546226914808, 0.9909264537730852]]
9338513	[1, [0.031738186397772816, 0.9682618136022272]]
29156033	[1, [0.005208115130056035, 0.994791884869944]]
73951424	[1, [0.047308470261508084, 0.9526915297384919]]
29119146	[1, [0.01273005804686722, 0.9872699419531328]]
9244520	[1, [0.022272765878252887, 0.9777272341217471]]
5313572	[1, [0.0359512865951398, 0.9640487134048602]]
52342645	[1, [0.017640305434377668, 0.9823596945656223]]
45684910	[1, [0.006121368779436587, 0.9938786312205634]]
52342842	[1, [0.004522074275087107, 0.9954779257249129]]
5360329	[1, [0.0052378301902934465, 0.9947621698097066]]
95832536	[1, [0.013499096585726345, 0.9865009034142737]]
93672643	[1, [0.01268816633990777, 0.9873118336600922]]
5704103	[1, [0.0005423470181488144, 0.9994576529818512]]
9287313	[1, [0.001227453275977397, 0.9987725467240226]]
9287099	[1, [0.04550804714917256, 0.9544919528508274]]
11297387	[1, [0.0019238686072593492, 0.9980761313927407]]
32845352	[1, [0.0015102376483460134, 0.998489762351654]]
9286954	[1, [0.027827984530571226, 0.9721720154694288]]
95229789	[1, [0.014566768471509062, 0.9854332315284909]]
9243049	[1, [0.005344420998205646, 0.9946555790017944]]
9287473	[1, [0.0012499498450666557, 0.9987500501549333]]
32881394	[1, [0.0013603388481804313, 0.9986396611518196]]
6892784	[1, [0.004389266132196368, 0.9956107338678036]]
5101479	[1, [0.023069363877726734, 0.9769306361222733]]
19473638	[1, [0.026392260260404976, 0.973607739739595]]
32857864	[1, [0.021709699420584982, 0.978290300579415]]
5101452	[1, [0.025045057648015012, 0.974954942351985]]
34495016	[1, [0.00752731395739914, 0.9924726860426009]]
93696201	[1, [0.009918587617514851, 0.9900814123824851]]
11301970	[1, [0.034911458855093835, 0.9650885411449062]]
73184846	[1, [0.00017663881386709157, 0.9998233611861329]]
6983667	[1, [0.015546931395965635, 0.9844530686040344]]
9291084	[1, [0.010365403262999506, 0.9896345967370005]]
99008864	[1, [0.01057717588946172, 0.9894228241105383]]
62388735	[1, [0.03402895534553518, 0.9659710446544648]]
41444051	[1, [0.0008738957558903637, 0.9991261042441096]]
9290647	[1, [0.020492330349572208, 0.9795076696504278]]
6982982	[1, [0.013131904397296723, 0.9868680956027033]]
7812631	[1, [0.02448484152452335, 0.9755151584754767]]
97512554	[1, [1.2060330260021956e-06, 0.999998793966974]]
6983326	[1, [0.0007967968913603629, 0.9992032031086396]]
9256515	[1, [0.0068329857660162086, 0.9931670142339838]]
99034388	[1, [0.01757044048091272, 0.9824295595190873]]
5867979	[1, [0.005527901810637781, 0.9944720981893622]]
9291025	[1, [0.004091021331756539, 0.9959089786682435]]
19991398	[1, [0.024614531138346774, 0.9753854688616532]]
24681194	[1, [0.03434534602017458, 0.9656546539798254]]
9291126	[1, [0.03487704591217511, 0.9651229540878249]]
16824551	[1, [0.0004719526023415632, 0.9995280473976584]]
19148868	[1, [0.009612247150823205, 0.9903877528491768]]
97543711	[1, [0.007750072339776315, 0.9922499276602237]]
9291318	[1, [0.0007450982886403335, 0.9992549017113597]]
19149711	[1, [0.043191293026944466, 0.9568087069730555]]
5868916	[1, [4.436146570641064e-06, 0.9999955638534294]]
29543457	[1, [0.016284396508738253, 0.9837156034912617]]
7849241	[1, [0.026694197830659294, 0.9733058021693407]]
7847133	[1, [0.028379350590238883, 0.9716206494097611]]
97581701	[1, [9.108352083675442e-08, 0.9999999089164792]]
16782747	[1, [0.01082930813944194, 0.9891706918605581]]
30287485	[1, [0.0022867668889263726, 0.9977132331110736]]
73550853	[1, [0.03749843165202582, 0.9625015683479742]]
91768015	[1, [0.022766449042270986, 0.977233550957729]]
7570383	[1, [0.003548728608137597, 0.9964512713918624]]
56509500	[1, [0.03508742382530472, 0.9649125761746953]]
5582678	[1, [0.010826744157058199, 0.9891732558429418]]
39657028	[1, [0.021540081218790252, 0.9784599187812097]]
6557435	[1, [0.011788474919290803, 0.9882115250807092]]
6558022	[1, [0.036068797796672825, 0.9639312022033272]]
92389759	[1, [0.003196499695073962, 0.996803500304926]]
49716860	[1, [0.019215700101801736, 0.9807842998981983]]
96417825	[1, [0.0023277049248986437, 0.9976722950751014]]
24953990	[1, [0.010957058552796495, 0.9890429414472035]]
67831894	[1, [0.00036015783561615944, 0.9996398421643838]]
5248286	[1, [0.029548946520219, 0.970451053479781]]
7263868	[1, [0.0004279787098577792, 0.9995720212901422]]
71319753	[1, [0.01966208393156943, 0.9803379160684306]]
79916411	[1, [0.0001376185444236233, 0.9998623814555764]]
12524053	[1, [0.04527571675413722, 0.9547242832458628]]
5247523	[1, [0.04554932301857928, 0.9544506769814207]]
9205250	[1, [0.037142723849028614, 0.9628572761509714]]
24954326	[1, [5.1004446141034165e-06, 0.9999948995553859]]
81871723	[1, [8.30739107962053e-05, 0.9999169260892038]]
22982872	[1, [0.047076593632663366, 0.9529234063673366]]
51687323	[1, [0.02101312100375219, 0.9789868789962478]]
93587689	[1, [0.004173842823173235, 0.9958261571768268]]
6548893	[1, [0.01580841968385449, 0.9841915803161455]]
6693130	[1, [0.048650444386600045, 0.9513495556134]]
9217914	[1, [0.001665190814883366, 0.9983348091851166]]
93385259	[1, [3.356963279910197e-05, 0.9999664303672009]]
63763630	[1, [0.015625226682859372, 0.9843747733171406]]
7836673	[1, [0.024405399634480296, 0.9755946003655197]]
31276139	[1, [0.03564693239080752, 0.9643530676091925]]
93363122	[1, [0.011644931945396397, 0.9883550680546036]]
9154104	[1, [0.017105387415819795, 0.9828946125841802]]
11407882	[1, [0.016916344002990358, 0.9830836559970096]]
63740929	[1, [0.03215154048975766, 0.9678484595102423]]
11391640	[1, [0.03983860126102734, 0.9601613987389727]]
7534597	[1, [0.0038790387938069104, 0.9961209612061931]]
7835776	[1, [0.03346048000033863, 0.9665395199996614]]
35079917	[1, [0.014997563989511908, 0.9850024360104881]]
11402415	[1, [0.040890964263782914, 0.9591090357362171]]
59748938	[1, [0.009764979397514528, 0.9902350206024855]]
6694104	[1, [0.00758375045588644, 0.9924162495441136]]
11403945	[1, [0.0049241654795664225, 0.9950758345204336]]
5476691	[1, [0.00015788565407404143, 0.999842114345926]]
5476677	[1, [0.008254332207413895, 0.9917456677925861]]
7475016	[1, [0.0007498693258297662, 0.9992501306741702]]
51763532	[1, [0.024490659908963153, 0.9755093400910368]]
43987695	[1, [0.01604891300158684, 0.9839510869984132]]
51771482	[1, [0.005399610973411351, 0.9946003890265886]]
52649597	[1, [0.006825384539559831, 0.9931746154604402]]
42844864	[1, [0.0005073133615318692, 0.9994926866384681]]
9201859	[1, [0.04576273624347005, 0.95423726375653]]
34547615	[1, [0.011702566128712233, 0.9882974338712878]]
9201953	[1, [0.0061566585378760585, 0.9938433414621239]]
9200786	[1, [0.00565622898918039, 0.9943437710108196]]
5479205	[1, [4.996719582095466e-05, 0.999950032804179]]
42805545	[1, [0.04263411218000168, 0.9573658878199983]]
15012493	[1, [0.0018637043705251877, 0.9981362956294748]]
87134785	[1, [2.1829564657571687e-05, 0.9999781704353424]]
12372018	[1, [0.009496651061638994, 0.990503348938361]]
22250452	[1, [0.017194959489612693, 0.9828050405103873]]
5477690	[1, [0.0007941085338233345, 0.9992058914661767]]
50719725	[1, [0.04829374791273322, 0.9517062520872668]]
52673856	[1, [0.0464009510334471, 0.9535990489665529]]
9202018	[1, [0.015302211286208567, 0.9846977887137914]]
7113349	[1, [0.0439252546275446, 0.9560747453724554]]
7783029	[1, [3.2128135305509176e-06, 0.9999967871864694]]
52668009	[1, [0.04461229599228289, 0.9553877040077171]]
9273199	[1, [0.027827984530571226, 0.9721720154694288]]
39031200	[1, [0.0023526627077792295, 0.9976473372922208]]
79224195	[1, [0.04477326762467149, 0.9552267323753285]]
40378022	[1, [0.02189713050087716, 0.9781028694991228]]
23045298	[1, [0.018785199450094603, 0.9812148005499054]]
41507070	[1, [0.0009219357883113455, 0.9990780642116887]]
61356321	[1, [0.028335267761974703, 0.9716647322380253]]
91053104	[1, [0.044635357876868786, 0.9553646421231312]]
11709564	[1, [0.043683155866175216, 0.9563168441338248]]
46394068	[1, [2.826040649273054e-07, 0.9999997173959351]]
23048189	[1, [0.019747421293724532, 0.9802525787062755]]
6515038	[1, [0.00791502758641538, 0.9920849724135846]]
74857860	[1, [0.04853739095638654, 0.9514626090436135]]
67077991	[1, [0.03267253146883453, 0.9673274685311655]]
9272851	[1, [0.02855240888109989, 0.9714475911189001]]
67052491	[1, [0.018195579211237933, 0.9818044207887621]]
39040203	[1, [0.0015075003857466518, 0.9984924996142533]]
71956767	[1, [0.031421410700466, 0.968578589299534]]
23012397	[1, [0.04847781340357349, 0.9515221865964265]]
5678325	[1, [0.00505485534981176, 0.9949451446501882]]
92534244	[1, [0.004124315549601132, 0.9958756844503989]]
41569122	[1, [0.0038381561321295665, 0.9961618438678704]]
40347663	[1, [0.04831493426319944, 0.9516850657368006]]
5679424	[1, [0.0020840847704538534, 0.9979159152295461]]
7994902	[1, [0.004068344141037961, 0.995931655858962]]
36632903	[1, [0.005727924080742408, 0.9942720759192576]]
44586194	[1, [0.0002459075254710452, 0.999754092474529]]
7735641	[1, [0.00022132538852281947, 0.9997786746114772]]
5918127	[1, [0.011106640553535163, 0.9888933594464648]]
7497144	[1, [0.005840472371470562, 0.9941595276285294]]
5919421	[1, [0.0045822767788813445, 0.9954177232211187]]
90877793	[1, [0.015299137313654287, 0.9847008626863457]]
5142587	[1, [0.00018008788455348146, 0.9998199121154465]]
5686106	[1, [0.03464383723669939, 0.9653561627633006]]
90863602	[1, [0.03518441160280095, 0.964815588397199]]
5145831	[1, [0.005976724712895232, 0.9940232752871048]]
87507226	[1, [0.008703821599302941, 0.9912961784006971]]
36601543	[1, [0.00031774868466405426, 0.999682251315336]]
5920590	[1, [0.04813119526925491, 0.9518688047307451]]
5144179	[1, [0.004669710298762175, 0.9953302897012378]]
60833050	[1, [0.00152951791717304, 0.998470482082827]]
7146332	[1, [0.025161800983060645, 0.9748381990169394]]
17078802	[1, [0.01997809541731077, 0.9800219045826892]]
98470580	[1, [0.0005142838080283152, 0.9994857161919717]]
81292192	[1, [0.02393596325944547, 0.9760640367405545]]
87269038	[1, [0.04205558266967924, 0.9579444173303208]]
7896050	[1, [2.5940746412378424e-05, 0.9999740592535876]]
66701476	[1, [0.015878569267915976, 0.984121430732084]]
7895210	[1, [0.006324633125424417, 0.9936753668745756]]
9327150	[1, [0.012186208853619096, 0.9878137911463809]]
6564927	[1, [0.04396454665764438, 0.9560354533423556]]
6130190	[1, [0.001917479379672904, 0.9980825206203271]]
17108752	[1, [0.0010375844716707938, 0.9989624155283292]]
9326478	[1, [0.021200871538678556, 0.9787991284613214]]
7873177	[1, [0.001641519241722289, 0.9983584807582777]]
97828888	[1, [0.019140422261182066, 0.9808595777388179]]
87228681	[1, [0.005131822521271978, 0.994868177478728]]
98478763	[1, [0.03843180618071984, 0.9615681938192802]]
6125663	[1, [0.013471607510549655, 0.9865283924894503]]
38257200	[1, [0.0018332964293779064, 0.9981667035706221]]
7040252	[1, [0.028306548671656273, 0.9716934513283437]]
7330420	[1, [0.00973644722815481, 0.9902635527718452]]
38256700	[1, [0.037161801150672136, 0.9628381988493279]]
38282621	[1, [0.011749787324343841, 0.9882502126756562]]
5536158	[1, [1.1501910535116622e-13, 0.999999999999885]]
98562037	[1, [0.03521675613712405, 0.964783243862876]]
44657994	[1, [0.03702193871612203, 0.962978061283878]]
44626019	[1, [0.0406175406484196, 0.9593824593515804]]
7808909	[1, [0.04240504433647563, 0.9575949556635244]]
9331757	[1, [0.00676446569703848, 0.9932355343029615]]
5357463	[1, [4.339661391572491e-06, 0.9999956603386084]]
14029666	[1, [2.0168459791136684e-08, 0.9999999798315402]]
5469292	[1, [1.32043759273337e-05, 0.9999867956240727]]
65283513	[1, [0.0032994135172667027, 0.9967005864827333]]
5470913	[1, [0.0001903979149786572, 0.9998096020850213]]
56917446	[1, [0.01232407958521975, 0.9876759204147803]]
14089863	[1, [0.013814197917484061, 0.9861858020825159]]
40288354	[1, [0.001251575738021149, 0.9987484242619789]]
40312850	[1, [0.012430101522597492, 0.9875698984774025]]
72386904	[1, [0.016664196967632883, 0.9833358030323671]]
9332686	[1, [0.026529642552007404, 0.9734703574479926]]
56916209	[1, [0.014738363265570542, 0.9852616367344295]]
72359258	[1, [6.5281330157263e-05, 0.9999347186698427]]
7677879	[1, [0.005301336779565902, 0.9946986632204341]]
40285190	[1, [0.0007474091248365067, 0.9992525908751635]]
7808475	[1, [0.020747486215540345, 0.9792525137844597]]
5470653	[1, [0.0007806335041551371, 0.9992193664958449]]
76271508	[1, [0.006202553939445021, 0.993797446060555]]
68729498	[1, [0.0087894719169338, 0.9912105280830662]]
9332452	[1, [0.005682818457281469, 0.9943171815427185]]
39275561	[1, [0.00024179645799771166, 0.9997582035420023]]
6410966	[1, [0.03955119060440726, 0.9604488093955927]]
9033238	[1, [0.046391485769514795, 0.9536085142304852]]
50211313	[1, [0.020387748887366164, 0.9796122511126338]]
23806141	[1, [0.026836002818526605, 0.9731639971814734]]
5754433	[1, [0.00044836453035157486, 0.9995516354696484]]
5666216	[1, [0.0025270578521444653, 0.9974729421478555]]
94931237	[1, [0.037964772216014575, 0.9620352277839854]]
67582931	[1, [0.007034829420322519, 0.9929651705796775]]
6415360	[1, [0.027431156569094006, 0.972568843430906]]
9342556	[1, [0.019456819220359134, 0.9805431807796409]]
50243520	[1, [0.008992644288544516, 0.9910073557114555]]
28382028	[1, [0.006055366901978609, 0.9939446330980214]]
95660986	[1, [0.006326839390166872, 0.9936731606098331]]
52074853	[1, [0.008057079733759798, 0.9919429202662402]]
53312687	[1, [0.013173203260078092, 0.9868267967399219]]
7932592	[1, [0.006668330170996217, 0.9933316698290038]]
95101621	[1, [0.003903992847127058, 0.9960960071528729]]
61464754	[1, [0.03271838664207083, 0.9672816133579292]]
7968465	[1, [0.012772092483306241, 0.9872279075166938]]
47164300	[1, [0.022508793872590083, 0.9774912061274099]]
9284117	[1, [0.011810633504283574, 0.9881893664957164]]
64140949	[1, [0.029069309035288704, 0.9709306909647113]]
38397418	[1, [0.013903147146867245, 0.9860968528531328]]
20878950	[1, [0.00994086942911776, 0.9900591305708822]]
83060779	[1, [0.0023892378245918833, 0.9976107621754081]]
87057057	[1, [0.021508525611518836, 0.9784914743884812]]
7968543	[1, [0.0015120859404119669, 0.998487914059588]]
97954076	[1, [0.028734743924818895, 0.9712652560751811]]
9311678	[1, [0.0011498653157568928, 0.9988501346842431]]
9312076	[1, [0.011068978107213856, 0.9889310218927861]]
6806050	[1, [0.004705514226334029, 0.995294485773666]]
9284931	[1, [0.01812479116723187, 0.9818752088327681]]
7959888	[1, [0.003473490933904144, 0.9965265090660959]]
9312638	[1, [0.0312298396703522, 0.9687701603296478]]
38395749	[1, [0.007539029619793358, 0.9924609703802066]]
9284890	[1, [0.0003386221240205822, 0.9996613778759794]]
5766491	[1, [0.01716733200915377, 0.9828326679908462]]
9284699	[1, [0.02210117729382788, 0.9778988227061721]]
62665811	[1, [0.034442147441792414, 0.9655578525582076]]
85769509	[1, [0.03903847437143715, 0.9609615256285629]]
45822876	[1, [0.005101728161128749, 0.9948982718388713]]
74914858	[1, [0.048315494433855743, 0.9516845055661443]]
85753812	[1, [6.155286939590887e-06, 0.9999938447130604]]
18678310	[1, [0.020595433097532978, 0.979404566902467]]
87047823	[1, [0.005701204324921272, 0.9942987956750787]]
40555590	[1, [0.04411707026427014, 0.9558829297357299]]
67618492	[1, [0.03559727038237204, 0.964402729617628]]
6986347	[1, [0.00040007568752653544, 0.9995999243124735]]
5158558	[1, [0.0027285691111058608, 0.9972714308888941]]
5158559	[1, [0.0011929658623767159, 0.9988070341376233]]
7281794	[1, [0.0005084579908142262, 0.9994915420091858]]
7439880	[1, [0.019560470908476457, 0.9804395290915235]]
66298718	[1, [0.03554757620303717, 0.9644524237969628]]
49619328	[1, [0.03573475127826964, 0.9642652487217304]]
26642658	[1, [0.00011886521311110787, 0.9998811347868889]]
38326488	[1, [0.00316169625469942, 0.9968383037453006]]
43016918	[1, [0.028487773068332722, 0.9715122269316673]]
9138921	[1, [0.0054411286736903985, 0.9945588713263096]]
7187185	[1, [0.0035132504633024197, 0.9964867495366976]]
9343224	[1, [0.04955321092238474, 0.9504467890776153]]
57121577	[1, [0.01619069089135272, 0.9838093091086473]]
9343269	[1, [0.0025430621391282493, 0.9974569378608718]]
93993631	[1, [0.006193443719113123, 0.9938065562808869]]
26644653	[1, [0.0351808382890646, 0.9648191617109354]]
7786429	[1, [0.0005725262441027557, 0.9994274737558972]]
55282524	[1, [0.00019376103612567253, 0.9998062389638743]]
87652496	[1, [0.01820628538030289, 0.9817937146196971]]
9267300	[1, [0.016303011813610935, 0.9836969881863891]]
43182027	[1, [0.032761842173856914, 0.9672381578261431]]
99845208	[1, [0.003259192890536111, 0.9967408071094639]]
7185322	[1, [0.00085375961268086, 0.9991462403873191]]
55727726	[1, [0.01281949601730481, 0.9871805039826952]]
56152399	[1, [0.008485780566604983, 0.991514219433395]]
7648387	[1, [0.010998262954169169, 0.9890017370458308]]
56190622	[1, [0.02940807722281913, 0.9705919227771809]]
55251981	[1, [0.0025306691268243142, 0.9974693308731757]]
9344359	[1, [0.001242224698982719, 0.9987577753010173]]
6997661	[1, [0.00046388950879605595, 0.9995361104912039]]
7849378	[1, [0.020859628382758233, 0.9791403716172418]]
6999693	[1, [0.0013907015239850162, 0.998609298476015]]
12758350	[1, [0.0016577088462489398, 0.9983422911537511]]
9344985	[1, [0.016050422255440844, 0.9839495777445592]]
26333178	[1, [0.014034628569770113, 0.9859653714302299]]
89082983	[1, [0.01087538150914491, 0.9891246184908551]]
9297372	[1, [0.011478041527655192, 0.9885219584723448]]
7001336	[1, [0.0014356796549281903, 0.9985643203450718]]
9323984	[1, [0.0105229560629303, 0.9894770439370697]]
86820217	[1, [0.006148616985022559, 0.9938513830149774]]
7001106	[1, [0.00198289715118527, 0.9980171028488147]]
96653525	[1, [0.027458965785238654, 0.9725410342147613]]
5800020	[1, [4.927248253849825e-08, 0.9999999507275175]]
97506010	[1, [0.016599318945517583, 0.9834006810544824]]
6999482	[1, [0.00015913766891240133, 0.9998408623310876]]
25729372	[1, [0.019741899910331484, 0.9802581000896685]]
80017703	[1, [1.4570891801568564e-05, 0.9999854291081984]]
9153639	[1, [0.0009184401878736814, 0.9990815598121263]]
14193400	[1, [0.020107528193589852, 0.9798924718064101]]
7922255	[1, [0.043021059075618706, 0.9569789409243813]]
84353362	[1, [0.0052920203937201205, 0.9947079796062799]]
96624109	[1, [0.019579019169120304, 0.9804209808308797]]
9324141	[1, [0.008173128040524946, 0.991826871959475]]
6996455	[1, [2.917469297925024e-06, 0.9999970825307021]]
9295162	[1, [0.015448544423924626, 0.9845514555760754]]
6907495	[1, [0.026487177335324574, 0.9735128226646754]]
5119528	[1, [0.009436349591140591, 0.9905636504088594]]
27237586	[1, [0.018481199337021637, 0.9815188006629784]]
7606686	[1, [0.0013720230334366423, 0.9986279769665634]]
35851502	[1, [0.024585765514952285, 0.9754142344850477]]
9233057	[1, [0.04241740436349439, 0.9575825956365056]]
9260362	[1, [0.033398335892844244, 0.9666016641071558]]
9294850	[1, [0.0029906192620201555, 0.9970093807379798]]
9260249	[1, [0.027958422542503247, 0.9720415774574968]]
21791298	[1, [0.03211454676988024, 0.9678854532301198]]
80194857	[1, [0.020123840047790775, 0.9798761599522092]]
84269510	[1, [0.009454740550046803, 0.9905452594499532]]
9294893	[1, [0.0025782580440785186, 0.9974217419559215]]
80249374	[1, [0.0037021296664824233, 0.9962978703335176]]
9260903	[1, [0.04763590120764105, 0.952364098792359]]
9233401	[1, [0.00889822314384403, 0.991101776856156]]
6654529	[1, [0.0006996443006507258, 0.9993003556993493]]
9295715	[1, [0.005682932359378445, 0.9943170676406216]]
79694242	[1, [0.03782131683609191, 0.9621786831639081]]
9263831	[1, [0.00021872446683934843, 0.9997812755331607]]
9295491	[1, [0.0007445558454491907, 0.9992554441545508]]
96692620	[1, [0.0015249086696930148, 0.998475091330307]]
18592200	[1, [0.0006258170861186407, 0.9993741829138814]]
9009645	[1, [0.004161840417645779, 0.9958381595823542]]
7158272	[1, [0.024336745565917584, 0.9756632544340824]]
92622702	[1, [0.02152362840482991, 0.9784763715951701]]
53672739	[1, [0.0481883490678936, 0.9518116509321064]]
54375695	[1, [0.04012483231424746, 0.9598751676857525]]
54199259	[1, [0.022724938455522703, 0.9772750615444773]]
45618090	[1, [0.009473757460085941, 0.9905262425399141]]
54394870	[1, [0.019796788312839264, 0.9802032116871607]]
45435389	[1, [0.01362853443520029, 0.9863714655647997]]
53733207	[1, [0.01753234269794679, 0.9824676573020532]]
71898340	[1, [0.0004666466723620699, 0.9995333533276379]]
46511311	[1, [8.4117066956102e-05, 0.9999158829330439]]
6663642	[1, [0.03408177085103237, 0.9659182291489676]]
95351298	[1, [0.032260591254367976, 0.967739408745632]]
50635829	[1, [0.0008535543897701947, 0.9991464456102298]]
94090211	[1, [0.028257317798967674, 0.9717426822010323]]
73590984	[1, [0.0011823037968625716, 0.9988176962031374]]
90023147	[1, [0.0005000561779003876, 0.9994999438220996]]
18028345	[1, [0.035105687840471966, 0.964894312159528]]
7991291	[1, [0.002018845903867361, 0.9979811540961326]]
17979535	[1, [0.03133545410642424, 0.9686645458935758]]
9224901	[1, [0.0013295025487948253, 0.9986704974512052]]
96089903	[1, [0.0015196485083117661, 0.9984803514916882]]
7931706	[1, [0.014575088382714707, 0.9854249116172853]]
96099164	[1, [0.002189602219232034, 0.997810397780768]]
55998005	[1, [0.00664868373083638, 0.9933513162691636]]
22284688	[1, [0.02753486457106724, 0.9724651354289328]]
97164712	[1, [4.9238004821261505e-05, 0.9999507619951787]]
27878875	[1, [0.00023254528437410826, 0.9997674547156259]]
7991738	[1, [0.0006619740229401039, 0.9993380259770599]]
7991034	[1, [0.0009219487085276867, 0.9990780512914723]]
39979632	[1, [0.03402492299206972, 0.9659750770079303]]
55995683	[1, [0.0012623843672301405, 0.9987376156327699]]
65460117	[1, [0.010020737698702598, 0.9899792623012974]]
88457576	[1, [0.0008438124467892161, 0.9991561875532108]]
27421072	[1, [0.006808790633952788, 0.9931912093660472]]
27444913	[1, [0.016202351171186957, 0.983797648828813]]
5552609	[1, [0.002896815789378282, 0.9971031842106217]]
14305119	[1, [0.029735705714633465, 0.9702642942853665]]
65448169	[1, [0.012122622416678386, 0.9878773775833216]]
5663905	[1, [0.02793728711269594, 0.9720627128873041]]
39338561	[1, [0.003060307019818409, 0.9969396929801816]]
25313731	[1, [0.006049671649781874, 0.9939503283502181]]
14308387	[1, [0.01826910683035976, 0.9817308931696402]]
69314685	[1, [0.013474492784297354, 0.9865255072157026]]
27397795	[1, [0.012136287174128624, 0.9878637128258714]]
29953193	[1, [0.0361438391343849, 0.9638561608656151]]
9040321	[1, [0.004584115454645321, 0.9954158845453547]]
49976982	[1, [0.011474205603110743, 0.9885257943968893]]
72681313	[1, [0.00097782257053447, 0.9990221774294655]]
5916254	[1, [0.004518860205122377, 0.9954811397948776]]
5917030	[1, [0.03710103032758827, 0.9628989696724117]]
5705784	[1, [0.004085901690068838, 0.9959140983099312]]
9207487	[1, [0.008404357019299091, 0.9915956429807009]]
7757147	[1, [0.014971814322637056, 0.9850281856773629]]
9317278	[1, [0.0010254829472727822, 0.9989745170527272]]
18820499	[1, [0.009244330191563233, 0.9907556698084368]]
49981746	[1, [0.02177501968042761, 0.9782249803195724]]
95150129	[1, [0.005867349799864585, 0.9941326502001354]]
82016870	[1, [0.0171813020726439, 0.9828186979273561]]
72606235	[1, [4.6917123541989625e-05, 0.999953082876458]]
10333815	[1, [0.0026127662845309985, 0.997387233715469]]
92333867	[1, [0.0001440759997929364, 0.9998559240002071]]
42481889	[1, [0.010537246837186709, 0.9894627531628133]]
93312235	[1, [0.020181541595925112, 0.9798184584040749]]
6968169	[1, [0.0003698549994731737, 0.9996301450005268]]
9249969	[1, [0.0012203679544482426, 0.9987796320455518]]
61762145	[1, [0.006828051466710394, 0.9931719485332896]]
9223620	[1, [0.004347350925322679, 0.9956526490746773]]
9298010	[1, [0.016216675269435488, 0.9837833247305645]]
7983606	[1, [0.01714254016534511, 0.9828574598346549]]
7963778	[1, [0.005320882383831993, 0.994679117616168]]
64010083	[1, [0.0006755280358194948, 0.9993244719641805]]
9299263	[1, [0.0016218430383714288, 0.9983781569616286]]
6966901	[1, [0.001478576626797956, 0.998521423373202]]
63947831	[1, [0.014620110787650797, 0.9853798892123492]]
9251330	[1, [0.015786932560628797, 0.9842130674393712]]
5764711	[1, [0.0010708495449318622, 0.9989291504550681]]
7961901	[1, [0.005083186653669469, 0.9949168133463305]]
52553265	[1, [0.0036853729095703835, 0.9963146270904296]]
71481557	[1, [0.002295004868383743, 0.9977049951316163]]
37622909	[1, [0.026920742353706784, 0.9730792576462932]]
7575533	[1, [0.003898565566544998, 0.996101434433455]]
6477674	[1, [0.0007746720995389644, 0.999225327900461]]
6479869	[1, [0.004471606453531618, 0.9955283935464684]]
7398703	[1, [0.00492582524447116, 0.9950741747555288]]
7779664	[1, [0.004245553646898603, 0.9957544463531014]]
7780815	[1, [0.00018536842518235286, 0.9998146315748176]]
7972353	[1, [0.002396629376006265, 0.9976033706239937]]
59374418	[1, [0.01756193321255861, 0.9824380667874414]]
7840761	[1, [0.04990959368102388, 0.9500904063189761]]
17240340	[1, [0.04436279096969986, 0.9556372090303001]]
7840465	[1, [0.006092977398263755, 0.9939070226017362]]
7577214	[1, [0.01044926483941877, 0.9895507351605812]]
66816816	[1, [0.01224104360668643, 0.9877589563933136]]
7957579	[1, [0.004334502378081528, 0.9956654976219185]]
59354222	[1, [7.672812475378876e-06, 0.9999923271875246]]
7780545	[1, [0.002062343582575954, 0.997937656417424]]
6482306	[1, [0.00460857207405585, 0.9953914279259441]]
18251700	[1, [0.0016945372156704774, 0.9983054627843295]]
9241830	[1, [0.02931944693739974, 0.9706805530626003]]
9025623	[1, [0.012770653819889066, 0.9872293461801109]]
50372833	[1, [0.018739786222052413, 0.9812602137779476]]
57389734	[1, [0.0418915332125922, 0.9581084667874078]]
7990610	[1, [0.009490750984422314, 0.9905092490155777]]
49539850	[1, [0.019657801916995288, 0.9803421980830047]]
6700090	[1, [0.00034571618567313944, 0.9996542838143269]]
69555168	[1, [0.0006070504234849672, 0.999392949576515]]
90396080	[1, [0.048914014293069186, 0.9510859857069308]]
49022546	[1, [0.04546673749654717, 0.9545332625034528]]
81938874	[1, [0.0005388051706388675, 0.9994611948293611]]
50490121	[1, [0.010419600234375381, 0.9895803997656246]]
60627727	[1, [0.016204157739652447, 0.9837958422603476]]
5849580	[1, [0.005082253142841275, 0.9949177468571587]]
68626774	[1, [0.025701926384164242, 0.9742980736158358]]
5797239	[1, [0.0013957136030010586, 0.9986042863969989]]
7655563	[1, [0.0027771964726801546, 0.9972228035273198]]
5849476	[1, [0.005082253142841275, 0.9949177468571587]]
5849477	[1, [0.005406490564629274, 0.9945935094353707]]
5849470	[1, [0.015476358039311577, 0.9845236419606884]]
35258073	[1, [0.018863504337041426, 0.9811364956629586]]
7656605	[1, [0.041503591905946324, 0.9584964080940537]]
6354322	[1, [0.014357980944173176, 0.9856420190558268]]
9236140	[1, [0.0005324311993621933, 0.9994675688006378]]
6348998	[1, [0.013286837510445904, 0.9867131624895541]]
5849596	[1, [6.518527616461434e-06, 0.9999934814723835]]
23468559	[1, [0.0011658051637923883, 0.9988341948362076]]
23496239	[1, [0.035031774649938896, 0.9649682253500611]]
9293460	[1, [0.03445991124196557, 0.9655400887580344]]
47871534	[1, [0.03724145011047919, 0.9627585498895208]]
9236302	[1, [0.0003202974922418278, 0.9996797025077582]]
54912150	[1, [0.04469648432379136, 0.9553035156762086]]
5849595	[1, [0.0005478056132320885, 0.9994521943867679]]
5849594	[1, [3.356357762007711e-05, 0.9999664364223799]]
5849593	[1, [3.356357762007711e-05, 0.9999664364223799]]
79624701	[1, [0.028013950395783027, 0.971986049604217]]
5849590	[1, [0.032631278821467435, 0.9673687211785326]]
33518038	[1, [0.0026902417326167827, 0.9973097582673832]]
5849481	[1, [0.02411784732592115, 0.9758821526740789]]
5849469	[1, [0.015476358039311577, 0.9845236419606884]]
5849468	[1, [0.01995717996165547, 0.9800428200383445]]
5849606	[1, [0.00964064950128396, 0.990359350498716]]
5849605	[1, [0.00964064950128396, 0.990359350498716]]
31945476	[1, [0.03730067658546654, 0.9626993234145335]]
5849602	[1, [2.1347529460147285e-05, 0.9999786524705399]]
5849601	[1, [5.305640231378916e-06, 0.9999946943597686]]
5849600	[1, [5.305640231378916e-06, 0.9999946943597686]]
9211821	[1, [0.0011169910298154395, 0.9988830089701846]]
77150676	[1, [0.04306786161235454, 0.9569321383876455]]
79637452	[1, [0.019085041090211474, 0.9809149589097885]]
47858063	[1, [0.0009340337465902904, 0.9990659662534097]]
9211521	[1, [0.00047658182084819867, 0.9995234181791518]]
9293312	[1, [0.0084377566393391, 0.9915622433606609]]
33526219	[1, [0.020722360725461075, 0.9792776392745389]]
44333954	[1, [0.0205522738883831, 0.9794477261116169]]
56958138	[1, [0.02555337181165651, 0.9744466281883435]]
73434915	[1, [5.280795385986803e-05, 0.9999471920461401]]
9313266	[1, [0.0010105563184428235, 0.9989894436815572]]
92487949	[1, [0.00866898129206184, 0.9913310187079382]]
77959939	[1, [0.008737263457257782, 0.9912627365427422]]
18425549	[1, [0.012581016997865402, 0.9874189830021346]]
9314199	[1, [0.00047344823708517225, 0.9995265517629148]]
7875090	[1, [0.044277959186568405, 0.9557220408134316]]
33111533	[1, [0.020245497337630813, 0.9797545026623692]]
35457060	[1, [0.0006871037302608185, 0.9993128962697392]]
7875068	[1, [0.0014077116617914331, 0.9985922883382086]]
38432126	[1, [0.007799739087398505, 0.9922002609126015]]
92492713	[1, [0.020691171307321676, 0.9793088286926783]]
26307370	[1, [0.03827306970252564, 0.9617269302974744]]
6138230	[1, [0.0005787478257083256, 0.9994212521742917]]
9313698	[1, [0.00285881546176725, 0.9971411845382327]]
9314580	[1, [0.031079009781197375, 0.9689209902188026]]
7978651	[1, [0.007349749528746563, 0.9926502504712534]]
6047517	[1, [0.014537976074841641, 0.9854620239251584]]
5211703	[1, [0.023248330945812468, 0.9767516690541875]]
92488517	[1, [0.00285059843634905, 0.997149401563651]]
99596713	[1, [0.027757603847214152, 0.9722423961527858]]
10131764	[1, [0.022823386134535495, 0.9771766138654645]]
92681660	[1, [0.011339923188668277, 0.9886600768113317]]
9318779	[1, [0.01830187598130184, 0.9816981240186982]]
7642225	[1, [0.0019892365854111693, 0.9980107634145888]]
25867515	[1, [7.37525687353191e-05, 0.9999262474312647]]
30168283	[1, [0.019814999172623637, 0.9801850008273764]]
7859208	[1, [0.008149791550725816, 0.9918502084492742]]
83789150	[1, [0.04803640640236795, 0.951963593597632]]
7861176	[1, [0.005405138742760607, 0.9945948612572394]]
5548414	[1, [0.044190531452238835, 0.9558094685477612]]
29400408	[1, [0.024629542492974665, 0.9753704575070253]]
84290659	[1, [0.00015015719485667045, 0.9998498428051433]]
9304098	[1, [0.047197360251599485, 0.9528026397484005]]
13630897	[1, [0.019012412217688568, 0.9809875877823114]]
78582721	[1, [0.0474859264072951, 0.9525140735927049]]
13403606	[1, [0.006863844013542897, 0.9931361559864571]]
9240284	[1, [0.0025484935305868373, 0.9974515064694132]]
54986652	[1, [0.03159906282471958, 0.9684009371752804]]
7249382	[1, [0.008284283791064495, 0.9917157162089355]]
77993591	[1, [0.044810643808265826, 0.9551893561917342]]
49812395	[1, [0.04407976135829661, 0.9559202386417034]]
6622882	[1, [0.006163126735284741, 0.9938368732647153]]
78063748	[1, [0.0012111067525251151, 0.9987888932474749]]
9304278	[1, [0.019952214525334022, 0.980047785474666]]
81187763	[1, [0.009902070152891351, 0.9900979298471086]]
49807211	[1, [1.4444223639387133e-07, 0.9999998555577636]]
7936461	[1, [0.005823061626126225, 0.9941769383738738]]
12721600	[1, [0.024530815513042814, 0.9754691844869572]]
81170719	[1, [0.0013961908374391374, 0.9986038091625609]]
9240532	[1, [0.038892026891421905, 0.9611079731085781]]
6621764	[1, [0.00014097005135538243, 0.9998590299486446]]
7936757	[1, [0.01983397767674855, 0.9801660223232515]]
9275531	[1, [0.007004231699696106, 0.9929957683003039]]
7242912	[1, [0.000583348771514336, 0.9994166512284857]]
7245630	[1, [0.00019003257224736725, 0.9998099674277526]]
9331023	[1, [0.0071222078192888505, 0.9928777921807111]]
37019168	[1, [0.024408252832989308, 0.9755917471670107]]
40809886	[1, [0.0009845763279330288, 0.999015423672067]]
9329883	[1, [0.003571348007225583, 0.9964286519927744]]
49174276	[1, [0.02613908825014366, 0.9738609117498563]]
36997658	[1, [0.03275341729867043, 0.9672465827013296]]
6590437	[1, [0.01051922980884179, 0.9894807701911582]]
18200651	[1, [0.018708373536292622, 0.9812916264637074]]
95991834	[1, [0.002807605472894825, 0.9971923945271052]]
9325180	[1, [0.0021903579865500955, 0.9978096420134499]]
30751408	[1, [0.002198422365457642, 0.9978015776345424]]
9325104	[1, [0.03408545302982435, 0.9659145469701756]]
9325345	[1, [0.007543091004543423, 0.9924569089954566]]
7609186	[1, [0.01070041924690135, 0.9892995807530987]]
9330459	[1, [0.004223364179936739, 0.9957766358200633]]
40826140	[1, [0.014977856589766025, 0.985022143410234]]
50086846	[1, [4.129707082778378e-05, 0.9999587029291722]]
40133170	[1, [0.0022742591064844886, 0.9977257408935155]]
7607455	[1, [0.0039424998020067825, 0.9960575001979932]]
7609007	[1, [0.0008976995434113455, 0.9991023004565887]]
15621547	[1, [0.03480732779836404, 0.965192672201636]]
40162596	[1, [0.003796148933536192, 0.9962038510664638]]
37412145	[1, [0.02660713807644899, 0.973392861923551]]
63823687	[1, [0.015960148949538455, 0.9840398510504615]]
97257604	[1, [0.00016442151256890192, 0.9998355784874311]]
7608838	[1, [0.009256359656743318, 0.9907436403432567]]
7982963	[1, [0.0036127425261421875, 0.9963872574738578]]
71656142	[1, [0.000968753723865845, 0.9990312462761342]]
71678529	[1, [0.0010545614529373637, 0.9989454385470626]]
71652566	[1, [0.009771742561257124, 0.9902282574387429]]
7704331	[1, [0.03690011719291819, 0.9630998828070818]]
7724864	[1, [0.005722309460150399, 0.9942776905398496]]
6666973	[1, [0.004020623696259107, 0.9959793763037409]]
5656899	[1, [8.344450855068963e-05, 0.9999165554914493]]
44300059	[1, [0.0032562269856958315, 0.9967437730143042]]
6719121	[1, [0.04725653461789392, 0.9527434653821061]]
87893756	[1, [0.00038270962017605825, 0.9996172903798239]]
7188104	[1, [0.025783485016358854, 0.9742165149836411]]
7752957	[1, [0.006764453278092719, 0.9932355467219073]]
6013789	[1, [0.020461549135298185, 0.9795384508647018]]
7723716	[1, [0.0036867497195361976, 0.9963132502804638]]
49160452	[1, [0.011873058175249751, 0.9881269418247502]]
81695894	[1, [0.001287807158076415, 0.9987121928419236]]
7750751	[1, [6.076635719276524e-05, 0.9999392336428072]]
49994940	[1, [0.02253723405163044, 0.9774627659483696]]
9302836	[1, [0.0015605567655686547, 0.9984394432344313]]
5931877	[1, [0.008757905314071834, 0.9912420946859282]]
5932794	[1, [0.008563718152600375, 0.9914362818473996]]
5922776	[1, [0.0030876354669052697, 0.9969123645330947]]
89394303	[1, [0.03537650775880141, 0.9646234922411986]]
44439343	[1, [0.03373004845655614, 0.9662699515434439]]
5932761	[1, [0.012430578051513264, 0.9875694219484867]]
57163657	[1, [0.026629652847785068, 0.9733703471522149]]
5323222	[1, [0.0359512865951398, 0.9640487134048602]]
9302033	[1, [0.001441565205585138, 0.9985584347944149]]
6679681	[1, [0.012158490963173896, 0.9878415090368261]]
67478161	[1, [0.007752958689151823, 0.9922470413108482]]
50035881	[1, [0.039030298486869675, 0.9609697015131303]]
9302882	[1, [0.032509790012317685, 0.9674902099876823]]
6342679	[1, [7.39335705697286e-05, 0.9999260664294303]]
5863313	[1, [0.0003089042312306445, 0.9996910957687694]]
83362271	[1, [0.0013237843711289, 0.9986762156288711]]
19924127	[1, [0.007797924830745817, 0.9922020751692542]]
6500198	[1, [0.020762447716809906, 0.9792375522831901]]
66065916	[1, [0.00040714206036651657, 0.9995928579396335]]
5931880	[1, [0.0009303810273966207, 0.9990696189726034]]
64889321	[1, [5.6591879306955306e-05, 0.999943408120693]]
83315937	[1, [0.0017054492615194983, 0.9982945507384805]]
9246563	[1, [0.005327665725671671, 0.9946723342743283]]
7226496	[1, [0.021410029899043614, 0.9785899701009564]]
9248104	[1, [0.010855643580510499, 0.9891443564194895]]
7228169	[1, [0.0037544389103988385, 0.9962455610896012]]
5922378	[1, [0.002808273690311336, 0.9971917263096887]]
9246322	[1, [0.033584627306423975, 0.966415372693576]]
5542344	[1, [0.022662158310143954, 0.977337841689856]]
57990883	[1, [0.023762109444254942, 0.9762378905557451]]
29345415	[1, [0.00867323426951283, 0.9913267657304872]]
21995748	[1, [0.005917858494078665, 0.9940821415059213]]
63316698	[1, [3.9145362502934766e-05, 0.9999608546374971]]
5542376	[1, [0.019524602002329194, 0.9804753979976708]]
60074022	[1, [0.02428000328084401, 0.975719996719156]]
5540635	[1, [7.766623426608277e-06, 0.9999922333765734]]
5543783	[1, [0.028319508825007556, 0.9716804911749924]]
6473918	[1, [0.008268991297410433, 0.9917310087025896]]
54671829	[1, [0.02815342462694803, 0.971846575373052]]
7221788	[1, [0.004402881277307702, 0.9955971187226923]]
86471285	[1, [0.044035799388156494, 0.9559642006118435]]
15185984	[1, [0.024264683139462395, 0.9757353168605376]]
9013994	[1, [0.0034732024385630833, 0.9965267975614369]]
68266988	[1, [0.032197570401308884, 0.9678024295986911]]
54653922	[1, [0.01628477586457111, 0.9837152241354289]]
81378729	[1, [0.005373610759789926, 0.9946263892402101]]
7952198	[1, [0.01850314051402613, 0.9814968594859739]]
89183460	[1, [0.026590002415741054, 0.973409997584259]]
6158980	[1, [0.0032739125365267574, 0.9967260874634732]]
88795798	[1, [0.024064658951100215, 0.9759353410488998]]
88824984	[1, [0.049001310134131004, 0.950998689865869]]
9304815	[1, [0.04222079318077576, 0.9577792068192242]]
7124805	[1, [0.010506483269827727, 0.9894935167301723]]
7121316	[1, [0.02389563910571313, 0.9761043608942869]]
20949423	[1, [0.031219176993286912, 0.9687808230067131]]
98084259	[1, [0.0007110069361566662, 0.9992889930638433]]
9203174	[1, [0.021778133403451694, 0.9782218665965483]]
21445723	[1, [0.005067482152754654, 0.9949325178472453]]
7269652	[1, [0.0025444145539308405, 0.9974555854460692]]
31865509	[1, [0.011703873956181665, 0.9882961260438183]]
83717930	[1, [0.005067685498644003, 0.994932314501356]]
7698002	[1, [0.021915622557289405, 0.9780843774427106]]
33211903	[1, [0.02566291651282182, 0.9743370834871782]]
83703702	[1, [0.010040599507732617, 0.9899594004922674]]
9305024	[1, [0.0011695310653684343, 0.9988304689346316]]
88833942	[1, [0.04412842508656667, 0.9558715749134333]]
83753047	[1, [0.00785304521615382, 0.9921469547838462]]
7959365	[1, [0.030808591329599233, 0.9691914086704008]]
25924255	[1, [2.466580904170179e-05, 0.9999753341909583]]
31606922	[1, [0.018269181597406092, 0.9817308184025939]]
98053561	[1, [0.04566062477247412, 0.9543393752275259]]
43245092	[1, [0.017848197908376773, 0.9821518020916232]]
7660970	[1, [0.002062343582575954, 0.997937656417424]]
9285318	[1, [0.010385705567251158, 0.9896142944327488]]
29746058	[1, [0.03184255755132559, 0.9681574424486744]]
16047477	[1, [0.00033838169740818547, 0.9996616183025918]]
5628148	[1, [0.016727038672284533, 0.9832729613277155]]
9075547	[1, [0.011128858269614517, 0.9888711417303855]]
25502926	[1, [0.002076699090448386, 0.9979233009095516]]
87877575	[1, [0.011116683530093652, 0.9888833164699063]]
21264509	[1, [0.012211758569525721, 0.9877882414304743]]
45881736	[1, [0.02617402951134873, 0.9738259704886513]]
9136230	[1, [0.00048798518826598247, 0.999512014811734]]
9286169	[1, [0.03927666439680488, 0.9607233356031951]]
16019193	[1, [0.01110487887482492, 0.9888951211251751]]
12233197	[1, [0.004449583251269207, 0.9955504167487308]]
21256369	[1, [0.047512073711521, 0.952487926288479]]
7921030	[1, [0.0022334085067076126, 0.9977665914932924]]
5526659	[1, [0.015354393122593013, 0.984645606877407]]
31965040	[1, [0.02584740102364924, 0.9741525989763508]]
7096060	[1, [0.038864190535648824, 0.9611358094643512]]
25059405	[1, [0.028284963810982333, 0.9717150361890177]]
7984805	[1, [0.000867461772332212, 0.9991325382276678]]
31981950	[1, [0.010833954768227017, 0.989166045231773]]
6523296	[1, [0.004902176393992597, 0.9950978236060074]]
9156271	[1, [0.028646901191373586, 0.9713530988086264]]
37725519	[1, [0.008472598914598173, 0.9915274010854018]]
7240758	[1, [0.0005858363984854176, 0.9994141636015146]]
6518520	[1, [0.0006076868114029965, 0.999392313188597]]
7009954	[1, [0.049317236423481514, 0.9506827635765185]]
85298290	[1, [0.000234310632992063, 0.9997656893670079]]
6467053	[1, [0.012314641087770695, 0.9876853589122293]]
7882582	[1, [6.836593028169968e-05, 0.9999316340697183]]
9333705	[1, [0.015796870578759337, 0.9842031294212407]]
6980459	[1, [0.04716454767039979, 0.9528354523296002]]
6979655	[1, [2.0533268672129346e-05, 0.9999794667313279]]
9337911	[1, [0.017050730668393133, 0.9829492693316069]]
9262058	[1, [0.04734395690409665, 0.9526560430959033]]
61019354	[1, [0.00018410820914305237, 0.999815891790857]]
42712468	[1, [0.0002539935845389252, 0.9997460064154611]]
9262548	[1, [0.0007383968227907545, 0.9992616031772092]]
9261554	[1, [0.004340751524316788, 0.9956592484756832]]
7967484	[1, [0.019552469934025152, 0.9804475300659748]]
9336608	[1, [0.015582966398184017, 0.984417033601816]]
6433494	[1, [0.021832767660909025, 0.978167232339091]]
9334243	[1, [0.010339027082679975, 0.98966097291732]]
11936870	[1, [0.0019327035028794404, 0.9980672964971206]]
63089254	[1, [8.962828630276753e-06, 0.9999910371713697]]
5479861	[1, [0.00015788565407404143, 0.999842114345926]]
7881349	[1, [5.8215483486501185e-05, 0.9999417845165135]]
6079878	[1, [0.027619831813941342, 0.9723801681860587]]
5483433	[1, [0.004844017525039379, 0.9951559824749606]]
9261735	[1, [0.0010049444093994664, 0.9989950555906005]]
55609909	[1, [0.0013596412530175739, 0.9986403587469824]]
61007519	[1, [0.006991675085651239, 0.9930083249143488]]
63108210	[1, [0.0001829269363116115, 0.9998170730636884]]
61018260	[1, [0.016745086402049525, 0.9832549135979505]]
88010717	[1, [0.010110390621146714, 0.9898896093788533]]
5935821	[1, [0.016486854349449853, 0.9835131456505501]]
7987809	[1, [0.03601854023285944, 0.9639814597671406]]
5175102	[1, [0.04674169052194388, 0.9532583094780561]]
7710891	[1, [0.012703900901485432, 0.9872960990985146]]
7712706	[1, [0.01566413994773097, 0.984335860052269]]
5934230	[1, [0.007620840182479549, 0.9923791598175205]]
5935173	[1, [0.0017417430466022399, 0.9982582569533978]]
5935118	[1, [0.0015355943867163546, 0.9984644056132836]]
15132229	[1, [0.0004727168945648508, 0.9995272831054351]]
5935651	[1, [0.007139030478714337, 0.9928609695212857]]
6461921	[1, [0.0074438243144761, 0.9925561756855239]]
5934376	[1, [0.007796603912718081, 0.9922033960872819]]
29774250	[1, [0.013108032761788069, 0.9868919672382119]]
7708642	[1, [0.02206737911788481, 0.9779326208821152]]
5935064	[1, [0.028305896435005695, 0.9716941035649943]]
7714080	[1, [0.015289553926084443, 0.9847104460739156]]
5935030	[1, [0.02345352220597774, 0.9765464777940223]]
98029275	[1, [0.03584408656323579, 0.9641559134367642]]
6690447	[1, [0.0470976113519338, 0.9529023886480662]]
15148324	[1, [0.010285644998056842, 0.9897143550019432]]
7713162	[1, [0.0203448705520477, 0.9796551294479523]]
9003912	[1, [0.048650444386600045, 0.9513495556134]]
5936031	[1, [0.014813679707031624, 0.9851863202929684]]
7712670	[1, [0.01566413994773097, 0.984335860052269]]
7988110	[1, [1.7692689240900172e-05, 0.9999823073107591]]
6954546	[1, [0.0009498639464750047, 0.999050136053525]]
7708962	[1, [0.030799240711951725, 0.9692007592880483]]
6525208	[1, [0.0018726569633533696, 0.9981273430366466]]
57606565	[1, [0.008103597952616393, 0.9918964020473836]]
7854161	[1, [0.010260029242892599, 0.9897399707571074]]
9300421	[1, [0.014940387897201757, 0.9850596121027982]]
9300367	[1, [0.0008877180559906384, 0.9991122819440094]]
5934630	[1, [0.001935284413053906, 0.9980647155869461]]
29805947	[1, [0.006938978649687733, 0.9930610213503123]]
6825816	[1, [0.00853904040048492, 0.9914609595995151]]
29836104	[1, [0.020153869209524333, 0.9798461307904757]]
45001338	[1, [0.01317706871467128, 0.9868229312853287]]
61117997	[1, [9.332117730831424e-05, 0.9999066788226917]]
15087726	[1, [0.006064855617555875, 0.9939351443824441]]
96070563	[1, [0.01962111280799117, 0.9803788871920088]]
5235793	[1, [3.0272651403651096e-05, 0.9999697273485963]]
48167642	[1, [0.0014510552731326065, 0.9985489447268674]]
94415206	[1, [0.005681533613066336, 0.9943184663869337]]
5232802	[1, [5.076728975761391e-06, 0.9999949232710242]]
43632702	[1, [0.009201822730542819, 0.9907981772694572]]
97097278	[1, [0.03018206884975405, 0.969817931150246]]
60888022	[1, [0.0009367064685770199, 0.999063293531423]]
5728705	[1, [0.00016607143116831313, 0.9998339285688317]]
7799379	[1, [0.0008503809934745643, 0.9991496190065254]]
9210938	[1, [0.021433222000767582, 0.9785667779992324]]
61802759	[1, [0.0007671713034133054, 0.9992328286965867]]
36825391	[1, [0.0006496583705266623, 0.9993503416294733]]
65872374	[1, [0.02663671535303047, 0.9733632846469695]]
7799924	[1, [0.0012328504526261108, 0.9987671495473739]]
9270471	[1, [0.0028575718741811196, 0.9971424281258189]]
87517677	[1, [0.0006084411733914274, 0.9993915588266086]]
9270709	[1, [0.008304243391381805, 0.9916957566086182]]
13537811	[1, [6.878256669229366e-06, 0.9999931217433308]]
5668088	[1, [0.016531751100028247, 0.9834682488999718]]
5803967	[1, [0.0016079045367408673, 0.9983920954632591]]
9258177	[1, [0.00802441625638417, 0.9919755837436158]]
56439147	[1, [0.014039018172621431, 0.9859609818273786]]
46895342	[1, [0.004582101662736537, 0.9954178983372635]]
5804704	[1, [0.00023010840410597755, 0.999769891595894]]
22503806	[1, [0.008325183523378965, 0.991674816476621]]
62802371	[1, [0.009508699389171649, 0.9904913006108284]]
9306492	[1, [0.028101700861671297, 0.9718982991383287]]
46828475	[1, [0.03202853888886159, 0.9679714611111384]]
47298327	[1, [0.00461928491089858, 0.9953807150891014]]
41156099	[1, [0.020396500567302356, 0.9796034994326976]]
44804602	[1, [0.009197974624757355, 0.9908020253752426]]
44756927	[1, [0.0006466154280786451, 0.9993533845719214]]
5805485	[1, [0.03176952110230358, 0.9682304788976964]]
67411352	[1, [0.018100444162220897, 0.9818995558377791]]
58479943	[1, [0.018071350056507174, 0.9819286499434928]]
21708674	[1, [3.906596694824849e-05, 0.9999609340330518]]
9307615	[1, [0.008254576905303845, 0.9917454230946962]]
58417378	[1, [0.010416367635127655, 0.9895836323648723]]
7915471	[1, [0.004676125888126492, 0.9953238741118735]]
85183734	[1, [0.004137156764581262, 0.9958628432354187]]
7706102	[1, [0.0007821165674067876, 0.9992178834325932]]
60434883	[1, [0.003234256948357217, 0.9967657430516428]]
50760061	[1, [0.04502860206636361, 0.9549713979336364]]
7705322	[1, [0.008001261256610825, 0.9919987387433892]]
43753225	[1, [0.008800640749722644, 0.9911993592502774]]
6358875	[1, [7.819250559915059e-05, 0.9999218074944008]]
45236902	[1, [0.0038153792763135908, 0.9961846207236864]]
9147118	[1, [0.006602368871617692, 0.9933976311283823]]
73726717	[1, [0.022920052354023057, 0.9770799476459769]]
60397054	[1, [0.024198622654127644, 0.9758013773458724]]
74405180	[1, [0.046327785816269285, 0.9536722141837307]]
28083450	[1, [0.04792381431741988, 0.9520761856825801]]
41114714	[1, [0.0023317321952468495, 0.9976682678047532]]
9208465	[1, [0.04040650872889817, 0.9595934912711018]]
50783782	[1, [5.575203655072691e-06, 0.9999944247963449]]
7704952	[1, [6.0191270586318346e-05, 0.9999398087294137]]
5963926	[1, [1.7177456005379454e-06, 0.9999982822543995]]
70291170	[1, [0.03895373181955364, 0.9610462681804464]]
7706642	[1, [0.026282253485393037, 0.973717746514607]]
6938193	[1, [0.0037363333666309284, 0.9962636666333691]]
6363172	[1, [0.03955119060440726, 0.9604488093955927]]
57610406	[1, [0.0170227725880171, 0.9829772274119829]]
90728183	[1, [0.019893417886419407, 0.9801065821135806]]
6873030	[1, [0.0017722475688128903, 0.9982277524311871]]
70236203	[1, [0.013999055828403106, 0.9860009441715969]]
7674140	[1, [0.0351154517902208, 0.9648845482097792]]
43780550	[1, [9.665526148194825e-05, 0.999903344738518]]
70274062	[1, [0.015422304499453032, 0.984577695500547]]
5339407	[1, [0.009456623445837864, 0.9905433765541621]]
38622188	[1, [0.0015050104858880253, 0.998494989514112]]
47753826	[1, [0.029298378164014927, 0.9707016218359851]]
5339444	[1, [0.0003468347426772711, 0.9996531652573227]]
5340527	[1, [0.016228046952402764, 0.9837719530475972]]
5338872	[1, [0.00045001919735521145, 0.9995499808026448]]
6611836	[1, [0.029845244623023293, 0.9701547553769767]]
5340560	[1, [0.010555410585245006, 0.989444589414755]]
9235040	[1, [0.033950386350790174, 0.9660496136492098]]
22788501	[1, [4.971747014081984e-09, 0.999999995028253]]
9235354	[1, [0.000657364516230885, 0.9993426354837691]]
7235017	[1, [0.0023129034890617683, 0.9976870965109382]]
30780197	[1, [7.337819504682486e-06, 0.9999926621804953]]
75239707	[1, [0.017298392113732297, 0.9827016078862677]]
9292445	[1, [0.04488649091870167, 0.9551135090812983]]
9291787	[1, [0.01562581861020218, 0.9843741813897978]]
41319130	[1, [9.970363768208035e-05, 0.9999002963623179]]
30829606	[1, [0.00032775759201375543, 0.9996722424079862]]
7827717	[1, [0.03191267457214675, 0.9680873254278533]]
7829224	[1, [0.0005830974678264766, 0.9994169025321735]]
22832270	[1, [0.00021241375543057384, 0.9997875862445694]]
5338858	[1, [0.022091780976730147, 0.9779082190232699]]
5338871	[1, [0.0032421211601232347, 0.9967578788398768]]
7644889	[1, [0.008923523844937886, 0.9910764761550621]]
9292017	[1, [0.03550775578420484, 0.9644922442157952]]
5340558	[1, [0.01953512097472687, 0.9804648790252731]]
5573705	[1, [0.0001788275392304861, 0.9998211724607695]]
22787489	[1, [0.033655141485547935, 0.9663448585144521]]
18758545	[1, [0.02227210870176477, 0.9777278912982352]]
9291891	[1, [0.03370358041073296, 0.966296419589267]]
5253849	[1, [0.0025014184992283583, 0.9974985815007716]]
9292300	[1, [0.007356734746468696, 0.9926432652535313]]
84706905	[1, [2.6624854303824996e-05, 0.9999733751456962]]
6614520	[1, [0.01720969425096286, 0.9827903057490371]]
6091475	[1, [0.04374264141529338, 0.9562573585847066]]
6586465	[1, [0.0006920834603039161, 0.9993079165396961]]
24845747	[1, [0.009380195580443562, 0.9906198044195564]]
11656333	[1, [0.010511422733384346, 0.9894885772666157]]
5557657	[1, [8.272267948250533e-05, 0.9999172773205175]]
9253687	[1, [0.00033368474548367555, 0.9996663152545163]]
9329478	[1, [0.003292797331649111, 0.9967072026683509]]
7059145	[1, [0.01580775352460595, 0.984192246475394]]
7929815	[1, [0.00041082627043320663, 0.9995891737295668]]
9320224	[1, [0.012076406622891, 0.987923593377109]]
9319543	[1, [0.00800553211151156, 0.9919944678884884]]
20105796	[1, [0.0012496161501954761, 0.9987503838498045]]
24813771	[1, [0.030632748799094167, 0.9693672512009058]]
11650870	[1, [0.037976703291409675, 0.9620232967085903]]
9320188	[1, [0.012995513353427635, 0.9870044866465724]]
56377552	[1, [0.001658649336115925, 0.9983413506638841]]
9269672	[1, [0.014713650068508777, 0.9852863499314912]]
9319606	[1, [0.03260127087064901, 0.967398729129351]]
9251985	[1, [0.017939930531400528, 0.9820600694685995]]
9319939	[1, [0.005222635817475063, 0.9947773641825249]]
9253163	[1, [0.0420506879458572, 0.9579493120541428]]
9253160	[1, [0.02272484102250283, 0.9772751589774972]]
9253838	[1, [0.01247530002099495, 0.987524699979005]]
5326733	[1, [0.009662763453352707, 0.9903372365466473]]
30855249	[1, [0.01914563315717921, 0.9808543668428208]]
9238643	[1, [0.017196072808983276, 0.9828039271910167]]
66596162	[1, [0.010041402403775046, 0.989958597596225]]
9245547	[1, [0.005715698986002549, 0.9942843010139975]]
36515829	[1, [0.04528421328849841, 0.9547157867115016]]
5326674	[1, [0.007879959265627345, 0.9921200407343727]]
9282256	[1, [0.018145695237104964, 0.981854304762895]]
68938284	[1, [0.008021249880771242, 0.9919787501192288]]
6585577	[1, [0.02962150348644821, 0.9703784965135518]]
85535393	[1, [0.03623764549895181, 0.9637623545010482]]
53990680	[1, [0.0022178128993733948, 0.9977821871006266]]
77576913	[1, [0.006651885341197761, 0.9933481146588022]]
5326670	[1, [0.002492790176030768, 0.9975072098239692]]
5326673	[1, [0.0010667806747778341, 0.9989332193252222]]
9237752	[1, [0.0017611753851209944, 0.998238824614879]]
7769143	[1, [3.145053182740387e-05, 0.9999685494681726]]
9283116	[1, [0.0415471182935373, 0.9584528817064627]]
46594401	[1, [0.04930749095521092, 0.9506925090447891]]
21371664	[1, [0.014229730337808055, 0.985770269662192]]
23588574	[1, [0.03378578060338866, 0.9662142193966113]]
9237963	[1, [0.036807347413481684, 0.9631926525865183]]
87306869	[1, [0.011200852298209552, 0.9887991477017904]]
7745910	[1, [0.0028114857143008987, 0.9971885142856991]]
55529575	[1, [0.03480763391068076, 0.9651923660893192]]
32387792	[1, [0.009132083237983424, 0.9908679167620166]]
76453463	[1, [0.002109445819603595, 0.9978905541803964]]
87347025	[1, [0.006011508779340202, 0.9939884912206598]]
5467696	[1, [0.009806834949110277, 0.9901931650508897]]
95441668	[1, [0.04256021601833582, 0.9574397839816642]]
7718120	[1, [0.010929072706781673, 0.9890709272932183]]
54493922	[1, [0.0027976363126936965, 0.9972023636873063]]
55569398	[1, [0.002113746977119524, 0.9978862530228805]]
9335750	[1, [0.03700320410116109, 0.9629967958988389]]
76788637	[1, [0.00667012889170393, 0.9933298711082961]]
94325258	[1, [0.0009009452776024274, 0.9990990547223976]]
7718105	[1, [0.009098814602407357, 0.9909011853975926]]
39690754	[1, [0.0008421598611910719, 0.9991578401388089]]
9280633	[1, [0.001009497994698183, 0.9989905020053018]]
5531663	[1, [0.004346709970094009, 0.995653290029906]]
9334817	[1, [0.021266600796105317, 0.9787333992038947]]
7719785	[1, [0.009098814602407357, 0.9909011853975926]]
7715365	[1, [0.026822239629074263, 0.9731777603709257]]
9335242	[1, [0.012771487816920613, 0.9872285121830794]]
76798878	[1, [0.003535152708906586, 0.9964648472910934]]
94294506	[1, [0.0016836856814048673, 0.9983163143185951]]
9335579	[1, [0.0486544570221662, 0.9513455429778338]]
7716896	[1, [0.04057881521334683, 0.9594211847866532]]
9335167	[1, [0.024215687990182033, 0.975784312009818]]
14624411	[1, [3.430040249607913e-07, 0.999999656995975]]
7715104	[1, [0.01437461950973562, 0.9856253804902644]]
94321000	[1, [0.002846665940213766, 0.9971533340597862]]
55575427	[1, [0.04941502863916669, 0.9505849713608333]]
16106260	[1, [0.019318423972770726, 0.9806815760272293]]
95601782	[1, [0.0008980357782997217, 0.9991019642217003]]
7973682	[1, [0.02525064798786547, 0.9747493520121345]]
93725213	[1, [0.0017629652672258578, 0.9982370347327741]]
85114861	[1, [0.0061365766760872464, 0.9938634233239128]]
78606854	[1, [0.0004119276745343514, 0.9995880723254656]]
32346324	[1, [0.02280884586160259, 0.9771911541383974]]
9278818	[1, [0.006174132368495178, 0.9938258676315048]]
29864079	[1, [4.3200469164728084e-05, 0.9999567995308353]]
7855841	[1, [0.00816637828219735, 0.9918336217178026]]
5606838	[1, [0.01002736903758028, 0.9899726309624197]]
82710307	[1, [0.01091631476846, 0.98908368523154]]
9277801	[1, [0.016003917090312125, 0.9839960829096879]]
9321364	[1, [0.016216675269435488, 0.9837833247305645]]
5405898	[1, [0.013372921844818753, 0.9866270781551812]]
9308205	[1, [0.03310838133492022, 0.9668916186650798]]
18607150	[1, [0.0002752395205668501, 0.9997247604794331]]
9321374	[1, [0.031813227477050066, 0.9681867725229499]]
7917962	[1, [3.1436361907388743e-05, 0.9999685636380926]]
69363812	[1, [0.03598987458861691, 0.9640101254113831]]
9309094	[1, [0.00547935600407623, 0.9945206439959238]]
55441945	[1, [7.931997075827368e-07, 0.9999992068002924]]
5404190	[1, [0.0047482894893298155, 0.9952517105106702]]
9309154	[1, [0.017797769674776864, 0.9822022303252231]]
99344221	[1, [0.03180975783264994, 0.9681902421673501]]
99338647	[1, [0.009963154662194551, 0.9900368453378054]]
89788270	[1, [7.183610398697748e-05, 0.999928163896013]]
9322677	[1, [0.008161428417473804, 0.9918385715825262]]
5672001	[1, [0.009901739844776714, 0.9900982601552233]]
9254104	[1, [0.026517157397628166, 0.9734828426023718]]
84768710	[1, [0.04999883866442256, 0.9500011613355774]]
86509214	[1, [0.005622843372441011, 0.994377156627559]]
7917970	[1, [0.018358297341267926, 0.9816417026587321]]
9309167	[1, [0.0029176725319366437, 0.9970823274680634]]
7974451	[1, [0.005997658832681219, 0.9940023411673188]]
28217454	[1, [2.8585455011609362e-05, 0.9999714145449884]]
96488562	[1, [0.002606238074095102, 0.9973937619259049]]
9255484	[1, [0.04921185900915037, 0.9507881409908496]]
9321879	[1, [0.014266934503005868, 0.9857330654969941]]
69342511	[1, [0.019120881062388406, 0.9808791189376116]]
7974411	[1, [0.0010186244617911289, 0.9989813755382089]]
6253641	[1, [0.04505995020886411, 0.9549400497911359]]
28665742	[1, [0.048888580316294505, 0.9511114196837055]]
7910181	[1, [0.0005342941988947247, 0.9994657058011053]]
6507615	[1, [0.03048946705179767, 0.9695105329482023]]
75908717	[1, [0.013328540821975099, 0.9866714591780249]]
7989619	[1, [0.04196912057017199, 0.958030879429828]]
88314515	[1, [0.0008907384173230115, 0.999109261582677]]
6510043	[1, [0.014113593982268635, 0.9858864060177314]]
83600340	[1, [0.0031940660111388075, 0.9968059339888612]]
9014878	[1, [0.0050417245674120315, 0.994958275432588]]
28658210	[1, [0.042335351225317064, 0.9576646487746829]]
7910176	[1, [0.0027771964726801546, 0.9972228035273198]]
7824409	[1, [0.004017626330661606, 0.9959823736693384]]
12622078	[1, [0.028937555406592153, 0.9710624445934078]]
57284786	[1, [0.030256305959667884, 0.9697436940403321]]
7939281	[1, [0.023265835576488314, 0.9767341644235117]]
7772826	[1, [0.008471232937714013, 0.991528767062286]]
7772775	[1, [0.03335189312899878, 0.9666481068710012]]
31469073	[1, [0.01670838916856232, 0.9832916108314377]]
7770772	[1, [5.047033506999643e-05, 0.99994952966493]]
83554730	[1, [0.004461824789079971, 0.99553817521092]]
9310282	[1, [0.0021903579865500955, 0.9978096420134499]]
10208422	[1, [0.021862932138799085, 0.9781370678612009]]
9139086	[1, [0.0006785925413023142, 0.9993214074586977]]
7868968	[1, [0.02082844597709055, 0.9791715540229095]]
22009850	[1, [0.00013047926805431764, 0.9998695207319457]]
6163573	[1, [0.0008419039052767197, 0.9991580960947233]]
7493950	[1, [0.0007251620745022391, 0.9992748379254978]]
10892804	[1, [0.04168607560771487, 0.9583139243922851]]
9310491	[1, [0.008782155941881031, 0.991217844058119]]
22061911	[1, [0.022555871767551583, 0.9774441282324484]]
10170815	[1, [0.020544912134485505, 0.9794550878655145]]
7868295	[1, [0.011167540919020058, 0.9888324590809799]]
6604519	[1, [0.015926835736021605, 0.9840731642639784]]
7870518	[1, [0.016040381157155115, 0.9839596188428449]]
7567323	[1, [0.031086685683677007, 0.968913314316323]]
39100255	[1, [0.017734083725170047, 0.98226591627483]]
10207161	[1, [0.04717913096658599, 0.952820869033414]]
7723290	[1, [0.01674612303453804, 0.983253876965462]]
7723390	[1, [1.214388692383217e-06, 0.9999987856113076]]
6036639	[1, [0.0032208321220361658, 0.9967791678779638]]
9310493	[1, [0.03408545302982435, 0.9659145469701756]]
6605384	[1, [0.011346653467117496, 0.9886533465328825]]
9310851	[1, [0.02923218096327518, 0.9707678190367248]]
79034905	[1, [0.00013955647812269323, 0.9998604435218773]]
39127647	[1, [0.04008600424974862, 0.9599139957502514]]
9340373	[1, [0.03809062816867881, 0.9619093718313212]]
7722530	[1, [0.013986865679664007, 0.986013134320336]]
7722533	[1, [0.0028114857143008987, 0.9971885142856991]]
6962741	[1, [0.006126958493375412, 0.9938730415066246]]
7775960	[1, [0.0023694945939606304, 0.9976305054060394]]
6962687	[1, [0.0008143075768834995, 0.9991856924231165]]
48876191	[1, [0.0076513934499123915, 0.9923486065500876]]
6961476	[1, [0.00038447782027839494, 0.9996155221797216]]
37904546	[1, [0.03541447145462706, 0.9645855285453729]]
13909390	[1, [0.00047092689301519997, 0.9995290731069848]]
13909770	[1, [0.02700732085584956, 0.9729926791441504]]
48088562	[1, [0.01852626999621554, 0.9814737300037845]]
38133403	[1, [0.01632430591715206, 0.9836756940828479]]
96551798	[1, [0.011583919240954033, 0.988416080759046]]
6960944	[1, [0.0004793336876226517, 0.9995206663123773]]
23139310	[1, [0.007220684821511059, 0.9927793151784889]]
17533563	[1, [0.009190555720365312, 0.9908094442796347]]
6505202	[1, [2.637211480305268e-07, 0.999999736278852]]
71041608	[1, [0.014672742618882073, 0.9853272573811179]]
7923104	[1, [0.01818445119601908, 0.9818155488039809]]
92782789	[1, [0.026843228956700327, 0.9731567710432997]]
36365645	[1, [0.011672946341442225, 0.9883270536585578]]
22384036	[1, [0.04875551789028376, 0.9512444821097162]]
48086817	[1, [0.04562979194993577, 0.9543702080500642]]
6960007	[1, [0.005420970554304683, 0.9945790294456953]]
37869476	[1, [0.006775638856158062, 0.9932243611438419]]
55886118	[1, [0.04896658339083315, 0.9510334166091668]]
45184662	[1, [5.462621502883014e-05, 0.9999453737849712]]
6503125	[1, [0.010492522487201894, 0.9895074775127981]]
80323295	[1, [0.02419892113472555, 0.9758010788652745]]
5474626	[1, [0.03998344894421191, 0.9600165510557881]]
5903717	[1, [0.031242630940676586, 0.9687573690593234]]
5908338	[1, [0.009100111381128873, 0.9908998886188711]]
7725358	[1, [0.0016339843450471347, 0.9983660156549529]]
7958592	[1, [0.010944531589053397, 0.9890554684109466]]
7863013	[1, [0.04053623552607233, 0.9594637644739277]]
7077833	[1, [6.66794163831641e-05, 0.9999333205836168]]
7987137	[1, [0.04455322257690386, 0.9554467774230961]]
7908104	[1, [0.005368803169468306, 0.9946311968305317]]
23778259	[1, [0.045626974249382, 0.954373025750618]]
5486433	[1, [0.0072625466261144744, 0.9927374533738855]]
23788377	[1, [0.019229278110933223, 0.9807707218890668]]
93435006	[1, [0.03172063948400361, 0.9682793605159964]]
7866319	[1, [0.04089759888483302, 0.959102401115167]]
7088766	[1, [0.002034752430512099, 0.9979652475694879]]
80153236	[1, [5.9303655069009586e-05, 0.999940696344931]]
7884395	[1, [0.005626074005050774, 0.9943739259949492]]
6614693	[1, [0.001316792657284016, 0.998683207342716]]
10567739	[1, [0.04994851818828172, 0.9500514818117183]]
92148955	[1, [0.0348521961457251, 0.9651478038542749]]
90361355	[1, [6.547419853786263e-05, 0.9999345258014621]]
7904515	[1, [0.039805127573599, 0.960194872426401]]
7080870	[1, [0.004287503150717242, 0.9957124968492828]]
5487754	[1, [0.002269262322272869, 0.9977307376777271]]
7958081	[1, [0.017793701096685766, 0.9822062989033142]]
5875023	[1, [0.002757032699001294, 0.9972429673009987]]
73002408	[1, [0.010003408743787467, 0.9899965912562125]]
7083967	[1, [0.041210534381679986, 0.95878946561832]]
58658091	[1, [0.011060897198829966, 0.98893910280117]]
72979099	[1, [0.010039184935670797, 0.9899608150643292]]
