7629425	[1, [0.026849441656265904, 0.9731505583437341]]
9206951	[1, [1.0395463683199324e-06, 0.9999989604536317]]
65048330	[1, [0.0029411322046847266, 0.9970588677953153]]
6742194	[1, [0.048695367953957236, 0.9513046320460428]]
34253201	[1, [0.027312124029880258, 0.9726878759701197]]
42526669	[1, [0.030949319756426452, 0.9690506802435735]]
27082531	[1, [0.014813530120081575, 0.9851864698799184]]
46408059	[1, [0.014779265704225053, 0.985220734295775]]
68142863	[1, [0.016007430505822984, 0.983992569494177]]
9273658	[1, [0.0001546645877978925, 0.9998453354122021]]
45113159	[1, [0.04073311106195299, 0.959266888938047]]
7844439	[1, [0.0075819281473397115, 0.9924180718526603]]
7926057	[1, [0.010707185654009077, 0.9892928143459909]]
92555840	[1, [0.024873522631349898, 0.9751264773686501]]
88058261	[1, [0.01911915452556545, 0.9808808454744345]]
94529340	[1, [0.03163756288332076, 0.9683624371166792]]
59336186	[1, [0.040324354166054066, 0.9596756458339459]]
7432482	[1, [0.02947283578391857, 0.9705271642160814]]
5679369	[1, [0.009109513073676134, 0.9908904869263239]]
87472871	[1, [0.0010077055761128495, 0.9989922944238872]]
96321636	[1, [0.0066741949766763176, 0.9933258050233237]]
7144456	[1, [0.0036254401029689465, 0.996374559897031]]
81533375	[1, [0.027864062049448246, 0.9721359379505518]]
34600338	[1, [0.022301977769490944, 0.9776980222305091]]
58356894	[1, [0.026262794144520485, 0.9737372058554795]]
87192763	[1, [0.009744967905798041, 0.990255032094202]]
76552032	[1, [0.026499204246618446, 0.9735007957533816]]
7476700	[1, [0.027993841790106444, 0.9720061582098936]]
89611965	[1, [0.04764141525334886, 0.9523585847466511]]
45517903	[1, [0.03076381319195598, 0.969236186808044]]
5975353	[1, [0.03209083132183255, 0.9679091686781675]]
19386070	[1, [0.005254842852435271, 0.9947451571475647]]
76562824	[1, [0.0010246046180693025, 0.9989753953819307]]
12408705	[1, [0.009987510075947448, 0.9900124899240526]]
11354091	[1, [0.0007940950673085423, 0.9992059049326915]]
73146621	[1, [0.04205491492626634, 0.9579450850737337]]
17451115	[1, [0.007157854914190409, 0.9928421450858096]]
59604491	[1, [0.043457732747632316, 0.9565422672523677]]
97788364	[1, [0.0404165210312617, 0.9595834789687383]]
55365270	[1, [0.008726304334516155, 0.9912736956654838]]
57885553	[1, [0.03470785205230864, 0.9652921479476914]]
85718564	[1, [0.03188811070033981, 0.9681118892996602]]
38419070	[1, [0.01180042581657359, 0.9881995741834264]]
61468487	[1, [0.02847956383699146, 0.9715204361630085]]
9016282	[1, [0.005137254135669345, 0.9948627458643307]]
5767033	[1, [0.02776233151092511, 0.9722376684890749]]
85743628	[1, [0.045167140664716166, 0.9548328593352838]]
27386748	[1, [0.025754273277315387, 0.9742457267226846]]
35002141	[1, [0.007151091524680964, 0.992848908475319]]
14935035	[1, [0.01221453184917809, 0.9877854681508219]]
7677754	[1, [0.02080777364185271, 0.9791922263581473]]
7809469	[1, [0.0034153845444999664, 0.9965846154555]]
56855341	[1, [0.006100806683147941, 0.9938991933168521]]
7937461	[1, [0.013381940898445355, 0.9866180591015546]]
5472215	[1, [0.010075346129817975, 0.989924653870182]]
7905290	[1, [0.00015256002885011277, 0.9998474399711499]]
5854214	[1, [0.0012464723825196256, 0.9987535276174804]]
5809599	[1, [0.0013125755423752938, 0.9986874244576247]]
87762496	[1, [0.023334596205946467, 0.9766654037940535]]
7504671	[1, [0.049384288310161506, 0.9506157116898385]]
79783745	[1, [0.005620609494381812, 0.9943793905056182]]
7504617	[1, [0.03500484647729751, 0.9649951535227025]]
14343764	[1, [0.02917538540834652, 0.9708246145916535]]
7043368	[1, [0.004666477898200627, 0.9953335221017994]]
79547946	[1, [0.0046659539396606275, 0.9953340460603394]]
54172589	[1, [0.04067657987725992, 0.9593234201227401]]
30611308	[1, [0.01973088811374979, 0.9802691118862502]]
23408672	[1, [0.046752764887054266, 0.9532472351129457]]
21570467	[1, [0.03455924628803653, 0.9654407537119635]]
79802813	[1, [0.03487802237411375, 0.9651219776258863]]
5809202	[1, [0.0028516072127122705, 0.9971483927872877]]
7940184	[1, [0.0007813088453869632, 0.999218691154613]]
7928713	[1, [0.016880903958763183, 0.9831190960412368]]
5529709	[1, [0.010993814570295246, 0.9890061854297048]]
7928547	[1, [0.004081360178192495, 0.9959186398218075]]
7906355	[1, [0.04326950129090179, 0.9567304987090982]]
54240659	[1, [0.021960398490187494, 0.9780396015098125]]
14225578	[1, [0.03521911541862344, 0.9647808845813766]]
26159743	[1, [0.033333207664618, 0.966666792335382]]
46048058	[1, [0.009130514238469667, 0.9908694857615303]]
7849873	[1, [0.012509315497559514, 0.9874906845024405]]
7786787	[1, [0.0022905847261988077, 0.9977094152738012]]
43593718	[1, [0.01796161216631842, 0.9820383878336816]]
38307835	[1, [0.00402922518247939, 0.9959707748175206]]
19837222	[1, [0.03425015378397189, 0.9657498462160281]]
70839820	[1, [0.02833722247704762, 0.9716627775229524]]
91138505	[1, [0.029106423484386745, 0.9708935765156133]]
89796344	[1, [0.004977989799939686, 0.9950220102000603]]
68000598	[1, [0.009728281849210929, 0.9902717181507891]]
89799434	[1, [0.03713948409356871, 0.9628605159064313]]
7970207	[1, [0.003040583576641609, 0.9969594164233584]]
7990274	[1, [0.024344530991956548, 0.9756554690080435]]
79150647	[1, [0.013735700665737594, 0.9862642993342624]]
57401449	[1, [0.008828789654729996, 0.99117121034527]]
7571756	[1, [0.0012078766363565752, 0.9987921233636434]]
44888198	[1, [0.026102815770365773, 0.9738971842296342]]
7754915	[1, [0.01561357972245947, 0.9843864202775405]]
7836267	[1, [0.0004945082919702859, 0.9995054917080297]]
7755791	[1, [1.5486035214395955e-05, 0.9999845139647856]]
5140046	[1, [0.0006785257132410072, 0.999321474286759]]
7754767	[1, [0.004991333998066505, 0.9950086660019335]]
5103313	[1, [0.017465914055924903, 0.9825340859440751]]
6789327	[1, [0.0008791745021131669, 0.9991208254978868]]
20081906	[1, [0.011966154852881439, 0.9880338451471186]]
35075371	[1, [0.009981461123939384, 0.9900185388760606]]
6052211	[1, [0.043917390225930886, 0.9560826097740691]]
98485903	[1, [0.04602722959749028, 0.9539727704025097]]
7874172	[1, [0.01230445502109001, 0.98769554497891]]
31766872	[1, [0.040650839934589955, 0.95934916006541]]
98440580	[1, [0.04572578882662426, 0.9542742111733757]]
62724972	[1, [0.002480036183141743, 0.9975199638168583]]
70688248	[1, [0.027187223354151246, 0.9728127766458488]]
7668124	[1, [0.020352838376881954, 0.979647161623118]]
5536879	[1, [0.020552572333818464, 0.9794474276661815]]
6982919	[1, [0.005346016142856791, 0.9946539838571432]]
88609905	[1, [0.015199338151174024, 0.984800661848826]]
7968878	[1, [0.0078121336857142065, 0.9921878663142858]]
91787584	[1, [0.0392125779622694, 0.9607874220377306]]
61427228	[1, [0.030223866049650328, 0.9697761339503497]]
88610315	[1, [0.040027665929523115, 0.9599723340704769]]
61401967	[1, [0.04258801314831584, 0.9574119868516842]]
7913619	[1, [0.017593009570301188, 0.9824069904296988]]
7968809	[1, [0.03267476894052934, 0.9673252310594707]]
58266763	[1, [0.016092360759240365, 0.9839076392407596]]
49850448	[1, [0.001176201955331524, 0.9988237980446685]]
52206436	[1, [0.009317258506416737, 0.9906827414935833]]
20630590	[1, [0.032741016163388426, 0.9672589838366116]]
5689710	[1, [0.04057674509822484, 0.9594232549017752]]
5807416	[1, [0.0028516072127122705, 0.9971483927872877]]
41871146	[1, [0.0342502495715975, 0.9657497504284025]]
58299642	[1, [0.01808243527859077, 0.9819175647214092]]
14168474	[1, [0.008419847931162128, 0.9915801520688379]]
14164972	[1, [0.00010111811133051152, 0.9998988818886695]]
81876569	[1, [0.013648159327721565, 0.9863518406722784]]
35527861	[1, [0.012415616385433759, 0.9875843836145662]]
22746035	[1, [0.030573911370083362, 0.9694260886299166]]
46375013	[1, [0.01654158931696037, 0.9834584106830396]]
45138804	[1, [0.023814424935111655, 0.9761855750648883]]
6728153	[1, [0.006820145366104313, 0.9931798546338957]]
17527754	[1, [0.04816507100235978, 0.9518349289976402]]
51326482	[1, [0.022796619832033405, 0.9772033801679666]]
23120667	[1, [0.03473239511391357, 0.9652676048860864]]
51318007	[1, [0.012982286540313193, 0.9870177134596868]]
84040939	[1, [0.025673288445013487, 0.9743267115549865]]
38105205	[1, [0.03241824334294974, 0.9675817566570503]]
96528258	[1, [0.0017916548826583112, 0.9982083451173417]]
82608496	[1, [0.03191821846611531, 0.9680817815338847]]
75465348	[1, [0.013828725249485418, 0.9861712747505146]]
7981786	[1, [0.022591095836844377, 0.9774089041631556]]
6909533	[1, [0.027380979061715438, 0.9726190209382846]]
75419688	[1, [0.041056137974657236, 0.9589438620253428]]
42629627	[1, [0.014813605085047032, 0.985186394914953]]
7926808	[1, [0.003958516517623245, 0.9960414834823768]]
5117650	[1, [0.04111475512615448, 0.9588852448738455]]
7794704	[1, [0.00039652371972975775, 0.9996034762802702]]
93190686	[1, [0.0031780637596652284, 0.9968219362403348]]
69682022	[1, [0.020556031417043208, 0.9794439685829568]]
5129850	[1, [0.01950482788952257, 0.9804951721104774]]
5539775	[1, [0.02796925369549963, 0.9720307463045004]]
34165941	[1, [0.04653130414612916, 0.9534686958538708]]
93239442	[1, [0.04282537802858344, 0.9571746219714166]]
6240236	[1, [0.03228836263142454, 0.9677116373685755]]
22428843	[1, [0.04672041362921375, 0.9532795863707862]]
99486206	[1, [0.02690679477107094, 0.9730932052289291]]
28253595	[1, [0.02122994274519674, 0.9787700572548033]]
82836613	[1, [0.012581353092305458, 0.9874186469076945]]
47000198	[1, [0.029493645165363236, 0.9705063548346368]]
6664534	[1, [0.04813916203514079, 0.9518608379648592]]
5691449	[1, [0.019424362891853564, 0.9805756371081464]]
6074054	[1, [0.0021609491916874113, 0.9978390508083126]]
33814437	[1, [0.010926673250028496, 0.9890733267499715]]
9007493	[1, [0.0038494917849538623, 0.9961505082150461]]
7931511	[1, [0.024295224149578853, 0.9757047758504211]]
7991231	[1, [0.004991333998066505, 0.9950086660019335]]
20432883	[1, [0.002080824957144678, 0.9979191750428553]]
35951545	[1, [0.005034382325368347, 0.9949656176746317]]
32891038	[1, [0.025300096052258136, 0.9746999039477419]]
13976505	[1, [0.004739319719322843, 0.9952606802806772]]
7749316	[1, [0.0177609482704848, 0.9822390517295152]]
7962065	[1, [0.043311600281287665, 0.9566883997187123]]
7748754	[1, [0.010769639275824638, 0.9892303607241754]]
7941989	[1, [0.03871844427348259, 0.9612815557265174]]
36553120	[1, [0.037016018252774785, 0.9629839817472252]]
61782418	[1, [0.02899233685184055, 0.9710076631481595]]
5649450	[1, [0.0027764449897502708, 0.9972235550102497]]
29290601	[1, [0.02692158772258335, 0.9730784122774166]]
5108089	[1, [0.02978638240426923, 0.9702136175957308]]
78281753	[1, [0.018042304215371674, 0.9819576957846283]]
19258976	[1, [0.011547379297682125, 0.9884526207023179]]
59110394	[1, [0.005954335463267957, 0.994045664536732]]
7347627	[1, [0.008903941585996278, 0.9910960584140037]]
13771990	[1, [0.016238380782353512, 0.9837616192176465]]
56633654	[1, [0.0074858122066772115, 0.9925141877933228]]
73913056	[1, [0.016252953791454305, 0.9837470462085457]]
6428066	[1, [0.04748404502221504, 0.952515954977785]]
87712051	[1, [0.04601361171758256, 0.9539863882824174]]
7646428	[1, [0.023222646301218508, 0.9767773536987815]]
9234036	[1, [0.0037257161810650974, 0.9962742838189349]]
5573406	[1, [0.028649861143318467, 0.9713501388566815]]
5251893	[1, [0.0003293390373091398, 0.9996706609626909]]
7237317	[1, [0.00034802733728200863, 0.999651972662718]]
6612493	[1, [0.03182504963213184, 0.9681749503678682]]
7932684	[1, [0.005134482139300789, 0.9948655178606992]]
94943907	[1, [0.043807712218249195, 0.9561922877817508]]
6237778	[1, [0.0334759887636733, 0.9665240112363267]]
93059794	[1, [0.020548420447681015, 0.979451579552319]]
7932665	[1, [0.011329746655551975, 0.988670253344448]]
7979476	[1, [0.009512399635635993, 0.990487600364364]]
94817551	[1, [0.0475662258596502, 0.9524337741403498]]
6136917	[1, [0.0032575918648692914, 0.9967424081351307]]
11535868	[1, [0.029133976477971335, 0.9708660235220287]]
7117482	[1, [0.007401101889045414, 0.9925988981109546]]
77968032	[1, [0.014571725209200359, 0.9854282747907996]]
26317461	[1, [0.036544657714494, 0.963455342285506]]
37790327	[1, [0.02900122921309234, 0.9709987707869077]]
66559057	[1, [0.008863860049057926, 0.9911361399509421]]
26277598	[1, [0.04681498760435876, 0.9531850123956412]]
26303055	[1, [0.03087821175065264, 0.9691217882493474]]
77644957	[1, [0.01173688687852581, 0.9882631131214742]]
7322096	[1, [0.009219885116651061, 0.9907801148833489]]
6140285	[1, [0.0029537037264495414, 0.9970462962735505]]
7320865	[1, [0.016801670467462393, 0.9831983295325376]]
9075136	[1, [0.008708234517218139, 0.9912917654827819]]
15909973	[1, [0.012624597818453931, 0.9873754021815461]]
7928226	[1, [0.0032530737390106257, 0.9967469262609894]]
13737205	[1, [0.016165872848521445, 0.9838341271514786]]
7321132	[1, [0.006052298403636969, 0.993947701596363]]
7921122	[1, [0.0013155979552690322, 0.998684402044731]]
57717472	[1, [0.02886485810327688, 0.9711351418967231]]
40467317	[1, [0.03203216107957596, 0.967967838920424]]
50975265	[1, [0.015317877953355263, 0.9846821220466447]]
7396313	[1, [0.0006287249325208633, 0.9993712750674791]]
7783786	[1, [0.0017804018902016772, 0.9982195981097983]]
39541968	[1, [0.016840157281567514, 0.9831598427184325]]
54851775	[1, [0.023735872226584798, 0.9762641277734152]]
64860883	[1, [0.012100587728766654, 0.9878994122712333]]
33494933	[1, [0.0017176022754549214, 0.9982823977245451]]
14576733	[1, [0.02183081141180543, 0.9781691885881946]]
47856800	[1, [0.018015482460190246, 0.9819845175398098]]
35267573	[1, [0.04358007452442414, 0.9564199254755759]]
14558086	[1, [0.04758276916720072, 0.9524172308327993]]
7986254	[1, [0.031435447772114156, 0.9685645522278858]]
5871207	[1, [0.030028965543560604, 0.9699710344564394]]
7725417	[1, [0.04436014179407666, 0.9556398582059233]]
41678452	[1, [0.03163343423956011, 0.9683665657604399]]
7631311	[1, [0.02675243119033177, 0.9732475688096682]]
7702256	[1, [0.019678762026564933, 0.9803212379734351]]
7751402	[1, [0.025857110524062255, 0.9741428894759377]]
56707111	[1, [0.015436512468024244, 0.9845634875319758]]
7750952	[1, [0.006026837453392719, 0.9939731625466073]]
7704241	[1, [0.00030603703246878666, 0.9996939629675312]]
94715776	[1, [0.026377689725249676, 0.9736223102747503]]
78011385	[1, [0.019535864536629477, 0.9804641354633705]]
7248276	[1, [0.02461714149608507, 0.9753828585039149]]
78018420	[1, [0.01782436145311639, 0.9821756385468836]]
7936658	[1, [0.012468628890253908, 0.9875313711097461]]
68794479	[1, [0.04192949702241311, 0.9580705029775869]]
92208347	[1, [0.025145891856816927, 0.9748541081431831]]
13426598	[1, [0.04560862206942662, 0.9543913779305734]]
82100153	[1, [0.036703612859802504, 0.9632963871401975]]
37029848	[1, [0.045266231401157486, 0.9547337685988425]]
71003088	[1, [0.04054576050004066, 0.9594542394999593]]
15978290	[1, [0.022512221078993644, 0.9774877789210064]]
82529237	[1, [0.025061658093367578, 0.9749383419066324]]
7939296	[1, [0.02328350066038054, 0.9767164993396195]]
7989527	[1, [0.026308532729536593, 0.9736914672704634]]
12618659	[1, [0.011123717973081204, 0.9888762820269188]]
6324212	[1, [0.019528093078845177, 0.9804719069211548]]
9079483	[1, [0.007799726079395608, 0.9922002739206044]]
6169045	[1, [0.030245063549718343, 0.9697549364502817]]
96855621	[1, [0.019694110098793294, 0.9803058899012067]]
7998763	[1, [0.0014695920412747254, 0.9985304079587253]]
9001437	[1, [0.02394815937642747, 0.9760518406235725]]
7998278	[1, [0.00233718164152108, 0.9976628183584789]]
78715755	[1, [0.009242524514893491, 0.9907574754851065]]
54811327	[1, [0.009724729549672517, 0.9902752704503275]]
7998484	[1, [0.0008535068710322502, 0.9991464931289677]]
42445054	[1, [0.001943281114626938, 0.9980567188853731]]
7640371	[1, [0.026457719257224843, 0.9735422807427752]]
5836617	[1, [0.035556995477063036, 0.964443004522937]]
7769831	[1, [0.009353075824331758, 0.9906469241756682]]
30933372	[1, [0.026597286297065148, 0.9734027137029349]]
36453001	[1, [0.03055249935397253, 0.9694475006460275]]
6192997	[1, [0.002778201077535236, 0.9972217989224648]]
9282615	[1, [0.0025507371198006945, 0.9974492628801993]]
68875969	[1, [0.02321967959275817, 0.9767803204072418]]
55306845	[1, [0.02550071921873298, 0.974499280781267]]
70514037	[1, [0.0001164961775739215, 0.9998835038224261]]
70469557	[1, [0.04415043900753668, 0.9558495609924633]]
84931503	[1, [0.040895708427994504, 0.9591042915720055]]
7443296	[1, [0.017576231875167103, 0.9824237681248329]]
75101978	[1, [0.008115244026264401, 0.9918847559737356]]
7715632	[1, [0.02883757846342072, 0.9711624215365793]]
39679632	[1, [0.007434899351776325, 0.9925651006482237]]
5863821	[1, [0.01427783537465055, 0.9857221646253495]]
44426667	[1, [0.008638071876500786, 0.9913619281234992]]
7911120	[1, [0.0002323167967754891, 0.9997676832032245]]
9301412	[1, [0.005238617815478519, 0.9947613821845215]]
7913190	[1, [0.028864828759974093, 0.9711351712400259]]
7913151	[1, [0.019447824404101977, 0.980552175595898]]
7913155	[1, [0.02742547434034126, 0.9725745256596587]]
7913162	[1, [0.01219735870972416, 0.9878026412902758]]
7516946	[1, [0.022769935350329007, 0.977230064649671]]
6705888	[1, [0.02494781811003688, 0.9750521818899631]]
6947381	[1, [0.03307221297570884, 0.9669277870242912]]
20114829	[1, [0.010330473593887501, 0.9896695264061125]]
7061596	[1, [0.013563951601109792, 0.9864360483988902]]
7135651	[1, [0.004680815567552843, 0.9953191844324472]]
61274645	[1, [0.03388013888448249, 0.9661198611155175]]
7644252	[1, [0.014987624612222805, 0.9850123753877772]]
71367763	[1, [0.03584300404200358, 0.9641569959579964]]
7658297	[1, [0.006536636050025191, 0.9934633639499748]]
89012184	[1, [0.008235700164976212, 0.9917642998350238]]
29794922	[1, [0.025431003073932423, 0.9745689969260676]]
9004400	[1, [0.0010612241722227633, 0.9989387758277772]]
36425871	[1, [0.012704044738324982, 0.987295955261675]]
98109295	[1, [0.04751391568948127, 0.9524860843105187]]
43275387	[1, [0.03661119127760726, 0.9633888087223927]]
47100821	[1, [0.04177904713488734, 0.9582209528651127]]
7998881	[1, [0.013867731162615193, 0.9861322688373848]]
7933451	[1, [0.011215760349914339, 0.9887842396500857]]
7974998	[1, [0.04197488334349597, 0.958025116656504]]
36845050	[1, [0.010155522245318127, 0.9898444777546819]]
6841159	[1, [0.016123579962248558, 0.9838764200377514]]
85230906	[1, [0.020534650119298448, 0.9794653498807016]]
61620544	[1, [0.024490143569788514, 0.9755098564302115]]
65839797	[1, [0.0035723022922624637, 0.9964276977077375]]
80859388	[1, [0.04799462303939528, 0.9520053769606047]]
23881318	[1, [0.010052637104173368, 0.9899473628958266]]
81807667	[1, [0.036463701622162836, 0.9635362983778372]]
67448917	[1, [0.020275757194762045, 0.979724242805238]]
74448876	[1, [0.012658646603636914, 0.9873413533963631]]
67388649	[1, [0.04938380572630907, 0.9506161942736909]]
7791320	[1, [0.0020083757133776414, 0.9979916242866224]]
22565346	[1, [0.018015482460190246, 0.9819845175398098]]
9006835	[1, [0.0007588788248235057, 0.9992411211751765]]
72273481	[1, [0.02123077925108896, 0.978769220748911]]
28223661	[1, [0.02698749170492898, 0.973012508295071]]
7973949	[1, [0.018672340194334835, 0.9813276598056652]]
86532101	[1, [0.03340854245489877, 0.9665914575451012]]
9005932	[1, [0.004370605514363968, 0.995629394485636]]
5406395	[1, [0.0002431194821417293, 0.9997568805178583]]
9005939	[1, [0.039835649919410465, 0.9601643500805895]]
7955080	[1, [0.028682495933079255, 0.9713175040669207]]
89765568	[1, [0.010244726811265203, 0.9897552731887348]]
22066253	[1, [0.007370793215475735, 0.9926292067845243]]
7537529	[1, [0.0017966041323379534, 0.998203395867662]]
7544101	[1, [0.0030806248950618897, 0.9969193751049381]]
7602220	[1, [0.01028975231248308, 0.9897102476875169]]
7723093	[1, [5.679112935585984e-06, 0.9999943208870644]]
9139332	[1, [0.014792073131611794, 0.9852079268683882]]
5570228	[1, [0.01626439339332597, 0.983735606606674]]
85311244	[1, [0.0007692596142208075, 0.9992307403857792]]
31199753	[1, [0.03847924380457579, 0.9615207561954242]]
54719408	[1, [0.022001516359525963, 0.977998483640474]]
7111587	[1, [0.0238684801520902, 0.9761315198479098]]
45765316	[1, [0.03661119127760726, 0.9633888087223927]]
33832583	[1, [0.03229991585491909, 0.9677000841450809]]
33836719	[1, [0.016249615380059534, 0.9837503846199405]]
6940504	[1, [0.021434022936624886, 0.9785659770633751]]
7706081	[1, [0.0027671212519914112, 0.9972328787480086]]
66254107	[1, [0.018149784734155627, 0.9818502152658444]]
37146931	[1, [0.025280041195106406, 0.9747199588048936]]
