7245721	[1, [0.040461593205052826, 0.9595384067949472]]
90107868	[1, [0.003013755641334548, 0.9969862443586655]]
9325345	[1, [0.022424044501642815, 0.9775759554983572]]
15621547	[1, [0.04454327182851081, 0.9554567281714892]]
49235448	[1, [0.029519809642066575, 0.9704801903579334]]
9329839	[1, [0.0069136527115325475, 0.9930863472884675]]
9330459	[1, [0.008479943064059858, 0.9915200569359401]]
70806425	[1, [0.010399327866267849, 0.9896006721337322]]
9331023	[1, [0.028365992721979705, 0.9716340072780203]]
9325104	[1, [0.0202282405108406, 0.9797717594891594]]
9324856	[1, [0.014768297299910693, 0.9852317027000893]]
30735789	[1, [0.044039630908501826, 0.9559603690914982]]
9330074	[1, [0.022362382077677934, 0.9776376179223221]]
9329883	[1, [0.0052307257051571465, 0.9947692742948429]]
30772907	[1, [0.016690388207861173, 0.9833096117921388]]
59144385	[1, [0.017395882963886833, 0.9826041170361132]]
90155174	[1, [0.027779892046974175, 0.9722201079530258]]
52482663	[1, [0.01383833026939707, 0.9861616697306029]]
9325180	[1, [0.006702356434693968, 0.993297643565306]]
9344985	[1, [0.01756956727697845, 0.9824304327230216]]
9130556	[1, [0.04620235713513843, 0.9537976428648616]]
9323984	[1, [0.03276955878093435, 0.9672304412190657]]
9297467	[1, [0.03015636684903178, 0.9698436331509682]]
9130127	[1, [0.03987050686105709, 0.9601294931389429]]
6816557	[1, [0.014308977249767763, 0.9856910227502322]]
9324484	[1, [0.02235398695544466, 0.9776460130445553]]
9323640	[1, [0.046727401257856904, 0.9532725987421431]]
9141592	[1, [0.041475356783143846, 0.9585246432168562]]
9129945	[1, [0.02306481802802207, 0.9769351819719779]]
9129618	[1, [0.003317536977753943, 0.9966824630222461]]
79981422	[1, [0.03374576962426967, 0.9662542303757303]]
58236648	[1, [0.03744422198421049, 0.9625557780157895]]
9153754	[1, [0.0351559924601651, 0.9648440075398349]]
9323481	[1, [0.018851277914311515, 0.9811487220856885]]
58256579	[1, [0.008570269139835607, 0.9914297308601644]]
9153534	[1, [0.01846859375586074, 0.9815314062441393]]
91917921	[1, [0.02587410114587163, 0.9741258988541284]]
9345350	[1, [0.014464227613528169, 0.9855357723864718]]
9153619	[1, [0.041833725068787464, 0.9581662749312125]]
58212327	[1, [0.048103074307272786, 0.9518969256927272]]
9141836	[1, [0.03943976934894455, 0.9605602306510554]]
7850851	[1, [0.04591419116982831, 0.9540858088301717]]
9324141	[1, [0.016864302856974045, 0.983135697143026]]
9129566	[1, [0.023673171318452257, 0.9763268286815477]]
9129564	[1, [0.013491750921816315, 0.9865082490781837]]
9218355	[1, [0.01925375145760333, 0.9807462485423967]]
9218563	[1, [0.036133430799399235, 0.9638665692006008]]
69409523	[1, [0.007123966012750227, 0.9928760339872498]]
9116087	[1, [0.03670640389658797, 0.963293596103412]]
88348032	[1, [0.036786084972392, 0.963213915027608]]
67840183	[1, [0.019080000562483157, 0.9809199994375168]]
76337687	[1, [0.023600813951136446, 0.9763991860488636]]
7756262	[1, [0.026753176643568688, 0.9732468233564313]]
9217266	[1, [0.03832745921386915, 0.9616725407861308]]
9145527	[1, [0.027517122576201758, 0.9724828774237982]]
9154578	[1, [0.047915427735629956, 0.95208457226437]]
9217751	[1, [0.01457123067440469, 0.9854287693255953]]
6050691	[1, [0.006538194504082329, 0.9934618054959177]]
5303881	[1, [0.015480462400658701, 0.9845195375993413]]
7754033	[1, [0.008150755246920216, 0.9918492447530798]]
9144901	[1, [0.027470168905125436, 0.9725298310948746]]
9145400	[1, [0.030389725315190463, 0.9696102746848095]]
93325268	[1, [0.0032049850490573073, 0.9967950149509427]]
9145432	[1, [0.04959732995867239, 0.9504026700413276]]
11231754	[1, [0.0411575843114832, 0.9588424156885168]]
9154588	[1, [0.03996925271379215, 0.9600307472862079]]
9155043	[1, [0.003611187562182927, 0.9963888124378171]]
9154580	[1, [0.03870999073774306, 0.9612900092622569]]
9154510	[1, [0.03210649634601703, 0.967893503653983]]
25401731	[1, [0.013754442998674454, 0.9862455570013255]]
7209677	[1, [0.03124364088288789, 0.9687563591171121]]
18548832	[1, [0.008773651086661283, 0.9912263489133387]]
54248218	[1, [0.011869256275484519, 0.9881307437245155]]
7205469	[1, [0.03963445461997028, 0.9603655453800297]]
7157193	[1, [0.006823229679478904, 0.9931767703205211]]
44503984	[1, [0.03280435943992732, 0.9671956405600727]]
77707091	[1, [0.012705879667171849, 0.9872941203328282]]
7157215	[1, [0.007896816347088054, 0.992103183652912]]
6875640	[1, [0.040988477888963315, 0.9590115221110367]]
46490258	[1, [0.02750926516786134, 0.9724907348321387]]
33128270	[1, [0.004705333779183696, 0.9952946662208163]]
53695660	[1, [0.028259253267939877, 0.9717407467320601]]
80490740	[1, [0.021179341718575606, 0.9788206582814244]]
79167764	[1, [0.035211433329506714, 0.9647885666704933]]
9241830	[1, [0.027386565522438455, 0.9726134344775615]]
18938981	[1, [0.015016232267638596, 0.9849837677323614]]
50426165	[1, [0.009518520558901011, 0.990481479441099]]
69951961	[1, [0.0189202581895187, 0.9810797418104813]]
90428081	[1, [0.007961581992617095, 0.9920384180073829]]
75716333	[1, [0.009992165912035, 0.990007834087965]]
69968442	[1, [0.0017727863547400968, 0.9982272136452599]]
7729324	[1, [0.033188505484372355, 0.9668114945156276]]
18296188	[1, [0.04022712396199013, 0.9597728760380099]]
62595975	[1, [0.017825348041252242, 0.9821746519587478]]
7990354	[1, [0.046604356777696254, 0.9533956432223037]]
85424295	[1, [0.007465820248249155, 0.9925341797517508]]
5191756	[1, [0.0322924506680049, 0.9677075493319951]]
9025706	[1, [0.036007641626135234, 0.9639923583738648]]
84552977	[1, [0.020634330075149254, 0.9793656699248507]]
7170390	[1, [0.034011978076251115, 0.9659880219237489]]
87228681	[1, [0.04697817872403842, 0.9530218212759616]]
37543261	[1, [0.034585908641679985, 0.96541409135832]]
9140775	[1, [0.003350860977995973, 0.996649139022004]]
38282621	[1, [0.01713519369502059, 0.9828648063049794]]
9140339	[1, [0.012628480229329053, 0.987371519770671]]
9327150	[1, [0.0360849847885526, 0.9639150152114474]]
60316545	[1, [0.0061483227687378905, 0.9938516772312621]]
9140479	[1, [0.012305918818393602, 0.9876940811816064]]
9141080	[1, [0.0018916727745166284, 0.9981083272254834]]
70675550	[1, [0.0028566281180542052, 0.9971433718819458]]
47487021	[1, [0.0035584909770663975, 0.9964415090229336]]
48572190	[1, [0.020152534141633316, 0.9798474658583667]]
97840420	[1, [0.03548106441026788, 0.9645189355897321]]
85006700	[1, [0.0033275401609829114, 0.9966724598390171]]
9140255	[1, [0.023673171318452257, 0.9763268286815477]]
9326478	[1, [0.026678783918414606, 0.9733212160815854]]
9327535	[1, [0.039485016851577015, 0.960514983148423]]
44658243	[1, [0.03971478532692729, 0.9602852146730727]]
86634247	[1, [0.016445500930865165, 0.9835544990691348]]
7873177	[1, [0.009934060713366666, 0.9900659392866333]]
9141169	[1, [0.020120473575523046, 0.979879526424477]]
16942485	[1, [0.014551125303837398, 0.9854488746961626]]
37679297	[1, [0.013827426814177146, 0.9861725731858229]]
23423728	[1, [0.028392587901954203, 0.9716074120980458]]
61140316	[1, [0.0416218373717836, 0.9583781626282164]]
79886119	[1, [0.027571061085060578, 0.9724289389149394]]
53102998	[1, [0.048165484997399144, 0.9518345150026009]]
71751369	[1, [0.026214353048634176, 0.9737856469513658]]
54612482	[1, [0.015191357687928675, 0.9848086423120713]]
6657086	[1, [0.002525128256522624, 0.9974748717434774]]
7914024	[1, [0.009377922679719264, 0.9906220773202807]]
33554062	[1, [0.005841119346904677, 0.9941588806530953]]
7914283	[1, [0.0430990767165782, 0.9569009232834218]]
29565253	[1, [0.04984286849501285, 0.9501571315049872]]
20772861	[1, [0.026387312385458883, 0.9736126876145411]]
61368670	[1, [0.0029170835872389667, 0.997082916412761]]
51464730	[1, [0.012485647526302102, 0.9875143524736979]]
9291126	[1, [0.013336180639700546, 0.9866638193602995]]
19134717	[1, [0.019467852719689094, 0.9805321472803109]]
56512152	[1, [0.011887456789847706, 0.9881125432101523]]
73525303	[1, [0.04057367945308954, 0.9594263205469105]]
9291084	[1, [0.025534201653037325, 0.9744657983469627]]
9291318	[1, [0.006927623719348519, 0.9930723762806515]]
6982349	[1, [0.023458575795428982, 0.976541424204571]]
88570674	[1, [0.03276925452420998, 0.96723074547579]]
97519232	[1, [0.001971928131247247, 0.9980280718687528]]
6983970	[1, [0.012583410651486826, 0.9874165893485132]]
9291025	[1, [0.046401091824713636, 0.9535989081752864]]
81451047	[1, [0.01773298380250199, 0.982267016197498]]
9157721	[1, [0.03701561674507381, 0.9629843832549262]]
9157407	[1, [0.009460309671820988, 0.990539690328179]]
9157714	[1, [0.01908956433453335, 0.9809104356654667]]
69678898	[1, [0.02610001118968619, 0.9738999888103138]]
81403731	[1, [0.03633541952525843, 0.9636645804747416]]
86404258	[1, [0.002265288594191728, 0.9977347114058083]]
81514333	[1, [0.005615214105807009, 0.994384785894193]]
54655153	[1, [0.02090274517180779, 0.9790972548281922]]
21959891	[1, [0.003397150387455694, 0.9966028496125443]]
5618968	[1, [0.016286411762042374, 0.9837135882379576]]
41644311	[1, [0.03206979690313383, 0.9679302030968662]]
7223918	[1, [0.02950135057904446, 0.9704986494209555]]
21990097	[1, [0.016843238869391097, 0.9831567611306089]]
6045040	[1, [0.04929748409643242, 0.9507025159035676]]
32737061	[1, [0.016462531120458035, 0.983537468879542]]
80296795	[1, [0.02088133475335041, 0.9791186652466496]]
17544320	[1, [0.04744028385899657, 0.9525597161410034]]
9200013	[1, [0.0428519764681945, 0.9571480235318055]]
5785291	[1, [0.039307622829955924, 0.9606923771700441]]
51321626	[1, [0.007612719089956088, 0.9923872809100439]]
55838238	[1, [0.005937354532551731, 0.9940626454674483]]
5786443	[1, [0.01086635522340651, 0.9891336447765935]]
48101925	[1, [0.016383964524465444, 0.9836160354755346]]
36351857	[1, [0.046686097467697474, 0.9533139025323025]]
45149815	[1, [0.02598607760155347, 0.9740139223984465]]
72592786	[1, [0.0015216571709857352, 0.9984783428290143]]
95120660	[1, [0.005006105464118282, 0.9949938945358817]]
9142344	[1, [0.0246905515510919, 0.9753094484489081]]
9142321	[1, [0.041475356783143846, 0.9585246432168562]]
9146164	[1, [0.018478775498115163, 0.9815212245018848]]
86564044	[1, [0.028177369317467837, 0.9718226306825322]]
75359041	[1, [0.03122584170622489, 0.9687741582937751]]
42903315	[1, [0.021552760769311896, 0.9784472392306881]]
9145830	[1, [0.03313652925181776, 0.9668634707481822]]
9317278	[1, [0.005118897169885894, 0.9948811028301141]]
82026779	[1, [0.0027018149377120437, 0.997298185062288]]
43947203	[1, [0.008961211081015552, 0.9910387889189844]]
9146459	[1, [0.045536650952814894, 0.9544633490471851]]
9317481	[1, [0.009774686428442037, 0.990225313571558]]
10324546	[1, [0.018190455703418817, 0.9818095442965812]]
9142414	[1, [0.02920877831445401, 0.970791221685546]]
9142418	[1, [0.0036431667551559688, 0.996356833244844]]
42525873	[1, [0.0031867357006599706, 0.99681326429934]]
72582540	[1, [0.01452590231999551, 0.9854740976800045]]
9142763	[1, [0.048018617007329234, 0.9519813829926708]]
20191570	[1, [0.03401901583868305, 0.965980984161317]]
9142807	[1, [0.047915427735629956, 0.95208457226437]]
9207487	[1, [0.007209320383952944, 0.9927906796160471]]
9146417	[1, [0.041475356783143846, 0.9585246432168562]]
9143241	[1, [0.035770208793457936, 0.9642297912065421]]
6314148	[1, [0.04373559373258917, 0.9562644062674108]]
89938390	[1, [0.0313963872268862, 0.9686036127731138]]
78311291	[1, [0.016790210764055735, 0.9832097892359443]]
77977482	[1, [0.018332240345316775, 0.9816677596546832]]
73833481	[1, [0.004095230409241757, 0.9959047695907582]]
6134313	[1, [0.024035675626768116, 0.9759643243732319]]
9314580	[1, [0.026209764768128974, 0.973790235231871]]
94827381	[1, [0.02834742743961216, 0.9716525725603878]]
63259893	[1, [0.0186601366287098, 0.9813398633712902]]
26305936	[1, [0.013382159861616616, 0.9866178401383834]]
37782080	[1, [0.009557270735434664, 0.9904427292645653]]
28895239	[1, [0.0003491638211454706, 0.9996508361788545]]
6137621	[1, [0.03434852424329671, 0.9656514757567033]]
7979431	[1, [0.048457574641464496, 0.9515424253585355]]
9229169	[1, [0.02419806797032642, 0.9758019320296736]]
9229165	[1, [0.013776368452532273, 0.9862236315474677]]
18432747	[1, [0.0008305997182979086, 0.9991694002817021]]
20830580	[1, [0.04169831293583526, 0.9583016870641647]]
92487949	[1, [0.04660771841682265, 0.9533922815831773]]
9313396	[1, [0.04967368779809889, 0.9503263122019011]]
6047366	[1, [0.04322671091969632, 0.9567732890803037]]
77678432	[1, [0.007120056149267029, 0.992879943850733]]
9313698	[1, [0.004084665139312715, 0.9959153348606873]]
6137612	[1, [0.04742560055723688, 0.9525743994427631]]
9313266	[1, [0.008962418051171372, 0.9910375819488286]]
73424138	[1, [0.02710517760951381, 0.9728948223904862]]
9228733	[1, [0.01505821699939247, 0.9849417830006075]]
9267722	[1, [0.03373710429956489, 0.9662628957004351]]
7183075	[1, [0.03156760805823566, 0.9684323919417643]]
93936665	[1, [0.007552642038777702, 0.9924473579612223]]
43578956	[1, [0.03646299354948723, 0.9635370064505128]]
9138708	[1, [0.024251220057519896, 0.9757487799424801]]
7786429	[1, [0.0068177567900550295, 0.993182243209945]]
7185608	[1, [0.015066274097827903, 0.9849337259021721]]
55680472	[1, [0.0354984987752881, 0.9645015012247119]]
9138714	[1, [0.006117859198389919, 0.9938821408016101]]
55268236	[1, [0.019736533387380795, 0.9802634666126192]]
70809622	[1, [0.03312485854375502, 0.966875141456245]]
9343269	[1, [0.005522035220484334, 0.9944779647795157]]
9344359	[1, [0.004397742317337805, 0.9956022576826622]]
38316321	[1, [0.0036154982728172635, 0.9963845017271827]]
9138622	[1, [0.04566339445758805, 0.954336605542412]]
9138393	[1, [0.022651893387487854, 0.9773481066125121]]
51290290	[1, [0.019448538402080495, 0.9805514615979195]]
9243242	[1, [0.01925395703382138, 0.9807460429661786]]
9128391	[1, [0.031435875792579226, 0.9685641242074208]]
9287706	[1, [0.03799413364018733, 0.9620058663598127]]
9286689	[1, [0.02823535337496308, 0.9717646466250369]]
9242851	[1, [0.01841398079129486, 0.9815860192087051]]
9288014	[1, [0.012338557520641724, 0.9876614424793583]]
9243913	[1, [0.0011537488208849256, 0.9988462511791151]]
54041762	[1, [0.0025916356941823038, 0.9974083643058177]]
9286954	[1, [0.0149736463896879, 0.9850263536103121]]
9287473	[1, [0.006893356934073891, 0.9931066430659261]]
42974168	[1, [0.0025011297380308495, 0.9974988702619692]]
73965803	[1, [0.03242975516132218, 0.9675702448386778]]
9287313	[1, [0.010098267685267781, 0.9899017323147322]]
5359002	[1, [0.013222722718627566, 0.9867772772813724]]
45684910	[1, [0.01763636863756879, 0.9823636313624312]]
54088517	[1, [0.048255258901750975, 0.951744741098249]]
59002101	[1, [0.008083319114966403, 0.9919166808850336]]
12958054	[1, [0.03845576899530745, 0.9615442310046926]]
69185896	[1, [0.032344324146095005, 0.967655675853905]]
6812579	[1, [0.006187218830200458, 0.9938127811697995]]
20633625	[1, [0.044561139401234295, 0.9554388605987657]]
5808022	[1, [0.010097161792439135, 0.9899028382075609]]
12909612	[1, [0.027023049829869805, 0.9729769501701302]]
48252469	[1, [0.03411285755993099, 0.965887142440069]]
22659365	[1, [0.010803511249262598, 0.9891964887507374]]
6098860	[1, [0.012272360354520284, 0.9877276396454797]]
5767441	[1, [0.048298020246489326, 0.9517019797535107]]
9311678	[1, [0.005955134077312185, 0.9940448659226878]]
85832692	[1, [0.04908887875553625, 0.9509111212444638]]
20875547	[1, [0.026030613575948935, 0.9739693864240511]]
9311408	[1, [0.01900531942438366, 0.9809946805756163]]
87053101	[1, [0.013335615554871727, 0.9866643844451283]]
62654924	[1, [0.024788768814107298, 0.9752112311858927]]
66293293	[1, [0.010459708312695382, 0.9895402916873046]]
5769515	[1, [0.005875540937576695, 0.9941244590624233]]
86998996	[1, [0.040598207885754745, 0.9594017921142453]]
9312638	[1, [0.01910443190265365, 0.9808955680973463]]
9312076	[1, [0.022404020920725465, 0.9775959790792745]]
47131760	[1, [0.01703566015967628, 0.9829643398403237]]
61488230	[1, [0.01799923358435418, 0.9820007664156458]]
74935751	[1, [0.03687631564638927, 0.9631236843536107]]
63455477	[1, [0.015907244157792877, 0.9840927558422071]]
5160755	[1, [0.00516370328474236, 0.9948362967152576]]
9304098	[1, [0.012510126119568032, 0.987489873880432]]
9239551	[1, [0.02728115753313476, 0.9727188424668652]]
9239233	[1, [0.03199450168302298, 0.968005498316977]]
9275531	[1, [0.024355211031020785, 0.9756447889689792]]
70103491	[1, [0.027774425396629, 0.972225574603371]]
61901398	[1, [0.02458008318674587, 0.9754199168132541]]
5748767	[1, [0.029473501354289833, 0.9705264986457102]]
9303831	[1, [0.023328188110588233, 0.9766718118894118]]
9240432	[1, [0.013944961235366926, 0.9860550387646331]]
9304278	[1, [0.011793029642825803, 0.9882069703571742]]
13419181	[1, [0.015267776274880296, 0.9847322237251197]]
30230206	[1, [0.01377675057332084, 0.9862232494266792]]
54981838	[1, [0.012138858567314226, 0.9878611414326858]]
9240609	[1, [0.020602430653857806, 0.9793975693461422]]
54959134	[1, [0.044058228924858334, 0.9559417710751417]]
9240532	[1, [0.015678269782960053, 0.98432173021704]]
9240499	[1, [0.015166510480957962, 0.984833489519042]]
6119955	[1, [0.02695476778784256, 0.9730452322121574]]
9156907	[1, [0.045536650952814894, 0.9544633490471851]]
86167904	[1, [0.048013783208846084, 0.9519862167911539]]
9156914	[1, [0.018581393704299787, 0.9814186062957002]]
34662508	[1, [0.044918789851566054, 0.955081210148434]]
9157025	[1, [0.025352103984679797, 0.9746478960153202]]
9155475	[1, [0.0270172293208657, 0.9729827706791343]]
7096060	[1, [0.004175521134169635, 0.9958244788658304]]
7240758	[1, [0.041812102661834105, 0.9581878973381659]]
9156777	[1, [0.021746991976752672, 0.9782530080232473]]
9192356	[1, [0.04031065798562117, 0.9596893420143788]]
9155603	[1, [0.03126071565704591, 0.9687392843429541]]
9192355	[1, [0.04657712900134603, 0.953422870998654]]
85290142	[1, [0.04122427647507443, 0.9587757235249256]]
6116150	[1, [0.002947713125372564, 0.9970522868746274]]
9155142	[1, [0.012982240903032238, 0.9870177590969678]]
25070113	[1, [0.048430019271226143, 0.9515699807287739]]
7136660	[1, [0.03665351867133748, 0.9633464813286625]]
6521602	[1, [0.03690664838458302, 0.963093351615417]]
43997039	[1, [0.0475720150310579, 0.9524279849689421]]
9132555	[1, [0.028310728599075907, 0.9716892714009241]]
52656448	[1, [0.004112094083313811, 0.9958879059166862]]
38535120	[1, [0.025954451742215667, 0.9740455482577843]]
9131681	[1, [0.02212078167621523, 0.9778792183237848]]
73057405	[1, [0.019617077342154565, 0.9803829226578454]]
61723966	[1, [0.02053555600921586, 0.9794644439907841]]
45565558	[1, [0.008594367437504968, 0.991405632562495]]
9201767	[1, [0.018809397564382713, 0.9811906024356173]]
9132613	[1, [0.023673171318452257, 0.9763268286815477]]
9067728	[1, [0.0026088066146335853, 0.9973911933853664]]
9201056	[1, [0.03334442699869633, 0.9666555730013037]]
23037757	[1, [0.032237996612640596, 0.9677620033873594]]
9273199	[1, [0.0149736463896879, 0.9850263536103121]]
39031200	[1, [0.04982132511435544, 0.9501786748856446]]
9273647	[1, [0.03671217712478936, 0.9632878228752106]]
6111321	[1, [0.020538304811794195, 0.9794616951882058]]
82377544	[1, [0.011611824778910429, 0.9883881752210896]]
6113547	[1, [0.045355243079580276, 0.9546447569204197]]
18343863	[1, [0.023424513448822015, 0.976575486551178]]
7985568	[1, [0.03651532676595759, 0.9634846732340424]]
33293087	[1, [0.017124236179608565, 0.9828757638203914]]
9158451	[1, [0.03996925271379215, 0.9600307472862079]]
99294464	[1, [0.013073523330358716, 0.9869264766696413]]
9291878	[1, [0.02329870394878708, 0.9767012960512129]]
22817309	[1, [0.002683732432398056, 0.9973162675676019]]
58514680	[1, [0.04508291896766803, 0.954917081032332]]
9234543	[1, [0.03234340856752682, 0.9676565914324732]]
7174670	[1, [0.042497414570987546, 0.9575025854290125]]
56311860	[1, [0.024914197659023918, 0.9750858023409761]]
39205289	[1, [0.03997295404666301, 0.960027045953337]]
9233763	[1, [0.0147677526735438, 0.9852322473264562]]
41317895	[1, [0.03192509508797803, 0.968074904912022]]
9292445	[1, [0.016528578239227154, 0.9834714217607728]]
9291647	[1, [0.03948379487036868, 0.9605162051296313]]
9291787	[1, [0.01761432116801198, 0.982385678831988]]
9235354	[1, [0.008395614910765792, 0.9916043850892342]]
7827717	[1, [0.02663995557907728, 0.9733600444209227]]
7829224	[1, [0.0014068090774200792, 0.9985931909225799]]
99271001	[1, [0.010939938001835792, 0.9890600619981642]]
9292293	[1, [0.035952738713155075, 0.9640472612868449]]
7173029	[1, [0.0037511707881603407, 0.9962488292118397]]
9292017	[1, [0.019783265932131533, 0.9802167340678685]]
41302414	[1, [0.0015712609145090983, 0.9984287390854909]]
5573919	[1, [0.011821240457425608, 0.9881787595425744]]
9292300	[1, [0.020523690065589184, 0.9794763099344108]]
7405846	[1, [0.002981540976453867, 0.9970184590235461]]
7805067	[1, [0.02483613745167934, 0.9751638625483207]]
13979062	[1, [0.03742977968706118, 0.9625702203129388]]
97422814	[1, [0.03271644185382694, 0.9672835581461731]]
90491598	[1, [0.019013865044262168, 0.9809861349557378]]
96227319	[1, [0.037277623562202655, 0.9627223764377973]]
5621051	[1, [0.010418264491141804, 0.9895817355088582]]
65140588	[1, [0.0023924525531463514, 0.9976075474468536]]
91373518	[1, [0.019578354778900908, 0.9804216452210991]]
90796891	[1, [0.03188230520212443, 0.9681176947978756]]
93131481	[1, [0.012561745191157492, 0.9874382548088425]]
7805104	[1, [0.0415778579768592, 0.9584221420231408]]
7804863	[1, [0.03372573941438328, 0.9662742605856167]]
50171805	[1, [0.048085096815456474, 0.9519149031845435]]
7792831	[1, [0.007418241209767751, 0.9925817587902322]]
88040274	[1, [0.03461592340613473, 0.9653840765938653]]
5696133	[1, [0.015396088000776742, 0.9846039119992233]]
9148562	[1, [0.018757253567068033, 0.981242746432932]]
9153012	[1, [0.026649874553011377, 0.9733501254469886]]
60788943	[1, [0.04499433444068757, 0.9550056655593124]]
9148281	[1, [0.00503405652336586, 0.9949659434766341]]
9152635	[1, [0.047915427735629956, 0.95208457226437]]
7793315	[1, [0.010260403554841702, 0.9897395964451583]]
9152817	[1, [0.008125315434950542, 0.9918746845650495]]
9152872	[1, [0.040847709164954615, 0.9591522908350454]]
7145228	[1, [0.043749484089190216, 0.9562505159108098]]
44587313	[1, [0.033824600672198835, 0.9661753993278012]]
9152919	[1, [0.010806495033428898, 0.9891935049665711]]
95351298	[1, [0.021380610996787452, 0.9786193890032125]]
9225090	[1, [0.03075917641920889, 0.9692408235807911]]
9225992	[1, [0.01793465432530128, 0.9820653456746987]]
9219574	[1, [0.027959694215099473, 0.9720403057849005]]
53822153	[1, [0.045142834257318576, 0.9548571657426814]]
22308054	[1, [0.04036330852888326, 0.9596366914711167]]
55984910	[1, [0.01930400616466732, 0.9806959938353327]]
22332375	[1, [0.03526145665894531, 0.9647385433410547]]
9225241	[1, [0.021110487120951094, 0.9788895128790489]]
9224540	[1, [0.017688384529488177, 0.9823116154705118]]
95373470	[1, [0.04779878014604566, 0.9522012198539543]]
53833404	[1, [0.010572295356684691, 0.9894277046433153]]
50605638	[1, [0.01043917408546935, 0.9895608259145307]]
96083763	[1, [0.002577697259978362, 0.9974223027400216]]
9128888	[1, [0.02424826093271637, 0.9757517390672836]]
12547097	[1, [0.049081979339481885, 0.9509180206605181]]
9129005	[1, [0.02306481802802207, 0.9769351819719779]]
46947602	[1, [0.025111968545267982, 0.974888031454732]]
92420076	[1, [0.009408565449950834, 0.9905914345500492]]
9205250	[1, [0.007770390110756309, 0.9922296098892437]]
9129029	[1, [0.026721337324081884, 0.9732786626759181]]
9135857	[1, [0.012059806145875207, 0.9879401938541248]]
51687323	[1, [0.01848682814173408, 0.9815131718582659]]
25341319	[1, [0.02329895361442491, 0.9767010463855751]]
76953186	[1, [0.0386639419502266, 0.9613360580497734]]
34330308	[1, [0.031044610072310963, 0.968955389927689]]
65035788	[1, [0.03695585432619897, 0.963044145673801]]
69318862	[1, [0.006414414234153676, 0.9935855857658463]]
28959021	[1, [0.03667992338440873, 0.9633200766155913]]
9039761	[1, [0.02774311659700135, 0.9722568834029987]]
5662661	[1, [0.027279745590623516, 0.9727202544093765]]
97639359	[1, [0.03375765118301122, 0.9662423488169888]]
9144240	[1, [0.041833725068787464, 0.9581662749312125]]
5553962	[1, [0.030758601409583086, 0.9692413985904169]]
78248294	[1, [0.01858298983835638, 0.9814170101616436]]
9144258	[1, [0.003350860977995973, 0.996649139022004]]
9143645	[1, [0.011773557072858987, 0.988226442927141]]
93895660	[1, [0.024521726584449288, 0.9754782734155507]]
27173268	[1, [0.004070894520687429, 0.9959291054793126]]
77771112	[1, [0.030719308987826932, 0.9692806910121731]]
9250133	[1, [0.00984531166573921, 0.9901546883342608]]
9134600	[1, [0.017944195372630145, 0.9820558046273699]]
9299263	[1, [0.006935844008114089, 0.9930641559918859]]
9251221	[1, [0.02778238345937334, 0.9722176165406267]]
9134588	[1, [0.01268262373596074, 0.9873173762640393]]
27163679	[1, [0.02601344073132228, 0.9739865592686777]]
9134352	[1, [0.03870999073774306, 0.9612900092622569]]
9298246	[1, [0.01293889577663443, 0.9870611042233656]]
7359127	[1, [0.04308879823328926, 0.9569112017667107]]
58905190	[1, [0.031436294682461785, 0.9685637053175382]]
5759120	[1, [0.040115568235452814, 0.9598844317645472]]
94193674	[1, [0.015080402825303763, 0.9849195971746962]]
26024519	[1, [0.028121121748402644, 0.9718788782515974]]
9134245	[1, [0.009556698950113907, 0.9904433010498861]]
5762082	[1, [0.04178081265080291, 0.9582191873491971]]
18970251	[1, [0.03771465560403153, 0.9622853443959685]]
71481557	[1, [0.003492828391033709, 0.9965071716089663]]
9223181	[1, [0.005537713711202263, 0.9944622862887977]]
58856480	[1, [0.009493818952518773, 0.9905061810474812]]
9134679	[1, [0.04756029803887907, 0.9524397019611209]]
9223213	[1, [0.017664755744920213, 0.9823352442550798]]
9298010	[1, [0.02648428546865267, 0.9735157145313473]]
9299074	[1, [0.014102645197682007, 0.985897354802318]]
36569710	[1, [0.029509394611060502, 0.9704906053889395]]
76995604	[1, [0.04059078519738479, 0.9594092148026152]]
9214945	[1, [0.04138540315151651, 0.9586145968484835]]
48799900	[1, [0.018137836713619238, 0.9818621632863808]]
66465368	[1, [0.016901450958634823, 0.9830985490413652]]
82221099	[1, [0.009878332650325228, 0.9901216673496748]]
21735370	[1, [0.02342939928453469, 0.9765706007154653]]
7691694	[1, [0.0392157992335046, 0.9607842007664954]]
9213878	[1, [0.029974714835775962, 0.970025285164224]]
42016316	[1, [0.024710487528358693, 0.9752895124716413]]
6315879	[1, [0.04629140162435941, 0.9537085983756406]]
7805533	[1, [0.030091846726678972, 0.969908153273321]]
9220645	[1, [0.0075977382589247355, 0.9924022617410753]]
19098584	[1, [0.02543464973943743, 0.9745653502605626]]
32640364	[1, [0.048242549857686945, 0.951757450142313]]
9221077	[1, [0.01949108628066376, 0.9805089137193362]]
36023172	[1, [0.041600164740084544, 0.9583998352599155]]
22104802	[1, [0.0009368544930800082, 0.99906314550692]]
13804703	[1, [0.01467614983922605, 0.985323850160774]]
73911490	[1, [0.023840925263480806, 0.9761590747365192]]
9222023	[1, [0.013399953699789746, 0.9866000463002103]]
9289669	[1, [0.00719444908584177, 0.9928055509141582]]
9338513	[1, [0.024959415144635066, 0.9750405848553649]]
62878720	[1, [0.01315085701537222, 0.9868491429846278]]
9338766	[1, [0.014574690714051486, 0.9854253092859485]]
7924412	[1, [0.03454212560037806, 0.9654578743996219]]
65501800	[1, [0.03585155349600755, 0.9641484465039925]]
9289746	[1, [0.016653472561603322, 0.9833465274383967]]
9288528	[1, [0.029231312513696373, 0.9707686874863036]]
45299759	[1, [0.006178183916799362, 0.9938218160832006]]
7127368	[1, [0.010088053345584602, 0.9899119466544154]]
9137737	[1, [0.03126071565704591, 0.9687392843429541]]
9137387	[1, [0.021159678487348454, 0.9788403215126515]]
9137328	[1, [0.03422756541558469, 0.9657724345844153]]
94243499	[1, [0.0412445660954176, 0.9587554339045824]]
9338530	[1, [0.019948089096338828, 0.9800519109036612]]
32069098	[1, [0.019498385204396174, 0.9805016147956038]]
65496514	[1, [0.04237891526718718, 0.9576210847328128]]
66357713	[1, [0.009473931382453005, 0.990526068617547]]
9018221	[1, [0.00359363407885549, 0.9964063659211445]]
9263106	[1, [0.01125066086505333, 0.9887493391349467]]
80258040	[1, [0.03064261403262647, 0.9693573859673735]]
9260903	[1, [0.0164597667824391, 0.9835402332175609]]
80200870	[1, [0.011033981358225309, 0.9889660186417747]]
21847153	[1, [0.0039179370449270445, 0.996082062955073]]
9216519	[1, [0.03103672294519577, 0.9689632770548042]]
34921975	[1, [0.001747267439215383, 0.9982527325607846]]
9295162	[1, [0.025842343652807465, 0.9741576563471925]]
46112802	[1, [0.015253033972584262, 0.9847469660274157]]
9294893	[1, [0.019282074699384366, 0.9807179253006156]]
9295715	[1, [0.003255395675991535, 0.9967446043240085]]
42666317	[1, [0.009699107398523088, 0.9903008926014769]]
9260362	[1, [0.017603397108492347, 0.9823966028915077]]
9294850	[1, [0.03744742795308731, 0.9625525720469127]]
9295491	[1, [0.008645456929302187, 0.9913545430706978]]
9260249	[1, [0.020503533325592405, 0.9794964666744076]]
9331757	[1, [0.02036265209106325, 0.9796373479089368]]
7981276	[1, [0.047629276495879, 0.952370723504121]]
9331905	[1, [0.029231580281571246, 0.9707684197184288]]
9131061	[1, [0.02024887686247845, 0.9797511231375216]]
9041489	[1, [0.003425307671682587, 0.9965746923283174]]
29197897	[1, [0.0020231145831224318, 0.9979768854168776]]
7980707	[1, [0.03236382837799179, 0.9676361716220082]]
9331348	[1, [0.015564860176482953, 0.984435139823517]]
7181406	[1, [0.0238352064782954, 0.9761647935217046]]
86327938	[1, [0.019878479607885025, 0.980121520392115]]
9332686	[1, [0.01525253556637185, 0.9847474644336282]]
7980888	[1, [0.01132380570274416, 0.9886761942972558]]
60231520	[1, [0.0006196528823607661, 0.9993803471176392]]
95675104	[1, [0.01374042017996513, 0.9862595798200349]]
9342055	[1, [0.01169726456488096, 0.988302735435119]]
23847100	[1, [0.04962363221445676, 0.9503763677855432]]
9342860	[1, [0.03339691256026023, 0.9666030874397398]]
60213065	[1, [0.04618232697023905, 0.953817673029761]]
9342556	[1, [0.021644700623253743, 0.9783552993767463]]
9341950	[1, [0.013572318987720267, 0.9864276810122797]]
5753479	[1, [0.024881873110059183, 0.9751181268899408]]
60191125	[1, [0.03516762464129941, 0.9648323753587006]]
94919522	[1, [0.03859696085066533, 0.9614030391493347]]
51173145	[1, [0.04534779038164449, 0.9546522096183555]]
6416024	[1, [0.029765129419117464, 0.9702348705808825]]
86970422	[1, [0.04713297407858852, 0.9528670259214115]]
15899317	[1, [0.030799298968929745, 0.9692007010310703]]
7726296	[1, [0.0021756141436067855, 0.9978243858563932]]
29746058	[1, [0.0037406963057025067, 0.9962593036942975]]
9136401	[1, [0.0037819694588645536, 0.9962180305411354]]
7662031	[1, [0.009126186117223711, 0.9908738138827763]]
9136469	[1, [0.049047610480337456, 0.9509523895196625]]
5628176	[1, [0.039542065031071494, 0.9604579349689285]]
9136143	[1, [0.039284686196515706, 0.9607153138034843]]
37927359	[1, [0.025289939190044852, 0.9747100608099551]]
9286126	[1, [0.010412910429938416, 0.9895870895700616]]
29733492	[1, [0.02882374076180627, 0.9711762592381937]]
25523619	[1, [0.023735667818176265, 0.9762643321818237]]
12224944	[1, [0.03808733712051271, 0.9619126628794873]]
91247866	[1, [0.03335814930380421, 0.9666418506961958]]
29730395	[1, [0.014883908298107262, 0.9851160917018927]]
9149082	[1, [0.04979576755105908, 0.9502042324489409]]
47936610	[1, [0.03137059899055816, 0.9686294010094418]]
99754289	[1, [0.043170629812806616, 0.9568293701871934]]
9148817	[1, [0.04785698235114122, 0.9521430176488588]]
68637411	[1, [0.004332530121222922, 0.9956674698787771]]
9293312	[1, [0.012048237925979088, 0.9879517620740209]]
35226421	[1, [0.0250111182973205, 0.9749888817026795]]
5795352	[1, [0.02659368416458141, 0.9734063158354186]]
9211521	[1, [0.010294631448475644, 0.9897053685515244]]
64837996	[1, [0.04781694562675709, 0.9521830543732429]]
9293009	[1, [0.02437346581920341, 0.9756265341807966]]
23496239	[1, [0.04941425719057568, 0.9505857428094243]]
9293460	[1, [0.01030102259488297, 0.989698977405117]]
9211328	[1, [0.010561901076759361, 0.9894380989232406]]
9149465	[1, [0.03699204186115046, 0.9630079581388495]]
9235843	[1, [0.028124599873663225, 0.9718754001263368]]
9211821	[1, [0.010392238474930982, 0.989607761525069]]
68621351	[1, [0.00645581837220599, 0.993544181627794]]
9211623	[1, [0.041081991321336386, 0.9589180086786636]]
9149851	[1, [0.018854964058348078, 0.9811450359416519]]
9236140	[1, [0.010434327286712786, 0.9895656727132872]]
9191440	[1, [0.0008894421176752765, 0.9991105578823247]]
23470486	[1, [0.0368491994117478, 0.9631508005882522]]
47920039	[1, [0.0008522382761415592, 0.9991477617238584]]
9149014	[1, [0.03117592399995306, 0.9688240760000469]]
5561728	[1, [0.037184713470561404, 0.9628152865294386]]
33508025	[1, [0.012457913754019057, 0.9875420862459809]]
7253093	[1, [0.03730177611586394, 0.9626982238841361]]
53633502	[1, [0.0022029037180134603, 0.9977970962819865]]
55630780	[1, [0.0382232612898209, 0.9617767387101791]]
87991040	[1, [0.03453775897174749, 0.9654622410282525]]
9261735	[1, [0.006561875730638156, 0.9934381242693618]]
9337895	[1, [0.039565881907705824, 0.9604341180922942]]
78714997	[1, [0.0004477452450908359, 0.9995522547549092]]
9337361	[1, [0.015661151335881085, 0.9843388486641189]]
9337876	[1, [0.01545968356965366, 0.9845403164303463]]
6975423	[1, [0.012472014834862266, 0.9875279851651377]]
21075207	[1, [0.035031242227560266, 0.9649687577724397]]
25218954	[1, [0.04046860591868773, 0.9595313940813123]]
9261365	[1, [0.04395256861024999, 0.95604743138975]]
68467799	[1, [0.03197550593698284, 0.9680244940630172]]
9262548	[1, [0.005969851308075036, 0.994030148691925]]
9336608	[1, [0.014797526434117136, 0.9852024735658829]]
9337568	[1, [0.028159502379369705, 0.9718404976206303]]
7252961	[1, [0.03723842981326542, 0.9627615701867346]]
88005199	[1, [0.01755670542664134, 0.9824432945733587]]
28818617	[1, [0.033001199604585474, 0.9669988003954145]]
9333705	[1, [0.030020047780592862, 0.9699799522194071]]
50055111	[1, [0.0128628717533662, 0.9871371282466338]]
15789603	[1, [0.01374348512561796, 0.986256514874382]]
9302148	[1, [0.0420752875846252, 0.9579247124153748]]
6675493	[1, [0.032613691181246796, 0.9673863088187532]]
83315937	[1, [0.006224828730323595, 0.9937751712696764]]
9248127	[1, [0.021717228836397484, 0.9782827711636025]]
6630735	[1, [0.049677291413976365, 0.9503227085860236]]
9302836	[1, [0.005496325958383008, 0.994503674041617]]
9315491	[1, [0.030750719441649976, 0.96924928055835]]
5864259	[1, [0.04077391294453392, 0.9592260870554661]]
5864851	[1, [0.021252218440462434, 0.9787477815595376]]
44424650	[1, [0.030659858220912217, 0.9693401417790878]]
9316198	[1, [0.014043297234915153, 0.9859567027650848]]
64949149	[1, [0.04938344460955757, 0.9506165553904424]]
57230675	[1, [0.022379850880834495, 0.9776201491191655]]
17726764	[1, [0.017090018324424472, 0.9829099816755755]]
9302975	[1, [0.010996850173136896, 0.9890031498268631]]
7913167	[1, [0.019291893262801896, 0.9807081067371981]]
9246322	[1, [0.018311495733392635, 0.9816885042666074]]
9302033	[1, [0.005041108714333609, 0.9949588912856664]]
7971817	[1, [0.04623957762447961, 0.9537604223755204]]
9151834	[1, [0.01819229103320008, 0.9818077089667999]]
9208465	[1, [0.019115875558052164, 0.9808841244419478]]
31303010	[1, [0.01772642879830011, 0.9822735712016999]]
9226319	[1, [0.025064759509052514, 0.9749352404909475]]
9147129	[1, [0.03422756541558469, 0.9657724345844153]]
9147106	[1, [0.03117592399995306, 0.9688240760000469]]
9208871	[1, [0.023775053787889577, 0.9762249462121104]]
45764386	[1, [0.005904171320109897, 0.9940958286798901]]
87956388	[1, [0.0039420302800773355, 0.9960579697199227]]
9226186	[1, [0.009211959606316822, 0.9907880403936832]]
9146702	[1, [0.03596465311186359, 0.9640353468881364]]
47370702	[1, [0.0024501243731918088, 0.9975498756268082]]
9146914	[1, [0.047915427735629956, 0.95208457226437]]
9147029	[1, [0.01014005005276708, 0.9898599499472329]]
13207080	[1, [0.04979911732199338, 0.9502008826780066]]
5770533	[1, [0.039920454907418135, 0.9600795450925819]]
5790867	[1, [0.013564044584240764, 0.9864359554157592]]
7673866	[1, [0.03483999853707909, 0.9651600014629209]]
9151506	[1, [0.041545517879441274, 0.9584544821205587]]
93448429	[1, [0.029257337811455675, 0.9707426621885443]]
5872279	[1, [0.034429031527089426, 0.9655709684729106]]
7958592	[1, [0.02036762723360286, 0.9796323727663971]]
74139722	[1, [0.011879138236102538, 0.9881208617638975]]
80146325	[1, [0.03480841262072898, 0.965191587379271]]
7903726	[1, [0.027739863644533846, 0.9722601363554662]]
7903430	[1, [0.04159318487470165, 0.9584068151252984]]
7904062	[1, [0.02806327634133776, 0.9719367236586622]]
80426921	[1, [0.036639741876665965, 0.963360258123334]]
7904035	[1, [0.046247006298508864, 0.9537529937014911]]
7958245	[1, [0.002028722423310536, 0.9979712775766895]]
7904076	[1, [0.039555194987063724, 0.9604448050129363]]
7903859	[1, [0.009187389179238892, 0.9908126108207611]]
7903921	[1, [0.045940212172058126, 0.9540597878279419]]
93428736	[1, [0.0489667292335092, 0.9510332707664908]]
20721452	[1, [0.044780869315373395, 0.9552191306846266]]
7091233	[1, [0.04398867857523325, 0.9560113214247667]]
7903755	[1, [0.02401700888478575, 0.9759829911152142]]
7957979	[1, [0.003955232181007573, 0.9960447678189924]]
7903684	[1, [0.02143389917249572, 0.9785661008275043]]
23758161	[1, [0.02816547958837834, 0.9718345204116217]]
6971063	[1, [0.018235732678139382, 0.9817642673218606]]
7903797	[1, [0.022571823640758604, 0.9774281763592414]]
7903436	[1, [0.008616819117924446, 0.9913831808820756]]
7903435	[1, [0.0073015412662048584, 0.9926984587337951]]
7903434	[1, [0.007499961562292712, 0.9925000384377073]]
7903433	[1, [0.0016848100748506623, 0.9983151899251493]]
7903432	[1, [0.0009885430030598386, 0.9990114569969402]]
7903431	[1, [0.03210776536914117, 0.9678922346308588]]
5489767	[1, [0.039394660561797856, 0.9606053394382021]]
7904334	[1, [0.03257290384456524, 0.9674270961554348]]
7904009	[1, [0.025292802926632718, 0.9747071970733673]]
7904008	[1, [0.0030427053721616693, 0.9969572946278383]]
7904353	[1, [0.03232818542469429, 0.9676718145753057]]
41719250	[1, [0.025623256203088807, 0.9743767437969112]]
7904025	[1, [0.001531799982521509, 0.9984682000174785]]
7903429	[1, [0.025384696130021367, 0.9746153038699786]]
53470491	[1, [0.012816949334453875, 0.9871830506655461]]
56625359	[1, [0.012960429262822037, 0.987039570737178]]
59471846	[1, [0.01224690926541483, 0.9877530907345852]]
9318779	[1, [0.015537283603130114, 0.9844627163968699]]
56571719	[1, [0.0481206673532395, 0.9518793326467605]]
7642225	[1, [0.03842688008092221, 0.9615731199190778]]
59493781	[1, [0.029895688725039893, 0.9701043112749601]]
25887888	[1, [0.04793970824801663, 0.9520602917519834]]
5954541	[1, [0.04731944655553921, 0.9526805534444608]]
64513192	[1, [0.02119653018558454, 0.9788034698144155]]
59453354	[1, [0.013289932674470872, 0.9867100673255291]]
59223814	[1, [0.0499160945400039, 0.9500839054599961]]
80647991	[1, [0.02441653587481296, 0.975583464125187]]
7290504	[1, [0.048894123205865614, 0.9511058767941344]]
80670210	[1, [0.014956821612290616, 0.9850431783877094]]
6943737	[1, [0.01570766873029239, 0.9842923312697076]]
95571229	[1, [0.03082176269232062, 0.9691782373076794]]
27547342	[1, [0.032300416651324215, 0.9676995833486758]]
82646095	[1, [0.0491655070349335, 0.9508344929650665]]
81087320	[1, [0.019996826476296636, 0.9800031735237034]]
9278182	[1, [0.024256308903231494, 0.9757436910967685]]
7855841	[1, [0.014659811614853524, 0.9853401883851465]]
68360072	[1, [0.039806938442752404, 0.9601930615572476]]
5784223	[1, [0.04017162611127467, 0.9598283738887253]]
7856087	[1, [0.01804416910031037, 0.9819558308996896]]
85051155	[1, [0.019407919195133516, 0.9805920808048665]]
9278980	[1, [0.04458607501568912, 0.9554139249843109]]
5522172	[1, [0.005026675317460039, 0.99497332468254]]
80864266	[1, [0.00553295126954656, 0.9944670487304534]]
59237461	[1, [0.011036100099419799, 0.9889638999005802]]
5784221	[1, [0.031192295053398378, 0.9688077049466016]]
44139321	[1, [0.04599281863715099, 0.954007181362849]]
7815360	[1, [0.01018675622431664, 0.9898132437756834]]
5309012	[1, [0.00967288559366275, 0.9903271144063372]]
7779823	[1, [0.013749687406961364, 0.9862503125930386]]
7814224	[1, [0.018265572074367298, 0.9817344279256327]]
14727231	[1, [0.017626697938129432, 0.9823733020618706]]
7972151	[1, [0.009873137382783725, 0.9901268626172163]]
66869069	[1, [0.04771252260922576, 0.9522874773907742]]
59685963	[1, [0.011607279192371145, 0.9883927208076289]]
66031092	[1, [0.0328917790485711, 0.9671082209514289]]
37604593	[1, [0.01595990712417117, 0.9840400928758288]]
5309245	[1, [0.0250322205981659, 0.9749677794018341]]
86743868	[1, [0.029724715219412556, 0.9702752847805874]]
73642729	[1, [0.01596334926135179, 0.9840366507386482]]
9300367	[1, [0.007163402406196506, 0.9928365975938035]]
7211761	[1, [0.04133665887260718, 0.9586633411273928]]
57544607	[1, [0.04101164768051058, 0.9589883523194894]]
75825451	[1, [0.040620773181380576, 0.9593792268186194]]
76808363	[1, [0.0008909158331258382, 0.9991090841668742]]
5936020	[1, [0.04390431619273183, 0.9560956838072682]]
5935118	[1, [0.029211354359658603, 0.9707886456403414]]
5935651	[1, [0.02838636775748804, 0.971613632242512]]
15135227	[1, [0.0028841810543680513, 0.997115818945632]]
5934919	[1, [0.044928897567738435, 0.9550711024322616]]
9300825	[1, [0.008284864407754555, 0.9917151355922454]]
61100184	[1, [0.0022693962374936705, 0.9977306037625063]]
5172411	[1, [0.017278086731349562, 0.9827219132686504]]
7658378	[1, [0.0400117281086122, 0.9599882718913878]]
6826935	[1, [0.013654125049281318, 0.9863458749507187]]
9150074	[1, [0.010550320683041958, 0.989449679316958]]
9300421	[1, [0.03325023443996644, 0.9667497655600336]]
5257076	[1, [0.014824761570394251, 0.9851752384296057]]
9149912	[1, [0.014595735066306847, 0.9854042649336932]]
5935173	[1, [0.014473698174155447, 0.9855263018258446]]
71377491	[1, [0.01395304223655125, 0.9860469577634488]]
9310282	[1, [0.006702356434693968, 0.993297643565306]]
7870362	[1, [0.030183463525267573, 0.9698165364747324]]
9139346	[1, [0.03546600373579267, 0.9645339962642073]]
10766323	[1, [0.016114880912535212, 0.9838851190874648]]
9310491	[1, [0.032956625020385544, 0.9670433749796145]]
9310493	[1, [0.0202282405108406, 0.9797717594891594]]
35197792	[1, [0.04760792021851312, 0.9523920797814869]]
5670347	[1, [0.04977892917370563, 0.9502210708262944]]
9139526	[1, [0.026649874553011377, 0.9733501254469886]]
35134990	[1, [0.03145431117160802, 0.968545688828392]]
9340413	[1, [0.023243103582755387, 0.9767568964172446]]
39100255	[1, [0.02357751970866573, 0.9764224802913343]]
10733496	[1, [0.012530477100724302, 0.9874695228992757]]
9139728	[1, [0.041833725068787464, 0.9581662749312125]]
9340880	[1, [0.020755825107873105, 0.9792441748921269]]
9310851	[1, [0.00852827200314521, 0.9914717279968548]]
32772480	[1, [0.031320204604563306, 0.9686797953954367]]
9340373	[1, [0.018782868542955855, 0.9812171314570441]]
35167158	[1, [0.03054362145301015, 0.9694563785469898]]
48645457	[1, [0.005638235589478513, 0.9943617644105215]]
40721194	[1, [0.002650974886565627, 0.9973490251134344]]
14519989	[1, [0.04613979382773148, 0.9538602061722685]]
14469818	[1, [0.0037895215369218027, 0.9962104784630782]]
6154014	[1, [0.03924148532599914, 0.9607585146740009]]
9305024	[1, [0.006476938219567296, 0.9935230617804327]]
98102475	[1, [0.005413139692367008, 0.994586860307633]]
43254717	[1, [0.0038725981927745234, 0.9961274018072255]]
9304815	[1, [0.014123432868346608, 0.9858765671316534]]
9204099	[1, [0.01753437459118956, 0.9824656254088104]]
9305094	[1, [0.043937863865698534, 0.9560621361343015]]
5373406	[1, [0.033946879031502286, 0.9660531209684977]]
33190928	[1, [0.026167915281969156, 0.9738320847180308]]
9321364	[1, [0.02648428546865267, 0.9735157145313473]]
89716452	[1, [0.02142245645276797, 0.978577543547232]]
5348323	[1, [0.040649005306561015, 0.959350994693439]]
9308205	[1, [0.017046926555271957, 0.982953073444728]]
72249574	[1, [0.04717437125075896, 0.952825628749241]]
69394426	[1, [0.0164600759478023, 0.9835399240521977]]
9309154	[1, [0.020497120023571846, 0.9795028799764282]]
9321644	[1, [0.020038702865714075, 0.9799612971342859]]
9321287	[1, [0.015394610183492308, 0.9846053898165077]]
84771743	[1, [0.0005780245567582609, 0.9994219754432417]]
9254442	[1, [0.027376520832404383, 0.9726234791675956]]
6880784	[1, [0.022800142261782175, 0.9771998577382178]]
9322677	[1, [0.02876674108402666, 0.9712332589159733]]
9321374	[1, [0.03282027257800624, 0.9671797274219938]]
48381845	[1, [0.019287296768625617, 0.9807127032313744]]
9254104	[1, [0.01308779101876889, 0.9869122089812311]]
9309167	[1, [0.008867981523314694, 0.9911320184766853]]
69392335	[1, [0.014030215444293281, 0.9859697845557067]]
72231121	[1, [0.024054542257573197, 0.9759454577424268]]
69340607	[1, [0.006783287431419205, 0.9932167125685808]]
98781627	[1, [0.04718124249051203, 0.952818757509488]]
9323044	[1, [0.013944961235366926, 0.9860550387646331]]
9321879	[1, [0.020390952597973744, 0.9796090474020263]]
72235985	[1, [0.012269138387202005, 0.987730861612798]]
64784043	[1, [0.029612245767660417, 0.9703877542323396]]
83600340	[1, [0.03953768973839333, 0.9604623102616067]]
97694556	[1, [0.04808474915832062, 0.9519152508416794]]
24895949	[1, [0.015537480977955043, 0.984462519022045]]
28635593	[1, [0.039024742151975156, 0.9609752578480248]]
7772212	[1, [0.021227030794462087, 0.9787729692055379]]
50342433	[1, [0.020419117968923484, 0.9795808820310765]]
88267071	[1, [0.04650795172170519, 0.9534920482782948]]
9078704	[1, [0.004694108106756856, 0.9953058918932431]]
83912116	[1, [0.025838352922160857, 0.9741616470778391]]
7746774	[1, [0.008219012791570779, 0.9917809872084292]]
57289502	[1, [0.020768146920030928, 0.9792318530799691]]
44965969	[1, [0.019505816382827224, 0.9804941836171728]]
36723453	[1, [0.04280761596298088, 0.9571923840370191]]
7746457	[1, [0.008753834389692239, 0.9912461656103078]]
85352515	[1, [0.010935382871372079, 0.9890646171286279]]
83572465	[1, [0.040058133762334136, 0.9599418662376659]]
58765218	[1, [0.014427848373084529, 0.9855721516269155]]
7842347	[1, [0.04475651506893774, 0.9552434849310623]]
9268975	[1, [0.009036487624225376, 0.9909635123757746]]
9268619	[1, [0.04458607501568912, 0.9554139249843109]]
6706609	[1, [0.040279741895553056, 0.9597202581044469]]
9320224	[1, [0.017447772889708002, 0.982552227110292]]
31000959	[1, [0.025891835479384562, 0.9741081645206154]]
9319947	[1, [0.00961729997088745, 0.9903827000291126]]
9252088	[1, [0.01684185074309441, 0.9831581492569056]]
9319543	[1, [0.02728570684036624, 0.9727142931596338]]
7842293	[1, [0.012531429870841548, 0.9874685701291585]]
9269001	[1, [0.02503957063438511, 0.9749604293656149]]
9320787	[1, [0.03331716185805367, 0.9666828381419463]]
36244085	[1, [0.03135315896766577, 0.9686468410323342]]
57926456	[1, [0.029067041666610782, 0.9709329583333892]]
9268796	[1, [0.029487876427278792, 0.9705121235727212]]
9319509	[1, [0.031243333701574505, 0.9687566662984255]]
9269672	[1, [0.025149424116202468, 0.9748505758837975]]
9319606	[1, [0.04451690819161236, 0.9554830918083876]]
9253160	[1, [0.020955280337603188, 0.9790447196623968]]
35694968	[1, [0.002924949289708989, 0.997075050710291]]
9253838	[1, [0.01866537991119266, 0.9813346200888073]]
9320188	[1, [0.04094694336607807, 0.9590530566339219]]
91875169	[1, [0.04453878009945533, 0.9554612199005447]]
94779738	[1, [0.036629650335434194, 0.9633703496645658]]
67402294	[1, [0.0030390928555384944, 0.9969609071444615]]
63709413	[1, [0.007736499317680945, 0.992263500682319]]
47287893	[1, [0.023248531029913422, 0.9767514689700866]]
99420585	[1, [0.02215501266493569, 0.9778449873350643]]
62780362	[1, [0.019449930194222698, 0.9805500698057773]]
85145867	[1, [0.00038238752399177844, 0.9996176124760082]]
9306492	[1, [0.020152393512167133, 0.9798476064878329]]
56455828	[1, [0.007018520878397827, 0.9929814791216022]]
98947681	[1, [0.009255048377523556, 0.9907449516224764]]
9257922	[1, [0.03993833318402362, 0.9600616668159764]]
6711482	[1, [0.0022319391921312715, 0.9977680608078687]]
70442237	[1, [0.031436294682461785, 0.9685637053175382]]
21681180	[1, [0.023579326214696494, 0.9764206737853035]]
63661360	[1, [0.001955337009826419, 0.9980446629901736]]
9306540	[1, [0.03310502139994831, 0.9668949786000517]]
9282491	[1, [0.01694981107767002, 0.98305018892233]]
9238643	[1, [0.011678699710447882, 0.9883213002895521]]
9266519	[1, [0.015286633628421309, 0.9847133663715787]]
9266386	[1, [0.038218470353857614, 0.9617815296461424]]
9132802	[1, [0.04241534657950552, 0.9575846534204945]]
68950655	[1, [0.008312876850183004, 0.991687123149817]]
85513449	[1, [0.010824322887506899, 0.9891756771124931]]
9237752	[1, [0.004055469605174111, 0.9959445303948259]]
9282256	[1, [0.014347835430906786, 0.9856521645690932]]
9238607	[1, [0.022429942980777273, 0.9775700570192227]]
20379246	[1, [0.026955012587175253, 0.9730449874128247]]
53980645	[1, [0.0477299641540464, 0.9522700358459536]]
77550669	[1, [0.046114867840300944, 0.9538851321596991]]
9281624	[1, [0.03759270100672263, 0.9624072989932774]]
68837139	[1, [0.028459397585312685, 0.9715406024146873]]
23620261	[1, [0.005055861604712608, 0.9949441383952874]]
9266283	[1, [0.034909174311733904, 0.9650908256882661]]
9335167	[1, [0.013937141448435386, 0.9860628585515646]]
40869745	[1, [0.019043455970987888, 0.9809565440290121]]
9334746	[1, [0.04297667965436702, 0.957023320345633]]
5306713	[1, [0.0156785461439648, 0.9843214538560352]]
55568713	[1, [0.03993500804678396, 0.960064991953216]]
84894097	[1, [0.04078463929574572, 0.9592153607042543]]
9335579	[1, [0.026408072887632805, 0.9735919271123672]]
32390563	[1, [0.02927253553894993, 0.9707274644610501]]
9334817	[1, [0.017976327513832824, 0.9820236724861672]]
76459718	[1, [0.009498164332777836, 0.9905018356672222]]
75088352	[1, [0.018982012294120443, 0.9810179877058796]]
76742766	[1, [0.03264194918641605, 0.967358050813584]]
9280633	[1, [0.01153134715398274, 0.9884686528460173]]
9335242	[1, [0.021972142478462686, 0.9780278575215373]]
9280601	[1, [0.04531705230449257, 0.9546829476955074]]
9335539	[1, [0.028074001966612583, 0.9719259980333874]]
94321000	[1, [0.023136000827880254, 0.9768639991721197]]
5305440	[1, [0.029622385202313972, 0.970377614797686]]
76482253	[1, [0.012620932699799026, 0.987379067300201]]
5307474	[1, [0.01477381703207481, 0.9852261829679252]]
81696934	[1, [0.03848997859746983, 0.9615100214025302]]
7724398	[1, [0.006580990266860098, 0.9934190097331399]]
84165870	[1, [0.01547848345540781, 0.9845215165445922]]
26212685	[1, [0.003099731148598295, 0.9969002688514017]]
7752304	[1, [0.00727896798137373, 0.9927210320186263]]
10393889	[1, [0.02878052734270209, 0.9712194726572979]]
85679564	[1, [0.0015016617518893716, 0.9984983382481106]]
26250658	[1, [0.02635175085216568, 0.9736482491478343]]
84154482	[1, [0.036241219438682304, 0.9637587805613177]]
44274244	[1, [0.0019997532444498978, 0.9980002467555501]]
84170119	[1, [0.04788492455049742, 0.9521150754495026]]
5727031	[1, [0.02794035471443801, 0.972059645285562]]
87541370	[1, [0.038787209633470265, 0.9612127903665297]]
5745774	[1, [0.04007742364768607, 0.9599225763523139]]
13565179	[1, [0.024162588679284447, 0.9758374113207156]]
48196877	[1, [0.03206979690313383, 0.9679302030968662]]
7799941	[1, [0.016459554568052925, 0.9835404454319471]]
9270791	[1, [0.018851277914311515, 0.9811487220856885]]
7799379	[1, [0.0019198248497643844, 0.9980801751502356]]
87510066	[1, [0.03701278057146529, 0.9629872194285347]]
91743046	[1, [0.033463308916313994, 0.966536691083686]]
9270308	[1, [0.005813368248954176, 0.9941866317510458]]
26809920	[1, [0.016188246021157093, 0.9838117539788429]]
9270709	[1, [0.025201632182719313, 0.9747983678172807]]
13601281	[1, [0.03000840205422861, 0.9699915979457714]]
97121593	[1, [0.005554131828811593, 0.9944458681711884]]
