7354631	[1, [0.0034020900289785105, 0.9965979099710215]]
7173420	[1, [0.03496003193675101, 0.965039968063249]]
7868583	[1, [0.009999370258695461, 0.9900006297413045]]
7868943	[1, [0.048996181330159594, 0.9510038186698404]]
7868589	[1, [0.002658127938272359, 0.9973418720617276]]
6605281	[1, [0.03830501407672182, 0.9616949859232782]]
7931884	[1, [0.0008461461431115147, 0.9991538538568885]]
7837447	[1, [0.014046568911675994, 0.985953431088324]]
7838580	[1, [0.039134028517284314, 0.9608659714827157]]
7783882	[1, [0.040344080028505425, 0.9596559199714946]]
5309616	[1, [0.0010188755795407234, 0.9989811244204593]]
7076131	[1, [0.017793619347709844, 0.9822063806522902]]
5875023	[1, [0.0003304416390437215, 0.9996695583609563]]
7077833	[1, [0.007807557805418641, 0.9921924421945814]]
5906833	[1, [0.002163206196725276, 0.9978367938032747]]
6618593	[1, [0.04647515451213302, 0.953524845487867]]
6973148	[1, [0.0014560766141973325, 0.9985439233858027]]
5222560	[1, [0.036962520323967074, 0.9630374796760329]]
7680200	[1, [0.04612675764577867, 0.9538732423542213]]
7700141	[1, [0.023465795864227368, 0.9765342041357726]]
5222595	[1, [0.04318089662900193, 0.9568191033709981]]
5172390	[1, [0.004604368394725666, 0.9953956316052743]]
5174472	[1, [0.0017114160529931866, 0.9982885839470068]]
5723479	[1, [8.91666761204668e-07, 0.9999991083332388]]
9029830	[1, [0.0157653240892347, 0.9842346759107653]]
5652808	[1, [0.002661885088354965, 0.997338114911645]]
13280839	[1, [0.002693926997982432, 0.9973060730020176]]
5866248	[1, [0.0064313961008864995, 0.9935686038991135]]
7971802	[1, [0.015056060772332236, 0.9849439392276678]]
5862540	[1, [0.02449295419105013, 0.9755070458089499]]
7681793	[1, [0.023465795864227368, 0.9765342041357726]]
7682969	[1, [0.027934296449766416, 0.9720657035502336]]
7861263	[1, [0.009700860141491852, 0.9902991398585081]]
77381281	[1, [0.026664084459126824, 0.9733359155408732]]
5793083	[1, [0.007897952578765466, 0.9921020474212345]]
7906790	[1, [0.0030607508661071314, 0.9969392491338929]]
7656419	[1, [0.018696100264563253, 0.9813038997354367]]
7656172	[1, [0.03929947170276382, 0.9607005282972362]]
7906789	[1, [0.0012696032856924777, 0.9987303967143075]]
55439864	[1, [0.04901233089853241, 0.9509876691014676]]
11993159	[1, [0.007175599160303636, 0.9928244008396964]]
7131211	[1, [0.014716507909952048, 0.985283492090048]]
6703457	[1, [0.019015228599075562, 0.9809847714009244]]
7059145	[1, [0.005837560667630082, 0.9941624393323699]]
6589888	[1, [0.041833198342870026, 0.95816680165713]]
7672968	[1, [0.0002650120531714206, 0.9997349879468286]]
6058703	[1, [0.024514449561030327, 0.9754855504389697]]
6055720	[1, [0.037402547662193086, 0.9625974523378069]]
5878311	[1, [0.0004094021436148454, 0.9995905978563852]]
7965458	[1, [0.01176374823144588, 0.9882362517685541]]
7928386	[1, [0.0012834697686037178, 0.9987165302313963]]
5876336	[1, [0.026594429315334955, 0.973405570684665]]
5728237	[1, [0.03511816566465753, 0.9648818343353425]]
5728301	[1, [0.04691989796108753, 0.9530801020389125]]
6221582	[1, [0.0020659957507950244, 0.997934004249205]]
5235799	[1, [0.008632605249226932, 0.9913673947507731]]
61012603	[1, [0.005617969344462348, 0.9943820306555377]]
7881349	[1, [0.0005917103119327249, 0.9994082896880673]]
7742217	[1, [0.027822630969937423, 0.9721773690300626]]
7984013	[1, [0.0012242264539752412, 0.9987757735460248]]
86931060	[1, [0.04205593239437799, 0.957944067605622]]
7353647	[1, [0.03633388993491615, 0.9636661100650838]]
5719698	[1, [0.013475235357457982, 0.986524764642542]]
7806155	[1, [0.004809629537041116, 0.9951903704629589]]
5108002	[1, [0.0026289162348214212, 0.9973710837651786]]
5881997	[1, [0.0003296271943655782, 0.9996703728056344]]
5880876	[1, [0.00384455954971219, 0.9961554404502878]]
5883853	[1, [0.004700001761992145, 0.9952999982380079]]
61525307	[1, [0.021255494581354784, 0.9787445054186452]]
5884494	[1, [0.009424277405528647, 0.9905757225944714]]
6894009	[1, [0.006442028362410146, 0.9935579716375899]]
5470582	[1, [0.002901310351583253, 0.9970986896484167]]
5355023	[1, [0.009219300318794366, 0.9907806996812056]]
7689414	[1, [0.04547255941599304, 0.954527440584007]]
6049391	[1, [0.01611308101499953, 0.9838869189850005]]
6050244	[1, [0.017433529282312676, 0.9825664707176873]]
68727185	[1, [0.01677128914186443, 0.9832287108581356]]
65283513	[1, [0.030067711363988336, 0.9699322886360117]]
5162104	[1, [0.008813608922598637, 0.9911863910774014]]
5162102	[1, [0.00805179042733517, 0.9919482095726648]]
6807321	[1, [0.002535886928451525, 0.9974641130715485]]
26842905	[1, [0.030591613341429902, 0.9694083866585701]]
7736039	[1, [0.004330013053131521, 0.9956699869468685]]
5145831	[1, [0.0033815390827105496, 0.9966184609172895]]
5680353	[1, [2.090895873774201e-06, 0.9999979091041262]]
7844333	[1, [0.03595053390280445, 0.9640494660971956]]
7985585	[1, [0.003272948813048404, 0.9967270511869516]]
12827633	[1, [0.013323127174429406, 0.9866768728255706]]
5869955	[1, [0.004390457098526479, 0.9956095429014735]]
56523119	[1, [0.0425957581692511, 0.9574042418307489]]
89503589	[1, [0.006346601510179517, 0.9936533984898205]]
6555256	[1, [0.026964928341355554, 0.9730350716586444]]
6064407	[1, [0.03445958694232554, 0.9655404130576745]]
7184006	[1, [0.03838961230814186, 0.9616103876918581]]
11045098	[1, [0.02116368722963957, 0.9788363127703604]]
14756114	[1, [0.02935944905332366, 0.9706405509466763]]
6064014	[1, [0.0221292432498148, 0.9778707567501852]]
6243133	[1, [0.014853136342430906, 0.9851468636575691]]
86547073	[1, [0.027088290449948538, 0.9729117095500515]]
5705613	[1, [0.009633259021626372, 0.9903667409783736]]
5705738	[1, [0.011617344702811172, 0.9883826552971888]]
5705739	[1, [0.015312059407399659, 0.9846879405926003]]
5705741	[1, [0.0016038254911974192, 0.9983961745088026]]
5705740	[1, [0.014183771125568012, 0.985816228874432]]
6545566	[1, [0.003858845026688429, 0.9961411549733116]]
7836181	[1, [0.002089165838086382, 0.9979108341619136]]
6053584	[1, [0.03189679895694253, 0.9681032010430575]]
6692115	[1, [0.029517158474322125, 0.9704828415256779]]
37878548	[1, [0.04289854931741932, 0.9571014506825807]]
6045558	[1, [0.006082680759734949, 0.993917319240265]]
6044396	[1, [0.011119277835297314, 0.9888807221647027]]
6045684	[1, [0.021483797824191075, 0.9785162021758089]]
6680192	[1, [0.002384407384855125, 0.9976155926151449]]
5524111	[1, [0.00154280790063277, 0.9984571920993672]]
6128127	[1, [0.03597200668461242, 0.9640279933153876]]
7871681	[1, [0.0002514485302379521, 0.999748551469762]]
6566657	[1, [0.013546472028916234, 0.9864535279710838]]
7043587	[1, [0.02321761037460157, 0.9767823896253984]]
7053746	[1, [0.005910926952639395, 0.9940890730473606]]
5852906	[1, [0.005728947236630422, 0.9942710527633696]]
7921230	[1, [0.0013777558660266198, 0.9986222441339734]]
7849751	[1, [0.005499425990491691, 0.9945005740095083]]
6046883	[1, [0.01885399738126259, 0.9811460026187374]]
7979497	[1, [0.00016254678393334832, 0.9998374532160667]]
30026923	[1, [0.020621970319934846, 0.9793780296800652]]
6696636	[1, [0.009793974520594384, 0.9902060254794056]]
5217467	[1, [0.041139562884683234, 0.9588604371153168]]
7816934	[1, [0.004963320872951149, 0.9950366791270489]]
