6561820	[1, [0.04129814780051655, 0.9587018521994835]]
9028212	[1, [0.025966788533231866, 0.9740332114667681]]
7628122	[1, [0.005576729221657528, 0.9944232707783425]]
7627117	[1, [0.010867576119251265, 0.9891324238807487]]
6049655	[1, [0.007680711251606853, 0.9923192887483931]]
7937943	[1, [0.02485587100780373, 0.9751441289921963]]
7937438	[1, [0.0159394148591131, 0.9840605851408869]]
7937714	[1, [0.04422937693817586, 0.9557706230618241]]
7688563	[1, [0.046976923703227036, 0.953023076296773]]
7627363	[1, [0.0029014955126769326, 0.9970985044873231]]
7932232	[1, [0.02776074073489354, 0.9722392592651065]]
6074054	[1, [0.001952541735845914, 0.9980474582641541]]
7932296	[1, [0.04755125885026801, 0.952448741149732]]
7991231	[1, [0.023550640588650196, 0.9764493594113498]]
6636554	[1, [0.016839513361422198, 0.9831604866385778]]
5987871	[1, [0.03469997147260673, 0.9653000285273933]]
5987381	[1, [0.045737574680634, 0.954262425319366]]
6968262	[1, [0.02249492543620235, 0.9775050745637976]]
5927222	[1, [0.03786164672793502, 0.962138353272065]]
5140892	[1, [0.01504517817270834, 0.9849548218272917]]
5622304	[1, [0.001979090685135354, 0.9980209093148646]]
7846119	[1, [0.04331464863899315, 0.9566853513610069]]
7933307	[1, [0.009125427935614883, 0.9908745720643851]]
5667042	[1, [0.023976589480655397, 0.9760234105193446]]
7115534	[1, [0.03198691524881414, 0.9680130847511859]]
6944626	[1, [0.03615732367491342, 0.9638426763250866]]
6909533	[1, [0.026733842243473305, 0.9732661577565267]]
6945175	[1, [0.010339481343069057, 0.9896605186569309]]
7362750	[1, [0.04170148289245523, 0.9582985171075448]]
6876461	[1, [0.014612640191798199, 0.9853873598082018]]
7906355	[1, [0.031327569909264774, 0.9686724300907352]]
7475255	[1, [0.0005742306748653947, 0.9994257693251346]]
7478415	[1, [0.0040528343947194845, 0.9959471656052805]]
7478272	[1, [0.0069301047664898086, 0.9930698952335102]]
7480953	[1, [0.011423877528962678, 0.9885761224710373]]
5968889	[1, [0.032668340273333984, 0.967331659726666]]
6324044	[1, [0.030629933802296838, 0.9693700661977032]]
6379137	[1, [0.03584135204595018, 0.9641586479540498]]
9012524	[1, [0.03975779312918559, 0.9602422068708144]]
7682117	[1, [0.02192000213871903, 0.978079997861281]]
5553707	[1, [0.016893666605794833, 0.9831063333942052]]
7719200	[1, [0.0017230681409772242, 0.9982769318590228]]
7718120	[1, [0.014824364973594961, 0.985175635026405]]
7719486	[1, [0.021483890742210243, 0.9785161092577898]]
5306605	[1, [0.01780446500288957, 0.9821955349971104]]
7717357	[1, [0.015097105430478042, 0.984902894569522]]
7715130	[1, [0.028237978991586532, 0.9717620210084135]]
7715104	[1, [0.0006948433417023336, 0.9993051566582977]]
7715365	[1, [0.011707156664012786, 0.9882928433359872]]
7103875	[1, [0.03186799387875727, 0.9681320061212427]]
6946572	[1, [0.03755980207445975, 0.9624401979255403]]
6704608	[1, [0.008536121880887815, 0.9914638781191122]]
7016445	[1, [0.003353660593081176, 0.9966463394069188]]
6705031	[1, [0.020367294994617757, 0.9796327050053822]]
7935304	[1, [0.008243374311094898, 0.9917566256889051]]
6043485	[1, [0.017336009992191204, 0.9826639900078088]]
5672422	[1, [0.029919378291236476, 0.9700806217087635]]
6943735	[1, [0.011368613554009532, 0.9886313864459905]]
6942965	[1, [0.030535614206877892, 0.9694643857931221]]
9011130	[1, [0.049237567893751666, 0.9507624321062483]]
9010704	[1, [0.04500892606994733, 0.9549910739300527]]
5401302	[1, [0.044890265310749466, 0.9551097346892505]]
7639006	[1, [0.01263397706432845, 0.9873660229356716]]
5398387	[1, [0.04187371836593645, 0.9581262816340635]]
7639320	[1, [0.03439323952627371, 0.9656067604737263]]
6127998	[1, [0.00712491101566215, 0.9928750889843379]]
7895541	[1, [0.017367702940380148, 0.9826322970596199]]
5349527	[1, [0.041455910297870435, 0.9585440897021296]]
6566742	[1, [0.04838148086399141, 0.9516185191360086]]
7337140	[1, [0.028649157156392713, 0.9713508428436073]]
7667055	[1, [0.026556930220979713, 0.9734430697790203]]
5230982	[1, [0.026726929541538214, 0.9732730704584618]]
89248527	[1, [0.047233190171376505, 0.9527668098286235]]
7017542	[1, [0.0019006750240496695, 0.9980993249759503]]
7966090	[1, [0.016825134449151236, 0.9831748655508488]]
6371569	[1, [0.015753371734208876, 0.9842466282657911]]
6854470	[1, [0.006225048168140623, 0.9937749518318594]]
6060405	[1, [0.005829674349977276, 0.9941703256500227]]
7941300	[1, [0.039140859378880455, 0.9608591406211195]]
5708748	[1, [0.02250616545007622, 0.9774938345499238]]
5284995	[1, [0.03375091011710951, 0.9662490898828905]]
6139498	[1, [0.046804741496735414, 0.9531952585032646]]
7662547	[1, [0.00984258140082761, 0.9901574185991724]]
7931241	[1, [0.0390606740293139, 0.9609393259706861]]
7940583	[1, [0.017001087489096567, 0.9829989125109034]]
5105025	[1, [0.03606968676507327, 0.9639303132349267]]
5136872	[1, [0.006782595849790796, 0.9932174041502092]]
6538233	[1, [0.014157889531509427, 0.9858421104684906]]
7754767	[1, [0.023550640588650196, 0.9764493594113498]]
6549029	[1, [0.015151371828783344, 0.9848486281712167]]
6051695	[1, [0.04470123632571199, 0.955298763674288]]
7954237	[1, [0.046022639762671624, 0.9539773602373284]]
7043115	[1, [0.02553532725838592, 0.9744646727416141]]
5133154	[1, [0.008094980529215534, 0.9919050194707845]]
6044289	[1, [0.007680711251606853, 0.9923192887483931]]
5614577	[1, [0.02183276831504055, 0.9781672316849594]]
6864418	[1, [0.01848563607310716, 0.9815143639268928]]
7646958	[1, [0.02802010240988717, 0.9719798975901128]]
7004733	[1, [0.019974154586556048, 0.980025845413444]]
7110185	[1, [0.02260580059710582, 0.9773941994028942]]
6871626	[1, [0.01939957883962673, 0.9806004211603733]]
6741581	[1, [0.022437159661879535, 0.9775628403381205]]
7628277	[1, [0.027189894312213525, 0.9728101056877865]]
7630303	[1, [0.001361945451186175, 0.9986380545488138]]
9206979	[1, [0.019757486565143534, 0.9802425134348565]]
7629459	[1, [0.0015507192186252627, 0.9984492807813747]]
7631543	[1, [0.005453311341010458, 0.9945466886589895]]
5871291	[1, [0.04289376186017568, 0.9571062381398243]]
7631533	[1, [0.03378432882604909, 0.9662156711739509]]
5492900	[1, [0.009627515532965147, 0.9903724844670349]]
7634321	[1, [0.002262837297994369, 0.9977371627020056]]
7634274	[1, [0.008173690448757598, 0.9918263095512424]]
5487343	[1, [0.006361263357999691, 0.9936387366420003]]
7631574	[1, [0.020612857010916308, 0.9793871429890837]]
7633218	[1, [0.006816245977607105, 0.9931837540223929]]
5492077	[1, [0.009577093054439989, 0.99042290694556]]
7904310	[1, [0.04917187879231, 0.95082812120769]]
6618714	[1, [0.004660782014399345, 0.9953392179856007]]
5473552	[1, [0.045021206280001946, 0.954978793719998]]
6731458	[1, [0.03851618800612999, 0.96148381199387]]
6503125	[1, [0.02750177571262946, 0.9724982242873705]]
7933994	[1, [0.01953247211053677, 0.9804675278894632]]
6841922	[1, [0.01919441860133131, 0.9808055813986687]]
7974998	[1, [0.038277441860212646, 0.9617225581397874]]
7955709	[1, [0.04050224215662779, 0.9594977578433722]]
7706573	[1, [0.03830572837202939, 0.9616942716279706]]
6367177	[1, [0.048024832825213526, 0.9519751671747865]]
43780550	[1, [0.025247495284238863, 0.9747525047157611]]
7707500	[1, [0.00237145173566089, 0.9976285482643391]]
7707652	[1, [0.04853111306737501, 0.951468886932625]]
7674161	[1, [0.048761841074118184, 0.9512381589258818]]
7705322	[1, [0.022355986138196227, 0.9776440138618038]]
7672829	[1, [0.039534525800259845, 0.9604654741997402]]
7706642	[1, [0.0014071109284231609, 0.9985928890715768]]
7706240	[1, [0.002127374495509815, 0.9978726255044902]]
6937011	[1, [0.039748743941368625, 0.9602512560586314]]
6633849	[1, [0.0072129452534481775, 0.9927870547465518]]
7972242	[1, [0.0016904703699435197, 0.9983095296300565]]
5309973	[1, [0.0461485073344895, 0.9538514926655105]]
7815188	[1, [0.03579829440254223, 0.9642017055974578]]
7750985	[1, [0.013345055318305765, 0.9866549446816942]]
56771144	[1, [0.010744730024114135, 0.9892552699758859]]
5793127	[1, [0.016298415208525374, 0.9837015847914746]]
6369805	[1, [0.03760080324785331, 0.9623991967521467]]
5181121	[1, [0.015038368540295388, 0.9849616314597046]]
6369134	[1, [0.017253096901795772, 0.9827469030982042]]
7639736	[1, [0.014809552331037423, 0.9851904476689626]]
7640643	[1, [0.0039500293148180265, 0.996049970685182]]
7639494	[1, [0.0009419925160547571, 0.9990580074839452]]
5175170	[1, [0.013584825699109682, 0.9864151743008903]]
7710891	[1, [0.005268437494661771, 0.9947315625053382]]
7713190	[1, [0.002974951614421184, 0.9970250483855788]]
7711472	[1, [0.026081784925165774, 0.9739182150748342]]
7713706	[1, [0.006684780678476332, 0.9933152193215237]]
7712670	[1, [0.010483344758843494, 0.9895166552411565]]
6016175	[1, [0.04612407531782692, 0.9538759246821731]]
7713162	[1, [0.02366957946226267, 0.9763304205377373]]
7712706	[1, [0.010483344758843494, 0.9895166552411565]]
7714080	[1, [0.0030911870148668807, 0.9969088129851331]]
7714215	[1, [0.013089324356138743, 0.9869106756438613]]
7708642	[1, [0.006160771134027687, 0.9938392288659723]]
5930785	[1, [0.03174859415494724, 0.9682514058450528]]
5923605	[1, [0.01250589624695797, 0.987494103753042]]
5321112	[1, [0.02909988523424445, 0.9709001147657556]]
6631315	[1, [0.015586989045932698, 0.9844130109540673]]
5484014	[1, [0.048073822140146216, 0.9519261778598538]]
7012113	[1, [0.003582310713812986, 0.996417689286187]]
7010832	[1, [0.0011366799890174528, 0.9988633200109825]]
6431642	[1, [0.01926281662029139, 0.9807371833797086]]
7699053	[1, [0.03105055786700206, 0.9689494421329979]]
30321538	[1, [0.033395113545488964, 0.966604886454511]]
6553124	[1, [0.013507265955792103, 0.9864927340442079]]
6816124	[1, [0.02416628427555223, 0.9758337157244478]]
