48524318	[1, [0.004933887319587216, 0.9950661126804128]]
98519950	[1, [0.00015555396756194995, 0.999844446032438]]
24629189	[1, [0.007113550856650885, 0.9928864491433491]]
62718275	[1, [0.00013033599871559165, 0.9998696640012844]]
91515182	[1, [0.00026283200371213233, 0.9997371679962879]]
31764292	[1, [2.0048933680127945e-05, 0.9999799510663199]]
7873091	[1, [0.0, 1.0]]
17079087	[1, [0.00015387221900708958, 0.9998461277809929]]
48523790	[1, [0.015921416925556486, 0.9840785830744435]]
70730867	[1, [0.0004458041106347732, 0.9995541958893652]]
46656243	[1, [0.014019439541822387, 0.9859805604581776]]
44640009	[1, [0.00010524780571774528, 0.9998947521942823]]
6779493	[1, [2.408204714643425e-06, 0.9999975917952854]]
5116210	[1, [0.0005389762330557657, 0.9994610237669442]]
82598963	[1, [0.0018138796011945013, 0.9981861203988055]]
62465149	[1, [0.004326928456570234, 0.9956730715434298]]
84222795	[1, [0.020015361646756658, 0.9799846383532433]]
59839905	[1, [0.024006642521761545, 0.9759933574782385]]
5116213	[1, [0.009816098952072916, 0.9901839010479271]]
5119073	[1, [9.249322837912022e-05, 0.9999075067716209]]
5116163	[1, [4.896259172781914e-05, 0.9999510374082722]]
5115893	[1, [0.0013058555853604492, 0.9986941444146396]]
75460234	[1, [0.000255441778243104, 0.9997445582217569]]
34917677	[1, [0.04108120709526286, 0.9589187929047371]]
22993692	[1, [0.023262482113392102, 0.9767375178866079]]
13049184	[1, [0.04478565526198519, 0.9552143447380148]]
96432757	[1, [0.04197127933946454, 0.9580287206605355]]
43407217	[1, [0.017175780609493874, 0.9828242193905061]]
46738993	[1, [0.01300922109561542, 0.9869907789043846]]
35522284	[1, [0.03879439657335626, 0.9612056034266437]]
92392345	[1, [0.0021938029687573746, 0.9978061970312426]]
67830931	[1, [0.0014950867068905804, 0.9985049132931094]]
6562524	[1, [0.035588913254543275, 0.9644110867454567]]
5582805	[1, [0.0, 1.0]]
5633324	[1, [2.220446049250313e-16, 0.9999999999999998]]
46712145	[1, [1.4372534566930995e-06, 0.9999985627465433]]
80038154	[1, [0.036697657409331286, 0.9633023425906687]]
71286111	[1, [0.007403744367492693, 0.9925962556325073]]
16979711	[1, [0.0032745977697197226, 0.9967254022302803]]
78245370	[1, [0.01677100627431316, 0.9832289937256868]]
49254446	[1, [0.0024103692933320486, 0.997589630706668]]
5553707	[1, [4.224571059641136e-06, 0.9999957754289404]]
91648910	[1, [0.048962816679839594, 0.9510371833201604]]
69316879	[1, [0.03597107309416958, 0.9640289269058304]]
5106891	[1, [3.4131908710488545e-07, 0.9999996586809129]]
78238328	[1, [0.03144558321339985, 0.9685544167866001]]
69268575	[1, [0.032194732160495065, 0.9678052678395049]]
5106886	[1, [1.4146036342310708e-08, 0.9999999858539637]]
65465691	[1, [0.0289957145931935, 0.9710042854068065]]
5107991	[1, [2.695287614629116e-05, 0.9999730471238537]]
88467720	[1, [0.00043862486401435863, 0.9995613751359856]]
97605888	[1, [0.00024749738544393995, 0.9997525026145561]]
7428385	[1, [6.222960735602356e-08, 0.9999999377703926]]
5144018	[1, [0.016351193093228744, 0.9836488069067713]]
94564512	[1, [0.0017452727614281072, 0.9982547272385719]]
5683937	[1, [0.0018672938056693011, 0.9981327061943307]]
24518539	[1, [0.006436121514002302, 0.9935638784859977]]
15246940	[1, [0.02764740066138882, 0.9723525993386112]]
36651135	[1, [3.3884828780306187e-05, 0.9999661151712197]]
87485633	[1, [8.146334071168493e-05, 0.9999185366592883]]
94573339	[1, [0.022577251909714047, 0.977422748090286]]
63915846	[1, [0.016049358090776344, 0.9839506419092237]]
88050801	[1, [0.004574722629327899, 0.9954252773706721]]
5919578	[1, [0.0009762246201849845, 0.999023775379815]]
5144700	[1, [0.016867913643742183, 0.9831320863562578]]
7147166	[1, [2.129788345694994e-05, 0.999978702116543]]
60942144	[1, [0.009908073526717298, 0.9900919264732827]]
7428125	[1, [0.0008203892871020413, 0.999179610712898]]
60778731	[1, [8.565936382431971e-05, 0.9999143406361757]]
5683824	[1, [3.3876162321644365e-05, 0.9999661238376784]]
5928879	[1, [5.4330993049522824e-05, 0.9999456690069505]]
63913839	[1, [0.013122380459225202, 0.9868776195407748]]
60821933	[1, [0.030127076734438263, 0.9698729232655617]]
6847029	[1, [1.2281898142951775e-07, 0.9999998771810186]]
55114889	[1, [2.4285704994353452e-05, 0.9999757142950056]]
94954087	[1, [0.04016722054102828, 0.9598327794589717]]
39475336	[1, [0.00020000882764159567, 0.9997999911723584]]
89701643	[1, [0.04623236177910528, 0.9537676382208947]]
44200157	[1, [0.004784587321627898, 0.9952154126783721]]
44070219	[1, [3.9285892561524705e-05, 0.9999607141074385]]
39298328	[1, [0.0019450182222567891, 0.9980549817777432]]
60192724	[1, [0.0001719446710738426, 0.9998280553289262]]
22212484	[1, [0.01716122672609577, 0.9828387732739042]]
6673995	[1, [0.04179561778383567, 0.9582043822161643]]
5969666	[1, [5.717240014746494e-10, 0.999999999428276]]
72728643	[1, [0.015881761645285875, 0.9841182383547141]]
22275028	[1, [0.01350668327436233, 0.9864933167256377]]
7478415	[1, [7.240631092475525e-06, 0.9999927593689075]]
5973571	[1, [0.0020118984662302886, 0.9979881015337697]]
9108526	[1, [0.008662607454690052, 0.99133739254531]]
7112557	[1, [0.0034454612931051898, 0.9965545387068948]]
43973388	[1, [0.006258093465680292, 0.9937419065343197]]
7112468	[1, [1.8825794543264607e-05, 0.9999811742054567]]
72750032	[1, [0.00039197134065172, 0.9996080286593483]]
7480953	[1, [6.641188170453116e-05, 0.9999335881182955]]
7478272	[1, [0.03008712330672203, 0.969912876693278]]
34593124	[1, [0.0008683629575377827, 0.9991316370424622]]
7114202	[1, [0.0001314261201877942, 0.9998685738798122]]
7475255	[1, [5.672998768491144e-05, 0.9999432700123151]]
5477598	[1, [3.010196891350958e-05, 0.9999698980310865]]
27921399	[1, [0.010852012547813428, 0.9891479874521866]]
7478791	[1, [0.016316922166827785, 0.9836830778331722]]
7113578	[1, [1.5363620456954052e-06, 0.9999984636379543]]
87208981	[1, [0.0031112195708123958, 0.9968887804291876]]
12106362	[1, [0.010065561806128942, 0.9899344381938711]]
5989437	[1, [0.0001053013219272092, 0.9998946986780728]]
5987119	[1, [0.007357631132271059, 0.9926423688677289]]
34101671	[1, [0.0012196225295628693, 0.9987803774704371]]
61523718	[1, [0.0002682533607514248, 0.9997317466392486]]
62869011	[1, [1.868639841529074e-06, 0.9999981313601585]]
6737388	[1, [2.1639272783646746e-06, 0.9999978360727216]]
72947179	[1, [0.04247870268539189, 0.9575212973146081]]
39824056	[1, [5.723999799223112e-05, 0.9999427600020078]]
5988412	[1, [2.453228237797589e-05, 0.999975467717622]]
87684655	[1, [0.0003943935777545038, 0.9996056064222455]]
87669680	[1, [0.03393833398428803, 0.966061666015712]]
9214947	[1, [0.04517502637759119, 0.9548249736224088]]
76970020	[1, [0.005556556988962069, 0.9944434430110379]]
21725116	[1, [0.04401091200420082, 0.9559890879957992]]
92050534	[1, [0.04280129595037507, 0.9571987040496249]]
73934618	[1, [0.002104218226090415, 0.9978957817739096]]
21778095	[1, [0.002319020313270692, 0.9976809796867293]]
82233774	[1, [0.0005035759158227293, 0.9994964240841773]]
17332597	[1, [0.02626163769180334, 0.9737383623081967]]
56661934	[1, [0.027854482310907702, 0.9721455176890923]]
19262320	[1, [0.00020665723693169546, 0.9997933427630683]]
66459011	[1, [0.006971804304972462, 0.9930281956950275]]
17330719	[1, [0.009987588563301064, 0.9900124114366989]]
9214372	[1, [0.00020875640162232312, 0.9997912435983777]]
7941589	[1, [0.002486083189353394, 0.9975139168106466]]
7233236	[1, [0.04938554454365773, 0.9506144554563423]]
7961618	[1, [0.0003951320930540847, 0.9996048679069459]]
61789673	[1, [0.012903270884406681, 0.9870967291155933]]
5760478	[1, [0.0, 1.0]]
76407627	[1, [0.0015711603041870248, 0.998428839695813]]
77809979	[1, [0.0015468239175980836, 0.9984531760824019]]
85965305	[1, [0.00541612611695963, 0.9945838738830404]]
86004163	[1, [0.00039595667567149384, 0.9996040433243285]]
63962773	[1, [4.428897160468903e-05, 0.9999557110283953]]
90056127	[1, [0.0343003890211625, 0.9656996109788375]]
19533861	[1, [0.008800927472775832, 0.9911990725272242]]
80975447	[1, [0.008754260996133967, 0.991245739003866]]
19594644	[1, [0.0044618905164661715, 0.9955381094835338]]
31525254	[1, [0.0005354776983014231, 0.9994645223016986]]
5691559	[1, [0.03103084459208416, 0.9689691554079158]]
55946478	[1, [1.4196220598727827e-05, 0.9999858037794013]]
33806330	[1, [0.0013785528721427243, 0.9986214471278573]]
27874579	[1, [0.0009540674042006758, 0.9990459325957993]]
97165909	[1, [0.005240919308037384, 0.9947590806919626]]
17132837	[1, [0.002522900472781364, 0.9974770995272186]]
76249128	[1, [0.002889063215823384, 0.9971109367841766]]
56872002	[1, [0.005647160564018927, 0.9943528394359811]]
85603345	[1, [2.2001485504241636e-05, 0.9999779985144958]]
5243176	[1, [0.008019545104866688, 0.9919804548951333]]
7628122	[1, [0.00010451214786300067, 0.999895487852137]]
7627117	[1, [0.005028274387985698, 0.9949717256120143]]
5241287	[1, [0.0013107779809501396, 0.9986892220190499]]
6049340	[1, [0.026861835362954944, 0.9731381646370451]]
6049370	[1, [0.03660774753402174, 0.9633922524659783]]
96760974	[1, [0.0016697824576367148, 0.9983302175423633]]
90193357	[1, [0.013638487461853366, 0.9863615125381466]]
14047406	[1, [0.0011355272424287133, 0.9988644727575713]]
68726238	[1, [0.0042993281607469624, 0.995700671839253]]
5357247	[1, [1.938199273854302e-06, 0.9999980618007261]]
7627363	[1, [0.0002870429139799624, 0.99971295708602]]
26986780	[1, [1.4875035784789326e-05, 0.9999851249642152]]
5243150	[1, [0.0016256969822959766, 0.998374303017704]]
5102768	[1, [0.007279594973122583, 0.9927204050268774]]
76307951	[1, [0.012617638342595994, 0.987382361657404]]
35111152	[1, [0.0022637579882268666, 0.9977362420117731]]
5134310	[1, [0.028257190904837026, 0.971742809095163]]
25442016	[1, [3.135556977729159e-06, 0.9999968644430223]]
5301430	[1, [0.0, 1.0]]
5976257	[1, [0.03439621455226227, 0.9656037854477377]]
5984693	[1, [0.0001118812864508989, 0.9998881187135491]]
5301062	[1, [0.026798018307435778, 0.9732019816925642]]
5977632	[1, [0.0020118984662302886, 0.9979881015337697]]
93324686	[1, [3.974099521997232e-05, 0.99996025900478]]
63786671	[1, [0.03921915823397237, 0.9607808417660276]]
6695272	[1, [4.770644121965262e-07, 0.9999995229355878]]
67838479	[1, [0.0007826539592008519, 0.9992173460407991]]
59787791	[1, [0.01793281739815522, 0.9820671826018448]]
5101946	[1, [0.0005617506915157611, 0.9994382493084842]]
5139049	[1, [5.870705199861881e-06, 0.9999941292948001]]
5102771	[1, [0.0049521898449320645, 0.9950478101550679]]
5979678	[1, [3.3415760734012423e-06, 0.9999966584239266]]
5112152	[1, [4.891908893722707e-05, 0.9999510809110628]]
88140036	[1, [0.031091198272571452, 0.9689088017274285]]
7114382	[1, [0.01790713255216214, 0.9820928674478379]]
5339931	[1, [0.0034261771227883653, 0.9965738228772116]]
9234942	[1, [0.000325598395611415, 0.9996744016043886]]
38579915	[1, [0.0005237224426056786, 0.9994762775573943]]
7644790	[1, [9.955623975455019e-05, 0.9999004437602454]]
99261681	[1, [9.11017579017237e-05, 0.9999088982420983]]
56782810	[1, [0.03071720470243433, 0.9692827952975657]]
5575689	[1, [4.431274763350146e-06, 0.9999955687252366]]
6092484	[1, [0.001517730320241495, 0.9984822696797585]]
22792426	[1, [0.010482294738977216, 0.9895177052610228]]
47739974	[1, [0.049700546239637156, 0.9502994537603628]]
62209680	[1, [0.008409905897567294, 0.9915900941024327]]
7158072	[1, [0.018588960718281533, 0.9814110392817185]]
7761285	[1, [0.0009309241328057105, 0.9990690758671943]]
84464806	[1, [0.00407058097050883, 0.9959294190294912]]
18572446	[1, [0.022357540063738246, 0.9776424599362618]]
19790542	[1, [0.00039197134065172, 0.9996080286593483]]
84433926	[1, [0.016882124320677816, 0.9831178756793222]]
7158316	[1, [0.01989038810329935, 0.9801096118967006]]
12888021	[1, [0.0155123195434832, 0.9844876804565168]]
18569960	[1, [0.00014596410266554116, 0.9998540358973345]]
6875162	[1, [1.4986491603252716e-08, 0.9999999850135084]]
45592578	[1, [0.031166937863557287, 0.9688330621364427]]
53679387	[1, [7.687778883425089e-05, 0.9999231222111657]]
46201677	[1, [0.005435865158080366, 0.9945641348419196]]
33157417	[1, [0.04410654578260864, 0.9558934542173914]]
7204152	[1, [0.010936428795743192, 0.9890635712042568]]
53688119	[1, [0.007117569917505673, 0.9928824300824943]]
38925949	[1, [0.0019333377582818612, 0.9980666622417181]]
29856833	[1, [0.0003641257587574387, 0.9996358742412426]]
44102288	[1, [0.008470150722090009, 0.99152984927791]]
68337904	[1, [0.024319840954849736, 0.9756801590451503]]
82681572	[1, [0.00020450760053070116, 0.9997954923994693]]
80666612	[1, [0.000326678634981481, 0.9996733213650185]]
59252743	[1, [0.0016686231967270038, 0.998331376803273]]
6943087	[1, [0.04852704936836394, 0.9514729506316361]]
16117572	[1, [7.047364922929678e-05, 0.9999295263507707]]
82679723	[1, [0.040302271287628755, 0.9596977287123712]]
9277912	[1, [0.021364298480531008, 0.978635701519469]]
81750305	[1, [0.0040189431220557514, 0.9959810568779442]]
85051155	[1, [0.022958959944953228, 0.9770410400550468]]
98371646	[1, [0.007301716624786514, 0.9926982833752135]]
52042363	[1, [0.04421694811397214, 0.9557830518860279]]
44143814	[1, [0.007745679814520234, 0.9922543201854798]]
51879506	[1, [0.0017452727614281072, 0.9982547272385719]]
41249151	[1, [0.0063287959041982145, 0.9936712040958018]]
93121817	[1, [7.037943939935953e-05, 0.9999296205606006]]
44733647	[1, [2.298188879312768e-06, 0.9999977018111207]]
50188243	[1, [0.029056254970946882, 0.9709437450290531]]
5622304	[1, [4.3094257180298357e-05, 0.9999569057428197]]
44736642	[1, [2.8232378107118095e-05, 0.9999717676218929]]
9111520	[1, [0.0008438495038007865, 0.9991561504961992]]
5623194	[1, [0.0371680147038439, 0.9628319852961561]]
7556891	[1, [3.0848921110160354e-05, 0.9999691510788898]]
68411747	[1, [0.0066255209925750735, 0.9933744790074249]]
16242653	[1, [0.00030060189715241936, 0.9996993981028476]]
9112107	[1, [4.372312484735019e-06, 0.9999956276875153]]
9111446	[1, [2.1639272783646746e-06, 0.9999978360727216]]
6704384	[1, [1.5536892760126264e-06, 0.999998446310724]]
98880403	[1, [3.861176177000214e-05, 0.99996138823823]]
21431872	[1, [0.001037900355670307, 0.9989620996443297]]
98909180	[1, [0.005226266952117253, 0.9947737330478827]]
9268508	[1, [0.023577350683518405, 0.9764226493164816]]
82434062	[1, [6.909480903316556e-06, 0.9999930905190967]]
51900735	[1, [0.0007195894545767301, 0.9992804105454233]]
77431453	[1, [0.041412117975560214, 0.9585878820244398]]
36243058	[1, [0.028480933410114817, 0.9715190665898852]]
91189882	[1, [0.0003669735577819244, 0.9996330264422181]]
5556863	[1, [0.0004477049805511335, 0.9995522950194489]]
18611436	[1, [0.005859056543472851, 0.9941409434565271]]
86532488	[1, [0.0002424473099794655, 0.9997575526900205]]
77507690	[1, [0.020702462985249692, 0.9792975370147503]]
64221132	[1, [0.025849126586134252, 0.9741508734138657]]
67002919	[1, [0.023682909764932814, 0.9763170902350672]]
77510421	[1, [0.016570306085339048, 0.983429693914661]]
77546349	[1, [0.0003402227150871573, 0.9996597772849128]]
27290965	[1, [0.005098286613511638, 0.9949017133864884]]
64163583	[1, [0.0007726622347953294, 0.9992273377652047]]
18608064	[1, [3.0694284154475504e-05, 0.9999693057158455]]
28236812	[1, [0.008511635531116668, 0.9914883644688833]]
5405462	[1, [0.0001503483795350924, 0.9998496516204649]]
5405464	[1, [0.0005171194393427392, 0.9994828805606573]]
9254791	[1, [8.90668626789548e-05, 0.999910933137321]]
6040097	[1, [4.538688402733193e-05, 0.9999546131159727]]
55483589	[1, [0.0011678181048702108, 0.9988321818951298]]
12656578	[1, [0.0019915720998329167, 0.9980084279001671]]
6379823	[1, [8.906587301016344e-08, 0.999999910934127]]
7746765	[1, [0.0007282667045702684, 0.9992717332954297]]
69179282	[1, [0.0005897282411769789, 0.999410271758823]]
83582918	[1, [0.046757591004950694, 0.9532424089950493]]
83588981	[1, [0.0027944415318571503, 0.9972055584681428]]
6381947	[1, [3.610889365290859e-12, 0.9999999999963891]]
88281264	[1, [0.03306636347354874, 0.9669336365264513]]
82527574	[1, [0.004234346084903806, 0.9957656539150962]]
82570896	[1, [0.003757058268885727, 0.9962429417311143]]
28619207	[1, [0.017664841945943532, 0.9823351580540565]]
83304145	[1, [0.00018574117569303272, 0.999814258824307]]
83963824	[1, [0.02493231513042593, 0.9750676848695741]]
82547359	[1, [0.04355232359722605, 0.956447676402774]]
7770177	[1, [0.011338911260489914, 0.9886610887395101]]
83559742	[1, [0.01569006595643918, 0.9843099340435608]]
57381318	[1, [0.002876861469742975, 0.997123138530257]]
62765577	[1, [0.027720544287867854, 0.9722794557121321]]
58470178	[1, [0.0016031521299981755, 0.9983968478700018]]
99419520	[1, [0.011880811528896196, 0.9881191884711038]]
48364338	[1, [1.2716626520470342e-05, 0.9999872833734795]]
21716962	[1, [0.04175428026051353, 0.9582457197394865]]
47315240	[1, [0.04618878986553476, 0.9538112101344652]]
72046214	[1, [0.02010941893271101, 0.979890581067289]]
63651940	[1, [2.9104220188203023e-05, 0.9999708957798118]]
55769638	[1, [0.0059277979910316025, 0.9940722020089684]]
22522848	[1, [0.01925291282077146, 0.9807470871792285]]
6708715	[1, [2.4965257604536717e-06, 0.9999975034742395]]
70393559	[1, [2.2597107376731707e-05, 0.9999774028926233]]
57344979	[1, [0.02057120214413577, 0.9794287978558642]]
47300914	[1, [0.0001035962023733239, 0.9998964037976267]]
99422424	[1, [0.0005236319403090217, 0.999476368059691]]
75607530	[1, [0.00016827457742196739, 0.999831725422578]]
70419872	[1, [0.012561925397335139, 0.9874380746026649]]
70415641	[1, [0.002310074106646076, 0.9976899258933539]]
67400065	[1, [0.00023971822153223687, 0.9997602817784678]]
85172915	[1, [0.009328622075699067, 0.9906713779243009]]
46871159	[1, [0.007647833989267716, 0.9923521660107323]]
6711482	[1, [7.194104028052095e-07, 0.9999992805895972]]
32766384	[1, [0.0026648879554117544, 0.9973351120445882]]
7545601	[1, [0.0007746786004253492, 0.9992253213995747]]
78999363	[1, [7.5980641572881424e-06, 0.9999924019358427]]
5343130	[1, [0.0002559475586667581, 0.9997440524413332]]
40707591	[1, [0.0036183012304645823, 0.9963816987695354]]
48643317	[1, [0.019160037400493768, 0.9808399625995062]]
10775905	[1, [0.006848211643081581, 0.9931517883569184]]
22047566	[1, [0.013312903695612999, 0.986687096304387]]
10871684	[1, [0.0006261577862878287, 0.9993738422137122]]
10908289	[1, [0.018434987100080513, 0.9815650128999195]]
79027946	[1, [0.0006335680777885822, 0.9993664319222114]]
5571703	[1, [0.0028105045579749355, 0.9971894954420251]]
89950290	[1, [0.002952467691638483, 0.9970475323083615]]
40747942	[1, [0.0003850932876398039, 0.9996149067123602]]
32808528	[1, [9.540684132058885e-05, 0.9999045931586794]]
90008629	[1, [0.026073188580598594, 0.9739268114194014]]
22035385	[1, [3.72895144762353e-08, 0.9999999627104855]]
97961691	[1, [0.0493686149940924, 0.9506313850059076]]
35011470	[1, [0.02218177590702164, 0.9778182240929784]]
85761355	[1, [0.0037230589643674206, 0.9962769410356326]]
87052776	[1, [0.00023641221271153423, 0.9997635877872885]]
63495355	[1, [0.0017805078769366212, 0.9982194921230634]]
12269685	[1, [0.014234306464385393, 0.9857656935356146]]
40597447	[1, [0.003464096804532746, 0.9965359031954673]]
5156624	[1, [0.014592749396309945, 0.98540725060369]]
9041802	[1, [0.011194847281640996, 0.988805152718359]]
62685138	[1, [0.012893686146314032, 0.987106313853686]]
45868414	[1, [0.00021715192696791785, 0.9997828480730321]]
95807915	[1, [0.022706723356823333, 0.9772932766431767]]
59643656	[1, [0.017576666829113075, 0.9824233331708869]]
54103961	[1, [0.0017362784474465043, 0.9982637215525535]]
92110356	[1, [0.0014255327080336944, 0.9985744672919663]]
5313488	[1, [0.0469088907259142, 0.9530911092740858]]
57490984	[1, [0.0015431690891005712, 0.9984568309108994]]
6373421	[1, [4.378359352852357e-08, 0.9999999562164065]]
9288052	[1, [0.0014079335018811756, 0.9985920664981188]]
9244132	[1, [0.007443140872927079, 0.9925568591270729]]
93637981	[1, [0.000625976058212796, 0.9993740239417872]]
42974168	[1, [0.001072462980795219, 0.9989275370192048]]
5100013	[1, [3.4730123776860466e-08, 0.9999999652698762]]
6371691	[1, [1.312283615106935e-13, 0.9999999999998688]]
11285958	[1, [0.016389913195709482, 0.9836100868042905]]
42970116	[1, [0.01925291282077146, 0.9807470871792285]]
73978777	[1, [0.00552374402807887, 0.9944762559719211]]
5100004	[1, [2.0067181916161303e-08, 0.9999999799328181]]
5100466	[1, [0.009321241869499453, 0.9906787581305005]]
10343942	[1, [0.00838925745854946, 0.9916107425414505]]
5915073	[1, [0.0011381132349893575, 0.9988618867650106]]
9145793	[1, [0.02632874866183943, 0.9736712513381606]]
10837030	[1, [2.7959778088559872e-05, 0.9999720402219114]]
5705088	[1, [0.02739670056516519, 0.9726032994348348]]
72611379	[1, [1.7246025607597915e-06, 0.9999982753974392]]
7821144	[1, [0.010135093331769096, 0.9898649066682309]]
9317279	[1, [0.007804027021199422, 0.9921959729788006]]
75357511	[1, [0.000255441778243104, 0.9997445582217569]]
5914936	[1, [0.015971126243577882, 0.9840288737564221]]
86610957	[1, [0.02904316540489249, 0.9709568345951075]]
9230886	[1, [0.0006603435503189647, 0.999339656449681]]
95135076	[1, [0.008511635531116668, 0.9914883644688833]]
34260094	[1, [5.085230428270027e-05, 0.9999491476957173]]
5914991	[1, [0.007674490357342578, 0.9923255096426574]]
6747319	[1, [2.1639272783646746e-06, 0.9999978360727216]]
9231273	[1, [0.02513575945838764, 0.9748642405416124]]
10834688	[1, [0.0027099064934645867, 0.9972900935065354]]
7630303	[1, [0.0015449076186058175, 0.9984550923813942]]
51381295	[1, [0.00030924751964422903, 0.9996907524803558]]
9207295	[1, [0.014408897573714774, 0.9855911024262852]]
6747160	[1, [1.2099381854202562e-06, 0.9999987900618146]]
7629459	[1, [1.1851586934064073e-08, 0.9999999881484131]]
40103015	[1, [0.00023436883305805178, 0.999765631166942]]
40830480	[1, [0.010644838935641276, 0.9893551610643587]]
70774454	[1, [0.00859282302603237, 0.9914071769739676]]
6854470	[1, [5.713340569535319e-07, 0.999999428665943]]
74677652	[1, [0.010629133801475343, 0.9893708661985247]]
6600830	[1, [0.049110533348088126, 0.9508894666519119]]
7651530	[1, [0.00025906480992876624, 0.9997409351900712]]
20456345	[1, [0.03659252476835895, 0.963407475231641]]
53301723	[1, [0.0005940464555423963, 0.9994059535444576]]
20476491	[1, [0.005896385776754665, 0.9941036142232453]]
59154349	[1, [0.03278341326505296, 0.967216586734947]]
95975428	[1, [0.003755128607465963, 0.996244871392534]]
11795268	[1, [0.006749737133765699, 0.9932502628662343]]
12935408	[1, [0.0003517416157631237, 0.9996482583842369]]
95708182	[1, [1.846277742911795e-07, 0.9999998153722257]]
88933884	[1, [0.00019590102853517255, 0.9998040989714648]]
12924617	[1, [0.04499691186715493, 0.9550030881328451]]
81636028	[1, [0.033590328286513205, 0.9664096717134868]]
90654363	[1, [0.00016055443827922566, 0.9998394455617208]]
80381128	[1, [0.002585731720621154, 0.9974142682793788]]
15403763	[1, [0.0015494388934303993, 0.9984505611065696]]
9109391	[1, [0.02032412899975411, 0.9796758710002459]]
81625882	[1, [0.009023268599276268, 0.9909767314007237]]
9109461	[1, [0.01609521074274911, 0.9839047892572509]]
43315820	[1, [0.0004132411279755832, 0.9995867588720244]]
6088113	[1, [0.012416575036289568, 0.9875834249637104]]
5587987	[1, [1.792970738256905e-05, 0.9999820702926174]]
88951905	[1, [0.00790153978771524, 0.9920984602122848]]
38304015	[1, [0.0006015052280150535, 0.999398494771985]]
28143106	[1, [0.00031190137459191636, 0.9996880986254081]]
91123583	[1, [0.003418258307906652, 0.9965817416920933]]
43166924	[1, [1.305965100506512e-07, 0.99999986940349]]
26678003	[1, [0.028237720273382116, 0.9717622797266179]]
99900381	[1, [3.692962393664345e-07, 0.9999996307037606]]
37356368	[1, [0.0021268343279168267, 0.9978731656720832]]
56179261	[1, [0.015442743115278934, 0.9845572568847211]]
55729119	[1, [1.3574574854069432e-05, 0.9999864254251459]]
87655030	[1, [0.0027643201043761056, 0.9972356798956239]]
56159579	[1, [0.0008613040786424886, 0.9991386959213575]]
70863196	[1, [0.00046276399182842987, 0.9995372360081716]]
26103136	[1, [0.039247487404230674, 0.9607525125957693]]
69097597	[1, [3.769083174454124e-07, 0.9999996230916826]]
55670279	[1, [0.000181832558938666, 0.9998181674410613]]
9266800	[1, [5.647832892341498e-05, 0.9999435216710766]]
7004733	[1, [2.0653256882496862e-11, 0.9999999999793467]]
23230942	[1, [0.026421868547813143, 0.9735781314521869]]
6871427	[1, [0.031253114757022304, 0.9687468852429777]]
31153802	[1, [7.824779117182601e-05, 0.9999217522088282]]
36932310	[1, [0.03740525583481091, 0.9625947441651891]]
34678865	[1, [0.0021714290481162912, 0.9978285709518837]]
16892107	[1, [0.028661636605199603, 0.9713383633948004]]
23693262	[1, [6.0540922546370446e-05, 0.9999394590774536]]
54715757	[1, [0.0013058831499928036, 0.9986941168500072]]
7112040	[1, [0.0019655473647864907, 0.9980344526352135]]
31994245	[1, [0.0034165960144193486, 0.9965834039855807]]
32540524	[1, [1.3853402907049173e-06, 0.9999986146597093]]
54165464	[1, [0.016243269267454785, 0.9837567307325452]]
53762811	[1, [0.013918915241204699, 0.9860810847587953]]
79526071	[1, [0.045745012288714526, 0.9542549877112855]]
30569419	[1, [2.0397199484989414e-08, 0.9999999796028005]]
70039929	[1, [0.033098664106945064, 0.9669013358930549]]
9103008	[1, [0.003453968878855296, 0.9965460311211447]]
7905292	[1, [5.832188366472479e-06, 0.9999941678116335]]
43706024	[1, [0.0015347301135124614, 0.9984652698864875]]
14351832	[1, [0.023892272212977184, 0.9761077277870228]]
79808211	[1, [5.060980182713948e-07, 0.9999994939019817]]
79873149	[1, [2.8404372445889337e-05, 0.9999715956275541]]
21541974	[1, [0.001561721890472434, 0.9984382781095276]]
30573273	[1, [0.03861886569433137, 0.9613811343056686]]
16955694	[1, [0.0008016047545033045, 0.9991983952454967]]
9112935	[1, [0.032835132384370636, 0.9671648676156294]]
15879951	[1, [0.001807953105938176, 0.9981920468940618]]
32299537	[1, [0.0014896569552800276, 0.99851034304472]]
7965108	[1, [0.026337738664897747, 0.9736622613351023]]
16407315	[1, [0.0003033863641663803, 0.9996966136358336]]
9136252	[1, [0.004711754222691433, 0.9952882457773086]]
7661021	[1, [0.022665681744919453, 0.9773343182550805]]
16403016	[1, [0.0006083079105642097, 0.9993916920894358]]
7956419	[1, [0.0003951320930540847, 0.9996048679069459]]
98666033	[1, [0.004421597746810724, 0.9955784022531893]]
25468776	[1, [0.0034757619781812243, 0.9965242380218188]]
12243114	[1, [0.04056644451686686, 0.9594335554831331]]
72431799	[1, [0.001559064804616761, 0.9984409351953832]]
64669957	[1, [0.023066055653257145, 0.9769339443467429]]
5877791	[1, [0.0003006523198983979, 0.9996993476801016]]
52943013	[1, [8.103669849524042e-05, 0.9999189633015048]]
16695488	[1, [0.0019206965341710402, 0.998079303465829]]
21282845	[1, [0.006591498294256093, 0.9934085017057439]]
57731068	[1, [0.0020341224107721656, 0.9979658775892278]]
7848831	[1, [0.002598897561070901, 0.9974011024389291]]
6982943	[1, [2.2884127814926103e-08, 0.9999999771158722]]
19988569	[1, [0.04803910696156244, 0.9519608930384376]]
42281073	[1, [0.016123236115321626, 0.9838767638846784]]
61392920	[1, [0.029031223930253924, 0.9709687760697461]]
60758770	[1, [0.04681912981898895, 0.953180870181011]]
99063780	[1, [0.012431881255359434, 0.9875681187446406]]
16765405	[1, [0.0010888470186751764, 0.9989111529813248]]
97562342	[1, [0.000782925516744637, 0.9992170744832554]]
60736357	[1, [0.001145014127145183, 0.9988549858728548]]
6554749	[1, [0.00977771390467419, 0.9902222860953258]]
89520877	[1, [0.0010669158277112345, 0.9989330841722888]]
99045548	[1, [0.0417130481468968, 0.9582869518531032]]
33599705	[1, [0.01652618446699583, 0.9834738155330042]]
51521615	[1, [0.01189242999802309, 0.9881075700019769]]
6551916	[1, [0.0, 1.0]]
6984931	[1, [0.03202829249829131, 0.9679717075017087]]
20786270	[1, [0.0013344218464307334, 0.9986655781535693]]
14701221	[1, [5.882642874821542e-06, 0.9999941173571252]]
77056582	[1, [0.004932162644050275, 0.9950678373559497]]
73636815	[1, [0.002559456463837706, 0.9974405435361623]]
66045771	[1, [0.0031477206821359793, 0.996852279317864]]
78084796	[1, [0.0004315219152082328, 0.9995684780847918]]
6633849	[1, [2.3491681366838435e-07, 0.9999997650831863]]
40528624	[1, [0.016237376050561636, 0.9837626239494384]]
39526625	[1, [0.00019404620077734247, 0.9998059537992227]]
66799777	[1, [0.020140389885389798, 0.9798596101146102]]
5308840	[1, [0.0, 1.0]]
40519863	[1, [0.03234703648627424, 0.9676529635137258]]
5310352	[1, [8.215650382226158e-15, 0.9999999999999918]]
40487504	[1, [0.026438488275678407, 0.9735615117243216]]
14701612	[1, [0.00918043641989097, 0.990819563580109]]
5958965	[1, [4.902397027883865e-06, 0.9999950976029721]]
14725357	[1, [0.002081805906368306, 0.9979181940936317]]
59355252	[1, [0.0064229207344925765, 0.9935770792655074]]
5309316	[1, [0.0, 1.0]]
24213869	[1, [0.019060533825668635, 0.9809394661743314]]
6375479	[1, [1.8666736312233922e-07, 0.9999998133326369]]
44884798	[1, [0.0264960869611508, 0.9735039130388492]]
84574928	[1, [0.010294826071561514, 0.9897051739284385]]
78794416	[1, [0.00023812740173412283, 0.9997618725982659]]
6376599	[1, [1.004920202607451e-08, 0.999999989950798]]
5190620	[1, [1.4632739464559563e-13, 0.9999999999998537]]
27769854	[1, [0.0006212491254835584, 0.9993787508745164]]
34350877	[1, [0.0077363009485545975, 0.9922636990514454]]
7639006	[1, [1.806042389707052e-05, 0.9999819395761029]]
50389228	[1, [0.014592293572389226, 0.9854077064276108]]
85442257	[1, [0.0013344218464307334, 0.9986655781535693]]
44867404	[1, [0.018360759679778793, 0.9816392403202212]]
7639320	[1, [1.292437965094706e-06, 0.9999987075620349]]
6697335	[1, [6.068353256560854e-07, 0.9999993931646743]]
49088550	[1, [0.022799105188255564, 0.9772008948117444]]
6377886	[1, [5.2446935683292395e-12, 0.9999999999947553]]
63365116	[1, [0.0004855176172398057, 0.9995144823827602]]
50451279	[1, [0.00583200240171422, 0.9941679975982858]]
30034810	[1, [0.0060372009412335, 0.9939627990587665]]
84521099	[1, [0.0004552313315742129, 0.9995447686684258]]
82145957	[1, [0.0008924293932199845, 0.99910757060678]]
80313512	[1, [0.024499619329283462, 0.9755003806707165]]
84004691	[1, [0.00015476273586934042, 0.9998452372641307]]
80302551	[1, [0.03220030540496588, 0.9677996945950341]]
83988479	[1, [0.012566997093481969, 0.987433002906518]]
47586431	[1, [0.02806784924571848, 0.9719321507542815]]
96575892	[1, [0.0036763749651713695, 0.9963236250348286]]
5473456	[1, [0.029353766378327206, 0.9706462336216728]]
6727454	[1, [1.1096581605807287e-06, 0.9999988903418394]]
38065173	[1, [0.029378601414670746, 0.9706213985853293]]
6958866	[1, [5.993051580444053e-06, 0.9999940069484196]]
9346094	[1, [0.0001551746263785958, 0.9998448253736214]]
12769796	[1, [0.0030874926425419336, 0.9969125073574581]]
97449810	[1, [0.0014185863737149473, 0.998581413626285]]
11097251	[1, [0.027943677954603174, 0.9720563220453968]]
46055340	[1, [0.013526150246685797, 0.9864738497533142]]
90969383	[1, [0.018152044608996887, 0.9818479553910031]]
62095484	[1, [0.013658697978545797, 0.9863413020214542]]
11615554	[1, [0.003307310294264454, 0.9966926897057355]]
11070407	[1, [3.4019190249701126e-05, 0.9999659808097503]]
86843844	[1, [0.015313864467427551, 0.9846861355325724]]
84390474	[1, [0.0002422305220377563, 0.9997577694779622]]
9346095	[1, [0.00024278515339659634, 0.9997572148466034]]
90928789	[1, [0.037235146361764615, 0.9627648536382354]]
99156226	[1, [0.00015928789485553096, 0.9998407121051445]]
9346041	[1, [0.032257397779843155, 0.9677426022201568]]
62046669	[1, [1.1483967279901641e-05, 0.9999885160327201]]
90927186	[1, [0.0019686865581478585, 0.9980313134418521]]
5709642	[1, [0.0, 1.0]]
78342828	[1, [0.02980877790427383, 0.9701912220957262]]
26474241	[1, [0.03802298832948192, 0.9619770116705181]]
73470111	[1, [0.00029085352536140086, 0.9997091464746386]]
94864367	[1, [0.0007748004984324819, 0.9992251995015675]]
32195033	[1, [0.002695115754030919, 0.9973048842459691]]
6047151	[1, [0.04051004439061223, 0.9594899556093878]]
9313557	[1, [0.0024615703524063504, 0.9975384296475936]]
26476550	[1, [0.027535473853992798, 0.9724645261460072]]
5214086	[1, [1.336016045905275e-06, 0.9999986639839541]]
7631543	[1, [0.0005320598159375134, 0.9994679401840625]]
7634274	[1, [4.630202728561628e-06, 0.9999953697972714]]
12981749	[1, [0.021072314637428202, 0.9789276853625718]]
5492077	[1, [4.58984777296223e-07, 0.9999995410152227]]
58673778	[1, [5.929340552990325e-07, 0.9999994070659447]]
93455513	[1, [0.002847791867838234, 0.9971522081321618]]
12982416	[1, [5.655646028079886e-05, 0.9999434435397192]]
12975992	[1, [0.00181812451548502, 0.998181875484515]]
74107628	[1, [0.0009315325757507376, 0.9990684674242493]]
74136894	[1, [0.002883088338398565, 0.9971169116616014]]
6974923	[1, [7.993644014492318e-07, 0.9999992006355986]]
7631574	[1, [1.9521403956668237e-06, 0.9999980478596043]]
6749773	[1, [3.7284970200168743e-07, 0.999999627150298]]
7633218	[1, [1.5649525017202848e-05, 0.9999843504749828]]
5487343	[1, [3.740751225722594e-05, 0.9999625924877428]]
72983042	[1, [0.03334473038286068, 0.9666552696171393]]
5488116	[1, [0.001128273113123135, 0.9988717268868769]]
6618714	[1, [2.761179073162978e-07, 0.9999997238820927]]
92180382	[1, [0.012381161190992862, 0.9876188388090071]]
7724516	[1, [4.952562477211764e-05, 0.9999504743752279]]
7193761	[1, [1.3713071591592296e-06, 0.9999986286928408]]
49100033	[1, [0.0011802055861356298, 0.9988197944138644]]
6011802	[1, [2.2315482794965646e-13, 0.9999999999997768]]
71687385	[1, [0.01715867528334669, 0.9828413247166533]]
56760587	[1, [0.00013216326513343368, 0.9998678367348666]]
7982943	[1, [0.0004974010291787234, 0.9995025989708213]]
87903257	[1, [0.013714556947893364, 0.9862854430521066]]
84168016	[1, [0.0005469660976401558, 0.9994530339023598]]
5219818	[1, [0.013720462423770452, 0.9862795375762295]]
5219044	[1, [0.0003620910950348222, 0.9996379089049652]]
6717415	[1, [2.157774717792549e-06, 0.9999978422252822]]
33729693	[1, [0.013329287992744132, 0.9866707120072559]]
44311448	[1, [7.048580454216413e-05, 0.9999295141954578]]
26223768	[1, [0.01830922157496162, 0.9816907784250384]]
87939770	[1, [0.0026646276616622, 0.9973353723383378]]
81688180	[1, [0.0039019952241110545, 0.996098004775889]]
6718482	[1, [5.541565530564618e-06, 0.9999944584344694]]
20545690	[1, [0.004815045543451024, 0.995184954456549]]
73231665	[1, [0.01925291282077146, 0.9807470871792285]]
26183972	[1, [1.5934074948376065e-08, 0.999999984065925]]
26189125	[1, [0.009023268599276268, 0.9909767314007237]]
40051968	[1, [0.022357366580956328, 0.9776426334190437]]
74762372	[1, [0.0005455076011743332, 0.9994544923988257]]
75613375	[1, [0.02108152651418005, 0.97891847348582]]
76103667	[1, [0.04826790351990251, 0.9517320964800975]]
78539324	[1, [0.023090379421399576, 0.9769096205786004]]
30216383	[1, [0.02945386061086097, 0.970546139389139]]
72182299	[1, [0.0002480201474125421, 0.9997519798525875]]
12737183	[1, [9.210536479065112e-07, 0.9999990789463521]]
9274417	[1, [0.006449775036726169, 0.9935502249632738]]
78302793	[1, [0.02008896550085093, 0.9799110344991491]]
79286437	[1, [0.0055768754761129635, 0.994423124523887]]
30222733	[1, [0.0005359023209856595, 0.9994640976790143]]
6990898	[1, [0.003323052878718258, 0.9966769471212817]]
7710891	[1, [6.038535411367896e-05, 0.9999396146458863]]
37270350	[1, [0.00017074242202141932, 0.9998292575779786]]
61240004	[1, [0.02620156398846929, 0.9737984360115307]]
7712706	[1, [3.3875300342600667e-09, 0.99999999661247]]
15087214	[1, [0.0007919826032197763, 0.9992080173967802]]
15130050	[1, [0.008298398679802976, 0.991701601320197]]
5170033	[1, [0.0001503483795350924, 0.9998496516204649]]
7713190	[1, [6.94026938830028e-06, 0.9999930597306117]]
5933804	[1, [0.015572345698960044, 0.98442765430104]]
82991784	[1, [0.002255880629497109, 0.9977441193705029]]
7708642	[1, [9.459100169806334e-14, 0.9999999999999054]]
7714080	[1, [0.011182038827143859, 0.9888179611728561]]
6957198	[1, [0.0024347507318857042, 0.9975652492681143]]
15091515	[1, [0.00039343281453485535, 0.9996065671854651]]
6958221	[1, [0.04657097944570032, 0.9534290205542997]]
7852715	[1, [0.0015021079332248055, 0.9984978920667752]]
89034901	[1, [0.006756828825901562, 0.9932431711740984]]
7712670	[1, [3.3875300342600667e-09, 0.99999999661247]]
71389082	[1, [0.009366254909334737, 0.9906337450906653]]
6957421	[1, [2.1070037806714126e-06, 0.9999978929962193]]
6955271	[1, [0.02491248956165415, 0.9750875104383459]]
5169043	[1, [0.0016833646701817084, 0.9983166353298183]]
9301129	[1, [2.0119442573407476e-05, 0.9999798805574266]]
30134346	[1, [0.003025332562513139, 0.9969746674374869]]
84295412	[1, [0.002319020313270692, 0.9976809796867293]]
5180222	[1, [0.0, 1.0]]
18475161	[1, [0.0404454625235251, 0.9595545374764749]]
92665471	[1, [0.041412117975560214, 0.9585878820244398]]
64459799	[1, [5.286819441063795e-05, 0.9999471318055894]]
75260075	[1, [0.0023757327339702927, 0.9976242672660297]]
30154432	[1, [0.0328447376117319, 0.9671552623882681]]
49365748	[1, [0.0005169132639475382, 0.9994830867360525]]
77391580	[1, [0.0001989118565638437, 0.9998010881434362]]
5180460	[1, [9.98571385246727e-07, 0.9999990014286148]]
7639736	[1, [2.878659568494868e-06, 0.9999971213404315]]
5176984	[1, [0.0008181147891859197, 0.9991818852108141]]
64499151	[1, [0.0006691351231727927, 0.9993308648768272]]
34051428	[1, [0.003427393634280018, 0.99657260636572]]
56613939	[1, [0.03465081957246463, 0.9653491804275354]]
7640643	[1, [7.049005823489551e-11, 0.9999999999295099]]
5181204	[1, [1.136418281699747e-08, 0.9999999886358172]]
10085975	[1, [0.00015949171920814909, 0.9998405082807919]]
69772539	[1, [0.017343249136076544, 0.9826567508639235]]
96836040	[1, [0.00587563245045053, 0.9941243675495495]]
54833394	[1, [0.0014501879930421957, 0.9985498120069578]]
60999127	[1, [0.000784987929197345, 0.9992150120708027]]
6431970	[1, [2.1984213029568878e-05, 0.9999780157869704]]
7879094	[1, [1.0642327641363636e-07, 0.9999998935767236]]
5482377	[1, [0.0, 1.0]]
5480656	[1, [0.04134014885780024, 0.9586598511421998]]
49396881	[1, [0.04269607581724, 0.95730392418276]]
78690913	[1, [0.014958376447093968, 0.985041623552906]]
24368027	[1, [0.030483917818053263, 0.9695160821819467]]
42458484	[1, [0.011948119599509144, 0.9880518804004909]]
7012113	[1, [2.52133269817989e-09, 0.9999999974786673]]
7013227	[1, [8.012485742758813e-05, 0.9999198751425724]]
54831573	[1, [0.005159248939636596, 0.9948407510603634]]
16573306	[1, [0.011018671367606703, 0.9889813286323933]]
6980004	[1, [6.305715235521703e-07, 0.9999993694284764]]
6764266	[1, [2.408204714643425e-06, 0.9999975917952854]]
73714210	[1, [0.0006395967830559179, 0.9993604032169441]]
57680304	[1, [0.012031179140964077, 0.9879688208590359]]
73738774	[1, [0.0026352434636121025, 0.9973647565363879]]
57618578	[1, [0.0007649335021017167, 0.9992350664978983]]
28038593	[1, [0.021573532322233913, 0.9784264676777661]]
5963982	[1, [0.00013652216498405423, 0.999863477835016]]
9227071	[1, [0.0008701994655252454, 0.9991298005344748]]
50746233	[1, [0.0003573798441995901, 0.9996426201558004]]
7707500	[1, [5.936426303199127e-06, 0.9999940635736968]]
41105330	[1, [0.04200217314815102, 0.957997826851849]]
72508471	[1, [6.1809627170617e-05, 0.9999381903728294]]
5771903	[1, [9.103828801926284e-15, 0.9999999999999909]]
45228746	[1, [1.4737791813601575e-06, 0.9999985262208186]]
7508584	[1, [1.6086668653492175e-05, 0.9999839133313465]]
7511376	[1, [0.003028796842696524, 0.9969712031573035]]
7706642	[1, [0.0029663186691534227, 0.9970336813308466]]
90765829	[1, [1.7714327054996204e-05, 0.999982285672945]]
7706240	[1, [3.9927328110422877e-10, 0.9999999996007267]]
28100414	[1, [0.0002994340752687785, 0.9997005659247312]]
31848343	[1, [0.00023600511735422103, 0.9997639948826458]]
17592342	[1, [0.004906997767366805, 0.9950930022326332]]
35793442	[1, [6.583197764697957e-09, 0.9999999934168022]]
47127200	[1, [0.0002967155352160411, 0.999703284464784]]
53210797	[1, [0.014535285858545799, 0.9854647141414542]]
20940494	[1, [0.0005151182607097127, 0.9994848817392903]]
65199590	[1, [0.0009272674504493539, 0.9990727325495506]]
53188438	[1, [0.014692790833324643, 0.9853072091666754]]
57046711	[1, [0.029996580275059692, 0.9700034197249403]]
73298131	[1, [0.00011409571485088144, 0.9998859042851491]]
6209653	[1, [0.0003462341608593267, 0.9996537658391407]]
59874873	[1, [0.03154493361920374, 0.9684550663807963]]
53180300	[1, [0.0019158967472426847, 0.9980841032527573]]
43262538	[1, [4.1231700455779396e-05, 0.9999587682995442]]
59880896	[1, [3.094369968847932e-05, 0.9999690563003115]]
76156109	[1, [0.0003448553381083519, 0.9996551446618916]]
31818757	[1, [0.012108532507224767, 0.9878914674927752]]
7121971	[1, [0.0004402884057203016, 0.9995597115942797]]
59935600	[1, [1.5358395123010737e-05, 0.999984641604877]]
5727840	[1, [0.04361150147397819, 0.9563884985260218]]
91719215	[1, [0.00012504731925599977, 0.999874952680744]]
48158596	[1, [3.203205808266496e-05, 0.9999679679419173]]
60840250	[1, [0.0341959715932576, 0.9658040284067424]]
36875253	[1, [0.01642065178312635, 0.9835793482168737]]
26764284	[1, [0.02954179501618892, 0.9704582049838111]]
48181533	[1, [0.039355615326626125, 0.9606443846733739]]
61858946	[1, [0.005594210154577173, 0.9944057898454228]]
5232789	[1, [8.155647268637267e-10, 0.9999999991844353]]
5728111	[1, [0.006184651132029817, 0.9938153488679702]]
5233579	[1, [0.002910565488035588, 0.9970894345119644]]
87511690	[1, [0.011097057459860893, 0.9889029425401391]]
60895251	[1, [0.0009613526743623702, 0.9990386473256376]]
38148362	[1, [0.0023188181495772398, 0.9976811818504228]]
5236142	[1, [0.0, 1.0]]
5236143	[1, [0.0, 1.0]]
7719200	[1, [3.141931159689193e-13, 0.9999999999996858]]
40868820	[1, [0.0226307380445675, 0.9773692619554325]]
95456216	[1, [0.0010177929112166195, 0.9989822070887834]]
12164097	[1, [0.01795601936266522, 0.9820439806373348]]
76464434	[1, [0.0009540674042006758, 0.9990459325957993]]
7451085	[1, [0.003333156272849469, 0.9966668437271505]]
5551371	[1, [3.311790730542441e-07, 0.999999668820927]]
95436961	[1, [0.03151244324604885, 0.9684875567539512]]
43864623	[1, [0.007784063576119271, 0.9922159364238807]]
24350119	[1, [0.0026519016310514454, 0.9973480983689486]]
5652672	[1, [0.018344038678587138, 0.9816559613214129]]
9279898	[1, [0.023577350683518405, 0.9764226493164816]]
70302494	[1, [0.013594095983980314, 0.9864059040160197]]
9237469	[1, [0.01696113134101107, 0.9830388686589889]]
7715104	[1, [5.962380102975118e-07, 0.9999994037619897]]
43830621	[1, [0.019850393625319263, 0.9801496063746807]]
58976129	[1, [0.001678818795442516, 0.9983211812045575]]
7764814	[1, [0.011338911260489914, 0.9886610887395101]]
77600957	[1, [0.020326114378964033, 0.979673885621036]]
9123691	[1, [0.014287748037429826, 0.9857122519625702]]
23626157	[1, [0.030961255116440878, 0.9690387448835591]]
6130561	[1, [0.02645557889606842, 0.9735444211039316]]
58970781	[1, [0.0012463537535022384, 0.9987536462464978]]
9123123	[1, [6.665219075552287e-07, 0.9999993334780924]]
85530087	[1, [0.002594646327103156, 0.9974053536728968]]
30973588	[1, [4.829689276508731e-06, 0.9999951703107235]]
23610557	[1, [0.029027623445267547, 0.9709723765547325]]
66624040	[1, [0.02636369638519287, 0.9736363036148071]]
30890381	[1, [0.006419691868367439, 0.9935803081316326]]
70481165	[1, [1.3926156949839452e-07, 0.9999998607384305]]
38792183	[1, [0.000520771505822748, 0.9994792284941773]]
6895547	[1, [0.04724873458897061, 0.9527512654110294]]
47902319	[1, [0.005770728989321072, 0.9942292710106789]]
5849265	[1, [3.7162782237754044e-05, 0.9999628372177622]]
5849267	[1, [0.006102993878745355, 0.9938970061212546]]
13163500	[1, [0.00269137186084889, 0.9973086281391511]]
99732105	[1, [0.02243319090187257, 0.9775668090981274]]
79587519	[1, [0.0012545652032033283, 0.9987454347967967]]
54852074	[1, [0.0014575519425953365, 0.9985424480574047]]
5561346	[1, [0.018344038678587138, 0.9816559613214129]]
5849576	[1, [0.009750531631192882, 0.9902494683688071]]
77119006	[1, [3.08966056739024e-07, 0.9999996910339433]]
5849577	[1, [0.016840468820219834, 0.9831595311797802]]
99735219	[1, [0.0004428626802519542, 0.999557137319748]]
5849646	[1, [0.005038993952832915, 0.9949610060471671]]
96994276	[1, [0.002804928802382034, 0.997195071197618]]
47934484	[1, [0.02581960977366815, 0.9741803902263318]]
53017243	[1, [0.014750599182920765, 0.9852494008170792]]
77125101	[1, [0.01367314408939202, 0.986326855910608]]
9211573	[1, [0.03178761212690462, 0.9682123878730954]]
9293409	[1, [0.026604644120221677, 0.9733953558797783]]
64880124	[1, [0.034073893963279756, 0.9659261060367202]]
90270294	[1, [0.015839175479565593, 0.9841608245204344]]
90300133	[1, [0.0003821416901991226, 0.9996178583098009]]
50048946	[1, [0.00034121960570476784, 0.9996587803942952]]
7625802	[1, [0.0015859718333190997, 0.9984140281666809]]
67507718	[1, [0.031077508715684377, 0.9689224912843156]]
49997690	[1, [0.02175974403750569, 0.9782402559624943]]
70879374	[1, [6.619870665847127e-05, 0.9999338012933415]]
6633456	[1, [2.2490050222145896e-07, 0.9999997750994978]]
5866391	[1, [0.015581837373528584, 0.9844181626264714]]
42157977	[1, [0.0033633559263208657, 0.9966366440736791]]
16536726	[1, [0.0027404189469605322, 0.9972595810530395]]
6678612	[1, [0.03216830865905207, 0.9678316913409479]]
57175904	[1, [0.012102096868919943, 0.9878979031310801]]
5922019	[1, [0.006977147436489806, 0.9930228525635102]]
83349311	[1, [0.0011694174344064612, 0.9988305825655935]]
23008513	[1, [0.019881595657016526, 0.9801184043429835]]
9074194	[1, [0.00024328860467615065, 0.9997567113953238]]
6113641	[1, [4.6164627676148484e-11, 0.9999999999538354]]
5228972	[1, [0.002047437701925725, 0.9979525622980743]]
78424140	[1, [0.00454167763102864, 0.9954583223689714]]
5231334	[1, [0.000972070368276956, 0.999027929631723]]
82366868	[1, [0.0012979971915909605, 0.998702002808409]]
68160927	[1, [0.0009309526138086, 0.9990690473861914]]
89244367	[1, [0.006174273826428989, 0.993825726173571]]
28683487	[1, [6.569294109393109e-05, 0.9999343070589061]]
79242984	[1, [0.0029070171141076795, 0.9970929828858923]]
6680247	[1, [0.001287969822313495, 0.9987120301776865]]
41634305	[1, [0.03713421459931665, 0.9628657854006833]]
5122156	[1, [0.02845258413917262, 0.9715474158608274]]
42334073	[1, [0.01848924877913105, 0.981510751220869]]
57971298	[1, [0.03214167768085385, 0.9678583223191461]]
94038495	[1, [0.015227544009750127, 0.9847724559902499]]
58605278	[1, [0.00025458667945699176, 0.999745413320543]]
37208091	[1, [0.016389913195709482, 0.9836100868042905]]
60032139	[1, [0.0013719552457694961, 0.9986280447542305]]
81413001	[1, [0.02451828837989456, 0.9754817116201054]]
60093912	[1, [0.001417388924104479, 0.9985826110758955]]
15206131	[1, [0.019259189658544118, 0.9807408103414559]]
6045172	[1, [1.5724042995102216e-05, 0.9999842759570049]]
5133647	[1, [0.03302084930913607, 0.9669791506908639]]
33039215	[1, [9.689792716083279e-05, 0.9999031020728392]]
94012085	[1, [0.0005035759158227293, 0.9994964240841773]]
