7938622	[1, [0.04204340738407131, 0.9579565926159287]]
31475555	[1, [0.02098193036351792, 0.9790180696364821]]
7858888	[1, [0.005944672481259072, 0.9940553275187409]]
65805311	[1, [0.003976113390132041, 0.996023886609868]]
52631075	[1, [0.011781294658572916, 0.9882187053414271]]
70090786	[1, [0.04248105563919902, 0.957518944360801]]
7099503	[1, [0.017431303433016687, 0.9825686965669833]]
23277555	[1, [0.037882715821533464, 0.9621172841784665]]
23279550	[1, [0.007244155561897836, 0.9927558444381022]]
86168426	[1, [0.023100452096499358, 0.9768995479035006]]
6000383	[1, [0.016885173347624516, 0.9831148266523755]]
30751408	[1, [0.005536877974623544, 0.9944631220253765]]
37441592	[1, [0.030203601603103758, 0.9697963983968962]]
6032799	[1, [0.027563432862478754, 0.9724365671375212]]
45184662	[1, [0.0008128124403870007, 0.999187187559613]]
28003889	[1, [0.03852280627939919, 0.9614771937206008]]
47861845	[1, [0.044170821753142464, 0.9558291782468575]]
31896607	[1, [0.0024386216501754987, 0.9975613783498245]]
47858063	[1, [0.015755753805640427, 0.9842442461943596]]
48770656	[1, [0.049452848588732445, 0.9505471514112676]]
24009357	[1, [0.0248432834287452, 0.9751567165712548]]
31904591	[1, [0.04614757091945876, 0.9538524290805412]]
5847606	[1, [0.023989204967419298, 0.9760107950325807]]
47826507	[1, [0.049348349807742276, 0.9506516501922577]]
48168491	[1, [0.03977574311927856, 0.9602242568807214]]
61802759	[1, [0.010671186091157803, 0.9893288139088422]]
60887783	[1, [0.033495084663328734, 0.9665049153366713]]
38246695	[1, [0.03230480467344843, 0.9676951953265516]]
7872819	[1, [0.04524800043731014, 0.9547519995626899]]
98470580	[1, [0.04459166895452449, 0.9554083310454755]]
84990351	[1, [0.02081392714852015, 0.9791860728514798]]
59789710	[1, [0.02004063869931616, 0.9799593613006838]]
57769856	[1, [0.04928961640938112, 0.9507103835906189]]
35093961	[1, [0.026182852984013127, 0.9738171470159869]]
82780286	[1, [0.004161159364423739, 0.9958388406355763]]
23214190	[1, [0.03870596272930604, 0.961294037270694]]
25351657	[1, [0.03457339947942917, 0.9654266005205708]]
13207097	[1, [0.04122414389792306, 0.9587758561020769]]
73434915	[1, [0.0002407169898188677, 0.9997592830101811]]
66508367	[1, [0.02066717646153815, 0.9793328235384618]]
77989618	[1, [0.038825453880783956, 0.961174546119216]]
89903267	[1, [0.006111331899983585, 0.9938886681000164]]
37819476	[1, [0.033625284828374236, 0.9663747151716258]]
77988059	[1, [0.027523363567906634, 0.9724766364320934]]
87697399	[1, [0.020270832665690963, 0.979729167334309]]
51041519	[1, [0.038464953228795395, 0.9615350467712046]]
36035248	[1, [0.013116471763091164, 0.9868835282369088]]
70205474	[1, [0.024940553717601177, 0.9750594462823988]]
73397349	[1, [0.02510694871057828, 0.9748930512894217]]
77027985	[1, [0.032477650290766436, 0.9675223497092336]]
90967651	[1, [0.04575332368893881, 0.9542466763110612]]
7187185	[1, [0.04519458329569548, 0.9548054167043045]]
70816539	[1, [0.04275580042490246, 0.9572441995750975]]
7174855	[1, [0.04242177298276972, 0.9575782270172303]]
84711616	[1, [0.014977751530407701, 0.9850222484695923]]
7963778	[1, [0.0015405854814463105, 0.9984594145185537]]
9103151	[1, [0.030063204676862187, 0.9699367953231378]]
61691016	[1, [0.020590964027918046, 0.979409035972082]]
42806990	[1, [0.04715617054460519, 0.9528438294553948]]
90226034	[1, [0.044732515961384056, 0.9552674840386159]]
7880565	[1, [0.04608813297435532, 0.9539118670256447]]
7882582	[1, [0.022378518700245542, 0.9776214812997545]]
39275561	[1, [0.0075515802024234135, 0.9924484197975766]]
15795555	[1, [0.03006633964255423, 0.9699336603574458]]
86961619	[1, [0.047755865007908294, 0.9522441349920917]]
95636079	[1, [0.029129807049169898, 0.9708701929508301]]
66298718	[1, [0.022622271487713785, 0.9773777285122862]]
45822876	[1, [0.0015603936445119926, 0.998439606355488]]
87057057	[1, [0.02716737543666181, 0.9728326245633382]]
67618492	[1, [0.004320892777333607, 0.9956791072226664]]
66352346	[1, [0.02667945148093842, 0.9733205485190616]]
60574182	[1, [0.035642200178552685, 0.9643577998214473]]
90549708	[1, [0.04827250191523247, 0.9517274980847675]]
93774066	[1, [0.011914622705940903, 0.9880853772940591]]
61391505	[1, [0.021824144020667013, 0.978175855979333]]
61423159	[1, [0.028462518921904656, 0.9715374810780953]]
82922380	[1, [0.046417028652655956, 0.953582971347344]]
91802362	[1, [0.029671004357114006, 0.970328995642886]]
90591115	[1, [0.042101394848769846, 0.9578986051512302]]
74865761	[1, [0.020772508511983978, 0.979227491488016]]
46418460	[1, [0.007722683772019456, 0.9922773162279805]]
47964330	[1, [0.02995917007662441, 0.9700408299233756]]
60074022	[1, [0.026091839280358742, 0.9739081607196413]]
58610243	[1, [0.022631498912146664, 0.9773685010878533]]
77262689	[1, [0.021014307026824386, 0.9789856929731756]]
62115024	[1, [0.04764932155202484, 0.9523506784479752]]
44586194	[1, [0.03793907976983402, 0.962060920230166]]
5934630	[1, [0.03202103196917572, 0.9679789680308243]]
5936031	[1, [0.04031649941495741, 0.9596835005850426]]
98021151	[1, [0.030723272644007538, 0.9692767273559925]]
61252597	[1, [0.0484898553763613, 0.9515101446236387]]
61117997	[1, [0.031962258565909396, 0.9680377414340906]]
5172166	[1, [0.0377274921430496, 0.9622725078569504]]
74165842	[1, [0.045226002841683655, 0.9547739971583163]]
74093626	[1, [0.030217392478274707, 0.9697826075217253]]
80153236	[1, [0.04596336026573433, 0.9540366397342657]]
7885628	[1, [0.03779444187937553, 0.9622055581206245]]
70898455	[1, [0.041989992550655386, 0.9580100074493446]]
62535508	[1, [0.04184054864317621, 0.9581594513568238]]
67472821	[1, [0.02172216559337803, 0.978277834406622]]
19928196	[1, [0.023131644383153738, 0.9768683556168463]]
42108197	[1, [0.04705736532477833, 0.9529426346752217]]
5932864	[1, [0.03101328121375102, 0.968986718786249]]
7957579	[1, [0.0016096374317746687, 0.9983903625682253]]
78141328	[1, [0.045655132451267066, 0.9543448675487329]]
37610821	[1, [0.018207879237798652, 0.9817921207622013]]
42902001	[1, [0.01746839502733688, 0.9825316049726631]]
13521615	[1, [0.011869668695695279, 0.9881303313043047]]
10843800	[1, [0.027348336528959072, 0.9726516634710409]]
20224101	[1, [0.009658543473873848, 0.9903414565261262]]
10324546	[1, [0.015647895573254078, 0.9843521044267459]]
51963936	[1, [0.008891903542385338, 0.9911080964576147]]
20105796	[1, [0.004776444826681825, 0.9952235551733182]]
31053383	[1, [0.0011125022323241751, 0.9988874977676758]]
86120243	[1, [0.046050979034600203, 0.9539490209653998]]
98689262	[1, [0.030314808462609477, 0.9696851915373905]]
64622484	[1, [0.03768251777652942, 0.9623174822234706]]
25474055	[1, [0.03787805995942306, 0.9621219400405769]]
21274377	[1, [0.023280215425145134, 0.9767197845748549]]
7727577	[1, [0.04204340738407131, 0.9579565926159287]]
79192298	[1, [0.03120421983104138, 0.9687957801689586]]
79203777	[1, [0.040252673662357186, 0.9597473263376428]]
69555168	[1, [0.01294600081040942, 0.9870539991895906]]
79140431	[1, [0.002842588239956645, 0.9971574117600434]]
79138334	[1, [0.02200030464618441, 0.9779996953538156]]
68885359	[1, [0.03800970685819871, 0.9619902931418013]]
68935531	[1, [0.007685533303948833, 0.9923144666960512]]
36480750	[1, [0.036844510360197424, 0.9631554896398026]]
30912649	[1, [0.046192534890522996, 0.953807465109477]]
54008373	[1, [0.02936477872772092, 0.9706352212722791]]
73128180	[1, [0.02940700003010077, 0.9705929999698992]]
55429686	[1, [0.03265200364675547, 0.9673479963532445]]
50851957	[1, [0.02876855757974317, 0.9712314424202568]]
63605178	[1, [0.04431260930272285, 0.9556873906972772]]
14599762	[1, [0.020139768518235623, 0.9798602314817644]]
94325258	[1, [5.868220417315495e-05, 0.9999413177958268]]
16317063	[1, [0.0030170412693144577, 0.9969829587306855]]
78516910	[1, [0.03960683174256818, 0.9603931682574318]]
16336518	[1, [0.019662240859881108, 0.9803377591401189]]
60465524	[1, [0.04881856556726416, 0.9511814344327358]]
60498709	[1, [0.006544760823639084, 0.9934552391763609]]
59238144	[1, [0.02320647876909443, 0.9767935212309056]]
68343330	[1, [0.04008740108282749, 0.9599125989171725]]
28217454	[1, [0.0132804168007562, 0.9867195831992438]]
46789812	[1, [0.030528568837579928, 0.9694714311624201]]
46804783	[1, [0.01991800552220535, 0.9800819944777946]]
51671915	[1, [0.04318636944384291, 0.9568136305561571]]
7868968	[1, [0.0434630064347542, 0.9565369935652458]]
5841279	[1, [0.04600477324718166, 0.9539952267528183]]
