62933958	[1, [0.009394330501955928, 0.9906056694980441]]
87434341	[1, [0.04836621788826834, 0.9516337821117317]]
94554367	[1, [0.014147938666907778, 0.9858520613330922]]
94528369	[1, [0.004205100758845837, 0.9957948992411542]]
71793094	[1, [0.03717763761096482, 0.9628223623890352]]
63903797	[1, [0.022322790701418627, 0.9776772092985814]]
44604494	[1, [0.0023545681981869127, 0.9976454318018131]]
80390259	[1, [0.004695711239074751, 0.9953042887609252]]
15431897	[1, [0.0420296925454684, 0.9579703074545316]]
52157908	[1, [0.005195915402988693, 0.9948040845970113]]
49897629	[1, [0.001617058938927829, 0.9983829410610722]]
58996592	[1, [0.002070877542559635, 0.9979291224574404]]
6088478	[1, [0.031222622389676546, 0.9687773776103235]]
48278615	[1, [0.048856501517220985, 0.951143498482779]]
81601571	[1, [0.009827184150871915, 0.9901728158491281]]
52145122	[1, [0.007981695666400723, 0.9920183043335993]]
15373777	[1, [0.025819161762762444, 0.9741808382372376]]
69206253	[1, [0.006645052524070771, 0.9933549474759292]]
88924767	[1, [0.032163234290962794, 0.9678367657090372]]
41871493	[1, [0.03416244954439085, 0.9658375504556092]]
99124325	[1, [0.043075738338454905, 0.9569242616615451]]
81630611	[1, [0.04893832135401499, 0.951061678645985]]
95777169	[1, [0.02396042713567914, 0.9760395728643209]]
27868322	[1, [0.02929114410160716, 0.9707088558983928]]
96119802	[1, [0.00017709570254209606, 0.9998229042974579]]
9220281	[1, [0.021424974908051064, 0.9785750250919489]]
53844265	[1, [0.001154193620082511, 0.9988458063799175]]
31576315	[1, [0.03415451362755184, 0.9658454863724482]]
27861776	[1, [0.02259055001938237, 0.9774094499806176]]
55978838	[1, [0.04130535458955342, 0.9586946454104466]]
27878639	[1, [0.03020664276173146, 0.9697933572382685]]
95332693	[1, [0.00583432710813403, 0.994165672891866]]
55934852	[1, [0.0009827513872172622, 0.9990172486127827]]
60522879	[1, [0.007633437713042923, 0.9923665622869571]]
9040659	[1, [0.01466519212561912, 0.9853348078743809]]
56864623	[1, [0.012382538883964123, 0.9876174611160359]]
72359258	[1, [0.024752620532172087, 0.9752473794678279]]
17171602	[1, [0.04249455049593265, 0.9575054495040674]]
72384305	[1, [0.0004456106530871251, 0.9995543893469129]]
40284942	[1, [0.005004767948111444, 0.9949952320518886]]
17169064	[1, [0.0389140447892965, 0.9610859552107035]]
58502342	[1, [0.033502370373015844, 0.9664976296269842]]
9234852	[1, [0.004271020855961094, 0.9957289791440389]]
6436757	[1, [0.02681463789878724, 0.9731853621012128]]
62192017	[1, [0.03678947233107155, 0.9632105276689285]]
56850107	[1, [0.023644886533101483, 0.9763551134668985]]
7988499	[1, [0.03166871108112168, 0.9683312889188783]]
39184861	[1, [0.014274849764443376, 0.9857251502355566]]
84706905	[1, [0.005128434580231822, 0.9948715654197682]]
56798992	[1, [0.021660922963864793, 0.9783390770361352]]
38627568	[1, [0.03939005247037919, 0.9606099475296208]]
30813701	[1, [0.036739169254798365, 0.9632608307452016]]
80201564	[1, [0.01709245961134409, 0.9829075403886559]]
9262930	[1, [0.03062326213118749, 0.9693767378688125]]
62007480	[1, [0.010690934522246454, 0.9893090654777535]]
7603945	[1, [0.03767004790860884, 0.9623299520913912]]
79083490	[1, [0.027509225343318122, 0.9724907746566819]]
38668443	[1, [0.048745060260643736, 0.9512549397393563]]
59864981	[1, [0.029822493008812234, 0.9701775069911878]]
38674032	[1, [0.04109776173469204, 0.958902238265308]]
42654997	[1, [0.007806468362023589, 0.9921935316379764]]
46138340	[1, [0.0387659949574336, 0.9612340050425664]]
80249198	[1, [0.027636363829713795, 0.9723636361702862]]
9215853	[1, [0.026950964974669422, 0.9730490350253306]]
38664370	[1, [0.012469551045172889, 0.9875304489548271]]
93896832	[1, [0.019405591566147296, 0.9805944084338527]]
39369293	[1, [0.04770440928023634, 0.9522955907197637]]
29254217	[1, [0.0181390399938397, 0.9818609600061603]]
26951609	[1, [0.028612419103128617, 0.9713875808968714]]
23187296	[1, [0.018548955828386116, 0.9814510441716139]]
14256903	[1, [0.00039596934328156586, 0.9996040306567184]]
88516570	[1, [0.005400236310681539, 0.9945997636893185]]
23213470	[1, [0.021549916292852078, 0.9784500837071479]]
23192036	[1, [0.030149859196797912, 0.9698501408032021]]
11908340	[1, [0.006083740078750899, 0.9939162599212491]]
11890128	[1, [0.006604492738589984, 0.99339550726141]]
7361500	[1, [0.030126646209146735, 0.9698733537908533]]
49531228	[1, [0.0020058097807310604, 0.9979941902192689]]
44503984	[1, [0.016261158292483313, 0.9837388417075167]]
49470194	[1, [0.021489251606828352, 0.9785107483931716]]
44496418	[1, [0.026461633733882217, 0.9735383662661178]]
92599819	[1, [0.0008274099090456177, 0.9991725900909544]]
92608215	[1, [0.029382370548187153, 0.9706176294518128]]
53672739	[1, [0.028710265572211124, 0.9712897344277889]]
11845145	[1, [0.01689899997589872, 0.9831010000241013]]
71909904	[1, [0.0204305648761004, 0.9795694351238996]]
7208839	[1, [1.2366733400770435e-05, 0.9999876332665992]]
19776517	[1, [0.01775497907117818, 0.9822450209288218]]
46180634	[1, [0.030052490501431217, 0.9699475094985688]]
71870171	[1, [0.04636467125415977, 0.9536353287458402]]
80503435	[1, [0.04000447348775049, 0.9599955265122495]]
67831894	[1, [0.030182792981798823, 0.9698172070182012]]
13093289	[1, [0.012074973701610814, 0.9879250262983892]]
92350405	[1, [0.032779838387304805, 0.9672201616126952]]
92374166	[1, [0.020256175898976436, 0.9797438241010236]]
80042071	[1, [0.006521791268606969, 0.993478208731393]]
39645091	[1, [0.036993516740724375, 0.9630064832592756]]
79892778	[1, [0.008777543471290894, 0.9912224565287091]]
46909013	[1, [0.029555101241862003, 0.970444898758138]]
14126795	[1, [0.0038746936157064704, 0.9961253063842935]]
81861305	[1, [0.02783485009155584, 0.9721651499084442]]
80044028	[1, [0.005043209154383499, 0.9949567908456165]]
24968460	[1, [0.0021876107294509506, 0.997812389270549]]
22930075	[1, [0.024336404006926715, 0.9756635959930733]]
88721701	[1, [0.003997524564401944, 0.9960024754355981]]
46705936	[1, [0.02943776566566003, 0.97056223433434]]
22988898	[1, [0.002405135468327546, 0.9975948645316725]]
71313964	[1, [0.04306654296391321, 0.9569334570360868]]
34563754	[1, [0.0046094850019375855, 0.9953905149980624]]
50706275	[1, [0.01652784663465945, 0.9834721533653406]]
52649597	[1, [0.0481986698136897, 0.9518013301863103]]
61682193	[1, [0.01583322875521409, 0.9841667712447859]]
34549315	[1, [0.049334612935130084, 0.9506653870648699]]
38533983	[1, [0.005849710091226701, 0.9941502899087733]]
12112826	[1, [0.028028479799219408, 0.9719715202007806]]
51762028	[1, [0.04978625142959259, 0.9502137485704074]]
43990128	[1, [0.03914919943396211, 0.9608508005660379]]
50700676	[1, [0.046966184780918185, 0.9530338152190818]]
45514312	[1, [0.015222676853159256, 0.9847773231468407]]
38503440	[1, [0.015157136085712564, 0.9848428639142874]]
25646815	[1, [0.02172740329028411, 0.9782725967097159]]
86637084	[1, [0.00865024564601391, 0.9913497543539861]]
38208787	[1, [0.04949236705225213, 0.9505076329477479]]
37484643	[1, [0.046660761726618705, 0.9533392382733813]]
87272963	[1, [0.012588397492805714, 0.9874116025071943]]
44662122	[1, [0.0011898474721002694, 0.9988101525278997]]
35325578	[1, [0.02306987870041788, 0.9769301212995821]]
47492893	[1, [0.0242038957107239, 0.9757961042892761]]
17048138	[1, [0.0489098883884489, 0.9510901116115511]]
44616921	[1, [0.004239200717329528, 0.9957607992826705]]
87275702	[1, [0.03289559752731952, 0.9671044024726805]]
59978166	[1, [0.03991835346873385, 0.9600816465312662]]
6315879	[1, [0.03993956217955874, 0.9600604378204413]]
59131814	[1, [0.041327902642478764, 0.9586720973575212]]
6430672	[1, [0.00455602813891598, 0.995443971861084]]
13783657	[1, [0.011222051769634644, 0.9887779482303654]]
13792358	[1, [0.011281529894709541, 0.9887184701052905]]
41986078	[1, [0.01499852476391994, 0.9850014752360801]]
19724376	[1, [0.038737563432297506, 0.9612624365677025]]
70153412	[1, [0.011767011627436097, 0.9882329883725639]]
90845585	[1, [0.04062638151271203, 0.959373618487288]]
64055565	[1, [0.022933868962730086, 0.9770661310372699]]
90844512	[1, [0.008285287146738485, 0.9917147128532615]]
51127542	[1, [0.0019290372726981087, 0.9980709627273019]]
97430942	[1, [0.017454669645895815, 0.9825453303541042]]
97424468	[1, [0.012388669191316981, 0.987611330808683]]
90827588	[1, [0.005060680323505151, 0.9949393196764948]]
77316679	[1, [0.013114444041110396, 0.9868855559588896]]
20412611	[1, [0.023027570845464806, 0.9769724291545352]]
68389858	[1, [0.0012553473739657095, 0.9987446526260343]]
10711373	[1, [0.047688989269263904, 0.9523110107307361]]
62840745	[1, [0.024063652989131046, 0.975936347010869]]
58067027	[1, [0.03842201023975045, 0.9615779897602496]]
45298942	[1, [0.02471627912383978, 0.9752837208761602]]
62900805	[1, [0.010381722136963756, 0.9896182778630362]]
7798692	[1, [0.025095822265218448, 0.9749041777347816]]
58072381	[1, [0.007903331513409606, 0.9920966684865904]]
66415445	[1, [0.02890550401224934, 0.9710944959877507]]
32033845	[1, [0.009080336558438207, 0.9909196634415618]]
45302630	[1, [0.041902766512335154, 0.9580972334876648]]
39275561	[1, [0.0010301286267465626, 0.9989698713732534]]
30524757	[1, [0.00096289529507676, 0.9990371047049232]]
7845581	[1, [0.0034719784559877898, 0.9965280215440122]]
30540514	[1, [0.017288564427995756, 0.9827114355720042]]
52089026	[1, [0.00480048209045747, 0.9951995179095425]]
67582586	[1, [0.04408092422567789, 0.9559190757743221]]
50231445	[1, [0.0010108503749403086, 0.9989891496250597]]
15845794	[1, [0.0005426261238321572, 0.9994573738761678]]
6403551	[1, [0.013348161870174402, 0.9866518381298256]]
50239040	[1, [0.0044545168416906256, 0.9955454831583094]]
52076482	[1, [0.028691460466616414, 0.9713085395333836]]
44097493	[1, [0.011676999257529408, 0.9883230007424706]]
62292072	[1, [0.00523270773414608, 0.9947672922658539]]
94893505	[1, [0.0319040885734172, 0.9680959114265828]]
50265316	[1, [0.0031621195332175445, 0.9968378804667825]]
77223395	[1, [0.04721841736148569, 0.9527815826385143]]
16472384	[1, [0.011339034729690112, 0.9886609652703099]]
34434089	[1, [0.020139369317074274, 0.9798606306829257]]
77799065	[1, [0.0003311533359192653, 0.9996688466640807]]
64004049	[1, [0.03282230590018109, 0.9671776940998189]]
63963858	[1, [0.003335533716156691, 0.9966644662838433]]
94148780	[1, [0.007334162779249809, 0.9926658372207502]]
92795821	[1, [0.0005211333442789456, 0.999478866655721]]
9248744	[1, [0.010763069893842458, 0.9892369301061575]]
64010083	[1, [0.004975483181438478, 0.9950245168185615]]
77798183	[1, [0.0077447242626523805, 0.9922552757373476]]
6541672	[1, [0.03175441991729444, 0.9682455800827056]]
93616265	[1, [0.0049952830180505225, 0.9950047169819495]]
9217266	[1, [0.043328986798441105, 0.9566710132015589]]
7935390	[1, [0.03589275071399922, 0.9641072492860008]]
57787358	[1, [0.03010292804685688, 0.9698970719531431]]
11378210	[1, [0.024402336976154237, 0.9755976630238458]]
88400395	[1, [0.0022564002754266177, 0.9977435997245734]]
11374338	[1, [0.002349598546386278, 0.9976504014536137]]
83484895	[1, [0.026692483053935345, 0.9733075169460647]]
63740678	[1, [0.0009105675559356596, 0.9990894324440643]]
69448295	[1, [0.020815927065175877, 0.9791840729348241]]
60109642	[1, [0.03798515330694763, 0.9620148466930524]]
24663093	[1, [0.005295215155805555, 0.9947047848441944]]
56498952	[1, [0.008842266291832046, 0.991157733708168]]
29614182	[1, [0.02009418120942119, 0.9799058187905788]]
99023240	[1, [0.031665883081515966, 0.968334116918484]]
62367113	[1, [0.00929334538028781, 0.9907066546197122]]
60125056	[1, [0.005299906770429463, 0.9947000932295705]]
97543711	[1, [0.02375213225773276, 0.9762478677422672]]
9257482	[1, [0.049499208233754755, 0.9505007917662452]]
20764820	[1, [0.03672076425273463, 0.9632792357472654]]
44776214	[1, [0.015338907525379808, 0.9846610924746202]]
7914445	[1, [0.011590436522258218, 0.9884095634777418]]
63701916	[1, [0.03777018476580829, 0.9622298152341917]]
22507212	[1, [0.005620501780394638, 0.9943794982196054]]
70415879	[1, [0.008405314096576078, 0.9915946859034239]]
58469077	[1, [0.0027531121871788855, 0.9972468878128211]]
22500497	[1, [0.047269473039104226, 0.9527305269608958]]
47296864	[1, [0.0053118242547582906, 0.9946881757452417]]
94797487	[1, [0.026534293312339696, 0.9734657066876603]]
77845789	[1, [0.023672072685876344, 0.9763279273141237]]
94747157	[1, [0.007320895347209477, 0.9926791046527905]]
67411352	[1, [0.005664182337440704, 0.9943358176625593]]
6162785	[1, [0.02317087688581365, 0.9768291231141863]]
6605775	[1, [0.027106058343743022, 0.972893941656257]]
10207161	[1, [0.003102935652431804, 0.9968970643475682]]
10777300	[1, [0.04584527655268389, 0.9541547234473161]]
6605888	[1, [0.004103655771825587, 0.9958963442281744]]
7722573	[1, [0.049200318932280496, 0.9507996810677195]]
28217454	[1, [0.004062884131545541, 0.9959371158684545]]
77531292	[1, [0.00045586877899506106, 0.9995441312210049]]
24121728	[1, [0.01994533231567075, 0.9800546676843293]]
98610479	[1, [0.03401069527790612, 0.9659893047220939]]
27323354	[1, [0.00604261260903638, 0.9939573873909636]]
7951108	[1, [0.006207127772731247, 0.9937928722272688]]
84804108	[1, [0.012023898367986563, 0.9879761016320134]]
64196255	[1, [0.046652936700038894, 0.9533470632999611]]
27292093	[1, [0.047958664142421004, 0.952041335857579]]
9254074	[1, [0.039484838082345264, 0.9605151619176547]]
64164570	[1, [0.031485922865306604, 0.9685140771346934]]
89732846	[1, [0.0031552562467696, 0.9968447437532304]]
84770944	[1, [0.03305516384902907, 0.9669448361509709]]
48368561	[1, [0.01489528806943441, 0.9851047119305656]]
72203414	[1, [0.0024413498613746754, 0.9975586501386253]]
9278226	[1, [0.005849567462928085, 0.9941504325370719]]
6944291	[1, [0.03566634336059371, 0.9643336566394063]]
47215109	[1, [0.017298579638662437, 0.9827014203613376]]
40679556	[1, [0.0021707679945457414, 0.9978292320054543]]
44113719	[1, [0.03111162376885912, 0.9688883762311409]]
81109614	[1, [0.026224748476825877, 0.9737752515231741]]
34338775	[1, [0.02653337472383055, 0.9734666252761695]]
50454171	[1, [0.017639510772842648, 0.9823604892271574]]
81938314	[1, [0.043763768248393675, 0.9562362317516063]]
69959697	[1, [0.00035822751495673266, 0.9996417724850433]]
63403645	[1, [0.030136718424143782, 0.9698632815758562]]
7778821	[1, [0.03544490040840431, 0.9645550995915957]]
78799950	[1, [0.03731905540839964, 0.9626809445916004]]
50426165	[1, [7.658474239735646e-05, 0.9999234152576026]]
49592753	[1, [0.030942917691672678, 0.9690570823083273]]
85454924	[1, [0.017775005782119102, 0.9822249942178809]]
81944197	[1, [0.012303768277204918, 0.9876962317227951]]
7969680	[1, [0.023953845978554877, 0.9760461540214451]]
50456122	[1, [0.018924874232793654, 0.9810751257672063]]
37679297	[1, [0.034759506003913865, 0.9652404939960861]]
71765233	[1, [0.02172740684856611, 0.9782725931514339]]
54156068	[1, [0.014884696813260878, 0.9851153031867391]]
23414380	[1, [0.03848242141152092, 0.9615175785884791]]
61184267	[1, [0.003160412187996897, 0.9968395878120031]]
21148969	[1, [0.029048630628706662, 0.9709513693712933]]
53086493	[1, [0.005460474969653739, 0.9945395250303463]]
57832662	[1, [0.018677127068780885, 0.9813228729312191]]
86305891	[1, [0.005134944996599167, 0.9948650550034008]]
61442654	[1, [0.045069073739434695, 0.9549309262605653]]
9284768	[1, [0.005336346401605185, 0.9946636535983948]]
67659528	[1, [0.04662831593634065, 0.9533716840636594]]
34997791	[1, [0.016307151148787224, 0.9836928488512128]]
57868359	[1, [0.01011259029547873, 0.9898874097045213]]
20933186	[1, [0.030265429472870364, 0.9697345705271296]]
37206671	[1, [0.014713232533397846, 0.9852867674666022]]
58033544	[1, [0.02849139242817078, 0.9715086075718292]]
29378516	[1, [0.02216062093764115, 0.9778393790623588]]
69632943	[1, [0.023027570845464806, 0.9769724291545352]]
81387998	[1, [0.017122373200413876, 0.9828776267995861]]
60074022	[1, [0.02876339980155862, 0.9712366001984414]]
33030939	[1, [0.0175025814744324, 0.9824974185255676]]
24473715	[1, [0.025455289942620585, 0.9745447100573794]]
37216435	[1, [0.03789773717373368, 0.9621022628262663]]
86471285	[1, [0.022185302507026883, 0.9778146974929731]]
54628935	[1, [0.04905576765339403, 0.950944232346606]]
93197995	[1, [0.018224366159376726, 0.9817756338406233]]
26399095	[1, [0.02567476971279703, 0.974325230287203]]
12811307	[1, [0.012294532646654699, 0.9877054673533453]]
26156723	[1, [0.04512084590109866, 0.9548791540989013]]
96616296	[1, [0.002608154251475092, 0.9973918457485249]]
14233082	[1, [0.042298465708950794, 0.9577015342910492]]
58224542	[1, [0.04238097899789217, 0.9576190210021078]]
89082983	[1, [0.007446044402787733, 0.9925539555972123]]
83167931	[1, [0.012829277530852168, 0.9871707224691478]]
26382535	[1, [0.02115580203448475, 0.9788441979655153]]
72294397	[1, [0.038606912893416445, 0.9613930871065836]]
38468752	[1, [0.009785493499176456, 0.9902145065008235]]
77922717	[1, [0.028061475779285527, 0.9719385242207145]]
77635175	[1, [0.017532225890077968, 0.982467774109922]]
32162747	[1, [0.03479810821329454, 0.9652018917867055]]
38432126	[1, [0.016344390922959473, 0.9836556090770405]]
42580596	[1, [0.017310757429481183, 0.9826892425705188]]
11549309	[1, [0.03766412380316275, 0.9623358761968372]]
74602655	[1, [0.012782990494598523, 0.9872170095054015]]
66580997	[1, [0.008201693823028489, 0.9917983061769715]]
77677954	[1, [0.03146202382348717, 0.9685379761765128]]
63206924	[1, [0.011433716861628529, 0.9885662831383715]]
77678432	[1, [0.010888834024192606, 0.9891111659758074]]
11556747	[1, [0.03351670893460568, 0.9664832910653943]]
19651219	[1, [0.005121932023419484, 0.9948780679765805]]
38447687	[1, [0.014191334335394101, 0.9858086656646059]]
7979378	[1, [0.031140172611448413, 0.9688598273885516]]
78406185	[1, [0.021579424788212287, 0.9784205752117877]]
26425049	[1, [0.030392720834699682, 0.9696072791653003]]
35372789	[1, [0.036659227428552654, 0.9633407725714473]]
39038437	[1, [0.013732809559406811, 0.9862671904405932]]
67043425	[1, [0.026237711103537786, 0.9737622888964622]]
67060065	[1, [0.013022103394145224, 0.9869778966058548]]
9048107	[1, [0.041641296291856755, 0.9583587037081432]]
92552493	[1, [0.011472831952316076, 0.9885271680476839]]
79238654	[1, [0.017002999392658924, 0.9829970006073411]]
68195976	[1, [0.003281272453402928, 0.9967187275465971]]
35397666	[1, [0.012736456507348226, 0.9872635434926518]]
95185342	[1, [0.03840804524988595, 0.961591954750114]]
73963363	[1, [0.00837258191296919, 0.9916274180870308]]
19525377	[1, [0.01666789479420827, 0.9833321052057917]]
11292985	[1, [0.04211428430571518, 0.9578857156942848]]
29111690	[1, [0.0027732492209088244, 0.9972267507790912]]
73193677	[1, [0.022840897082242462, 0.9771591029177575]]
34712895	[1, [0.023423083762491914, 0.9765769162375081]]
7684527	[1, [0.01831227477273334, 0.9816877252272667]]
9243264	[1, [0.011194328396316622, 0.9888056716036834]]
30388686	[1, [0.014116870410963545, 0.9858831295890365]]
95812042	[1, [0.019537943993914175, 0.9804620560060858]]
93646827	[1, [0.028333836145242985, 0.971666163854757]]
50960934	[1, [0.002636294891568469, 0.9973637051084315]]
7397370	[1, [0.028326420195192936, 0.9716735798048071]]
38051253	[1, [0.03509048407263393, 0.9649095159273661]]
17240340	[1, [0.01798917481111484, 0.9820108251888852]]
37549237	[1, [0.038168554100487806, 0.9618314458995122]]
14729192	[1, [0.0036987496930732666, 0.9963012503069267]]
38061604	[1, [0.0477873499082182, 0.9522126500917818]]
6980459	[1, [0.004036886455728639, 0.9959631135442714]]
31677192	[1, [0.02283303224075739, 0.9771669677592426]]
61007519	[1, [0.02728511211990181, 0.9727148878800982]]
42712468	[1, [0.00783230283329206, 0.9921676971667079]]
78686558	[1, [0.04902303750729853, 0.9509769624927015]]
21089377	[1, [0.0202856278669008, 0.9797143721330992]]
24386584	[1, [0.02204283999539769, 0.9779571600046023]]
9261750	[1, [0.023753321647780434, 0.9762466783522196]]
7967512	[1, [0.040657618338540646, 0.9593423816614594]]
7880129	[1, [0.04644628847794807, 0.9535537115220519]]
68470950	[1, [0.022183706406950332, 0.9778162935930497]]
28450537	[1, [0.02213954427417386, 0.9778604557258261]]
78582721	[1, [0.019096469749312672, 0.9809035302506873]]
12726443	[1, [0.002070877542559635, 0.9979291224574404]]
92249357	[1, [0.0031683000376114823, 0.9968316999623885]]
9273840	[1, [0.004357247770390482, 0.9956427522296095]]
81180584	[1, [0.0192418841517058, 0.9807581158482942]]
67281858	[1, [0.025587024165570904, 0.9744129758344291]]
9036201	[1, [0.04069874522073624, 0.9593012547792638]]
43111327	[1, [0.02070103108307808, 0.9792989689169219]]
85641822	[1, [0.03196539375855023, 0.9680346062414498]]
33733649	[1, [0.047157948989486775, 0.9528420510105132]]
74763532	[1, [0.02947088063683556, 0.9705291193631644]]
75938845	[1, [0.030199251093625867, 0.9698007489063741]]
10409450	[1, [0.048729422705907965, 0.951270577294092]]
7723622	[1, [0.02006311733454369, 0.9799368826654563]]
49169961	[1, [0.018575337170011585, 0.9814246628299884]]
20264591	[1, [0.024354376456904858, 0.9756456235430951]]
20290712	[1, [0.025485479384336207, 0.9745145206156638]]
75967315	[1, [0.005802213973010617, 0.9941977860269894]]
20552865	[1, [0.013006294721453981, 0.986993705278546]]
26229236	[1, [0.02037704215492797, 0.979622957845072]]
87909772	[1, [0.04788312715013043, 0.9521168728498696]]
7679509	[1, [0.008675698561681267, 0.9913243014383187]]
92341977	[1, [0.048189917068978794, 0.9518100829310212]]
6296779	[1, [0.010209965963296597, 0.9897900340367034]]
34204384	[1, [0.034326785494408374, 0.9656732145055916]]
82002297	[1, [0.003656551613395398, 0.9963434483866046]]
94658708	[1, [0.015224960286455369, 0.9847750397135446]]
20193036	[1, [0.01766853272432445, 0.9823314672756756]]
13524145	[1, [0.04582704053256936, 0.9541729594674306]]
13676758	[1, [0.023977108512096446, 0.9760228914879036]]
6143535	[1, [0.049089171148832156, 0.9509108288511678]]
97303515	[1, [0.038805747931265566, 0.9611942520687344]]
57738670	[1, [0.0014034307849383199, 0.9985965692150617]]
12261528	[1, [0.03191258219561888, 0.9680874178043811]]
91282860	[1, [0.04086455527005062, 0.9591354447299494]]
97359568	[1, [0.004603391034081139, 0.9953966089659189]]
9285125	[1, [0.04917777919873989, 0.9508222208012601]]
29727511	[1, [0.00229296424188552, 0.9977070357581145]]
98258940	[1, [0.009935466024822537, 0.9900645339751775]]
15901491	[1, [0.003707623885114586, 0.9962923761148854]]
87854287	[1, [0.03578955324488853, 0.9642104467551115]]
45908199	[1, [0.030737617661783956, 0.969262382338216]]
21241171	[1, [0.01641510372874222, 0.9835848962712578]]
9247492	[1, [0.03919082765450643, 0.9608091723454936]]
67507560	[1, [0.00895564241168545, 0.9910443575883146]]
89342813	[1, [0.024006839549088776, 0.9759931604509112]]
66115557	[1, [0.04001504064467287, 0.9599849593553271]]
44394051	[1, [0.012899242506156039, 0.987100757493844]]
70949258	[1, [0.024957446082966128, 0.9750425539170339]]
9045550	[1, [0.0349260002007723, 0.9650739997992277]]
70894709	[1, [0.0222583816477947, 0.9777416183522053]]
9226994	[1, [0.006484734876678888, 0.9935152651233211]]
47356402	[1, [0.015234739914967488, 0.9847652600850325]]
12988603	[1, [0.006710036036070344, 0.9932899639639297]]
58670848	[1, [0.046898752299021185, 0.9531012477009788]]
87083900	[1, [0.026222122767386224, 0.9737778772326138]]
7081592	[1, [0.04812888709506524, 0.9518711129049348]]
10568614	[1, [0.018461785155606925, 0.9815382148443931]]
90347265	[1, [0.020022852753998843, 0.9799771472460012]]
58665537	[1, [0.010314814673752948, 0.989685185326247]]
87091524	[1, [0.008624609428552477, 0.9913753905714475]]
92160919	[1, [0.02928896203281628, 0.9707110379671837]]
10546178	[1, [0.048054887951014424, 0.9519451120489856]]
6618324	[1, [0.03976410517557272, 0.9602358948244273]]
93001619	[1, [0.0154696928097674, 0.9845303071902326]]
39720447	[1, [0.04613664968943865, 0.9538633503105614]]
43810638	[1, [0.025949956389331064, 0.9740500436106689]]
9022292	[1, [0.011253689303324821, 0.9887463106966752]]
32411920	[1, [0.0366826560532596, 0.9633173439467404]]
55556737	[1, [0.04683083838028246, 0.9531691616197175]]
36811637	[1, [0.025606913448794733, 0.9743930865512053]]
32450123	[1, [0.0236011949443119, 0.9763988050556881]]
54499743	[1, [0.039209575787296114, 0.9607904242127039]]
14642830	[1, [0.00023242892341857058, 0.9997675710765814]]
70362080	[1, [0.04819912284816563, 0.9518008771518344]]
9280812	[1, [0.003180674340295453, 0.9968193256597045]]
75062539	[1, [0.008229947380296254, 0.9917700526197037]]
31981950	[1, [0.006880493958610567, 0.9931195060413894]]
31183989	[1, [0.045244355546406156, 0.9547556444535938]]
23252334	[1, [0.028080892185867623, 0.9719191078141324]]
7984371	[1, [0.0023763905271798613, 0.9976236094728201]]
34644690	[1, [0.007145917337223584, 0.9928540826627764]]
6523993	[1, [0.027620978098998328, 0.9723790219010017]]
31175632	[1, [0.0005695489248137564, 0.9994304510751862]]
12613021	[1, [0.042926592019784215, 0.9570734079802158]]
25074739	[1, [0.01828544443093527, 0.9817145555690647]]
40938067	[1, [0.033956575481028706, 0.9660434245189713]]
25070329	[1, [0.02926056231691687, 0.9707394376830831]]
34690567	[1, [0.026263788209642702, 0.9737362117903573]]
24845747	[1, [0.0014531092543276225, 0.9985468907456724]]
31002099	[1, [0.047658527692114205, 0.9523414723078858]]
91215918	[1, [0.006071597827906228, 0.9939284021720938]]
57916679	[1, [0.03715172929455646, 0.9628482707054435]]
77429244	[1, [0.038807799123382725, 0.9611922008766173]]
6586319	[1, [0.0033387954667396524, 0.9966612045332603]]
86149400	[1, [0.004822663699923568, 0.9951773363000764]]
86095498	[1, [0.025447519027632315, 0.9745524809723677]]
61066972	[1, [0.004545165960679554, 0.9954548340393204]]
94496248	[1, [0.013778807554617356, 0.9862211924453826]]
9043661	[1, [0.027450691435057184, 0.9725493085649428]]
61231856	[1, [0.01429965838170999, 0.98570034161829]]
29831044	[1, [0.000866262224827552, 0.9991337377751724]]
75777510	[1, [0.00040170595517874386, 0.9995982940448213]]
76853719	[1, [0.0490420560024416, 0.9509579439975584]]
61080777	[1, [0.018628787625048715, 0.9813712123749513]]
71340855	[1, [0.01639019300014788, 0.9836098069998521]]
7211620	[1, [0.004517550921753211, 0.9954824490782468]]
96980787	[1, [0.02726326793034395, 0.972736732069656]]
70768284	[1, [0.02163928873263843, 0.9783607112673616]]
64536834	[1, [0.03834129221493321, 0.9616587077850668]]
95025607	[1, [0.03041997915068617, 0.9695800208493138]]
30736662	[1, [0.03938346596654008, 0.9606165340334599]]
53305118	[1, [0.04106438032031867, 0.9589356196796813]]
90117830	[1, [0.001653540033689893, 0.9983464599663101]]
20524758	[1, [0.046782109177340936, 0.9532178908226591]]
37416487	[1, [0.02048305857664201, 0.979516941423358]]
30714042	[1, [0.008728986648491754, 0.9912710133515082]]
52470471	[1, [0.04584330594585706, 0.9541566940541429]]
41656955	[1, [0.040702697413172007, 0.959297302586828]]
6598515	[1, [0.038227030357003366, 0.9617729696429966]]
59165140	[1, [0.026606653262858493, 0.9733933467371415]]
97255820	[1, [0.012581965428921649, 0.9874180345710784]]
94958297	[1, [0.048101735103313725, 0.9518982648966863]]
49198689	[1, [0.0029471710512725124, 0.9970528289487275]]
20478946	[1, [0.030615950759152466, 0.9693840492408475]]
64588237	[1, [0.03044232324817242, 0.9695576767518276]]
61607572	[1, [0.011480839122882225, 0.9885191608771178]]
43625036	[1, [0.005119194838719587, 0.9948808051612804]]
48167642	[1, [0.022761217152871493, 0.9772387828471285]]
7975580	[1, [0.029044126562213668, 0.9709558734377863]]
48183507	[1, [0.0004916579989753256, 0.9995083420010247]]
96070563	[1, [0.0022393241088189964, 0.997760675891181]]
95537092	[1, [0.027025286169862883, 0.9729747138301371]]
13537811	[1, [0.002391999090235686, 0.9976080009097643]]
9209703	[1, [0.01500579599237628, 0.9849942040076237]]
94385558	[1, [0.023013450343292274, 0.9769865496567077]]
72100533	[1, [0.03446379482294526, 0.9655362051770547]]
38187193	[1, [0.007596009684447513, 0.9924039903155525]]
36825391	[1, [0.016356908849966545, 0.9836430911500335]]
97135557	[1, [0.026771336148090685, 0.9732286638519093]]
60908833	[1, [0.022309826178157577, 0.9776901738218424]]
56945281	[1, [0.0015572208445009394, 0.9984427791554991]]
79653202	[1, [0.010684897221115985, 0.989315102778884]]
77119006	[1, [0.016962225820769672, 0.9830377741792303]]
35234420	[1, [0.038307790626516125, 0.9616922093734839]]
48769851	[1, [0.033472687999619444, 0.9665273120003806]]
77150676	[1, [0.011088725303335711, 0.9889112746966643]]
23484412	[1, [0.02514846519714098, 0.974851534802859]]
64863478	[1, [0.009456790418331362, 0.9905432095816686]]
44318367	[1, [0.0327113675234586, 0.9672886324765414]]
31946262	[1, [0.015207984306208844, 0.9847920156937912]]
9212199	[1, [0.002678765917357495, 0.9973212340826425]]
33516780	[1, [0.04585451940122787, 0.9541454805987721]]
28028120	[1, [0.025692380181479346, 0.9743076198185207]]
59470813	[1, [0.046139342056314536, 0.9538606579436855]]
53445373	[1, [0.040611618182505804, 0.9593883818174942]]
99596713	[1, [0.005594333234733351, 0.9944056667652666]]
64461775	[1, [0.019881700576013572, 0.9801182994239864]]
30138360	[1, [0.04523959840948433, 0.9547604015905157]]
30145199	[1, [0.017076223276442426, 0.9829237767235576]]
48663666	[1, [0.01544585727325698, 0.984554142726743]]
69814532	[1, [0.04741653739954055, 0.9525834626004595]]
5939744	[1, [0.003702545771796628, 0.9962974542282034]]
96155280	[1, [0.004490992598780497, 0.9955090074012195]]
29460064	[1, [0.014389416198816174, 0.9856105838011838]]
30168643	[1, [0.01560041391189837, 0.9843995860881016]]
30172383	[1, [0.04527299270663132, 0.9547270072933687]]
10983317	[1, [0.004077643984116808, 0.9959223560158832]]
29463129	[1, [0.0056454759515978115, 0.9943545240484022]]
44935803	[1, [0.041612432483730144, 0.9583875675162699]]
50291700	[1, [0.04529150572548202, 0.954708494274518]]
85392674	[1, [0.00012421546168894793, 0.999875784538311]]
50296849	[1, [0.003330728628848645, 0.9966692713711514]]
83671627	[1, [0.03164604023674755, 0.9683539597632524]]
6423800	[1, [0.010287908797027012, 0.989712091202973]]
85374543	[1, [0.015619971223804985, 0.984380028776195]]
46571517	[1, [0.01918528012732168, 0.9808147198726783]]
85535393	[1, [0.010374232192768451, 0.9896257678072315]]
36472710	[1, [0.003231815508387359, 0.9967681844916126]]
68912425	[1, [0.01777013199619737, 0.9822298680038026]]
9265036	[1, [0.030565333905110736, 0.9694346660948893]]
9282682	[1, [0.006743954315437839, 0.9932560456845622]]
23577416	[1, [0.03126012147185431, 0.9687398785281457]]
52867101	[1, [0.005385780424612907, 0.9946142195753871]]
53981559	[1, [0.0007328231154394294, 0.9992671768845606]]
9238201	[1, [0.00367853503818516, 0.9963214649618148]]
9245188	[1, [0.006188276891405553, 0.9938117231085944]]
46589196	[1, [0.005375913775241492, 0.9946240862247585]]
58927336	[1, [0.017202482958085352, 0.9827975170419146]]
30465194	[1, [0.029957219773247945, 0.970042780226752]]
53547901	[1, [0.013021749939351013, 0.986978250060649]]
66596162	[1, [0.001351057604679573, 0.9986489423953204]]
57041371	[1, [0.021481639927415808, 0.9785183600725842]]
9203756	[1, [0.032709624937171555, 0.9672903750628284]]
36443930	[1, [0.0008605796805599697, 0.99913942031944]]
33210495	[1, [0.048893413618260495, 0.9511065863817395]]
59931650	[1, [0.031446288285516655, 0.9685537117144833]]
25942876	[1, [0.02801199286524636, 0.9719880071347536]]
98056147	[1, [0.019431777402843853, 0.9805682225971561]]
53212693	[1, [0.006366014029916767, 0.9936339859700832]]
59913944	[1, [0.004251661626272885, 0.9957483383737271]]
29520432	[1, [0.01533923328003528, 0.9846607667199647]]
33233053	[1, [0.0014190752228063763, 0.9985809247771936]]
43218872	[1, [0.017645451069251306, 0.9823545489307487]]
36435081	[1, [0.02344105301866961, 0.9765589469813304]]
73317476	[1, [0.019950009982534378, 0.9800499900174656]]
57055177	[1, [0.03727705253793534, 0.9627229474620647]]
57076503	[1, [0.0006802491085470264, 0.999319750891453]]
52637158	[1, [0.008953873756549435, 0.9910461262434506]]
88843828	[1, [0.03383559891951149, 0.9661644010804885]]
87606865	[1, [0.026332603480170858, 0.9736673965198291]]
28150947	[1, [0.004094448090123826, 0.9959055519098762]]
68030944	[1, [0.002502388483485718, 0.9974976115165143]]
55247233	[1, [0.009937975289519563, 0.9900620247104804]]
28589970	[1, [0.042892193739298756, 0.9571078062607012]]
43568994	[1, [0.009368133492724695, 0.9906318665072753]]
93929465	[1, [0.029604236418919183, 0.9703957635810808]]
55282524	[1, [0.007230797301555736, 0.9927692026984443]]
70818534	[1, [0.044099444376289876, 0.9559005556237101]]
43025846	[1, [0.03292415656676351, 0.9670758434332365]]
45174204	[1, [0.007458600830635653, 0.9925413991693643]]
82163936	[1, [0.022272023652447293, 0.9777279763475527]]
96540362	[1, [0.010322804022153242, 0.9896771959778468]]
13948801	[1, [0.042848666092523024, 0.957151333907477]]
96589534	[1, [0.03665344468451326, 0.9633465553154867]]
23121187	[1, [0.04095614110589996, 0.9590438588941]]
55822976	[1, [0.03951500036937794, 0.9604849996306221]]
9000413	[1, [0.024935778107693096, 0.9750642218923069]]
45184869	[1, [0.0235764664251783, 0.9764235335748217]]
47610134	[1, [0.0001649515563167947, 0.9998350484436832]]
37918115	[1, [0.002810836027841046, 0.997189163972159]]
10593590	[1, [0.03677624268497093, 0.9632237573150291]]
