5480501	[1, [0.015102604063118807, 0.9848973959368812]]
11460810	[1, [0.01282676816497419, 0.9871732318350258]]
6172703	[1, [0.01186755053763322, 0.9881324494623668]]
31723167	[1, [0.03143711408700689, 0.9685628859129931]]
5485569	[1, [0.03806498806252867, 0.9619350119374713]]
61029856	[1, [0.03452450193884227, 0.9654754980611577]]
53608172	[1, [0.014951529477311709, 0.9850484705226883]]
9001381	[1, [0.017418859462493996, 0.982581140537506]]
85914708	[1, [0.006969779798025821, 0.9930302202019742]]
7998443	[1, [0.01432044387088971, 0.9856795561291103]]
92935222	[1, [0.012437554473021306, 0.9875624455269787]]
6601144	[1, [0.0011959346565184603, 0.9988040653434815]]
5630844	[1, [0.030503692775819213, 0.9694963072241808]]
63806949	[1, [0.04276201228794563, 0.9572379877120544]]
5631392	[1, [0.020149844691861096, 0.9798501553081389]]
53239796	[1, [0.01643759386761201, 0.983562406132388]]
63834722	[1, [0.03443294659252416, 0.9655670534074758]]
18199625	[1, [0.03797287940983585, 0.9620271205901642]]
78397593	[1, [0.04722649965677561, 0.9527735003432244]]
91038292	[1, [0.030913672607446818, 0.9690863273925532]]
92543502	[1, [0.018212064101570724, 0.9817879358984293]]
46394263	[1, [0.04697419452651752, 0.9530258054734825]]
5677954	[1, [0.020188188028550713, 0.9798118119714493]]
52409141	[1, [0.013360060753688341, 0.9866399392463117]]
5678435	[1, [0.020683377563872396, 0.9793166224361276]]
7844578	[1, [0.012042233871275565, 0.9879577661287244]]
7845270	[1, [0.043570909175408845, 0.9564290908245912]]
26404891	[1, [0.03440084900274598, 0.965599150997254]]
97807096	[1, [0.021085916571423113, 0.9789140834285769]]
5362784	[1, [0.009324639992003614, 0.9906753600079964]]
7611221	[1, [0.021509803478891865, 0.9784901965211081]]
95799331	[1, [0.0034780791937767397, 0.9965219208062233]]
55373370	[1, [0.00693098085769861, 0.9930690191423014]]
7685728	[1, [0.015723722694284348, 0.9842762773057157]]
9244243	[1, [0.04724879504431578, 0.9527512049556842]]
7684000	[1, [0.023603999406687226, 0.9763960005933128]]
95805230	[1, [0.021619510317434143, 0.9783804896825659]]
73953014	[1, [0.046720367308904054, 0.953279632691096]]
45710042	[1, [0.01998114332344214, 0.9800188566765579]]
69654718	[1, [0.04376331634500219, 0.9562366836549978]]
54641100	[1, [0.03752519818946298, 0.962474801810537]]
21997098	[1, [0.03856505628600804, 0.961434943713992]]
6238934	[1, [0.02153368622345253, 0.9784663137765475]]
5541992	[1, [0.013027539865862137, 0.9869724601341379]]
5618466	[1, [0.021865166036246664, 0.9781348339637533]]
5133417	[1, [0.006576044524468361, 0.9934239554755316]]
5487039	[1, [0.03144505607261039, 0.9685549439273896]]
9003261	[1, [0.01432044387088971, 0.9856795561291103]]
93470138	[1, [0.04695379206442618, 0.9530462079355738]]
6972848	[1, [0.04817187633389741, 0.9518281236661026]]
5491618	[1, [0.024298730665005652, 0.9757012693349943]]
74131226	[1, [0.029785809115751904, 0.9702141908842481]]
6750988	[1, [0.03721245787551397, 0.962787542124486]]
51332379	[1, [0.012389359898638874, 0.9876106401013611]]
49987152	[1, [0.008792875481582585, 0.9912071245184174]]
21350767	[1, [0.010727713653367998, 0.989272286346632]]
72575991	[1, [0.04543944529940236, 0.9545605547005976]]
6115406	[1, [0.02810274667572432, 0.9718972533242757]]
5524187	[1, [0.031433712729256436, 0.9685662872707436]]
7925506	[1, [0.026840224210798125, 0.9731597757892019]]
9155457	[1, [0.006263725250382213, 0.9937362747496178]]
7984805	[1, [0.00033276187332997864, 0.99966723812667]]
9005450	[1, [0.037450607840541106, 0.9625493921594589]]
86187378	[1, [0.014317646282216656, 0.9856823537177833]]
6871911	[1, [0.03778167391171361, 0.9622183260882864]]
85327233	[1, [0.003565919096303216, 0.9964340809036968]]
24199284	[1, [0.004330950366101538, 0.9956690496338985]]
7783999	[1, [0.0019505472949591374, 0.9980494527050409]]
17253570	[1, [0.03519857335868071, 0.9648014266413193]]
40513887	[1, [0.027825583196604553, 0.9721744168033954]]
25276539	[1, [0.026234567496504102, 0.9737654325034959]]
5310517	[1, [0.039637012630889146, 0.9603629873691109]]
7575225	[1, [0.010560052489631877, 0.9894399475103681]]
7978552	[1, [0.017234667326562314, 0.9827653326734377]]
7979020	[1, [0.04860971520322266, 0.9513902847967773]]
5211917	[1, [0.02306257180893967, 0.9769374281910603]]
5210721	[1, [0.018188632189385157, 0.9818113678106148]]
5210722	[1, [0.007454458775915773, 0.9925455412240842]]
9229358	[1, [0.003750869885054686, 0.9962491301149453]]
73792565	[1, [0.00751250727850028, 0.9924874927214997]]
78343746	[1, [0.024655008944750145, 0.9753449910552499]]
7877585	[1, [0.0026725941063797665, 0.9973274058936202]]
7979018	[1, [0.03710415658305366, 0.9628958434169463]]
33102871	[1, [0.01793474621896196, 0.982065253781038]]
66571763	[1, [0.011199016068894285, 0.9888009839311057]]
94858685	[1, [0.0032632345156148324, 0.9967367654843852]]
5212054	[1, [0.04576645576972738, 0.9542335442302726]]
7942761	[1, [0.032946856589852636, 0.9670531434101474]]
51586973	[1, [0.03380193922059749, 0.9661980607794025]]
7875725	[1, [0.0018831952994103895, 0.9981168047005896]]
6135566	[1, [0.02172699217606988, 0.9782730078239301]]
35459898	[1, [0.0033595967329201892, 0.9966404032670798]]
26295814	[1, [0.04443303130031995, 0.95556696869968]]
7093360	[1, [0.03435233625498568, 0.9656476637450143]]
9079870	[1, [0.021286307652305214, 0.9787136923476948]]
5748516	[1, [0.0026721130779820967, 0.9973278869220179]]
78578947	[1, [0.0026499651069922248, 0.9973500348930078]]
66729650	[1, [0.007766274655834793, 0.9922337253441652]]
6994003	[1, [0.028261815369231447, 0.9717381846307686]]
7936758	[1, [0.016898979904721112, 0.9831010200952789]]
49774508	[1, [0.04623155772092058, 0.9537684422790794]]
5748192	[1, [0.014290556509775287, 0.9857094434902247]]
92252033	[1, [0.04310148616831655, 0.9568985138316835]]
9240207	[1, [0.02494494912840417, 0.9750550508715958]]
9239565	[1, [0.036960585629405185, 0.9630394143705948]]
56179160	[1, [0.016635222953232942, 0.9833647770467671]]
28132309	[1, [0.031328653023066755, 0.9686713469769332]]
19845757	[1, [0.039454431622028885, 0.9605455683779711]]
19812914	[1, [0.032551473367087747, 0.9674485266329123]]
99865888	[1, [0.04828418113605182, 0.9517158188639482]]
57088499	[1, [0.03501583374586614, 0.9649841662541339]]
7830700	[1, [0.011989421422882618, 0.9880105785771174]]
15313655	[1, [0.027919134694565084, 0.9720808653054349]]
55731038	[1, [0.03620408136211495, 0.963795918637885]]
63373491	[1, [0.0191810438440293, 0.9808189561559707]]
44843497	[1, [0.046760220011599185, 0.9532397799884008]]
9242590	[1, [0.01263895942233273, 0.9873610405776673]]
7970250	[1, [0.04661637351845005, 0.95338362648155]]
5401642	[1, [0.035630138948733125, 0.9643698610512669]]
16019038	[1, [0.03310152569882341, 0.9668984743011766]]
45903600	[1, [0.017576588426479578, 0.9824234115735204]]
5878498	[1, [0.003849200958573329, 0.9961507990414267]]
16696215	[1, [0.04655781348793708, 0.9534421865120629]]
5628167	[1, [0.007741902129209777, 0.9922580978707902]]
5624615	[1, [0.028843497881883562, 0.9711565021181164]]
6532012	[1, [0.0386126635231161, 0.9613873364768839]]
16019193	[1, [0.014444416263481585, 0.9855555837365184]]
9136582	[1, [0.015058719769248774, 0.9849412802307512]]
45881736	[1, [0.0456290322242886, 0.9543709677757114]]
6802935	[1, [0.02790909275353226, 0.9720909072464677]]
85782676	[1, [0.013135159653013928, 0.9868648403469861]]
5160624	[1, [0.04469830224218996, 0.95530169775781]]
5768650	[1, [0.03525655343027223, 0.9647434465697278]]
7968411	[1, [0.032946856589852636, 0.9670531434101474]]
5160614	[1, [0.033722535153401845, 0.9662774648465982]]
5157234	[1, [0.00262785829568446, 0.9973721417043155]]
27615391	[1, [0.0008745336712479013, 0.9991254663287521]]
9226631	[1, [0.03372810313700936, 0.9662718968629906]]
5772350	[1, [0.02688829223092215, 0.9731117077690778]]
9147377	[1, [0.028983517271836012, 0.971016482728164]]
5960611	[1, [0.03306230406078792, 0.9669376959392121]]
13211268	[1, [0.04202243916431103, 0.957977560835689]]
13192774	[1, [0.029365203714820654, 0.9706347962851793]]
9207654	[1, [0.025203824299541155, 0.9747961757004588]]
9227189	[1, [0.04379712029919669, 0.9562028797008033]]
5964586	[1, [0.026108939941000053, 0.973891060059]]
9147667	[1, [0.022646064418856082, 0.9773539355811439]]
9209108	[1, [0.02224857862523444, 0.9777514213747656]]
87769797	[1, [0.04421507858366991, 0.9557849214163301]]
16916687	[1, [0.012317211224439295, 0.9876827887755607]]
7954079	[1, [0.04317226825620879, 0.9568277317437912]]
79776905	[1, [0.019131037497915004, 0.980868962502085]]
6656925	[1, [0.015814043988049087, 0.9841859560119509]]
6188629	[1, [0.04581798776920942, 0.9541820122307906]]
6147887	[1, [0.034528946182251996, 0.965471053817748]]
6146628	[1, [0.030508070206895832, 0.9694919297931042]]
7051612	[1, [0.0003852402136718114, 0.9996147597863282]]
79549184	[1, [0.041911758049484216, 0.9580882419505158]]
6657025	[1, [0.015156524472933586, 0.9848434755270664]]
6186917	[1, [0.04786616408945377, 0.9521338359105462]]
53768993	[1, [0.014646877057117758, 0.9853531229428822]]
9142131	[1, [0.028836602349421425, 0.9711633976505786]]
58261067	[1, [0.009902992598333271, 0.9900970074016667]]
5800020	[1, [0.0017626967548708405, 0.9982373032451292]]
9153825	[1, [0.02278301112172354, 0.9772169888782765]]
7851607	[1, [0.01708965876350499, 0.982910341236495]]
7000212	[1, [0.028226646960285207, 0.9717733530397148]]
11595070	[1, [0.04580495493136649, 0.9541950450686335]]
12777897	[1, [0.01252803671812508, 0.9874719632818749]]
91932568	[1, [0.008186614244305002, 0.991813385755695]]
38125803	[1, [0.03770330804096922, 0.9622966919590308]]
27476191	[1, [0.03568436965541644, 0.9643156303445836]]
6101212	[1, [0.03640108779124174, 0.9635989122087583]]
6959269	[1, [6.0181182439889014e-05, 0.9999398188175601]]
36320331	[1, [0.007847243102895418, 0.9921527568971046]]
5474720	[1, [0.03426951594473948, 0.9657304840552605]]
38107446	[1, [0.03690704778514742, 0.9630929522148526]]
82161703	[1, [0.011348090018121537, 0.9886519099818785]]
10644839	[1, [0.011794982965004808, 0.9882050170349952]]
64681800	[1, [0.004634205076068376, 0.9953657949239316]]
7982557	[1, [0.01434258452914694, 0.9856574154708531]]
7724050	[1, [0.03206790649235236, 0.9679320935076476]]
7700757	[1, [0.00849562563932349, 0.9915043743606765]]
40038156	[1, [0.028007222599685466, 0.9719927774003145]]
5656028	[1, [0.02555500219969198, 0.974444997800308]]
16710533	[1, [0.02896179966272827, 0.9710382003372717]]
75664629	[1, [0.04646223762261048, 0.9535377623773895]]
7983038	[1, [0.03230858545865867, 0.9676914145413413]]
7193297	[1, [0.02770903365225097, 0.972290966347749]]
20264871	[1, [0.03544146000697901, 0.964558539993021]]
41376180	[1, [0.017807366049417905, 0.9821926339505821]]
7189874	[1, [0.046862116318677205, 0.9531378836813228]]
5279588	[1, [0.033228194073597006, 0.966771805926403]]
6010706	[1, [0.005212839997787322, 0.9947871600022127]]
6168471	[1, [0.005615336523560943, 0.9943846634764391]]
6666754	[1, [0.010748229757517547, 0.9892517702424825]]
5276505	[1, [0.016787471301015988, 0.983212528698984]]
75634989	[1, [0.04695379206442618, 0.9530462079355738]]
7961334	[1, [0.015050884437780576, 0.9849491155622194]]
71484672	[1, [0.0467570348118328, 0.9532429651881672]]
9251681	[1, [0.012141107325202571, 0.9878588926747974]]
89444243	[1, [0.01517344662307507, 0.9848265533769249]]
6965984	[1, [0.044693912028049176, 0.9553060879719508]]
7356486	[1, [0.04660849596523675, 0.9533915040347632]]
9251844	[1, [0.011847694639376627, 0.9881523053606234]]
7653604	[1, [0.007745141400626543, 0.9922548585993735]]
7288075	[1, [0.028255585312167653, 0.9717444146878323]]
9251839	[1, [0.028636235515273722, 0.9713637644847263]]
93274271	[1, [0.03153385058020919, 0.9684661494197908]]
7654094	[1, [0.022626792097258708, 0.9773732079027413]]
25977875	[1, [0.019613259523827975, 0.980386740476172]]
71510864	[1, [0.006331371508521033, 0.993668628491479]]
58841106	[1, [0.02932436006404804, 0.970675639935952]]
6643768	[1, [0.0012117368753599145, 0.9987882631246401]]
5662941	[1, [0.012863373596229799, 0.9871366264037702]]
23179582	[1, [0.024276057892349656, 0.9757239421076503]]
7381388	[1, [0.020175568926735665, 0.9798244310732643]]
5553230	[1, [0.0048736223052116, 0.9951263776947884]]
5650490	[1, [2.2491255056156234e-06, 0.9999977508744944]]
5648394	[1, [2.191713637800241e-06, 0.9999978082863622]]
5107775	[1, [0.0039059507425248663, 0.9960940492574751]]
9039483	[1, [0.01984703407899413, 0.9801529659210059]]
5650626	[1, [0.023512229680033747, 0.9764877703199663]]
35877217	[1, [0.04528486742078108, 0.9547151325792189]]
6235532	[1, [0.006759992511871982, 0.993240007488128]]
86960132	[1, [0.04074480557524862, 0.9592551944247514]]
62243048	[1, [0.020592624397493098, 0.9794073756025069]]
93074454	[1, [0.02883129689981201, 0.971168703100188]]
5664908	[1, [0.015727753994831506, 0.9842722460051685]]
6201696	[1, [0.00906816486724149, 0.9909318351327585]]
67584019	[1, [0.04965120464038186, 0.9503487953596181]]
7932715	[1, [0.010865438330416977, 0.989134561669583]]
28367808	[1, [0.04897346334298547, 0.9510265366570145]]
44207252	[1, [0.0066310591632062765, 0.9933689408367937]]
5664724	[1, [0.03278487594263202, 0.967215124057368]]
59117354	[1, [0.004113361093149304, 0.9958866389068507]]
73406950	[1, [0.022243961579306748, 0.9777560384206933]]
5698207	[1, [0.013177596044732676, 0.9868224039552673]]
7806202	[1, [0.0046997759709696, 0.9953002240290304]]
7807481	[1, [0.040396991518890535, 0.9596030084811095]]
9221473	[1, [0.0369694300620913, 0.9630305699379087]]
9277263	[1, [0.034901735715056725, 0.9650982642849433]]
5218895	[1, [0.0037187324144640765, 0.9962812675855359]]
41275267	[1, [0.008376867703083213, 0.9916231322969168]]
99931992	[1, [0.006286481177591563, 0.9937135188224084]]
5218902	[1, [2.6226037556975612e-05, 0.999973773962443]]
44740743	[1, [0.007272453877812279, 0.9927275461221877]]
62132192	[1, [0.02935068886258263, 0.9706493111374174]]
9083691	[1, [0.01348404044939644, 0.9865159595506036]]
7371504	[1, [0.013697758642107427, 0.9863022413578926]]
9277044	[1, [0.023753397014704136, 0.9762466029852959]]
5856734	[1, [0.0132647676209795, 0.9867352323790205]]
5622536	[1, [0.014932697820506213, 0.9850673021794938]]
20388152	[1, [0.00237653031083096, 0.997623469689169]]
17848505	[1, [0.034720222674604395, 0.9652797773253956]]
9121925	[1, [0.027907216191746964, 0.972092783808253]]
7115785	[1, [0.01903448036823474, 0.9809655196317653]]
6227915	[1, [0.001025183563228338, 0.9989748164367717]]
6434784	[1, [0.04743539313802125, 0.9525646068619787]]
88163501	[1, [0.0026695166634596035, 0.9973304833365404]]
5255887	[1, [0.011223773805914328, 0.9887762261940857]]
7988917	[1, [0.03638609618984057, 0.9636139038101594]]
30847090	[1, [0.04782417106395542, 0.9521758289360446]]
9233844	[1, [0.010405820753438766, 0.9895941792465612]]
6435262	[1, [0.016703573652327997, 0.983296426347672]]
75204604	[1, [0.03773670317014621, 0.9622632968298538]]
5112935	[1, [0.03583801223339411, 0.9641619877666059]]
22799234	[1, [0.00974358182763746, 0.9902564181723625]]
46286552	[1, [0.030324517378615634, 0.9696754826213844]]
6230216	[1, [0.006759992511871982, 0.993240007488128]]
62856228	[1, [0.03862760477711591, 0.9613723952228841]]
39858232	[1, [0.020616921268615584, 0.9793830787313844]]
61515007	[1, [0.041440817250047, 0.958559182749953]]
62844312	[1, [0.04983785833414045, 0.9501621416658595]]
6386622	[1, [0.048960466419151194, 0.9510395335808488]]
64391924	[1, [0.013551121287609269, 0.9864488787123907]]
50617719	[1, [0.023303720176716336, 0.9766962798232837]]
40009823	[1, [0.044250029055399764, 0.9557499709446002]]
17977619	[1, [0.027602900513427953, 0.972397099486572]]
48049025	[1, [0.01711898337791462, 0.9828810166220854]]
54267333	[1, [0.04332307362053467, 0.9566769263794653]]
9226000	[1, [0.02494494912840417, 0.9750550508715958]]
80943594	[1, [0.04819595266147003, 0.95180404733853]]
45364377	[1, [0.04752469520357805, 0.952475304796422]]
9007463	[1, [0.020771629520336843, 0.9792283704796632]]
7834796	[1, [0.018745939049037097, 0.9812540609509629]]
65731042	[1, [0.016626059747886446, 0.9833739402521136]]
9145044	[1, [0.012584187784701939, 0.9874158122152981]]
6550089	[1, [0.04054501851511472, 0.9594549814848853]]
5140279	[1, [0.02180326718379577, 0.9781967328162042]]
6692217	[1, [0.007731230064987327, 0.9922687699350127]]
6537560	[1, [0.010324998728474699, 0.9896750012715253]]
20050159	[1, [0.04188724076707162, 0.9581127592329284]]
57771693	[1, [0.016022125592979886, 0.9839778744070201]]
25397803	[1, [0.02908358131558708, 0.9709164186844129]]
5135559	[1, [0.03462302306285281, 0.9653769769371472]]
7834109	[1, [0.04195118981599821, 0.9580488101840018]]
88376628	[1, [0.027420567287722353, 0.9725794327122776]]
5301184	[1, [0.032395541342954526, 0.9676044586570455]]
6538013	[1, [0.019581654147808436, 0.9804183458521916]]
88080770	[1, [0.03350222249364232, 0.9664977775063577]]
90886365	[1, [0.0214702757754901, 0.9785297242245099]]
5679755	[1, [0.019815508436666462, 0.9801844915633335]]
6850883	[1, [0.03453007490004978, 0.9654699250999502]]
24568106	[1, [0.038840070355364076, 0.9611599296446359]]
78955883	[1, [0.024763895011628678, 0.9752361049883713]]
63885195	[1, [0.0049579579527931905, 0.9950420420472068]]
6152671	[1, [0.010015922069040561, 0.9899840779309594]]
5142178	[1, [0.04992720912397375, 0.9500727908760263]]
36658560	[1, [0.031073933978776336, 0.9689260660212237]]
5119446	[1, [0.04283086626612487, 0.9571691337338751]]
6909762	[1, [0.0378759508859835, 0.9621240491140165]]
66877188	[1, [0.04340958171793896, 0.956590418282061]]
6782693	[1, [0.0016686454174469345, 0.9983313545825531]]
79739206	[1, [0.04782724412637496, 0.952172755873625]]
9232871	[1, [0.033117218332551435, 0.9668827816674486]]
32519799	[1, [0.01919259973043108, 0.9808074002695689]]
41944471	[1, [0.014714535075291968, 0.985285464924708]]
75437696	[1, [0.02630735191731426, 0.9736926480826857]]
7926731	[1, [0.03541131335743419, 0.9645886866425658]]
9264667	[1, [0.019116533920437995, 0.980883466079562]]
7795588	[1, [0.014749941659498278, 0.9852500583405017]]
6904687	[1, [0.008040955713255582, 0.9919590442867444]]
79065577	[1, [0.029279369743475447, 0.9707206302565246]]
7927262	[1, [0.031086379049474977, 0.968913620950525]]
50905615	[1, [0.044769587732778615, 0.9552304122672214]]
9263698	[1, [0.00047434529914569534, 0.9995256547008543]]
7981650	[1, [0.01230022906393724, 0.9876997709360628]]
59856947	[1, [0.02801225913854999, 0.97198774086145]]
5970410	[1, [0.037916625121972136, 0.9620833748780279]]
6670778	[1, [0.0005106774504836098, 0.9994893225495164]]
9201274	[1, [0.02150336484886728, 0.9784966351511327]]
12341269	[1, [0.046270542167520246, 0.9537294578324798]]
50675086	[1, [0.049432343657529354, 0.9505676563424706]]
9201495	[1, [0.003078138588497481, 0.9969218614115025]]
12121080	[1, [0.01941817645049493, 0.9805818235495051]]
24984067	[1, [0.031457133654125835, 0.9685428663458742]]
92389759	[1, [0.028766661516384073, 0.9712333384836159]]
67790422	[1, [0.04842511921887105, 0.951574880781129]]
79960146	[1, [0.04602420048300315, 0.9539757995169968]]
5635607	[1, [0.04366828050999827, 0.9563317194900017]]
5247523	[1, [0.03961252939338178, 0.9603874706066182]]
9135339	[1, [0.04767097041362833, 0.9523290295863717]]
5633922	[1, [0.0013536493326933297, 0.9986463506673067]]
5260247	[1, [0.0020976913120613894, 0.9979023086879386]]
5374640	[1, [0.0468916438651249, 0.9531083561348751]]
73315381	[1, [0.008742292998921819, 0.9912577070010782]]
57056588	[1, [0.0167783704809652, 0.9832216295190348]]
6158279	[1, [0.01186755053763322, 0.9881324494623668]]
6155591	[1, [0.0254946793832016, 0.9745053206167984]]
7959056	[1, [0.0006448189303435159, 0.9993551810696565]]
13267960	[1, [0.013533561222179746, 0.9864664387778203]]
31853146	[1, [0.023886804583328702, 0.9761131954166713]]
5528099	[1, [0.026116925100830524, 0.9738830748991695]]
44472760	[1, [0.046385488415325304, 0.9536145115846747]]
60327467	[1, [0.022915666074585395, 0.9770843339254146]]
71847198	[1, [0.03832787427458195, 0.961672125725418]]
7208675	[1, [2.476342375601348e-07, 0.9999997523657624]]
7962747	[1, [0.03785552960520788, 0.9621444703947921]]
12867641	[1, [0.004161526252280723, 0.9958384737477193]]
5564656	[1, [0.0013668315158971156, 0.9986331684841029]]
7962345	[1, [0.014768501685005542, 0.9852314983149945]]
96715541	[1, [0.0018087175543771705, 0.9981912824456228]]
80500406	[1, [0.008003549347851968, 0.991996450652148]]
19803370	[1, [0.006805184612751924, 0.9931948153872481]]
86027111	[1, [0.019307987659118897, 0.9806920123408811]]
86025270	[1, [0.0046831381193674915, 0.9953168618806325]]
9149453	[1, [0.02687472393383028, 0.9731252760661697]]
7907632	[1, [0.014743676640489811, 0.9852563233595102]]
47932193	[1, [0.014731593825116795, 0.9852684061748832]]
6797669	[1, [0.02790909275353226, 0.9720909072464677]]
47871931	[1, [0.010941039884043935, 0.9890589601159561]]
9236829	[1, [0.036256544380925626, 0.9637434556190744]]
23499965	[1, [0.02484458122953881, 0.9751554187704612]]
9293367	[1, [0.026821757150067738, 0.9731782428499323]]
68589638	[1, [0.0497826539115539, 0.9502173460884461]]
86029650	[1, [0.0011878424544887745, 0.9988121575455112]]
6903947	[1, [0.0245377306693918, 0.9754622693306082]]
5324431	[1, [0.016609666011969892, 0.9833903339880301]]
7910603	[1, [0.004547008848198475, 0.9954529911518015]]
5319927	[1, [0.03235690835899907, 0.9676430916410009]]
6678110	[1, [0.00034194155533684434, 0.9996580584446632]]
7913155	[1, [0.04329357371584264, 0.9567064262841574]]
7971971	[1, [0.03257746729701272, 0.9674225327029873]]
93504991	[1, [0.003302354329015822, 0.9966976456709842]]
89358301	[1, [0.04562460008559066, 0.9543753999144093]]
5609042	[1, [0.01186755053763322, 0.9881324494623668]]
7663502	[1, [0.008637589891229425, 0.9913624101087706]]
27572937	[1, [0.04252226287879646, 0.9574777371212035]]
82706130	[1, [0.03354951204429213, 0.9664504879557079]]
68287483	[1, [0.01789603656977723, 0.9821039634302228]]
6943121	[1, [0.039946161077551, 0.960053838922449]]
95588984	[1, [0.03220106244882981, 0.9677989375511702]]
78642375	[1, [0.04649646284256981, 0.9535035371574302]]
27565745	[1, [0.0062504104292699925, 0.99374958957073]]
5608762	[1, [0.04706359655989334, 0.9529364034401067]]
81076305	[1, [0.032105588019559206, 0.9678944119804408]]
85082626	[1, [0.004099877442680588, 0.9959001225573194]]
52920794	[1, [0.04016650008395639, 0.9598334999160436]]
9245306	[1, [0.017668294503755178, 0.9823317054962448]]
9245161	[1, [0.01539457530685473, 0.9846054246931453]]
9125290	[1, [0.016347098038685615, 0.9836529019613144]]
7934881	[1, [0.010107884124244904, 0.9898921158757551]]
85480262	[1, [0.048996390301119574, 0.9510036096988804]]
58967587	[1, [0.04085671898052856, 0.9591432810194714]]
6585636	[1, [0.018406731646430363, 0.9815932683535696]]
53965616	[1, [0.00024575649627900376, 0.999754243503721]]
5325358	[1, [0.017788905292832613, 0.9822110947071674]]
9133548	[1, [0.00853076849281531, 0.9914692315071847]]
23631629	[1, [0.025612061334623015, 0.974387938665377]]
7210380	[1, [0.03480507557551138, 0.9651949244244886]]
6526523	[1, [0.00907314004700055, 0.9909268599529995]]
7642586	[1, [0.023377408939019184, 0.9766225910609808]]
7643849	[1, [0.007041764436586884, 0.9929582355634131]]
61112565	[1, [0.025950334474518777, 0.9740496655254812]]
9150047	[1, [0.039826243823922414, 0.9601737561760776]]
5174654	[1, [0.024584251532937418, 0.9754157484670626]]
9150043	[1, [0.010232760308976796, 0.9897672396910232]]
6686278	[1, [0.015156524472933586, 0.9848434755270664]]
88992360	[1, [0.010365838897583579, 0.9896341611024164]]
7212783	[1, [0.02121930899487201, 0.978780691005128]]
7212677	[1, [0.014017115508788813, 0.9859828844912112]]
92660219	[1, [0.044420558109854125, 0.9555794418901459]]
6766125	[1, [0.04239355123881239, 0.9576064487611876]]
7642173	[1, [0.013231233128808362, 0.9867687668711916]]
5186869	[1, [0.01891410779007119, 0.9810858922099288]]
99538829	[1, [0.008194976862652914, 0.9918050231373471]]
53516730	[1, [0.0333893494251194, 0.9666106505748806]]
53436588	[1, [0.03486584938085746, 0.9651341506191425]]
5940211	[1, [0.016795517883955613, 0.9832044821160444]]
5186185	[1, [0.04768894839878324, 0.9523110516012168]]
7995839	[1, [0.0493774087463299, 0.9506225912536701]]
10140066	[1, [0.001683728370235671, 0.9983162716297643]]
51657385	[1, [0.01428784902547997, 0.98571215097452]]
7789235	[1, [0.04182989047031205, 0.958170109529688]]
7789115	[1, [0.03757697126091386, 0.9624230287390861]]
7868258	[1, [0.01889665294426568, 0.9811033470557343]]
32750835	[1, [0.0013094664563840785, 0.9986905335436159]]
5668472	[1, [0.03747816166754658, 0.9625218383324534]]
6604061	[1, [0.0009893632056731105, 0.9990106367943269]]
5689229	[1, [0.0007200896211703167, 0.9992799103788297]]
41870438	[1, [0.038267428725650476, 0.9617325712743495]]
74959436	[1, [0.04985349994258459, 0.9501465000574154]]
5689511	[1, [0.0001906444299355492, 0.9998093555700645]]
7916939	[1, [0.006952805413355301, 0.9930471945866447]]
5806942	[1, [0.00039957440572380154, 0.9996004255942762]]
7916829	[1, [0.02745570872239611, 0.9725442912776039]]
51469343	[1, [0.013931237705319899, 0.9860687622946801]]
88622605	[1, [0.041507710540098386, 0.9584922894599016]]
7675879	[1, [0.03663764456841678, 0.9633623554315832]]
7773678	[1, [0.044936804854702084, 0.9550631951452979]]
85375799	[1, [0.03788122300285468, 0.9621187769971453]]
9014779	[1, [0.043680111080577566, 0.9563198889194224]]
44972337	[1, [0.042286246129509486, 0.9577137538704905]]
68960469	[1, [0.049778225421484024, 0.950221774578516]]
46889728	[1, [0.04083748561202105, 0.959162514387979]]
72048617	[1, [0.02040051870518733, 0.9795994812948127]]
70431367	[1, [0.043869456922841166, 0.9561305430771588]]
57374942	[1, [0.0033519412039736407, 0.9966480587960264]]
5668018	[1, [0.020443500953026383, 0.9795564990469736]]
5305059	[1, [0.02895099187404948, 0.9710490081259505]]
76735019	[1, [0.0002722741977204679, 0.9997277258022795]]
84912928	[1, [0.03209174089735867, 0.9679082591026413]]
54539259	[1, [0.004015405876561351, 0.9959845941234386]]
24298375	[1, [0.030437535473793687, 0.9695624645262063]]
5531948	[1, [0.004740242434293274, 0.9952597575657067]]
5305929	[1, [0.04644906052972664, 0.9535509394702734]]
5653697	[1, [0.02595646293322862, 0.9740435370667714]]
94341287	[1, [0.031472298060131854, 0.9685277019398681]]
24143094	[1, [0.04300061984527259, 0.9569993801547274]]
5405898	[1, [0.04054451580801499, 0.959455484191985]]
9309332	[1, [0.01364953242832423, 0.9863504675716758]]
99345450	[1, [0.005401718104129483, 0.9945982818958705]]
5671474	[1, [0.03916683288870537, 0.9608331671112946]]
7974437	[1, [0.03215204688035744, 0.9678479531196426]]
7917973	[1, [0.011571518384723922, 0.9884284816152761]]
7254130	[1, [0.032488021474965545, 0.9675119785250345]]
72268140	[1, [0.011869275923479083, 0.9881307240765209]]
7687847	[1, [0.014038578910246735, 0.9859614210897533]]
40254704	[1, [0.01724199235757906, 0.9827580076424209]]
9041341	[1, [0.002310194977531266, 0.9976898050224687]]
7177439	[1, [0.02770903365225097, 0.972290966347749]]
7688944	[1, [0.0017770909988794603, 0.9982229090011205]]
7666929	[1, [0.007418424310136951, 0.992581575689863]]
98484626	[1, [0.04280685953588392, 0.9571931404641161]]
70728086	[1, [0.048018304375652354, 0.9519816956243476]]
38266139	[1, [0.0495383033863549, 0.9504616966136451]]
7669292	[1, [0.02849425920887061, 0.9715057407911294]]
47509829	[1, [0.01112964623068946, 0.9888703537693105]]
81364096	[1, [0.01535738416112331, 0.9846426158388767]]
87229151	[1, [0.03684763245613221, 0.9631523675438678]]
91733638	[1, [0.04535037310844403, 0.954649626891556]]
72077049	[1, [0.047882170473796504, 0.9521178295262035]]
9195730	[1, [0.03998739188028633, 0.9600126081197137]]
5743812	[1, [0.018549249808468282, 0.9814507501915317]]
87553408	[1, [0.04353133851183755, 0.9564686614881625]]
6222381	[1, [0.034843165840219625, 0.9651568341597804]]
7998986	[1, [0.01766666573904796, 0.982333334260952]]
9211014	[1, [0.0004559006907194352, 0.9995440993092806]]
6218654	[1, [0.006108649007956157, 0.9938913509920438]]
6843097	[1, [0.006878902759217431, 0.9931210972407826]]
43660635	[1, [0.022225747983248834, 0.9777742520167512]]
5728344	[1, [0.007427069768288552, 0.9925729302317114]]
72077179	[1, [0.032028389348782604, 0.9679716106512174]]
7975492	[1, [0.045886295037284586, 0.9541137049627154]]
9271785	[1, [0.04617620952812096, 0.953823790471879]]
9253783	[1, [0.025023820329414637, 0.9749761796705854]]
98864210	[1, [0.008246517999960234, 0.9917534820000398]]
9328357	[1, [0.002271044413775236, 0.9977289555862248]]
20136209	[1, [0.02886738157824309, 0.9711326184217569]]
6948258	[1, [0.038122858128505355, 0.9618771418714946]]
7930228	[1, [0.005685876214509777, 0.9943141237854902]]
5555657	[1, [0.042843289059739664, 0.9571567109402603]]
99801567	[1, [0.041267377382378956, 0.958732622617621]]
5659149	[1, [0.02595646293322862, 0.9740435370667714]]
7132852	[1, [0.04798409292665495, 0.952015907073345]]
5658370	[1, [0.03140834227410216, 0.9685916577258978]]
