17542452	[1, [0.02110979473962249, 0.9788902052603775]]
82145629	[1, [0.024005962408100934, 0.9759940375918991]]
9199039	[1, [0.016911758215299333, 0.9830882417847007]]
38080735	[1, [0.029172008916397152, 0.9708279910836028]]
10588947	[1, [0.019011012606495625, 0.9809889873935044]]
9000090	[1, [0.008594937367145561, 0.9914050626328544]]
96580348	[1, [0.003512126606682875, 0.9964878733933171]]
9200151	[1, [0.027511006746236966, 0.972488993253763]]
10603700	[1, [0.03733454231353217, 0.9626654576864678]]
55830258	[1, [0.014167101446686314, 0.9858328985533137]]
36370916	[1, [0.02596511143205127, 0.9740348885679487]]
47639604	[1, [0.03120758230611631, 0.9687924176938837]]
13887579	[1, [0.026019619549576767, 0.9739803804504232]]
80311561	[1, [0.04790240277154456, 0.9520975972284554]]
47587555	[1, [0.008189077374338938, 0.9918109226256611]]
70620028	[1, [0.0328841192133158, 0.9671158807866842]]
10582194	[1, [0.0001971801469693446, 0.9998028198530307]]
48880225	[1, [0.02846170458867925, 0.9715382954113208]]
96558660	[1, [0.022922533598867645, 0.9770774664011324]]
48922606	[1, [0.0005576176896016083, 0.9994423823103984]]
14727231	[1, [0.00108152994870081, 0.9989184700512992]]
80827398	[1, [0.014589265199930979, 0.985410734800069]]
73640106	[1, [0.03260724487970468, 0.9673927551202953]]
66808481	[1, [0.03762251390730409, 0.9623774860926959]]
51004017	[1, [0.011405792966806327, 0.9885942070331937]]
6648077	[1, [0.005807545527293345, 0.9941924544727067]]
80769673	[1, [0.01369936746787992, 0.9863006325321201]]
66816889	[1, [0.0014277282572537908, 0.9985722717427462]]
14701612	[1, [0.023622698215657545, 0.9763773017843425]]
78084138	[1, [0.0003804551592796468, 0.9996195448407204]]
39520902	[1, [0.0045797268353892084, 0.9954202731646108]]
77035089	[1, [0.026222147743578117, 0.9737778522564219]]
71170443	[1, [0.003992275091312947, 0.996007724908687]]
50982695	[1, [0.0398880211113104, 0.9601119788886896]]
80814190	[1, [0.02207775221337338, 0.9779222477866266]]
5309245	[1, [0.006724168092315352, 0.9932758319076846]]
59354222	[1, [0.010192243437686654, 0.9898077565623133]]
65607724	[1, [0.003154962083284918, 0.9968450379167151]]
25277478	[1, [0.01052056735072604, 0.989479432649274]]
69872490	[1, [0.00018495217956915333, 0.9998150478204308]]
59382447	[1, [0.0014218756100216057, 0.9985781243899784]]
9115126	[1, [0.037524370303531396, 0.9624756296964686]]
66799456	[1, [0.001984723593018045, 0.998015276406982]]
91826257	[1, [0.0017242643391048862, 0.9982757356608951]]
60573541	[1, [0.00010969482715561529, 0.9998903051728444]]
9256913	[1, [0.005165492904928182, 0.9948345070950718]]
56503697	[1, [0.01846198671471877, 0.9815380132852812]]
20780974	[1, [0.02064244308849983, 0.9793575569115002]]
41427842	[1, [0.002953455873680011, 0.99704654412632]]
60603880	[1, [0.0010937364233339908, 0.998906263576666]]
60571992	[1, [0.017595083013042023, 0.982404916986958]]
99052061	[1, [0.03446691682701808, 0.9655330831729819]]
61397142	[1, [1.8797653804192294e-05, 0.9999812023461958]]
93780122	[1, [0.02409391242279013, 0.9759060875772099]]
88603742	[1, [0.00026495458029840435, 0.9997350454197016]]
60590787	[1, [0.045408371308517714, 0.9545916286914823]]
90596796	[1, [0.015037477431091073, 0.9849625225689089]]
91818009	[1, [9.005561221508973e-05, 0.9999099443877849]]
29554686	[1, [0.02731077118913383, 0.9726892288108662]]
16790444	[1, [0.02475864579447329, 0.9752413542055267]]
91823910	[1, [0.019686542606555446, 0.9803134573934446]]
97563336	[1, [0.0487752762756164, 0.9512247237243836]]
90616328	[1, [3.52633043477768e-05, 0.9999647366956522]]
30282395	[1, [0.025457330892589947, 0.97454266910741]]
60541631	[1, [4.9089403579838375e-05, 0.9999509105964202]]
62358351	[1, [0.0012027460251564648, 0.9987972539748435]]
9255953	[1, [0.020482681221344334, 0.9795173187786557]]
73557458	[1, [0.0009693837640500913, 0.9990306162359499]]
56557917	[1, [0.013433621525721473, 0.9865663784742785]]
42267598	[1, [0.03314915383303163, 0.9668508461669684]]
7811112	[1, [0.0017212927456627947, 0.9982787072543372]]
52367487	[1, [0.02156044127438439, 0.9784395587256156]]
9073907	[1, [0.024011060152421604, 0.9759889398475784]]
52402196	[1, [0.002714134659508205, 0.9972858653404918]]
40373961	[1, [0.0036001410849988424, 0.9963998589150012]]
55145720	[1, [0.023036302436256872, 0.9769636975637431]]
40337256	[1, [0.011037450662429782, 0.9889625493375702]]
7844884	[1, [0.04715509633315962, 0.9528449036668404]]
67068575	[1, [0.00020664219418242702, 0.9997933578058176]]
78407090	[1, [0.007577947028800991, 0.992422052971199]]
7844578	[1, [0.02699304822588733, 0.9730069517741127]]
78429711	[1, [0.0053371575582747965, 0.9946628424417252]]
79229433	[1, [0.01953112490409159, 0.9804688750959084]]
79277288	[1, [0.04128439874974399, 0.958715601250256]]
92526771	[1, [0.00810418576215488, 0.9918958142378451]]
9073898	[1, [0.03369268577663276, 0.9663073142233672]]
9073542	[1, [0.013857231619877952, 0.986142768380122]]
91049974	[1, [0.02392092300030657, 0.9760790769996934]]
7985675	[1, [0.011487345725103237, 0.9885126542748968]]
79258422	[1, [0.0026035519554122866, 0.9973964480445877]]
39075262	[1, [0.03481749360225872, 0.9651825063977413]]
61356352	[1, [0.002166158948973651, 0.9978338410510263]]
66508367	[1, [0.018932276850824215, 0.9810677231491758]]
37841306	[1, [0.022860940635922256, 0.9771390593640777]]
77651919	[1, [0.0021154539576109244, 0.9978845460423891]]
7875725	[1, [0.0004828023085799993, 0.99951719769142]]
18390302	[1, [0.01610961106965414, 0.9838903889303459]]
94883637	[1, [0.006977346745416169, 0.9930226532545838]]
32174221	[1, [0.012035080023405142, 0.9879649199765949]]
51535512	[1, [0.00018515704739929806, 0.9998148429526007]]
74648189	[1, [0.011354269698394814, 0.9886457303016052]]
9081446	[1, [0.04818255809056082, 0.9518174419094392]]
20857363	[1, [0.00393112585365496, 0.996068874146345]]
32220464	[1, [0.04307415894173938, 0.9569258410582606]]
35446553	[1, [0.023297236322898374, 0.9767027636771016]]
63259893	[1, [0.0017482845807159642, 0.998251715419284]]
7877585	[1, [0.0018361342623576249, 0.9981638657376424]]
5214290	[1, [0.00341519620186026, 0.9965848037981397]]
73442059	[1, [0.00022013056039871248, 0.9997798694396013]]
9229062	[1, [0.011605175287280334, 0.9883948247127197]]
32218267	[1, [0.022789435650494516, 0.9772105643495055]]
32166659	[1, [0.02319137246895675, 0.9768086275310432]]
63261164	[1, [0.009590360811191023, 0.990409639188809]]
42566673	[1, [0.006603694333322863, 0.9933963056666771]]
38474479	[1, [8.51061436865086e-05, 0.9999148938563135]]
77930580	[1, [0.006222833973703046, 0.993777166026297]]
77653241	[1, [0.006891895476675569, 0.9931081045233244]]
9081876	[1, [0.01756237428444518, 0.9824376257155548]]
75387476	[1, [0.0298618566679707, 0.9701381433320293]]
42859567	[1, [0.02677187345220422, 0.9732281265477958]]
10861691	[1, [0.0013609512102895627, 0.9986390487897104]]
13534741	[1, [0.018980747776036977, 0.981019252223963]]
43899715	[1, [0.047457444291895245, 0.9525425557081048]]
72688509	[1, [4.334770311609226e-05, 0.9999566522968839]]
82029443	[1, [0.005911781784609382, 0.9940882182153906]]
34213577	[1, [9.803179356171476e-06, 0.9999901968206438]]
88696502	[1, [0.0011321099494632225, 0.9988678900505368]]
42540605	[1, [0.00022514821168917454, 0.9997748517883108]]
9231388	[1, [0.019254652416741513, 0.9807453475832585]]
67984708	[1, [0.03181630068679275, 0.9681836993132072]]
42877308	[1, [0.02103144888269448, 0.9789685511173055]]
88683651	[1, [0.003074367591241245, 0.9969256324087588]]
72633100	[1, [0.02648685673607365, 0.9735131432639264]]
9207563	[1, [0.04047726507526961, 0.9595227349247304]]
10821158	[1, [0.04427927747023441, 0.9557207225297656]]
21294589	[1, [0.03373220716395109, 0.9662677928360489]]
86613874	[1, [4.7865741402808304e-05, 0.9999521342585972]]
72633390	[1, [2.4029940118852622e-05, 0.9999759700598811]]
42900113	[1, [0.003339311543307244, 0.9966606884566928]]
75380905	[1, [0.010534694689649848, 0.9894653053103502]]
67949106	[1, [0.011695390818103002, 0.988304609181897]]
62647683	[1, [0.025345693778649148, 0.9746543062213509]]
7730157	[1, [0.0331411785943907, 0.9668588214056093]]
12271995	[1, [0.003000452603003856, 0.9969995473969961]]
85796988	[1, [0.000473689360651286, 0.9995263106393487]]
47156389	[1, [5.671421689668055e-05, 0.9999432857831033]]
31439336	[1, [0.03233591917225098, 0.967664080827749]]
20918382	[1, [0.0017958839627539858, 0.998204116037246]]
86999117	[1, [0.03691263404743028, 0.9630873659525697]]
9284912	[1, [0.006989449208984477, 0.9930105507910155]]
20878950	[1, [0.006556157447573541, 0.9934438425524265]]
40174125	[1, [0.005524318996394162, 0.9944756810036058]]
40583094	[1, [0.006499290607826724, 0.9935007093921733]]
62654924	[1, [0.0006817758669370733, 0.9993182241330629]]
74939337	[1, [0.02081822604721406, 0.9791817739527859]]
97904950	[1, [0.0337109201721264, 0.9662890798278736]]
97928936	[1, [0.013559149427792128, 0.9864408505722079]]
45805784	[1, [0.041138974596081956, 0.958861025403918]]
34994590	[1, [0.03534300024410708, 0.9646569997558929]]
40557909	[1, [7.279625332423656e-06, 0.9999927203746676]]
9283522	[1, [0.009906123811221024, 0.990093876188779]]
9016653	[1, [0.026255474188412897, 0.9737445258115871]]
63484674	[1, [0.015682282153877125, 0.9843177178461229]]
18689781	[1, [0.042951062034336296, 0.9570489379656637]]
97962158	[1, [0.018519846385934957, 0.981480153614065]]
67618492	[1, [0.0010861168794552567, 0.9989138831205447]]
85761355	[1, [0.03513149460084963, 0.9648685053991504]]
20904933	[1, [0.00010817747503899522, 0.999891822524961]]
21014299	[1, [0.03613773273823562, 0.9638622672617644]]
21029913	[1, [0.00035176271400338965, 0.9996482372859966]]
61479849	[1, [0.009159820908587024, 0.990840179091413]]
9312274	[1, [0.0005600780448656861, 0.9994399219551343]]
62685138	[1, [0.02089110064723343, 0.9791088993527666]]
74894906	[1, [3.764235680792094e-05, 0.9999623576431921]]
9240135	[1, [0.026254961267833776, 0.9737450387321662]]
9239801	[1, [0.04950476566425521, 0.9504952343357448]]
91542835	[1, [0.00016957811834794612, 0.999830421881652]]
67256881	[1, [0.04191840125945989, 0.9580815987405401]]
75148835	[1, [0.005047542775942326, 0.9949524572240577]]
81175510	[1, [0.02430893943788992, 0.9756910605621101]]
79343091	[1, [0.018175832322526175, 0.9818241676774738]]
13403924	[1, [0.0015593496931215478, 0.9984406503068785]]
9240676	[1, [0.006179160165526776, 0.9938208398344732]]
94713059	[1, [0.00706652812331543, 0.9929334718766846]]
65341722	[1, [0.036473616457770364, 0.9635263835422296]]
67287401	[1, [0.030552975103608437, 0.9694470248963916]]
67281151	[1, [0.01083992946946466, 0.9891600705305353]]
92228384	[1, [0.01952005048260841, 0.9804799495173916]]
12728806	[1, [4.479629985121303e-05, 0.9999552037001488]]
28446220	[1, [0.0457691665956631, 0.9542308334043369]]
54959134	[1, [0.0002470135715826327, 0.9997529864284174]]
54969903	[1, [0.003952260413470854, 0.9960477395865291]]
12721600	[1, [8.997644044561603e-05, 0.9999100235595544]]
81210578	[1, [0.04902607512506574, 0.9509739248749343]]
32536407	[1, [0.027368251913676644, 0.9726317480863234]]
17939527	[1, [0.009924527800653449, 0.9900754721993466]]
78192377	[1, [0.018482302400965822, 0.9815176975990342]]
15469082	[1, [0.0006708160857549217, 0.9993291839142451]]
12570432	[1, [4.1242700929422504e-05, 0.9999587572990706]]
16886683	[1, [0.04017455830812988, 0.9598254416918701]]
37740350	[1, [0.025912992634470444, 0.9740870073655296]]
36900948	[1, [0.0006233666989903242, 0.9993766333010097]]
25020259	[1, [0.022369728763958485, 0.9776302712360415]]
19329533	[1, [0.034630593211754435, 0.9653694067882456]]
23293540	[1, [0.044695270358260264, 0.9553047296417397]]
25023569	[1, [0.00885294637289169, 0.9911470536271083]]
12593894	[1, [0.0017106596563601917, 0.9982893403436398]]
28458508	[1, [0.03199208499662809, 0.9680079150033719]]
9005086	[1, [0.04081672622473376, 0.9591832737752662]]
40952996	[1, [5.996394994345344e-05, 0.9999400360500565]]
40981539	[1, [0.0034803176421633886, 0.9965196823578366]]
23227890	[1, [0.0012223931753058137, 0.9987776068246942]]
78158265	[1, [0.037774835644817095, 0.9622251643551829]]
31994206	[1, [0.0302810109970012, 0.9697189890029988]]
15475803	[1, [0.024648677131345442, 0.9753513228686546]]
84653659	[1, [0.010636278729295179, 0.9893637212707048]]
37725796	[1, [0.0006357835495431896, 0.9993642164504568]]
54694469	[1, [0.029644060487618806, 0.9703559395123812]]
85256730	[1, [1.9490673607402975e-05, 0.9999805093263926]]
15346121	[1, [9.450531726373779e-05, 0.9999054946827363]]
14732051	[1, [0.03584670957546032, 0.9641532904245397]]
43549604	[1, [0.00044195281494385785, 0.9995580471850561]]
56177118	[1, [0.026472699519225817, 0.9735273004807742]]
99876656	[1, [0.0002726818286787891, 0.9997273181713212]]
26102346	[1, [0.01584088473319789, 0.9841591152668021]]
28149573	[1, [0.00021190369534329623, 0.9997880963046567]]
99991698	[1, [0.019091527137843234, 0.9809084728621568]]
28572693	[1, [0.03551736628607294, 0.9644826337139271]]
19839532	[1, [0.01243199182568111, 0.9875680081743189]]
26626198	[1, [0.00015449212911411436, 0.9998455078708859]]
70848154	[1, [0.008849104303914945, 0.991150895696085]]
28108812	[1, [0.011307131623984445, 0.9886928683760156]]
9267302	[1, [0.003256459879673379, 0.9967435401203266]]
87652784	[1, [0.004111264202216192, 0.9958887357977838]]
93944148	[1, [0.0032693156439325133, 0.9967306843560675]]
37379564	[1, [0.01497217905110293, 0.9850278209488971]]
37371799	[1, [0.0017248052915295187, 0.9982751947084705]]
69048602	[1, [0.023090135907570364, 0.9769098640924296]]
55285749	[1, [0.0351685767512494, 0.9648314232487506]]
26639309	[1, [0.01851462409382476, 0.9814853759061752]]
68041468	[1, [0.043629593925063714, 0.9563704060749363]]
26097950	[1, [0.0008813618596524853, 0.9991186381403475]]
53300444	[1, [0.03154046551219747, 0.9684595344878025]]
94990735	[1, [0.01265181621558742, 0.9873481837844126]]
74719224	[1, [0.0016931316037839261, 0.9983068683962161]]
36992846	[1, [0.009120709320664333, 0.9908792906793357]]
50130439	[1, [0.033217755157283646, 0.9667822448427164]]
37466259	[1, [0.0001757220112305058, 0.9998242779887695]]
75513420	[1, [0.00022366257180839177, 0.9997763374281916]]
95999220	[1, [0.03823391598878634, 0.9617660840112137]]
52444026	[1, [0.002160352955321798, 0.9978396470446782]]
40132776	[1, [0.00047362391700300766, 0.999526376082997]]
70958041	[1, [0.01441406341658058, 0.9855859365834194]]
53304486	[1, [0.012967588111864381, 0.9870324118881356]]
52434937	[1, [0.00028150256198067325, 0.9997184974380193]]
70966562	[1, [0.0008389465617369973, 0.999161053438263]]
97265942	[1, [0.037736912006099965, 0.9622630879939]]
50120615	[1, [0.002541773877915987, 0.997458226122084]]
52481482	[1, [0.0023358205761430106, 0.997664179423857]]
20490136	[1, [0.034291816104686346, 0.9657081838953137]]
30751408	[1, [0.047923445174573254, 0.9520765548254267]]
97275429	[1, [0.0018460993129483239, 0.9981539006870517]]
40826140	[1, [0.02744807832227736, 0.9725519216777226]]
40779375	[1, [0.04613539330584082, 0.9538646066941592]]
82050592	[1, [0.022418206719507894, 0.9775817932804921]]
15959410	[1, [0.0001115007842311666, 0.9998884992157688]]
15629449	[1, [0.03704835524300654, 0.9629516447569935]]
7919472	[1, [0.0021219747651237686, 0.9978780252348762]]
97324613	[1, [0.0016773757973638226, 0.9983226242026362]]
72437547	[1, [0.00207577520380009, 0.9979242247961999]]
98689811	[1, [0.01442809454952132, 0.9855719054504787]]
16030539	[1, [0.010754629332189958, 0.98924537066781]]
13689523	[1, [0.001431882698669673, 0.9985681173013303]]
72496375	[1, [0.0204400656955116, 0.9795599343044884]]
64605821	[1, [0.0012358646230717918, 0.9987641353769282]]
16407741	[1, [0.010184076816286192, 0.9898159231837138]]
16055771	[1, [0.006611111560670957, 0.993388888439329]]
12261238	[1, [0.03143026563914497, 0.968569734360855]]
9285862	[1, [0.0012992765627982683, 0.9987007234372017]]
13740817	[1, [0.034636047726088526, 0.9653639522739115]]
73197627	[1, [0.00016241012556827972, 0.9998375898744317]]
16057714	[1, [0.030820969045748048, 0.969179030954252]]
21268058	[1, [0.003397393472719723, 0.9966026065272803]]
91287568	[1, [0.0006039379499616082, 0.9993960620500384]]
16410090	[1, [0.0405912186303391, 0.9594087813696609]]
25461000	[1, [0.02520748269061157, 0.9747925173093884]]
32305911	[1, [0.015000700164741532, 0.9849992998352585]]
16678487	[1, [0.007673227456479248, 0.9923267725435208]]
52945038	[1, [0.007233403207683953, 0.992766596792316]]
87837750	[1, [0.03174423700145568, 0.9682557629985443]]
97329254	[1, [0.003419881303289962, 0.99658011869671]]
37954076	[1, [0.00027615565868333025, 0.9997238443413167]]
81958055	[1, [0.026685677333443958, 0.973314322666556]]
30030315	[1, [0.016531641197317648, 0.9834683588026824]]
49550457	[1, [0.006165016668092105, 0.9938349833319079]]
9084628	[1, [0.021522695652064328, 0.9784773043479357]]
64228557	[1, [3.5857905606673235e-05, 0.9999641420943933]]
7990441	[1, [0.028195271681093925, 0.9718047283189061]]
50438934	[1, [0.00995905826436394, 0.9900409417356361]]
9242582	[1, [0.0043953003788708145, 0.9956046996211292]]
81954445	[1, [0.002163142900964421, 0.9978368570990356]]
69973773	[1, [0.015342970629052877, 0.9846570293709471]]
85454204	[1, [0.03095144892284296, 0.969048551077157]]
40409223	[1, [0.02695589935140308, 0.9730441006485969]]
60650141	[1, [0.030192918923675593, 0.9698070810763244]]
9084237	[1, [0.007182295786786419, 0.9928177042132136]]
50446444	[1, [0.041542410141183095, 0.9584575898588169]]
18902679	[1, [0.013111260108329081, 0.9868887398916709]]
9084693	[1, [0.02971594145277412, 0.9702840585472259]]
9084298	[1, [0.000610391784998221, 0.9993896082150018]]
9084394	[1, [0.001116143485600074, 0.9988838565143999]]
9242645	[1, [0.038337600733953314, 0.9616623992660467]]
81950730	[1, [0.0014942572398158882, 0.9985057427601841]]
75689588	[1, [0.005270181949036057, 0.9947298180509639]]
9084086	[1, [0.001270508310554308, 0.9987294916894457]]
24470742	[1, [0.0038332755094186988, 0.9961667244905813]]
6682875	[1, [0.04090463103637487, 0.9590953689636251]]
81395078	[1, [0.041236784792694325, 0.9587632152073057]]
29377360	[1, [0.02670101483645937, 0.9732989851635406]]
69690392	[1, [0.012125498414871538, 0.9878745015851285]]
69670352	[1, [4.300388038558367e-05, 0.9999569961196144]]
22484026	[1, [0.0015205573917450588, 0.9984794426082549]]
58566814	[1, [0.0009105394809575396, 0.9990894605190425]]
58562277	[1, [0.026231040399925742, 0.9737689596000743]]
93234093	[1, [0.02031062123477556, 0.9796893787652244]]
41611106	[1, [0.023036302436256872, 0.9769636975637431]]
58617482	[1, [1.9353996149051866e-06, 0.9999980646003851]]
21972917	[1, [0.045754138842902914, 0.9542458611570971]]
81506603	[1, [0.04454595219704316, 0.9554540478029568]]
93178307	[1, [0.02093243865628258, 0.9790675613437174]]
60074022	[1, [0.03869071850719852, 0.9613092814928015]]
86412902	[1, [0.0011525478451992477, 0.9988474521548008]]
62547832	[1, [0.002886386028535859, 0.9971136139714641]]
47937354	[1, [0.02826521000952298, 0.971734789990477]]
58557503	[1, [0.012577182405060117, 0.9874228175949399]]
55377530	[1, [0.0028439268891625735, 0.9971560731108374]]
30361912	[1, [0.0007699070928183227, 0.9992300929071817]]
97776601	[1, [0.0034865671632040574, 0.9965134328367959]]
59628025	[1, [0.0004788224282649134, 0.9995211775717351]]
57508221	[1, [0.021424435619074922, 0.9785755643809251]]
11320438	[1, [0.04902333776376233, 0.9509766622362377]]
92077958	[1, [0.022095575937500334, 0.9779044240624997]]
92104990	[1, [0.02558405670633279, 0.9744159432936672]]
93646112	[1, [0.0024636901311761994, 0.9975363098688238]]
9243800	[1, [0.00020412006232617408, 0.9997958799376738]]
7684065	[1, [0.00983223929081023, 0.9901677607091898]]
52295496	[1, [0.003831321186435366, 0.9961686788135646]]
54080379	[1, [0.014231402589612308, 0.9857685974103877]]
9243847	[1, [0.011646756617816445, 0.9883532433821836]]
55389317	[1, [0.035215250313695545, 0.9647847496863045]]
45720671	[1, [0.026058069438662068, 0.9739419305613379]]
29168234	[1, [0.00014251998701475532, 0.9998574800129852]]
9244329	[1, [0.0015505004449782867, 0.9984494995550217]]
95842995	[1, [0.041838509624556486, 0.9581614903754435]]
29154026	[1, [0.007722128066635303, 0.9922778719333647]]
9243386	[1, [0.013268027817610273, 0.9867319721823897]]
9120686	[1, [0.026028572386243343, 0.9739714276137567]]
34525026	[1, [0.018760040523425725, 0.9812399594765743]]
54106137	[1, [0.00031251342826332795, 0.9996874865717367]]
61182982	[1, [0.014775139763557044, 0.985224860236443]]
7950510	[1, [0.03157206673964663, 0.9684279332603534]]
70030338	[1, [0.013869349837137168, 0.9861306501628628]]
38973608	[1, [0.04328018978347781, 0.9567198102165222]]
38941474	[1, [0.00019523969423818066, 0.9998047603057618]]
53754959	[1, [0.0003189653906234824, 0.9996810346093765]]
43706459	[1, [0.03595482343686551, 0.9640451765631345]]
23425112	[1, [0.00013390573130644956, 0.9998660942686936]]
6723214	[1, [0.04869770448757127, 0.9513022955124287]]
53789238	[1, [0.04901268134971071, 0.9509873186502893]]
36212851	[1, [0.0035506021216461514, 0.9964493978783538]]
21506194	[1, [0.04008291101255612, 0.9599170889874439]]
37658339	[1, [0.00012371663430987834, 0.9998762833656901]]
36201672	[1, [0.001515796962281435, 0.9984842030377186]]
9102882	[1, [0.03498878597069588, 0.9650112140293041]]
61154931	[1, [0.038598641905947306, 0.9614013580940527]]
53762765	[1, [0.006192715109390012, 0.99380728489061]]
54583367	[1, [0.021181254568818142, 0.9788187454311819]]
79517447	[1, [0.0007827976660802483, 0.9992172023339198]]
53750600	[1, [0.003422142147739504, 0.9965778578522605]]
14350596	[1, [0.0003089365758439655, 0.999691063424156]]
53147286	[1, [0.04890317453012494, 0.9510968254698751]]
61176143	[1, [0.013893804161978496, 0.9861061958380215]]
79796849	[1, [0.006328610213327424, 0.9936713897866726]]
23389193	[1, [0.005119827550997602, 0.9948801724490024]]
76322859	[1, [0.004691791670016876, 0.9953082083299831]]
57775088	[1, [0.015041735358396036, 0.984958264641604]]
63722414	[1, [0.006377844419693468, 0.9936221555803065]]
37066536	[1, [0.00035123905218992224, 0.9996487609478101]]
7978103	[1, [0.014857808409909468, 0.9851421915900905]]
65759050	[1, [0.03892320061196597, 0.961076799388034]]
65737493	[1, [5.722554245313205e-05, 0.9999427744575469]]
82726562	[1, [0.008316883455403268, 0.9916831165445967]]
11407882	[1, [0.02500992112653322, 0.9749900788734668]]
57791997	[1, [0.008589703283935934, 0.9914102967160641]]
35090477	[1, [0.02566203602895034, 0.9743379639710497]]
88393506	[1, [0.03229025199652091, 0.9677097480034791]]
69745157	[1, [0.01584088473319789, 0.9841591152668021]]
5302329	[1, [0.04863136147013647, 0.9513686385298635]]
76323472	[1, [3.97663396601855e-05, 0.9999602336603398]]
76340112	[1, [0.03530004486640437, 0.9646999551335956]]
76358880	[1, [0.03387432870423257, 0.9661256712957674]]
11258885	[1, [0.004740808828400778, 0.9952591911715992]]
83501254	[1, [0.011914995406138162, 0.9880850045938618]]
7754198	[1, [0.0027574240192964616, 0.9972425759807035]]
69720887	[1, [0.023036302436256872, 0.9769636975637431]]
93416477	[1, [0.04939403442118484, 0.9506059655788152]]
90319564	[1, [0.005710390080335803, 0.9942896099196642]]
9076559	[1, [0.003321175561307621, 0.9966788244386924]]
80153236	[1, [0.005377641722668414, 0.9946223582773316]]
10522272	[1, [2.2477912112628395e-05, 0.9999775220878874]]
20693390	[1, [0.008169045940021546, 0.9918309540599785]]
18108132	[1, [0.0002725383740711518, 0.9997274616259288]]
72999943	[1, [0.014661581397170331, 0.9853384186028297]]
73002852	[1, [0.02130725948904255, 0.9786927405109574]]
7886228	[1, [0.015436728461039051, 0.984563271538961]]
18118881	[1, [9.67461287193494e-07, 0.9999990325387128]]
24771342	[1, [0.002673832676626575, 0.9973261673233734]]
9075711	[1, [0.012656304565074716, 0.9873436954349253]]
90329355	[1, [2.9324635055560933e-05, 0.9999706753649444]]
9076288	[1, [0.0006432375191397499, 0.9993567624808603]]
90322652	[1, [3.3330170131518067e-05, 0.9999666698298685]]
9076013	[1, [0.0158513232970795, 0.9841486767029205]]
93470919	[1, [0.029093642961669608, 0.9709063570383304]]
72975183	[1, [0.031657475149869274, 0.9683425248501307]]
92976857	[1, [0.021124353706358234, 0.9788756462936418]]
74770529	[1, [0.0030053527951083847, 0.9969946472048916]]
7724431	[1, [0.023376624613884123, 0.9766233753861159]]
75945205	[1, [0.016313109087749855, 0.9836868909122501]]
81700007	[1, [0.001515796962281435, 0.9984842030377186]]
56746186	[1, [0.0205495491623654, 0.9794504508376346]]
74793627	[1, [0.013723812118397682, 0.9862761878816023]]
40082724	[1, [0.01728698322521971, 0.9827130167747803]]
14386131	[1, [0.0026082726785348065, 0.9973917273214652]]
84191558	[1, [0.003899494909926804, 0.9961005050900732]]
40069026	[1, [0.04304994988058619, 0.9569500501194138]]
41417968	[1, [3.3800659847926795e-05, 0.9999661993401521]]
40028683	[1, [0.015995514447052828, 0.9840044855529472]]
44305133	[1, [6.985329819242381e-06, 0.9999930146701808]]
10395974	[1, [0.00960045300477641, 0.9903995469952236]]
75664450	[1, [0.012007781877445, 0.987992218122555]]
22863506	[1, [0.01032126651736498, 0.989678733482635]]
56730501	[1, [0.035078413248773255, 0.9649215867512267]]
20569661	[1, [0.0030048084214353565, 0.9969951915785646]]
20545690	[1, [0.005812987388512214, 0.9941870126114878]]
73211518	[1, [0.0007404672644047983, 0.9992595327355952]]
74754475	[1, [0.03131800744852209, 0.9686819925514779]]
85667114	[1, [0.020095889111215626, 0.9799041108887844]]
71629392	[1, [0.012581111430055025, 0.987418888569945]]
40992397	[1, [0.038072591336143824, 0.9619274086638562]]
85640977	[1, [0.00022514821168917454, 0.9997748517883108]]
56740933	[1, [0.0498735118112672, 0.9501264881887328]]
11133067	[1, [0.0006809202979676243, 0.9993190797020324]]
72310008	[1, [0.005709912399902151, 0.9942900876000978]]
88201500	[1, [0.01666992728487937, 0.9833300727151206]]
86832645	[1, [0.003448753545926553, 0.9965512464540734]]
79995554	[1, [0.03789005452075256, 0.9621099454792474]]
9107315	[1, [0.004175140140793454, 0.9958248598592065]]
86825834	[1, [0.006210329340106124, 0.9937896706598939]]
76029872	[1, [0.0032412703757497274, 0.9967587296242503]]
26123014	[1, [0.0023383172501740823, 0.9976616827498259]]
89119157	[1, [0.00014098527570693964, 0.9998590147242931]]
46078025	[1, [0.03928165206462264, 0.9607183479353774]]
12782540	[1, [1.776572339518001e-05, 0.9999822342766048]]
91945461	[1, [0.014829001576998735, 0.9851709984230013]]
58199660	[1, [0.0017261764240907862, 0.9982738235759092]]
11587501	[1, [0.0018059441763346173, 0.9981940558236654]]
25738938	[1, [0.0075014531027299824, 0.99249854689727]]
83184231	[1, [0.008709388496774606, 0.9912906115032254]]
99228815	[1, [0.015424004907965028, 0.984575995092035]]
76032360	[1, [0.010546560472588618, 0.9894534395274114]]
89105684	[1, [0.03614071123617757, 0.9638592887638224]]
69185896	[1, [0.008120668103510975, 0.991879331896489]]
9010526	[1, [0.03639713261208799, 0.963602867387912]]
99126987	[1, [0.00011869687105703353, 0.999881303128943]]
80353974	[1, [0.004628986434796589, 0.9953710135652034]]
75006721	[1, [0.03648399752942799, 0.963516002470572]]
58277576	[1, [0.012099245644307977, 0.987900754355692]]
22676930	[1, [5.587646607629893e-07, 0.9999994412353392]]
49846594	[1, [0.04047495100599274, 0.9595250489940073]]
20608939	[1, [0.007178920256211585, 0.9928210797437884]]
26879792	[1, [0.004974226589531061, 0.9950257734104689]]
9109326	[1, [0.027285349073223664, 0.9727146509267763]]
48272248	[1, [0.007010418357887849, 0.9929895816421122]]
88945591	[1, [0.0025450652420374587, 0.9974549347579625]]
33330791	[1, [0.03940828897482862, 0.9605917110251714]]
48290314	[1, [0.008416849340212695, 0.9915831506597873]]
26846326	[1, [0.007683206425400102, 0.9923167935745999]]
58288015	[1, [0.009013172909671852, 0.9909868270903281]]
12926114	[1, [0.03624328159570589, 0.9637567184042941]]
88957337	[1, [0.011689389821147311, 0.9883106101788527]]
43302982	[1, [0.0455703245190191, 0.9544296754809809]]
33336681	[1, [0.00045805734542458953, 0.9995419426545754]]
25578256	[1, [0.008872367468316988, 0.991127632531683]]
81644953	[1, [0.01932438496288058, 0.9806756150371194]]
52124117	[1, [0.0032986402336306897, 0.9967013597663693]]
7164147	[1, [0.00027415250050732975, 0.9997258474994927]]
68420115	[1, [0.02368145101077357, 0.9763185489892264]]
50175199	[1, [0.033628353767127916, 0.9663716462328721]]
76652879	[1, [0.007189380335073103, 0.9928106196649269]]
77315783	[1, [0.002410113154792781, 0.9975898868452072]]
65177718	[1, [0.024286639237945717, 0.9757133607620543]]
96243882	[1, [0.0003923509956132998, 0.9996076490043867]]
20449511	[1, [0.0006167906471954421, 0.9993832093528046]]
9277284	[1, [0.0006940403834536646, 0.9993059596165463]]
64052849	[1, [0.010644118107172695, 0.9893558818928273]]
9083355	[1, [0.020104188925714972, 0.979895811074285]]
68433338	[1, [0.035872697255866615, 0.9641273027441334]]
50164034	[1, [0.04621197358498863, 0.9537880264150114]]
9112011	[1, [0.00891282464899712, 0.9910871753510029]]
9083503	[1, [0.002441228351197644, 0.9975587716488024]]
9083254	[1, [0.0026407415234369624, 0.997359258476563]]
77314959	[1, [0.008998916609453178, 0.9910010833905468]]
84879528	[1, [1.4845286076314856e-05, 0.9999851547139237]]
90806455	[1, [0.025874060884659156, 0.9741259391153408]]
93104593	[1, [0.028683260515896203, 0.9713167394841038]]
41227502	[1, [0.03147400459015093, 0.9685259954098491]]
50561820	[1, [0.034952810767012954, 0.965047189232987]]
96244114	[1, [0.00016547430592805945, 0.9998345256940719]]
52059951	[1, [0.041930046126862686, 0.9580699538731373]]
94914283	[1, [0.027457821961736295, 0.9725421780382637]]
35898994	[1, [0.008108259214464564, 0.9918917407855354]]
50219743	[1, [0.004996773813121802, 0.9950032261868782]]
95100527	[1, [0.03248213851231285, 0.9675178614876871]]
39247488	[1, [0.005069292424624061, 0.9949307075753759]]
39265337	[1, [0.018033269336146907, 0.9819667306638531]]
5664908	[1, [0.0009944443576208606, 0.9990055556423791]]
93037272	[1, [0.003452637795948066, 0.9965473622040519]]
39275561	[1, [0.0023216002467106867, 0.9976783997532893]]
62314008	[1, [0.0010040723691451259, 0.9989959276308549]]
53320626	[1, [0.01602394044077493, 0.9839760595592251]]
51195895	[1, [0.023974849080034777, 0.9760251509199652]]
9033140	[1, [0.0469666218877155, 0.9530333781122845]]
60235180	[1, [0.022270814169803255, 0.9777291858301967]]
39471798	[1, [0.00038821748950779167, 0.9996117825104922]]
39516541	[1, [0.003981846752384444, 0.9960181532476156]]
55068711	[1, [0.02397183147069315, 0.9760281685293068]]
39243699	[1, [0.01859639210807329, 0.9814036078919267]]
16432366	[1, [0.015112953068250334, 0.9848870469317497]]
16435688	[1, [0.02189787809885868, 0.9781021219011413]]
39449946	[1, [0.002368061300334623, 0.9976319386996654]]
36116676	[1, [0.03131673002526569, 0.9686832699747343]]
89703916	[1, [0.048936415243852616, 0.9510635847561474]]
67604257	[1, [0.023753075074633867, 0.9762469249253661]]
89700789	[1, [0.0324220717739887, 0.9675779282260113]]
51222417	[1, [0.049016198649439846, 0.9509838013505602]]
94902038	[1, [0.0005922921561682948, 0.9994077078438317]]
16460095	[1, [0.02547448909490102, 0.974525510905099]]
6236458	[1, [1.0370051783947787e-07, 0.9999998962994822]]
53314187	[1, [0.044446292193776715, 0.9555537078062233]]
44175747	[1, [0.00021078650775996355, 0.99978921349224]]
23791939	[1, [0.01078795557178902, 0.989212044428211]]
60786463	[1, [0.012871767126996336, 0.9871282328730037]]
62937739	[1, [0.020767515308101836, 0.9792324846918982]]
9152450	[1, [0.004212841151056357, 0.9957871588489436]]
88032695	[1, [0.016437742031534364, 0.9835622579684656]]
15231684	[1, [0.002163257805608665, 0.9978367421943913]]
71820128	[1, [0.008173459929688875, 0.9918265400703111]]
63572971	[1, [0.00028955361354254805, 0.9997104463864575]]
14853348	[1, [0.047482812689926046, 0.952517187310074]]
90916187	[1, [0.01086430427147389, 0.9891356957285261]]
15288666	[1, [0.011285738026741376, 0.9887142619732586]]
44587313	[1, [0.037371928089661055, 0.962628071910339]]
7738037	[1, [0.013248370685072453, 0.9867516293149275]]
81543885	[1, [0.0021954372133935474, 0.9978045627866065]]
78955238	[1, [0.023682698336282337, 0.9763173016637177]]
71812594	[1, [0.002150751352907876, 0.9978492486470921]]
60919615	[1, [0.0003108599549105362, 0.9996891400450895]]
14844801	[1, [0.025544237871759412, 0.9744557621282406]]
77765133	[1, [0.007965159937036836, 0.9920348400629632]]
46227409	[1, [0.04157901263004693, 0.9584209873699531]]
38897694	[1, [0.027780391934815185, 0.9722196080651848]]
54251451	[1, [0.012886961580833467, 0.9871130384191665]]
7940059	[1, [0.018727457898016997, 0.981272542101983]]
92622702	[1, [4.2017312823494635e-06, 0.9999957982687177]]
54341576	[1, [0.01084869034218594, 0.9891513096578141]]
33139153	[1, [0.04960466863268842, 0.9503953313673116]]
18569960	[1, [0.00511723066582026, 0.9948827693341797]]
38888694	[1, [0.02186984350868315, 0.9781301564913168]]
12833938	[1, [0.00463680042923198, 0.995363199570768]]
80545317	[1, [0.0016812014593959868, 0.998318798540604]]
18564981	[1, [0.008850976810331534, 0.9911490231896685]]
11890553	[1, [0.030395447419006905, 0.9696045525809931]]
44478717	[1, [0.00014053452929685406, 0.9998594654707031]]
47477826	[1, [0.022916510612538077, 0.9770834893874619]]
19806581	[1, [0.006866623231253199, 0.9931333767687468]]
9194495	[1, [0.03467381130018299, 0.965326188699817]]
54343690	[1, [0.04086788067968916, 0.9591321193203108]]
45639972	[1, [0.00956697289569608, 0.9904330271043039]]
24230536	[1, [0.005151774297603162, 0.9948482257023968]]
33825086	[1, [0.020413673107364527, 0.9795863268926355]]
98302037	[1, [0.0006785594610466683, 0.9993214405389533]]
50627092	[1, [0.0306149443867888, 0.9693850556132112]]
27873218	[1, [0.017437530781975186, 0.9825624692180248]]
33787359	[1, [0.020756882634626717, 0.9792431173653733]]
9224306	[1, [0.040023762433400334, 0.9599762375665997]]
97166731	[1, [0.026944187666413155, 0.9730558123335868]]
39961864	[1, [0.011129938996308986, 0.988870061003691]]
79373271	[1, [0.038072591336143824, 0.9619274086638562]]
9224415	[1, [0.030404766442885478, 0.9695952335571145]]
19590038	[1, [0.01990920207667779, 0.9800907979233222]]
79379665	[1, [0.00010065646569512587, 0.9998993435343049]]
59567291	[1, [0.0019442412886175875, 0.9980557587113824]]
95352892	[1, [0.02379132013235974, 0.9762086798676403]]
73592080	[1, [0.04207411295283403, 0.957925887047166]]
33804389	[1, [0.0008813618596524853, 0.9991186381403475]]
17973283	[1, [0.005813573781112913, 0.9941864262188871]]
98269182	[1, [0.025947668034489113, 0.9740523319655109]]
9225108	[1, [0.01663171056188395, 0.983368289438116]]
54304534	[1, [0.023064000809112306, 0.9769359991908877]]
59560865	[1, [0.010519808674039899, 0.9894801913259601]]
17996304	[1, [0.01919217956563657, 0.9808078204343634]]
34330308	[1, [0.012619267425808434, 0.9873807325741916]]
93913942	[1, [0.0001598757120033767, 0.9998401242879966]]
29937226	[1, [0.019693357788514443, 0.9803066422114856]]
9072395	[1, [0.043948949917513414, 0.9560510500824866]]
39893433	[1, [0.02608728925696746, 0.9739127107430325]]
26961989	[1, [0.02839671679129352, 0.9716032832087065]]
69315783	[1, [2.8172964216088836e-05, 0.9999718270357839]]
76918362	[1, [0.041286162752380506, 0.9587138372476195]]
91613949	[1, [0.014911562061874717, 0.9850884379381253]]
23160751	[1, [0.006689454288916985, 0.993310545711083]]
17035433	[1, [0.017009865474875152, 0.9829901345251248]]
76938091	[1, [0.019328674149280856, 0.9806713258507191]]
69304064	[1, [0.008000877357402736, 0.9919991226425973]]
97653971	[1, [0.046943601771380794, 0.9530563982286192]]
6643768	[1, [0.0020241227821852226, 0.9979758772178148]]
78268618	[1, [0.0013633557230957605, 0.9986366442769042]]
39909238	[1, [0.006361906454569466, 0.9936380935454305]]
26923624	[1, [0.037652277412375534, 0.9623477225876245]]
69298437	[1, [0.013189863026126902, 0.9868101369738731]]
23189931	[1, [0.008626165198220792, 0.9913738348017792]]
88417979	[1, [0.004411576350978885, 0.9955884236490211]]
65037555	[1, [0.048529159319581794, 0.9514708406804182]]
26964030	[1, [0.017104589922217306, 0.9828954100777827]]
28978245	[1, [0.0003257023990631547, 0.9996742976009368]]
88410618	[1, [0.04702221036706733, 0.9529777896329327]]
9251225	[1, [0.005906904071480756, 0.9940930959285192]]
9249621	[1, [0.04406206081371389, 0.9559379391862861]]
61752442	[1, [5.0884982190968486e-05, 0.999949115017809]]
58815040	[1, [0.00042483506786972214, 0.9995751649321303]]
63945866	[1, [0.013273788489560068, 0.9867262115104399]]
9249953	[1, [0.004461125927473386, 0.9955388740725266]]
58800303	[1, [0.044955340157836976, 0.955044659842163]]
27180576	[1, [1.0755825835984112e-05, 0.999989244174164]]
25980315	[1, [0.007537206425792253, 0.9924627935742077]]
58803005	[1, [0.012059394139065538, 0.9879406058609345]]
94182411	[1, [0.039272156498552424, 0.9607278435014476]]
7741636	[1, [0.030271669477612728, 0.9697283305223873]]
77777820	[1, [0.0015952983100847584, 0.9984047016899152]]
27166626	[1, [0.003090986874665247, 0.9969090131253348]]
9223714	[1, [0.006824804686685448, 0.9931751953133146]]
9224121	[1, [0.0043953003788708145, 0.9956046996211292]]
34452063	[1, [0.02242537549854362, 0.9775746245014564]]
76369305	[1, [0.0005293841138428457, 0.9994706158861572]]
34409333	[1, [0.007421994541069732, 0.9925780054589303]]
34122516	[1, [0.03539621469237564, 0.9646037853076244]]
31140893	[1, [9.257150346275722e-08, 0.9999999074284965]]
58115007	[1, [0.04049005594461286, 0.9595099440553871]]
58083016	[1, [0.0008654832180085004, 0.9991345167819915]]
7924025	[1, [0.019556271557826577, 0.9804437284421734]]
39829688	[1, [0.008576625330929843, 0.9914233746690702]]
72903945	[1, [0.016603960869780998, 0.983396039130219]]
72928793	[1, [0.029771922343486024, 0.970228077656514]]
65528727	[1, [0.00799732300757694, 0.9920026769924231]]
99464332	[1, [1.9545297226364333e-05, 0.9999804547027736]]
65541003	[1, [0.0446591866925633, 0.9553408133074367]]
66357713	[1, [0.0007734160317353078, 0.9992265839682647]]
80552861	[1, [0.0013197814024235033, 0.9986802185975765]]
34116359	[1, [0.012740103166786088, 0.9872598968332139]]
28271168	[1, [0.01119199121544423, 0.9888080087845558]]
10666786	[1, [0.009887188155032756, 0.9901128118449672]]
62874776	[1, [0.03279156562165242, 0.9672084343783476]]
78470976	[1, [0.0008961386177971375, 0.9991038613822029]]
66377846	[1, [0.019569352633792003, 0.980430647366208]]
31135171	[1, [0.00044195281494385785, 0.9995580471850561]]
28285223	[1, [0.001224178386973085, 0.9987758216130269]]
66420514	[1, [0.0027960224998443417, 0.9972039775001557]]
9137507	[1, [0.04289996552549391, 0.9571000344745061]]
56852389	[1, [0.0015916493664175357, 0.9984083506335825]]
58539556	[1, [0.0011661429994404005, 0.9988338570005596]]
75241972	[1, [0.006586247430221848, 0.9934137525697782]]
56313361	[1, [0.04158563040146468, 0.9584143695985353]]
22829549	[1, [0.00023731991700404187, 0.999762680082996]]
58530484	[1, [0.001259437955654641, 0.9987405620443454]]
18762370	[1, [0.04452706902159065, 0.9554729309784094]]
56791383	[1, [0.006093945502219644, 0.9939060544977804]]
17826000	[1, [5.869681603654087e-06, 0.9999941303183963]]
56341978	[1, [0.011330712192121783, 0.9886692878078782]]
6091941	[1, [0.046309638214721116, 0.9536903617852789]]
62170567	[1, [0.015095650917310022, 0.98490434908269]]
98188472	[1, [0.00111253927469257, 0.9988874607253074]]
41322016	[1, [0.004599212252184071, 0.9954007877478159]]
84673924	[1, [0.03794487719125206, 0.9620551228087479]]
84675971	[1, [0.033373073467736436, 0.9666269265322636]]
17859768	[1, [0.01826522873523595, 0.981734771264764]]
30780197	[1, [1.499587165554317e-08, 0.9999999850041283]]
75212739	[1, [0.012541970468668895, 0.9874580295313311]]
17838770	[1, [2.1989380062592545e-05, 0.9999780106199374]]
9213320	[1, [0.03119846917563429, 0.9688015308243657]]
19687545	[1, [0.02305104644774081, 0.9769489535522592]]
76992885	[1, [0.017181229449769075, 0.9828187705502309]]
66425710	[1, [0.00027756827648595106, 0.999722431723514]]
7805493	[1, [0.04303861253656194, 0.9569613874634381]]
48817104	[1, [0.00015406874531365133, 0.9998459312546863]]
22176588	[1, [0.04612241360137226, 0.9538775863986277]]
9027070	[1, [0.0013840225483818802, 0.9986159774516181]]
17352829	[1, [0.017155450050166166, 0.9828445499498338]]
56690031	[1, [0.004735723107667011, 0.995264276892333]]
48987541	[1, [0.027484914393847926, 0.9725150856061521]]
70188982	[1, [0.0009977709044500793, 0.9990022290955499]]
19284228	[1, [0.0460981930567983, 0.9539018069432017]]
82224582	[1, [0.0005313174147604238, 0.9994686825852396]]
48844322	[1, [0.026760375614959142, 0.9732396243850409]]
36012707	[1, [1.2899328244442287e-06, 0.9999987100671756]]
21782903	[1, [7.3252693162384475e-06, 0.9999926747306838]]
66503704	[1, [0.0006786643607005205, 0.9993213356392995]]
76999968	[1, [0.0003152425917585244, 0.9996847574082415]]
66441003	[1, [0.015447952641225782, 0.9845520473587742]]
22096306	[1, [0.011169819042706752, 0.9888301809572932]]
70174696	[1, [0.03320240589095813, 0.9667975941090419]]
55030049	[1, [0.0010112543074449754, 0.998988745692555]]
87698086	[1, [0.034373671842642395, 0.9656263281573576]]
13795215	[1, [0.04778701850156197, 0.952212981498438]]
83118420	[1, [7.39406094218964e-06, 0.9999926059390578]]
9214315	[1, [0.024081283780791995, 0.975918716219208]]
56647412	[1, [0.04912516312784876, 0.9508748368721512]]
9220519	[1, [0.00046973231026603557, 0.999530267689734]]
82264883	[1, [0.029412381771838803, 0.9705876182281612]]
17365388	[1, [0.04180742980194818, 0.9581925701980518]]
48842436	[1, [0.0036794912214000997, 0.9963205087785999]]
66439717	[1, [0.004496787552673576, 0.9955032124473264]]
56693616	[1, [0.04022491025547292, 0.9597750897445271]]
19418286	[1, [0.009817809925317222, 0.9901821900746828]]
76526197	[1, [0.009132971217716834, 0.9908670287822832]]
45525681	[1, [0.0014563179270211668, 0.9985436820729788]]
22265788	[1, [0.014097473699805074, 0.9859025263001949]]
45582240	[1, [0.00390688307524556, 0.9960931169247544]]
11166993	[1, [1.7114836567966307e-06, 0.9999982885163432]]
51787383	[1, [0.00513083269177117, 0.9948691673082288]]
34599878	[1, [3.8040065005739976e-05, 0.9999619599349943]]
58394231	[1, [0.012618844580587596, 0.9873811554194124]]
87174844	[1, [0.0028704943034452146, 0.9971295056965548]]
25639361	[1, [0.00020984613820929088, 0.9997901538617907]]
45509288	[1, [0.0008275809675255541, 0.9991724190324744]]
12096065	[1, [0.010313144733867352, 0.9896868552661326]]
29679457	[1, [0.021647402698039553, 0.9783525973019604]]
45568495	[1, [0.009022533679696298, 0.9909774663203037]]
72757698	[1, [0.04989102306868476, 0.9501089769313152]]
42806990	[1, [0.008985268643928679, 0.9910147313560713]]
43994297	[1, [0.04227127159891486, 0.9577287284010851]]
12055661	[1, [0.008192178140464357, 0.9918078218595356]]
45574109	[1, [0.017580555629703842, 0.9824194443702962]]
27915639	[1, [0.02479345419515966, 0.9752065458048403]]
9201080	[1, [0.006734907911735921, 0.9932650920882641]]
42845956	[1, [0.0104842231775788, 0.9895157768224212]]
34606106	[1, [0.006767296838329329, 0.9932327031616707]]
38533764	[1, [0.04628264526528747, 0.9537173547347125]]
52643149	[1, [0.0476425587717324, 0.9523574412282676]]
34611937	[1, [0.008960981814737368, 0.9910390181852626]]
61713452	[1, [0.037532825792818136, 0.9624671742071819]]
61671002	[1, [0.0024872086400550275, 0.997512791359945]]
29219525	[1, [0.007558027737084916, 0.9924419722629151]]
86355022	[1, [0.0058901571129215125, 0.9941098428870785]]
56853998	[1, [0.0045418534072732, 0.9954581465927268]]
5241476	[1, [0.03397441497251352, 0.9660255850274865]]
86369270	[1, [1.1080803236307446e-05, 0.9999889191967637]]
27021393	[1, [0.017190745643507754, 0.9828092543564922]]
96758113	[1, [0.023431819149240862, 0.9765681808507591]]
96813199	[1, [2.805059034383106e-06, 0.9999971949409656]]
65277331	[1, [0.0027824725286348384, 0.9972175274713652]]
7981410	[1, [0.030288892935811162, 0.9697111070641888]]
96797044	[1, [0.030543715933652127, 0.9694562840663479]]
40278088	[1, [0.034341305127211896, 0.9656586948727881]]
9023090	[1, [0.04265854199244967, 0.9573414580075503]]
7688944	[1, [0.04665321713743942, 0.9533467828625606]]
27002231	[1, [2.2622664176963347e-05, 0.999977377335823]]
56890470	[1, [0.02826331987954367, 0.9717366801204563]]
7981205	[1, [0.005710881693261616, 0.9942891183067384]]
86366898	[1, [0.015899472939558734, 0.9841005270604413]]
76211027	[1, [0.01778869023024021, 0.9822113097697598]]
14063694	[1, [0.004346612351897039, 0.995653387648103]]
87229151	[1, [0.0002435208989903792, 0.9997564791010096]]
38209842	[1, [0.03437932230741392, 0.9656206776925861]]
62695564	[1, [0.03235961988922542, 0.9676403801107746]]
68106558	[1, [0.026435545319734355, 0.9735644546802656]]
5350974	[1, [0.03844582823359932, 0.9615541717664007]]
6125663	[1, [0.0011382499355684361, 0.9988617500644316]]
98470580	[1, [5.766420038066933e-05, 0.9999423357996193]]
35307333	[1, [0.04311837402529184, 0.9568816259747082]]
66687460	[1, [0.015522702361651985, 0.984477297638348]]
31797290	[1, [0.047130052070834205, 0.9528699479291658]]
60253846	[1, [0.00019319720334975976, 0.9998068027966502]]
98440932	[1, [0.021746279302788385, 0.9782537206972116]]
24610421	[1, [0.015932901708266112, 0.9840670982917339]]
9327703	[1, [0.008511400672103875, 0.9914885993278961]]
7963961	[1, [0.006110671016777536, 0.9938893289832225]]
31745683	[1, [0.014567040531764497, 0.9854329594682355]]
31774206	[1, [0.010932598908811264, 0.9890674010911887]]
44678316	[1, [0.03961828025712755, 0.9603817197428725]]
51720105	[1, [0.019011012606495625, 0.9809889873935044]]
22987822	[1, [7.989215384807125e-06, 0.9999920107846152]]
39628524	[1, [0.01162074907672106, 0.9883792509232789]]
24945464	[1, [0.0001781591820656514, 0.9998218408179343]]
24977792	[1, [0.016813840134213054, 0.983186159865787]]
81833997	[1, [0.01326123536523549, 0.9867387646347645]]
39641843	[1, [0.039452191869954856, 0.9605478081300451]]
22757718	[1, [0.011437583341264101, 0.9885624166587359]]
49705185	[1, [0.02540033323607671, 0.9745996667639233]]
80074863	[1, [0.036966974348972004, 0.963033025651028]]
46940764	[1, [0.008701796843677556, 0.9912982031563224]]
88762419	[1, [0.002927530822557922, 0.9970724691774421]]
79923924	[1, [0.007663979734919946, 0.99233602026508]]
22949014	[1, [0.029696065713146758, 0.9703039342868532]]
80045326	[1, [0.049733086679457306, 0.9502669133205427]]
88712814	[1, [0.024952479149647155, 0.9750475208503528]]
18104656	[1, [0.045165669714708034, 0.954834330285292]]
18090570	[1, [0.008681879899552492, 0.9913181201004475]]
71288056	[1, [0.0022157596557615955, 0.9977842403442384]]
46909256	[1, [7.331655728637365e-05, 0.9999266834427136]]
49724267	[1, [0.04493337307239387, 0.9550666269276061]]
81835542	[1, [0.0024872086400550275, 0.997512791359945]]
79960893	[1, [0.0017064937099218191, 0.9982935062900782]]
25008058	[1, [0.04051443011640998, 0.95948556988359]]
39600074	[1, [0.008450293700169365, 0.9915497062998306]]
92373096	[1, [0.02708137922505327, 0.9729186207749467]]
14119788	[1, [0.047351254212605554, 0.9526487457873944]]
67776807	[1, [0.0028559475673364254, 0.9971440524326636]]
41931384	[1, [0.00025377661096503967, 0.999746223389035]]
82581325	[1, [0.011150621953610051, 0.98884937804639]]
75417450	[1, [9.24958349620697e-05, 0.9999075041650379]]
27224220	[1, [0.0014492772472254334, 0.9985507227527746]]
9215021	[1, [0.009013573088945903, 0.9909864269110541]]
7926950	[1, [0.010405599609742078, 0.9895944003902579]]
35801913	[1, [0.004678705225529267, 0.9953212947744707]]
9263955	[1, [0.01663171056188395, 0.983368289438116]]
32480742	[1, [0.0001115007842311666, 0.9998884992157688]]
9263840	[1, [0.046081814385805275, 0.9539181856141947]]
27225095	[1, [0.04796009789347189, 0.9520399021065281]]
9216293	[1, [0.0013980481392477095, 0.9986019518607523]]
50918748	[1, [0.012837557945851397, 0.9871624420541486]]
9296108	[1, [0.005127417922104138, 0.9948725820778959]]
80250260	[1, [0.029688484862276154, 0.9703115151377238]]
42679769	[1, [0.0012358646230717918, 0.9987641353769282]]
61952157	[1, [9.751326660256687e-05, 0.9999024867333974]]
32470159	[1, [0.004784487012679528, 0.9952155129873205]]
46163617	[1, [0.008809853925547229, 0.9911901460744528]]
21853990	[1, [4.003840462663e-05, 0.9999599615953734]]
11966832	[1, [0.0001742532442385869, 0.9998257467557614]]
67107268	[1, [0.04449265322010587, 0.9555073467798941]]
63123891	[1, [0.011795260808051156, 0.9882047391919488]]
23999150	[1, [0.0340507548394009, 0.9659492451605991]]
55610839	[1, [0.0125786078423894, 0.9874213921576106]]
81023619	[1, [0.005737533102735726, 0.9942624668972643]]
87998754	[1, [0.011425832151110149, 0.9885741678488899]]
9001610	[1, [0.004812219725955247, 0.9951877802740448]]
60999127	[1, [0.004303761796174421, 0.9956962382038256]]
11937739	[1, [0.0006153293079789179, 0.9993846706920211]]
67118401	[1, [0.04030795004887755, 0.9596920499511225]]
11933896	[1, [0.02697216397586011, 0.9730278360241399]]
85861520	[1, [0.007077759181089438, 0.9929222408189106]]
87967523	[1, [0.004802474659729827, 0.9951975253402702]]
55646762	[1, [0.03375816694023426, 0.9662418330597657]]
21125647	[1, [0.030366028829081015, 0.969633971170919]]
24412492	[1, [0.021976705030195998, 0.978023294969804]]
9079440	[1, [0.003985578527525679, 0.9960144214724743]]
28848077	[1, [0.0007885094019556282, 0.9992114905980444]]
23950156	[1, [0.0016874602449403753, 0.9983125397550596]]
9262655	[1, [0.008429118164222538, 0.9915708818357775]]
49453822	[1, [0.01639216911811736, 0.9836078308818826]]
11429953	[1, [0.02984731707394872, 0.9701526829260513]]
9078805	[1, [0.008259429042674626, 0.9917405709573254]]
9262637	[1, [0.00196291000380433, 0.9980370899961957]]
81026402	[1, [0.009402911636264832, 0.9905970883637352]]
87992484	[1, [0.04039695629936446, 0.9596030437006355]]
52631075	[1, [0.0021429940143962156, 0.9978570059856038]]
59934936	[1, [0.0032986402336306897, 0.9967013597663693]]
6153933	[1, [0.01918882769711372, 0.9808111723028863]]
76160916	[1, [3.5597300150902456e-06, 0.9999964402699849]]
83731059	[1, [0.025595239435878825, 0.9744047605641212]]
43234757	[1, [0.0028987072043126227, 0.9971012927956874]]
98103672	[1, [0.005621087367799427, 0.9943789126322006]]
83704211	[1, [0.045392308138738624, 0.9546076918612614]]
65788506	[1, [0.015600415605957485, 0.9843995843940425]]
65783683	[1, [0.014873892921069887, 0.9851261070789301]]
33234563	[1, [0.042760921606153635, 0.9572390783938464]]
9203138	[1, [0.041071090481147765, 0.9589289095188522]]
78853582	[1, [0.00404303297545161, 0.9959569670245484]]
65207676	[1, [0.024424409292518323, 0.9755755907074817]]
29478539	[1, [0.019175654128393838, 0.9808243458716062]]
76158857	[1, [0.04464609881017911, 0.9553539011898209]]
98114068	[1, [1.7208841607940784e-05, 0.9999827911583921]]
52584569	[1, [0.015880373748071275, 0.9841196262519287]]
31634230	[1, [0.004141039184302975, 0.995858960815697]]
36385568	[1, [0.029514252108352568, 0.9704857478916474]]
17552267	[1, [0.006159692858248134, 0.9938403071417519]]
26745474	[1, [0.00012201849773607609, 0.9998779815022639]]
57023670	[1, [0.02197576038859994, 0.9780242396114001]]
78857958	[1, [0.0054946131472563, 0.9945053868527437]]
81225785	[1, [0.0014146500166962728, 0.9985853499833037]]
5933016	[1, [0.004704646829999826, 0.9952953531700002]]
9246452	[1, [0.027076402423474644, 0.9729235975765254]]
89303724	[1, [0.016633962714326267, 0.9833660372856737]]
93536911	[1, [0.04959939444082562, 0.9504006055591744]]
67471503	[1, [0.001012312443011476, 0.9989876875569885]]
16556856	[1, [0.019734258922019854, 0.9802657410779801]]
19900925	[1, [0.0003077725632980588, 0.9996922274367019]]
9077298	[1, [0.01756237428444518, 0.9824376257155548]]
19931858	[1, [0.041022255675327024, 0.958977744324673]]
67487493	[1, [0.004306240733002897, 0.9956937592669971]]
9247901	[1, [0.01492602913900376, 0.9850739708609962]]
70899344	[1, [0.038032712129469015, 0.961967287870531]]
50024006	[1, [0.03154645567757963, 0.9684535443224204]]
67523646	[1, [0.01925330796914948, 0.9807466920308505]]
89405465	[1, [0.01374424272147945, 0.9862557572785206]]
62488679	[1, [1.4191065370483535e-05, 0.9999858089346295]]
16511973	[1, [0.03361295139658038, 0.9663870486034196]]
15778249	[1, [0.0016253830511587797, 0.9983746169488412]]
44412309	[1, [0.003849622798399399, 0.9961503772016006]]
9082563	[1, [0.0158513232970795, 0.9841486767029205]]
63016779	[1, [0.020500435332038713, 0.9794995646679613]]
83291740	[1, [0.00012305987179739297, 0.9998769401282026]]
75854512	[1, [0.03231792418679591, 0.9676820758132041]]
9082890	[1, [0.03938910153933195, 0.960610898460668]]
9015501	[1, [0.0007631705126871502, 0.9992368294873128]]
24925011	[1, [0.0018755440154740732, 0.9981244559845259]]
31469666	[1, [0.027788726614879633, 0.9722112733851204]]
7771055	[1, [0.018680760459170664, 0.9813192395408293]]
24923381	[1, [0.008546515962025492, 0.9914534840379745]]
50283737	[1, [0.00016868553519666651, 0.9998313144648033]]
97693530	[1, [0.0003710625277397739, 0.9996289374722602]]
9082263	[1, [0.007990319653187528, 0.9920096803468125]]
85353020	[1, [0.011780942733117583, 0.9882190572668824]]
85339841	[1, [0.006670588798708854, 0.9933294112012911]]
63052405	[1, [0.0014206209610244658, 0.9985793790389755]]
28603584	[1, [1.9379377211858895e-05, 0.9999806206227881]]
75878818	[1, [0.0021397115431925906, 0.9978602884568074]]
97712291	[1, [0.022668166853251792, 0.9773318331467482]]
72831186	[1, [0.01438582401540811, 0.9856141759845919]]
38178392	[1, [0.00027721947487524545, 0.9997227805251248]]
61859399	[1, [0.04381980311925204, 0.956180196880748]]
96053628	[1, [0.0017987602191223973, 0.9982012397808776]]
38178623	[1, [0.041004807360893514, 0.9589951926391065]]
9210056	[1, [0.0010745463186223603, 0.9989254536813776]]
91718122	[1, [0.0003487942876061467, 0.9996512057123939]]
61637635	[1, [0.04044850426444446, 0.9595514957355555]]
36886959	[1, [0.035232265559605125, 0.9647677344403949]]
9038618	[1, [0.004105288004713992, 0.995894711995286]]
9039169	[1, [0.005996771960126157, 0.9940032280398738]]
43598646	[1, [0.001773979357700961, 0.998226020642299]]
48220763	[1, [0.00018133784474272385, 0.9998186621552573]]
95482552	[1, [0.012571687203468573, 0.9874283127965314]]
94374994	[1, [0.0141050160545797, 0.9858949839454203]]
15665362	[1, [0.023998160389054002, 0.976001839610946]]
95505368	[1, [0.009389770140604714, 0.9906102298593953]]
26772879	[1, [0.026472699519225817, 0.9735273004807742]]
91698902	[1, [0.012851155113932755, 0.9871488448860672]]
43613285	[1, [0.020642470825750436, 0.9793575291742496]]
9039237	[1, [0.025718260350701128, 0.9742817396492989]]
7999412	[1, [0.022159786626742006, 0.977840213373258]]
61636290	[1, [0.017798130600472195, 0.9822018693995278]]
95488268	[1, [0.0016017398886530865, 0.9983982601113469]]
96017034	[1, [0.03789005452075256, 0.9621099454792474]]
72838687	[1, [0.04936996759543222, 0.9506300324045678]]
7999793	[1, [0.002770860714976453, 0.9972291392850235]]
96072388	[1, [0.00640705430683719, 0.9935929456931628]]
61592391	[1, [0.018919749726858837, 0.9810802502731412]]
45239391	[1, [3.4558388287475594e-05, 0.9999654416117125]]
50760061	[1, [0.013132404146549814, 0.9868675958534502]]
41110420	[1, [0.03445544264139433, 0.9655445573586057]]
60425992	[1, [0.0006036160855479311, 0.9993963839144521]]
31355648	[1, [0.0006460703315642746, 0.9993539296684357]]
72567543	[1, [0.00044569929248483575, 0.9995543007075152]]
57619095	[1, [0.01217358544266367, 0.9878264145573363]]
90699802	[1, [0.03396466946274879, 0.9660353305372512]]
73713762	[1, [0.017976859127099343, 0.9820231408729007]]
27626307	[1, [5.642102474623378e-05, 0.9999435789752538]]
37165251	[1, [0.0075402140326331635, 0.9924597859673668]]
9209257	[1, [0.0016162579300540436, 0.998383742069946]]
28087205	[1, [0.02869883753725011, 0.9713011624627499]]
41105501	[1, [0.011358674627251264, 0.9886413253727487]]
60423942	[1, [0.02769639808086244, 0.9723036019191376]]
72523513	[1, [0.004912613495265505, 0.9950873865047345]]
90771953	[1, [0.003737394739538491, 0.9962626052604615]]
33878236	[1, [0.006812365488197414, 0.9931876345118026]]
72516672	[1, [0.018747803627259363, 0.9812521963727406]]
41116031	[1, [0.014630949455366471, 0.9853690505446335]]
76865721	[1, [0.00044569929248483575, 0.9995543007075152]]
29836642	[1, [0.021865904827848448, 0.9781340951721516]]
89064237	[1, [0.015280866612100819, 0.9847191333878992]]
83012481	[1, [0.03108205992839863, 0.9689179400716014]]
94449120	[1, [0.029371165056931936, 0.9706288349430681]]
5933803	[1, [0.02543698837503161, 0.9745630116249684]]
15132229	[1, [0.0023191473971471144, 0.9976808526028529]]
75800994	[1, [0.04740516449210219, 0.9525948355078978]]
61263485	[1, [0.004399423805194536, 0.9956005761948055]]
42244171	[1, [0.03777793031360521, 0.9622220696863948]]
89031300	[1, [0.02894595141930334, 0.9710540485806967]]
71201961	[1, [0.002476554462395031, 0.997523445537605]]
97985865	[1, [0.004285240265407664, 0.9957147597345923]]
15104735	[1, [0.007587568324517013, 0.992412431675483]]
61123703	[1, [0.003395305777023183, 0.9966046942229768]]
61103035	[1, [0.04119865912843146, 0.9588013408715685]]
61117997	[1, [0.010870828223683238, 0.9891291717763168]]
86025965	[1, [0.04593889717252342, 0.9540611028274766]]
33535851	[1, [0.045617409377592844, 0.9543825906224072]]
53073616	[1, [0.0010999649436029824, 0.998900035056397]]
28772831	[1, [0.034373671842642395, 0.9656263281573576]]
23478572	[1, [0.04503108573251968, 0.9549689142674803]]
9211336	[1, [0.02197348307694702, 0.978026516923053]]
48758494	[1, [0.04824759293136205, 0.951752407068638]]
77149429	[1, [0.04454225014041824, 0.9554577498595818]]
23468654	[1, [0.01605998959366506, 0.9839400104063349]]
68573578	[1, [0.046032055052989684, 0.9539679449470103]]
23455146	[1, [0.02773437249582944, 0.9722656275041706]]
79638326	[1, [0.02759057012053856, 0.9724094298794614]]
9236474	[1, [0.009716144716034103, 0.9902838552839659]]
47932649	[1, [0.007243614634356077, 0.9927563853656439]]
9211730	[1, [0.005165492904928182, 0.9948345070950718]]
86065534	[1, [0.005257436165674201, 0.9947425638343258]]
24068163	[1, [1.9935454154240695e-05, 0.9999800645458458]]
68621351	[1, [0.044446974458347444, 0.9555530255416526]]
35262484	[1, [0.030667804792535946, 0.969332195207464]]
99717739	[1, [0.039149996436462, 0.960850003563538]]
28767562	[1, [0.0004886353196030813, 0.9995113646803969]]
90277924	[1, [0.031119191014018055, 0.968880808985982]]
9149288	[1, [0.035051582224834066, 0.9649484177751659]]
68568084	[1, [0.01579968990192504, 0.984200310098075]]
23443189	[1, [0.0005774175971405837, 0.9994225824028594]]
33481471	[1, [0.04277003998451934, 0.9572299600154807]]
24810437	[1, [0.010462470458131534, 0.9895375295418685]]
11660270	[1, [0.012477168279928397, 0.9875228317200716]]
9253505	[1, [0.037270404517716016, 0.962729595482284]]
31034422	[1, [0.027504493634068372, 0.9724955063659316]]
41781990	[1, [0.00024087799194683068, 0.9997591220080532]]
57902867	[1, [0.0018656423677441136, 0.9981343576322559]]
21430754	[1, [0.0040737186246558865, 0.9959262813753441]]
51968950	[1, [0.011894242302302294, 0.9881057576976977]]
20154544	[1, [0.01292196471130358, 0.9870780352886964]]
98909302	[1, [0.04160883960755968, 0.9583911603924403]]
20105796	[1, [0.011080043190537014, 0.988919956809463]]
51909819	[1, [0.006253764320521382, 0.9937462356794786]]
24855782	[1, [0.0001239126841933169, 0.9998760873158067]]
82470887	[1, [0.007788844938690587, 0.9922111550613094]]
12022625	[1, [0.012716318562180917, 0.9872836814378191]]
99767976	[1, [0.01680879513372391, 0.9831912048662761]]
31053383	[1, [0.012369827322119553, 0.9876301726778804]]
20142888	[1, [8.572121759087281e-06, 0.9999914278782409]]
41746891	[1, [0.01191914837822139, 0.9880808516217786]]
41768840	[1, [0.02251742077224872, 0.9774825792277513]]
5658588	[1, [0.02457180132699255, 0.9754281986730075]]
9119005	[1, [0.04577210743471871, 0.9542278925652813]]
51914421	[1, [0.011229509066902121, 0.9887704909330979]]
17634993	[1, [0.00046829833849271196, 0.9995317016615073]]
17680436	[1, [8.020421847487746e-05, 0.9999197957815251]]
53524709	[1, [0.04479394936720982, 0.9552060506327902]]
30879166	[1, [0.024076476266200575, 0.9759235237337994]]
17677280	[1, [0.029190077232891465, 0.9708099227671085]]
9266506	[1, [0.03962147922845305, 0.960378520771547]]
46594401	[1, [0.0024191784958190743, 0.9975808215041809]]
9283057	[1, [0.04559122260227444, 0.9544087773977256]]
77559773	[1, [0.010360548861123586, 0.9896394511388764]]
68847585	[1, [0.016489451279828038, 0.983510548720172]]
9282818	[1, [0.00035344980239637724, 0.9996465501976036]]
9133261	[1, [0.02357529969207206, 0.9764247003079279]]
66612240	[1, [0.001583802417260416, 0.9984161975827396]]
80748342	[1, [0.04459452365860628, 0.9554054763413937]]
30877662	[1, [0.008711548507639666, 0.9912884514923603]]
9265555	[1, [0.010258121717591995, 0.989741878282408]]
52876898	[1, [0.015371921577116643, 0.9846280784228834]]
58953471	[1, [0.036241387715398754, 0.9637586122846012]]
53981377	[1, [0.00010969482715561529, 0.9998903051728444]]
52866899	[1, [0.00026151794766404723, 0.999738482052336]]
77607094	[1, [0.04341178071783225, 0.9565882192821678]]
10731754	[1, [0.0015653232336129141, 0.9984346767663871]]
89943437	[1, [0.018401109997969956, 0.98159889000203]]
21644311	[1, [0.038448072858931925, 0.9615519271410681]]
51611142	[1, [0.010938131410287877, 0.9890618685897121]]
10901966	[1, [0.009902186402413804, 0.9900978135975862]]
40707591	[1, [0.007920160003015875, 0.9920798399969841]]
32767931	[1, [0.038072591336143824, 0.9619274086638562]]
7867727	[1, [3.841721836428391e-05, 0.9999615827816357]]
35181015	[1, [0.010490733961401544, 0.9895092660385985]]
46784786	[1, [0.0030454615539168284, 0.9969545384460832]]
10921714	[1, [0.034785328853396136, 0.9652146711466039]]
51671915	[1, [5.0268562080124646e-05, 0.9999497314379199]]
46790074	[1, [0.001121055447796393, 0.9988789445522036]]
67402407	[1, [0.007614144458013117, 0.9923858555419869]]
9113717	[1, [0.010817014269770886, 0.9891829857302291]]
72048100	[1, [0.013399124677498375, 0.9866008753225016]]
55756753	[1, [0.0008875854466346977, 0.9991124145533653]]
13367314	[1, [0.007762370447876421, 0.9922376295521236]]
69008218	[1, [0.046415485585732386, 0.9535845144142676]]
13371820	[1, [0.007569611011599031, 0.992430388988401]]
7914404	[1, [0.024207605643706054, 0.975792394356294]]
48345520	[1, [0.04397747666859686, 0.9560225233314031]]
9258899	[1, [0.032602845028463334, 0.9673971549715367]]
22549065	[1, [0.00022514821168917454, 0.9997748517883108]]
13384777	[1, [0.028451273591100446, 0.9715487264088996]]
22525851	[1, [0.0008813655782380359, 0.999118634421762]]
74501497	[1, [0.0045111470603107495, 0.9954888529396893]]
69027851	[1, [0.03237655414763019, 0.9676234458523698]]
44752778	[1, [0.0005266132991421646, 0.9994733867008578]]
99411734	[1, [0.00883212942317435, 0.9911678705768256]]
72045249	[1, [0.016540699220049748, 0.9834593007799503]]
48325471	[1, [0.005938360157536793, 0.9940616398424632]]
74510557	[1, [2.975194166632278e-05, 0.9999702480583337]]
47316779	[1, [0.0043729366963246585, 0.9956270633036753]]
13375497	[1, [0.021346999928857358, 0.9786530000711426]]
85125059	[1, [0.01550644825668479, 0.9844935517433152]]
5804772	[1, [0.006139265705502384, 0.9938607342944976]]
9257771	[1, [0.023466610929468557, 0.9765333890705314]]
91848693	[1, [0.029242330688593277, 0.9707576693114067]]
46845848	[1, [0.041763297262825905, 0.9582367027371741]]
98930107	[1, [0.015925207621927062, 0.9840747923780729]]
22506318	[1, [0.005353581957328157, 0.9946464180426718]]
98941445	[1, [0.006972414695955775, 0.9930275853040442]]
80913347	[1, [0.014320478371419143, 0.9856795216285809]]
95599942	[1, [0.006531370099980616, 0.9934686299000194]]
9084825	[1, [0.008577994659322408, 0.9914220053406776]]
9085067	[1, [0.02267326839430872, 0.9773267316056913]]
51894834	[1, [0.015382579905040883, 0.9846174200949591]]
32375952	[1, [0.0015182675366647302, 0.9984817324633353]]
51838171	[1, [0.03365646050840798, 0.966343539491592]]
93758022	[1, [0.01484456939905221, 0.9851554306009478]]
82681109	[1, [0.04398711130220789, 0.9560128886977921]]
38758656	[1, [0.00010372441609551863, 0.9998962755839045]]
80901953	[1, [0.00033284451693904593, 0.999667155483061]]
80902021	[1, [0.004868322625782406, 0.9951316773742176]]
9085016	[1, [0.0005682373087442238, 0.9994317626912558]]
52014588	[1, [0.025160767891631575, 0.9748392321083684]]
80913548	[1, [0.012812581730658912, 0.9871874182693411]]
16135595	[1, [0.0011072271779458687, 0.9988927728220541]]
48453187	[1, [0.013342322321040045, 0.98665767767896]]
9085074	[1, [0.043948949917513414, 0.9560510500824866]]
9084919	[1, [0.030331103967797812, 0.9696688960322022]]
9084748	[1, [0.00018792330859240813, 0.9998120766914076]]
44119057	[1, [0.0012029686071123313, 0.9987970313928877]]
40664604	[1, [0.025243734031782372, 0.9747562659682176]]
16153226	[1, [0.016392574497008594, 0.9836074255029914]]
77479489	[1, [0.02086876052376052, 0.9791312394762395]]
98725592	[1, [0.0021951574330778545, 0.9978048425669221]]
28244362	[1, [0.01003906541620525, 0.9899609345837947]]
27316671	[1, [0.0033000419928826963, 0.9966999580071173]]
77493148	[1, [0.0035187685729730633, 0.9964812314270269]]
42059769	[1, [0.0006646048805237781, 0.9993353951194762]]
64225875	[1, [0.0004930709949049206, 0.9995069290050951]]
69364373	[1, [0.04655467111531053, 0.9534453288846895]]
67002919	[1, [0.015082910664929061, 0.9849170893350709]]
99347443	[1, [0.00017824807024546807, 0.9998217519297545]]
66988242	[1, [0.02312148325960872, 0.9768785167403913]]
89781090	[1, [0.0008810915664178021, 0.9991189084335822]]
98620039	[1, [0.008065717074917655, 0.9919342829250823]]
96475871	[1, [0.0007210159580399722, 0.99927898404196]]
9254548	[1, [0.011447258565584706, 0.9885527414344153]]
69380540	[1, [0.021954744914990276, 0.9780452550850097]]
86507604	[1, [0.002924846068926845, 0.9970751539310732]]
16202680	[1, [0.005577810094928304, 0.9944221899050717]]
16197463	[1, [0.029314840161450917, 0.9706851598385491]]
84768710	[1, [0.0030844871723009204, 0.9969155128276991]]
42055538	[1, [0.023884629868826446, 0.9761153701311736]]
96512789	[1, [0.036985226251385006, 0.963014773748615]]
9007867	[1, [0.01760847249739428, 0.9823915275026057]]
16160872	[1, [0.01599607738267883, 0.9840039226173212]]
28213972	[1, [0.03604816992677151, 0.9639518300732285]]
72261947	[1, [0.0004673178804642797, 0.9995326821195357]]
5181222	[1, [0.01524132227824715, 0.9847586777217529]]
34003828	[1, [0.025813101837774743, 0.9741868981622253]]
92699433	[1, [2.9378600041596314e-06, 0.9999970621399958]]
84322964	[1, [0.01045806599469068, 0.9895419340053093]]
10115500	[1, [0.003392547248644795, 0.9966074527513552]]
25855205	[1, [0.00022277501695644464, 0.9997772249830436]]
34048782	[1, [0.0002827222692610709, 0.9997172777307389]]
15027126	[1, [0.03624300578945583, 0.9637569942105442]]
92706924	[1, [0.002331655187248538, 0.9976683448127515]]
29400408	[1, [0.002040629787305792, 0.9979593702126942]]
30175750	[1, [0.00016241012556827972, 0.9998375898744317]]
10990941	[1, [4.202897312788334e-05, 0.9999579710268721]]
84315551	[1, [0.005299912266083728, 0.9947000877339163]]
99553326	[1, [0.022970808676648025, 0.977029191323352]]
99603280	[1, [0.022157997447979083, 0.9778420025520209]]
77331901	[1, [8.32547989891852e-05, 0.9999167452010108]]
84308004	[1, [0.0010425637623602269, 0.9989574362376398]]
18514066	[1, [0.0006072454582006781, 0.9993927545417993]]
10949663	[1, [0.011252781151311786, 0.9887472188486882]]
99532393	[1, [0.03603906668110046, 0.9639609333188995]]
75305207	[1, [0.0023867055217361433, 0.9976132944782639]]
34049629	[1, [0.002931544144543219, 0.9970684558554568]]
92662030	[1, [0.0019195437392409698, 0.998080456260759]]
92676250	[1, [0.004691791670016876, 0.9953082083299831]]
50859885	[1, [0.00029487467711453164, 0.9997051253228855]]
70313067	[1, [0.020839845818864222, 0.9791601541811358]]
76463560	[1, [0.002497635728749059, 0.9975023642712509]]
84898273	[1, [0.011252781151311786, 0.9887472188486882]]
87294829	[1, [0.004921351984190747, 0.9950786480158093]]
39694731	[1, [0.0035493630613612215, 0.9964506369386388]]
76744164	[1, [1.64048325270727e-05, 0.9999835951674729]]
24307831	[1, [0.005257436165674201, 0.9947425638343258]]
84956191	[1, [0.04067864939612886, 0.9593213506038711]]
75088352	[1, [0.0034619448642614348, 0.9965380551357386]]
39721946	[1, [0.015486743018523041, 0.984513256981477]]
12195831	[1, [0.0035090349016331235, 0.9964909650983669]]
9281286	[1, [0.033746122396183686, 0.9662538776038163]]
54490889	[1, [0.0032262816658499283, 0.9967737183341501]]
74353721	[1, [9.331529172373898e-06, 0.9999906684708276]]
32400398	[1, [0.01374508363834448, 0.9862549163616555]]
94335235	[1, [0.04253209799221469, 0.9574679020077853]]
94325258	[1, [0.0002068526413183669, 0.9997931473586816]]
24315513	[1, [0.0006951964479686712, 0.9993048035520313]]
