9062697	[1, [0.042934056179095625, 0.9570659438209044]]
7686952	[1, [0.04446962472928018, 0.9555303752707198]]
5241287	[1, [8.337457299445461e-05, 0.9999166254270055]]
95259848	[1, [0.04016545577685904, 0.959834544223141]]
7628122	[1, [0.021094476592066758, 0.9789055234079332]]
14089015	[1, [0.015937610924499412, 0.9840623890755006]]
96768227	[1, [0.045699210631651166, 0.9543007893683488]]
14051381	[1, [0.0072523511837556676, 0.9927476488162443]]
7687565	[1, [0.04281030379279027, 0.9571896962072097]]
7178778	[1, [0.023269864293042786, 0.9767301357069572]]
5239083	[1, [0.0011981392244726496, 0.9988018607755274]]
5241217	[1, [0.0002761832345447024, 0.9997238167654553]]
39275561	[1, [0.038697337390527387, 0.9613026626094726]]
51167823	[1, [0.00973807088837142, 0.9902619291116286]]
39483347	[1, [0.02599426763891166, 0.9740057323610883]]
94899755	[1, [0.03724798434305754, 0.9627520156569425]]
16439054	[1, [0.007708364165039172, 0.9922916358349608]]
16469599	[1, [0.04997209842822137, 0.9500279015717786]]
28322954	[1, [0.03391205175477807, 0.9660879482452219]]
44175747	[1, [0.00959672055565397, 0.990403279444346]]
9032604	[1, [0.011523549663280397, 0.9884764503367196]]
28319350	[1, [0.007961066956972185, 0.9920389330430278]]
6779493	[1, [0.0012164812368906652, 0.9987835187631093]]
9017540	[1, [0.019884018973191253, 0.9801159810268087]]
9260754	[1, [0.0016596289907186978, 0.9983403710092813]]
9263692	[1, [0.005834951235289321, 0.9941650487647107]]
46163421	[1, [0.017253651812760062, 0.9827463481872399]]
79688319	[1, [0.008338262464659518, 0.9916617375353405]]
7606335	[1, [0.03743682462931597, 0.962563175370684]]
30108399	[1, [0.040283180944271746, 0.9597168190557283]]
7804680	[1, [0.023055662138488753, 0.9769443378615112]]
6331601	[1, [0.03783792159527455, 0.9621620784047255]]
90796891	[1, [0.042374734036263795, 0.9576252659637362]]
9111520	[1, [0.003805400558610339, 0.9961945994413897]]
9112107	[1, [0.002298796672256409, 0.9977012033277436]]
9111446	[1, [0.0009622833028939404, 0.9990377166971061]]
5111961	[1, [0.005556417627969545, 0.9944435823720305]]
7174158	[1, [0.0017324846576325381, 0.9982675153423675]]
39807411	[1, [0.0022020465454283267, 0.9977979534545717]]
47787900	[1, [0.03624793331765974, 0.9637520666823403]]
22599526	[1, [0.014815503055880752, 0.9851844969441192]]
6229493	[1, [0.04627062448169439, 0.9537293755183056]]
5114093	[1, [0.0028421109870868655, 0.9971578890129131]]
7175840	[1, [0.003471920939086548, 0.9965280790609135]]
7173029	[1, [0.009331651952504738, 0.9906683480474953]]
5114119	[1, [0.00020818919949938675, 0.9997918108005006]]
7924569	[1, [0.022912053918087594, 0.9770879460819124]]
99480322	[1, [0.03278695842672741, 0.9672130415732726]]
7950203	[1, [0.007446593525988421, 0.9925534064740116]]
9137999	[1, [0.019301294996333485, 0.9806987050036665]]
28276549	[1, [0.045636226298651605, 0.9543637737013484]]
61523718	[1, [0.047143612444008554, 0.9528563875559914]]
6737388	[1, [0.0009622833028939404, 0.9990377166971061]]
7129416	[1, [0.02410396108781121, 0.9758960389121888]]
99527278	[1, [0.0436938311622197, 0.9563061688377803]]
66357713	[1, [0.019138872200432755, 0.9808611277995672]]
7130133	[1, [0.0037807638241696973, 0.9962192361758303]]
80554004	[1, [0.007931245277439936, 0.9920687547225601]]
9137803	[1, [0.002933614680956542, 0.9970663853190435]]
62860515	[1, [0.035903711367937796, 0.9640962886320622]]
7126169	[1, [0.008843498841865971, 0.991156501158134]]
65031097	[1, [0.013720226500693489, 0.9862797734993065]]
34330308	[1, [0.01655713434393491, 0.9834428656560651]]
97593911	[1, [0.01443167100567666, 0.9855683289943233]]
69318862	[1, [0.03772076383905132, 0.9622792361609487]]
9072854	[1, [0.04730878045235132, 0.9526912195476487]]
26961989	[1, [0.022039250896956353, 0.9779607491030436]]
93311239	[1, [0.04954422449322082, 0.9504557755067792]]
7655349	[1, [0.04608635913538639, 0.9539136408646136]]
7963432	[1, [0.0012666731308633716, 0.9987333268691366]]
7961618	[1, [0.0191910877376813, 0.9808089122623187]]
89459735	[1, [0.047698071674047826, 0.9523019283259522]]
9222919	[1, [0.04187139233722115, 0.9581286076627789]]
9134527	[1, [0.001641303489320789, 0.9983586965106792]]
6968262	[1, [0.03684027276632906, 0.9631597272336709]]
9251962	[1, [0.03960957063668591, 0.9603904293633141]]
7941807	[1, [0.02763777108152743, 0.9723622289184726]]
9223980	[1, [0.042856993685616906, 0.9571430063143831]]
7286827	[1, [0.04316501220171287, 0.9568349877982871]]
9134818	[1, [0.01927668170511454, 0.9807233182948855]]
58854764	[1, [0.016959475875427787, 0.9830405241245722]]
63962773	[1, [0.033790599095632756, 0.9662094009043672]]
86004939	[1, [0.024305488098556816, 0.9756945119014432]]
52547655	[1, [0.03037171410548778, 0.9696282858945122]]
9249571	[1, [0.008238102514812717, 0.9917618974851873]]
9131733	[1, [0.00937351448483803, 0.990626485515162]]
6107616	[1, [0.011226678605766538, 0.9887733213942335]]
34593124	[1, [0.004175638429153028, 0.995824361570847]]
7478415	[1, [0.006089034637901003, 0.993910965362099]]
6673995	[1, [0.030190472105232624, 0.9698095278947674]]
9132628	[1, [0.004156847767499028, 0.995843152232501]]
5969666	[1, [0.0005155405428961535, 0.9994844594571038]]
11206113	[1, [0.015670200757848196, 0.9843297992421518]]
27895243	[1, [0.022160732145592443, 0.9778392678544076]]
22090935	[1, [0.016294609861665088, 0.9837053901383349]]
22104802	[1, [0.04859385170853048, 0.9514061482914695]]
7353438	[1, [0.022953904778576284, 0.9770460952214237]]
9214372	[1, [0.00022358757089024905, 0.9997764124291098]]
51034942	[1, [0.022678639630590247, 0.9773213603694098]]
7144465	[1, [0.0222945293623541, 0.9777054706376459]]
63880335	[1, [0.040823256562821375, 0.9591767434371786]]
90864634	[1, [0.03261242579780499, 0.967387574202195]]
7428385	[1, [0.0466358589164233, 0.9533641410835767]]
87460023	[1, [0.03522803966132049, 0.9647719603386795]]
6847029	[1, [0.002495397406449107, 0.9975046025935509]]
5682350	[1, [0.04119940432886171, 0.9588005956711383]]
6151505	[1, [0.028012095855699304, 0.9719879041443007]]
5146115	[1, [0.033535517789662905, 0.9664644822103371]]
7147166	[1, [0.0007567332986568864, 0.9992432667013431]]
7149343	[1, [0.0426135186796206, 0.9573864813203794]]
44587313	[1, [0.015077371402545836, 0.9849226285974542]]
15246940	[1, [0.00255278738224618, 0.9974472126177538]]
9152697	[1, [0.026676154257858076, 0.9733238457421419]]
45392779	[1, [0.006592558924292113, 0.9934074410757079]]
96089903	[1, [0.04520685673765312, 0.9547931432623469]]
48040421	[1, [0.011303508456195877, 0.9886964915438041]]
9002636	[1, [0.02806401066792752, 0.9719359893320725]]
9002300	[1, [0.030256079593915075, 0.9697439204060849]]
22308054	[1, [0.0068016445713158236, 0.9931983554286842]]
98302037	[1, [0.022455182382217997, 0.977544817617782]]
31525254	[1, [0.02564241025180336, 0.9743575897481966]]
22335481	[1, [0.024096676607056722, 0.9759033233929433]]
9001860	[1, [0.01800537869186325, 0.9819946213081368]]
33806330	[1, [0.004828577180844396, 0.9951714228191556]]
97165909	[1, [0.04648353000489869, 0.9535164699951013]]
17996304	[1, [0.008936103810364249, 0.9910638961896358]]
39970712	[1, [0.03285331801585234, 0.9671466819841477]]
9244664	[1, [0.007317420596512747, 0.9926825794034873]]
9265035	[1, [0.00034279608421572405, 0.9996572039157843]]
7993714	[1, [0.00759643520197073, 0.9924035647980293]]
23629627	[1, [0.01626864574404796, 0.983731354255952]]
23586923	[1, [0.01100799509655126, 0.9889920049034487]]
9133341	[1, [0.02362597603367156, 0.9763740239663284]]
9133019	[1, [0.006413700025527103, 0.9935862999744729]]
30890381	[1, [0.009900450120905124, 0.9900995498790949]]
9133016	[1, [0.006413700025527103, 0.9935862999744729]]
9123593	[1, [0.047433858646463434, 0.9525661413535366]]
6957421	[1, [0.0007974784586138872, 0.9992025215413861]]
6957500	[1, [0.015529326904393126, 0.9844706730956069]]
7657820	[1, [0.008812646224846232, 0.9911873537751538]]
9150378	[1, [0.040384121758424096, 0.9596158782415759]]
6957454	[1, [0.04077369624305349, 0.9592263037569465]]
9150236	[1, [0.02967414072579999, 0.9703258592742]]
6957198	[1, [0.00474486103211369, 0.9952551389678863]]
6953955	[1, [0.008525736884655633, 0.9914742631153444]]
61243327	[1, [0.044510462874876255, 0.9554895371251237]]
7644198	[1, [0.025228087109768205, 0.9747719128902318]]
6955367	[1, [0.01619174698790149, 0.9838082530120985]]
6040272	[1, [0.016433313110572167, 0.9835666868894278]]
99327069	[1, [0.04034877428147143, 0.9596512257185286]]
69364373	[1, [0.017845296043067727, 0.9821547039569323]]
9008356	[1, [0.03650006805855288, 0.9634999319414471]]
24089450	[1, [0.014282665359150903, 0.9857173346408491]]
64215165	[1, [0.04900168265617688, 0.9509983173438231]]
7255273	[1, [4.8990514059932266e-05, 0.9999510094859401]]
77503763	[1, [0.037242347517397856, 0.9627576524826021]]
9254791	[1, [0.0014041488839098282, 0.9985958511160902]]
55483589	[1, [0.03168451564154584, 0.9683154843584542]]
5380485	[1, [0.03677970816256293, 0.9632202918374371]]
9280026	[1, [0.008626638212635096, 0.9913733617873649]]
5380373	[1, [0.03372504976800561, 0.9662749502319944]]
75032444	[1, [0.025338209072369056, 0.9746617909276309]]
5380240	[1, [0.028419876224429985, 0.97158012377557]]
9280072	[1, [0.04769320018269507, 0.9523067998173049]]
74353721	[1, [0.004167961795593311, 0.9958320382044067]]
7721783	[1, [0.011060180109025763, 0.9889398198909742]]
7721891	[1, [0.006442328631271144, 0.9935576713687289]]
7716515	[1, [0.015583529902912674, 0.9844164700970873]]
14492538	[1, [0.03990398989224586, 0.9600960101077541]]
6160151	[1, [0.022735619029254472, 0.9772643809707455]]
35181015	[1, [0.005607206878286419, 0.9943927931217136]]
5569348	[1, [0.02046707211669485, 0.9795329278833051]]
79009883	[1, [0.03777944525759147, 0.9622205547424085]]
9139522	[1, [0.048251262629875, 0.951748737370125]]
7561619	[1, [0.03349717946257502, 0.966502820537425]]
7722907	[1, [0.016234151648962247, 0.9837658483510378]]
7664131	[1, [0.022919461032141597, 0.9770805389678584]]
95601782	[1, [0.02572203555908581, 0.9742779644409142]]
82681572	[1, [0.03125655099950664, 0.9687434490004934]]
6069393	[1, [0.011898999466372295, 0.9881010005336277]]
7664243	[1, [0.02567114555725658, 0.9743288544427434]]
59237160	[1, [0.04384147372519487, 0.9561585262748051]]
59237461	[1, [0.03920588222385479, 0.9607941177761452]]
6070968	[1, [0.011416490240239607, 0.9885835097597604]]
9279387	[1, [0.008221761563572128, 0.9917782384364279]]
47210867	[1, [0.01994087440410708, 0.9800591255958929]]
82710307	[1, [0.030821700013611952, 0.969178299986388]]
9246619	[1, [0.027669308659751812, 0.9723306913402482]]
89325097	[1, [0.006916524906929955, 0.99308347509307]]
70879374	[1, [0.041656161379139967, 0.95834383862086]]
42157977	[1, [0.040309451316609124, 0.9596905486833909]]
42176763	[1, [0.005955301789579481, 0.9940446982104205]]
9246296	[1, [0.048629204767953293, 0.9513707952320467]]
6344437	[1, [0.016116047008626233, 0.9838839529913738]]
6704384	[1, [0.0019253347388007436, 0.9980746652611993]]
7513428	[1, [0.03586791973795189, 0.9641320802620481]]
7134529	[1, [0.001092986675784391, 0.9989070133242156]]
9118512	[1, [0.004080954335968667, 0.9959190456640313]]
86105894	[1, [0.04387748585887996, 0.95612251414112]]
7016445	[1, [0.005095310005041487, 0.9949046899949585]]
6946572	[1, [0.039204972314932474, 0.9607950276850675]]
7132547	[1, [0.035988070852490894, 0.9640119291475091]]
82444213	[1, [0.04764075322408634, 0.9523592467759137]]
83600340	[1, [0.024325996464864885, 0.9756740035351351]]
6379065	[1, [0.009198633860216687, 0.9908013661397833]]
6254529	[1, [0.028866005084539847, 0.9711339949154602]]
69140219	[1, [0.015266766659827069, 0.9847332333401729]]
28175227	[1, [0.009683836127588497, 0.9903161638724115]]
82547359	[1, [0.008542639975775645, 0.9914573600242244]]
5788564	[1, [0.04926972816172237, 0.9507302718382776]]
7772922	[1, [0.011760240987591764, 0.9882397590124082]]
6380278	[1, [0.026738548840901766, 0.9732614511590982]]
6511140	[1, [1.66844268388866e-05, 0.9999833155731611]]
9033916	[1, [0.012374589864349472, 0.9876254101356505]]
7746765	[1, [0.0083675583280588, 0.9916324416719412]]
83556103	[1, [0.011818498671140043, 0.98818150132886]]
6711482	[1, [5.414288470895201e-07, 0.9999994585711529]]
72048100	[1, [0.03644882222477541, 0.9635511777752246]]
9258406	[1, [0.007931107216237687, 0.9920688927837623]]
6708715	[1, [0.007280997333267369, 0.9927190026667326]]
91898988	[1, [0.016255403513813937, 0.9837445964861861]]
57380444	[1, [0.04770903630218781, 0.9522909636978122]]
63651940	[1, [0.04185394501142459, 0.9581460549885754]]
75611146	[1, [0.04480290001456466, 0.9551970999854353]]
47316779	[1, [0.013492101848519455, 0.9865078981514805]]
44795108	[1, [0.02232594466697202, 0.977674055333028]]
75607530	[1, [0.04752003385574277, 0.9524799661442572]]
77862961	[1, [0.009910207587011999, 0.990089792412988]]
7025083	[1, [0.005260166107593167, 0.9947398338924068]]
63661360	[1, [0.03737444643423837, 0.9626255535657616]]
98519950	[1, [0.04251622419024781, 0.9574837758097522]]
68106558	[1, [0.02864859140862741, 0.9713514085913726]]
62718275	[1, [0.03450846556545151, 0.9654915344345485]]
17096436	[1, [0.0466827251991756, 0.9533172748008244]]
68126616	[1, [0.02831310335292403, 0.971686896647076]]
31764292	[1, [0.038907049166854946, 0.961092950833145]]
9327006	[1, [0.04237485918129669, 0.9576251408187033]]
87272174	[1, [0.049899391296080564, 0.9501006087039194]]
24629189	[1, [0.023892228456092734, 0.9761077715439073]]
99132966	[1, [0.017685078870675275, 0.9823149211293247]]
81666940	[1, [0.011214107523707106, 0.9887858924762929]]
9109391	[1, [0.04088150899366305, 0.959118491006337]]
25794414	[1, [0.008353736664191813, 0.9916462633358082]]
33330791	[1, [0.009815618617591837, 0.9901843813824082]]
7159282	[1, [0.008518248444705723, 0.9914817515552943]]
86561877	[1, [0.02186496644892888, 0.9781350335510711]]
9230886	[1, [0.0019267552625262807, 0.9980732447374737]]
9206547	[1, [0.00025294207551129766, 0.9997470579244887]]
42899932	[1, [0.028307375502297227, 0.9716926244977028]]
9206051	[1, [0.0242659556273791, 0.9757340443726209]]
13527703	[1, [0.04966723383820437, 0.9503327661617956]]
6747319	[1, [0.0009622833028939404, 0.9990377166971061]]
7630081	[1, [0.00230952513810212, 0.9976904748618979]]
6747160	[1, [0.004916874965415374, 0.9950831250345846]]
72611379	[1, [0.006818004447206927, 0.9931819955527931]]
67977287	[1, [0.026160409361128067, 0.9738395906388719]]
7776238	[1, [0.04196969436753328, 0.9580303056324667]]
7583466	[1, [0.029631681769636486, 0.9703683182303635]]
9000355	[1, [0.014388095116992905, 0.9856119048830071]]
6727454	[1, [0.0015530113849907545, 0.9984469886150092]]
9019593	[1, [0.037018690613810135, 0.9629813093861899]]
23134605	[1, [0.04192163361183099, 0.958078366388169]]
6958866	[1, [0.0007840408054046177, 0.9992159591945954]]
14137298	[1, [0.03059067893793055, 0.9694093210620695]]
92380569	[1, [0.019793501565928073, 0.9802064984340719]]
81852540	[1, [0.005945688042231945, 0.994054311957768]]
9135075	[1, [0.015731502979179024, 0.984268497020821]]
9135055	[1, [0.014274141397666584, 0.9857258586023334]]
9128946	[1, [0.027439137778478284, 0.9725608622215217]]
88721701	[1, [0.03413238916048078, 0.9658676108395192]]
46712145	[1, [0.0495639342185058, 0.9504360657814942]]
88721706	[1, [0.03349903483320571, 0.9665009651667943]]
5582805	[1, [2.804916606757857e-07, 0.9999997195083393]]
5566785	[1, [0.045752162503078786, 0.9542478374969212]]
90584786	[1, [0.02049425409763972, 0.9795057459023603]]
6982943	[1, [0.006487139911974693, 0.9935128600880253]]
89503589	[1, [0.022488651691732864, 0.9775113483082671]]
60541631	[1, [0.03805534331958471, 0.9619446566804153]]
6983666	[1, [0.04077369624305349, 0.9592263037569465]]
7570730	[1, [0.0329715410364011, 0.9670284589635989]]
61397142	[1, [0.022995056370684663, 0.9770049436293153]]
19134717	[1, [0.035807978489844294, 0.9641920215101557]]
24696654	[1, [0.047068742084890536, 0.9529312579151095]]
89531724	[1, [0.034117135238463936, 0.9658828647615361]]
6554749	[1, [0.00013756010905718874, 0.9998624398909428]]
89520877	[1, [0.0005762111313363238, 0.9994237888686637]]
20753280	[1, [0.024200074375761882, 0.9757999256242381]]
99611978	[1, [0.04269542732771592, 0.9573045726722841]]
37632166	[1, [0.037885249748451866, 0.9621147502515481]]
7954237	[1, [0.004927550405146586, 0.9950724495948534]]
71728606	[1, [0.047975983683804735, 0.9520240163161953]]
70040285	[1, [0.04649962866073931, 0.9535003713392607]]
79808211	[1, [0.0020642125115741816, 0.9979357874884258]]
14319855	[1, [0.02978709432763116, 0.9702129056723688]]
79867849	[1, [0.028021789767375127, 0.9719782102326249]]
7731690	[1, [6.685911676185263e-06, 0.9999933140883238]]
9041588	[1, [0.028579069970721016, 0.971420930029279]]
7959919	[1, [0.019747606656883132, 0.9802523933431169]]
5156942	[1, [0.024664199566764577, 0.9753358004332354]]
62654924	[1, [0.03044837139725398, 0.969551628602746]]
9284048	[1, [0.013699590079406687, 0.9863004099205933]]
87052776	[1, [0.003122853619233701, 0.9968771463807663]]
9041778	[1, [0.04619764035583973, 0.9538023596441603]]
9017411	[1, [0.008696532802865642, 0.9913034671971344]]
38397418	[1, [0.045864784017848215, 0.9541352159821518]]
66331524	[1, [0.03354896109578698, 0.966451038904213]]
7960318	[1, [0.0005967992917552678, 0.9994032007082447]]
7731010	[1, [0.01137867673234938, 0.9886213232676506]]
86275822	[1, [0.02690146336453081, 0.9730985366354692]]
9284885	[1, [0.038688068366722894, 0.9613119316332771]]
63280125	[1, [0.00730432345769827, 0.9926956765423017]]
5200344	[1, [0.04464702873275295, 0.955352971267247]]
26475347	[1, [0.03101460329496253, 0.9689853967050375]]
6047927	[1, [0.01840484843783574, 0.9815951515621643]]
7119172	[1, [0.011932197576761894, 0.9880678024232381]]
7156073	[1, [0.00428996246144997, 0.99571003753855]]
18572446	[1, [0.03360196520445535, 0.9663980347955446]]
44524874	[1, [0.001463681997995625, 0.9985363180020044]]
7206481	[1, [0.006130811725662322, 0.9938691882743377]]
7157215	[1, [0.012112783951526374, 0.9878872160484736]]
7208915	[1, [0.004303294138074065, 0.9956967058619259]]
6875640	[1, [0.004857452895962178, 0.9951425471040378]]
7154972	[1, [0.0037807638241696973, 0.9962192361758303]]
6576769	[1, [0.029364434822838126, 0.9706355651771619]]
5838139	[1, [0.02857032257499692, 0.9714296774250031]]
37441592	[1, [0.00317951209088152, 0.9968204879091185]]
7608729	[1, [0.04366669189429584, 0.9563333081057042]]
75484463	[1, [0.03663967685996705, 0.963360323140033]]
7651530	[1, [0.020347539029411443, 0.9796524609705886]]
15613816	[1, [0.03858021997789163, 0.9614197800221084]]
6002226	[1, [0.0495813584235717, 0.9504186415764283]]
37452491	[1, [0.02418091766941466, 0.9758190823305853]]
5101023	[1, [0.006683647112754487, 0.9933163528872455]]
7612013	[1, [0.04645314324602301, 0.953546856753977]]
9120574	[1, [0.0413252952911064, 0.9586747047088936]]
73981077	[1, [0.009161200780695156, 0.9908387992193048]]
5101032	[1, [0.00645018556762933, 0.9935498144323707]]
9242711	[1, [0.04415209832298195, 0.955847901677018]]
7965755	[1, [0.031702733743839584, 0.9682972662561604]]
5101473	[1, [0.017954152684368285, 0.9820458473156317]]
6374238	[1, [0.01908175315829086, 0.9809182468417091]]
7611334	[1, [0.009864254393201266, 0.9901357456067987]]
9128394	[1, [0.024451649284355614, 0.9755483507156444]]
42974168	[1, [0.0065733191440973116, 0.9934266808559027]]
7614014	[1, [0.04518615296972206, 0.9548138470302779]]
34722491	[1, [0.01967043526186385, 0.9803295647381361]]
19473638	[1, [0.002619696344191902, 0.9973803036558081]]
5100053	[1, [0.006292560487531573, 0.9937074395124684]]
6997850	[1, [0.015529326904393126, 0.9844706730956069]]
7579255	[1, [0.012688650530507162, 0.9873113494694928]]
9129623	[1, [0.018966274928703508, 0.9810337250712965]]
9141519	[1, [0.03158412806163169, 0.9684158719383683]]
6997949	[1, [0.018919790667114245, 0.9810802093328858]]
62064542	[1, [0.04131622997775675, 0.9586837700222433]]
58195138	[1, [0.049184288443162916, 0.9508157115568371]]
72332952	[1, [0.031048134604030886, 0.9689518653959691]]
11070407	[1, [0.0049523730932238275, 0.9950476269067762]]
62079305	[1, [0.04234326477617767, 0.9576567352238223]]
6816557	[1, [0.03981765886175059, 0.9601823411382494]]
9346043	[1, [0.04978120777225614, 0.9502187922277439]]
14174889	[1, [0.027720873377465427, 0.9722791266225346]]
7000806	[1, [0.0194805783384161, 0.9805194216615839]]
89112693	[1, [0.023496277636084084, 0.9765037223639159]]
9346071	[1, [0.01474608502176078, 0.9852539149782392]]
11139628	[1, [0.028802634449371922, 0.9711973655506281]]
7925740	[1, [0.024083128270745102, 0.9759168717292549]]
98782843	[1, [0.01995794996603739, 0.9800420500339626]]
6112611	[1, [0.04005283242551283, 0.9599471675744872]]
41520099	[1, [0.02709604595775128, 0.9729039540422487]]
28702653	[1, [0.01245719358770514, 0.9875428064122949]]
67025203	[1, [0.0021522543807099836, 0.99784774561929]]
6514100	[1, [0.00430739987810147, 0.9956926001218985]]
28733064	[1, [0.026377023845635783, 0.9736229761543642]]
6375479	[1, [0.005742604196902867, 0.9942573958030971]]
7727366	[1, [0.03267252651322161, 0.9673274734867784]]
7573910	[1, [0.041636653380478506, 0.9583633466195215]]
5190620	[1, [0.0014409633249230502, 0.998559036675077]]
7573442	[1, [0.037481301559286306, 0.9625186984407137]]
7729108	[1, [0.004212489627029137, 0.9957875103729709]]
34405852	[1, [0.0307044954304746, 0.9692955045695254]]
6697335	[1, [0.0005109737810811144, 0.9994890262189189]]
7990230	[1, [0.03663469919799045, 0.9633653008020095]]
6376722	[1, [0.01614299405773212, 0.9838570059422679]]
78575232	[1, [0.043040200997195854, 0.9569597990028041]]
9274796	[1, [0.025875239530405048, 0.974124760469595]]
6991671	[1, [0.0034988496827351723, 0.9965011503172648]]
54969903	[1, [0.01614709091976163, 0.9838529090802384]]
9239731	[1, [0.016652125609328494, 0.9833478743906715]]
12737183	[1, [0.046568241397677124, 0.9534317586023229]]
9274417	[1, [0.003250923365226588, 0.9967490766347734]]
6990898	[1, [0.021975866859695437, 0.9780241331403046]]
54959134	[1, [0.005222374783020456, 0.9947776252169795]]
9274170	[1, [0.022506993889050086, 0.9774930061109499]]
6992963	[1, [0.046376276998873256, 0.9536237230011267]]
9240499	[1, [0.036045745332638934, 0.9639542546673611]]
7111341	[1, [0.04437116480139902, 0.955628835198601]]
7099843	[1, [0.006252786378233122, 0.9937472136217669]]
7925533	[1, [0.00921126111116033, 0.9907887388888397]]
15458504	[1, [0.030353884826988087, 0.9696461151730119]]
7096060	[1, [0.0018043745483583562, 0.9981956254516416]]
32540524	[1, [0.012587121257343403, 0.9874128787426566]]
12581852	[1, [0.02489364558264351, 0.9751063544173565]]
9005443	[1, [0.02375930933852599, 0.976240690661474]]
6116082	[1, [0.04422250422838181, 0.9557774957716182]]
54715757	[1, [0.004977814629289701, 0.9950221853707103]]
9155137	[1, [0.045130940713749235, 0.9548690592862508]]
7137447	[1, [0.011633138602451631, 0.9883668613975484]]
6115384	[1, [0.0027959551429069807, 0.997204044857093]]
81451047	[1, [0.039418926803210685, 0.9605810731967893]]
6239651	[1, [0.023807699013932093, 0.9761923009860679]]
9157581	[1, [0.02480521131927571, 0.9751947886807243]]
34164427	[1, [0.022258517814228385, 0.9777414821857716]]
5122156	[1, [0.0022370368680286745, 0.9977629631319713]]
29351252	[1, [0.008113134100318331, 0.9918868658996817]]
9124341	[1, [0.0006325307425674165, 0.9993674692574326]]
6043930	[1, [0.022354108360879366, 0.9776458916391206]]
63313324	[1, [0.03515950316518601, 0.964840496834814]]
60074022	[1, [0.008579601133817838, 0.9914203988661822]]
7223843	[1, [0.008960861165308254, 0.9910391388346917]]
81476371	[1, [0.027723329239438543, 0.9722766707605615]]
22429838	[1, [0.044847265275324344, 0.9551527347246757]]
15177598	[1, [0.04661842988608955, 0.9533815701139104]]
81401075	[1, [0.02369395472508906, 0.9763060452749109]]
7639494	[1, [0.003634342502579102, 0.9963656574974209]]
64459799	[1, [0.006573703133621711, 0.9934262968663783]]
77397575	[1, [0.034172924401783655, 0.9658270755982163]]
7995618	[1, [0.021426129727077914, 0.9785738702729221]]
10085975	[1, [0.013403160126594815, 0.9865968398734052]]
49365528	[1, [0.018369426634695207, 0.9816305733653048]]
6367705	[1, [0.0007313317843926637, 0.9992686682156073]]
92662030	[1, [0.026279730406298496, 0.9737202695937015]]
5548002	[1, [0.033706146468204023, 0.966293853531796]]
5181204	[1, [0.04666133693375829, 0.9533386630662417]]
17319046	[1, [0.04147923176406032, 0.9585207682359397]]
7724082	[1, [0.04243654487870463, 0.9575634551212954]]
5219138	[1, [0.024664199566764577, 0.9753358004332354]]
7191054	[1, [0.0016663575397365404, 0.9983336424602635]]
7723776	[1, [0.033692060424954984, 0.966307939575045]]
7193761	[1, [0.0016188393492916342, 0.9983811606507084]]
9025382	[1, [0.03175055081351519, 0.9682494491864848]]
6718482	[1, [3.95776981035878e-05, 0.9999604223018964]]
9024640	[1, [0.012130006266568683, 0.9878699937334313]]
26183972	[1, [0.025336626757664127, 0.9746633732423359]]
56760587	[1, [0.04852007851969964, 0.9514799214803004]]
6165240	[1, [0.022735619029254472, 0.9772643809707455]]
6717415	[1, [0.0006389151251756653, 0.9993610848748243]]
7927786	[1, [0.034953016821243854, 0.9650469831787561]]
7660613	[1, [0.03541950513880365, 0.9645804948611963]]
7661512	[1, [0.017729790346306173, 0.9822702096536938]]
16407741	[1, [0.009650566275185679, 0.9903494337248143]]
45942598	[1, [0.03361898017833642, 0.9663810198216636]]
6535245	[1, [0.0010647711946324412, 0.9989352288053676]]
7965458	[1, [0.002290289263634171, 0.9977097107363658]]
9136252	[1, [0.002745623358601179, 0.9972543766413988]]
52945038	[1, [0.022964015246600855, 0.9770359847533991]]
16403016	[1, [0.008373272582280489, 0.9916267274177195]]
7956419	[1, [0.0191910877376813, 0.9808089122623187]]
7956816	[1, [0.007875547074390421, 0.9921244529256096]]
5625985	[1, [0.026623900644498932, 0.9733760993555011]]
7956284	[1, [0.0042184652247723164, 0.9957815347752277]]
9136607	[1, [0.014390551879282176, 0.9856094481207178]]
7631543	[1, [0.022512415383430406, 0.9774875846165696]]
21889488	[1, [0.040364119689126676, 0.9596358803108733]]
90322652	[1, [0.01601763551414004, 0.98398236448586]]
6971063	[1, [0.012902923159236357, 0.9870970768407636]]
7904102	[1, [0.012633393455968811, 0.9873666065440312]]
80169038	[1, [0.0357460445831862, 0.9642539554168138]]
58673778	[1, [0.005187482377312036, 0.994812517622688]]
6749773	[1, [0.0002487618353349541, 0.999751238164665]]
80429547	[1, [0.014769186384302913, 0.9852308136156971]]
6971838	[1, [0.011880532690926926, 0.9881194673090731]]
6974923	[1, [0.0015826803788095978, 0.9984173196211904]]
7904077	[1, [0.035411135719709774, 0.9645888642802902]]
90361141	[1, [0.01711721914672193, 0.9828827808532781]]
7634321	[1, [0.0061309952611253715, 0.9938690047388746]]
7904169	[1, [0.00025118857317951715, 0.9997488114268205]]
7884071	[1, [0.041113489263936986, 0.958886510736063]]
6970421	[1, [0.034364625747761335, 0.9656353742522387]]
7904039	[1, [0.01864764997775925, 0.9813523500222407]]
6969990	[1, [0.04787818695930912, 0.9521218130406909]]
90329355	[1, [0.020140450980369207, 0.9798595490196308]]
7904177	[1, [0.0020898102186847067, 0.9979101897813153]]
53633502	[1, [0.03938497619279602, 0.960615023807204]]
6980199	[1, [0.018919790667114245, 0.9810802093328858]]
7010832	[1, [0.006403719671358998, 0.993596280328641]]
78714997	[1, [0.041895960867559645, 0.9581040391324404]]
23961512	[1, [0.004897520895767338, 0.9951024791042327]]
23992180	[1, [0.03191736964222458, 0.9680826303577754]]
9000857	[1, [0.04957889143476313, 0.9504211085652369]]
7967681	[1, [0.04589745030299841, 0.9541025496970016]]
9262907	[1, [0.04854399266636278, 0.9514560073336372]]
9262567	[1, [0.008725204266443742, 0.9912747957335563]]
6980004	[1, [0.006821318781694674, 0.9931786812183053]]
9262087	[1, [0.02606388007413163, 0.9739361199258684]]
53646728	[1, [0.037777058928283314, 0.9622229410717167]]
7507200	[1, [0.01642266915207624, 0.9835773308479238]]
6364064	[1, [0.04972814129633052, 0.9502718587036695]]
90699802	[1, [0.009543441582385181, 0.9904565584176148]]
6364927	[1, [0.0001020406372621574, 0.9998979593627378]]
6764266	[1, [0.0012164812368906652, 0.9987835187631093]]
9117814	[1, [0.04834069771036098, 0.951659302289639]]
72516672	[1, [0.013067992918986748, 0.9869320070810133]]
72831186	[1, [0.0069091134052249314, 0.9930908865947751]]
65896112	[1, [0.03452778520428035, 0.9654722147957197]]
87510389	[1, [0.03309579245074834, 0.9669042075492517]]
13601281	[1, [0.029728518017854366, 0.9702714819821456]]
6218951	[1, [0.04712596701878613, 0.9528740329812139]]
7999707	[1, [0.04039702946273305, 0.959602970537267]]
9270819	[1, [0.02051938370394213, 0.9794806162960579]]
91718122	[1, [0.005468371728349575, 0.9945316282716504]]
7974907	[1, [0.030209062453084523, 0.9697909375469155]]
43643344	[1, [0.003739333875402817, 0.9962606661245972]]
76163219	[1, [0.008780672467847639, 0.9912193275321524]]
35793442	[1, [0.0028688830430332324, 0.9971311169569668]]
6288032	[1, [0.04798070229968521, 0.9520192977003148]]
5373406	[1, [0.00023748517479271758, 0.9997625148252073]]
7122504	[1, [0.03581991397586215, 0.9641800860241379]]
59880896	[1, [0.04467835960345068, 0.9553216403965493]]
7952131	[1, [0.0005411791495366636, 0.9994588208504633]]
7123537	[1, [0.025841333967855817, 0.9741586660321442]]
5373391	[1, [1.6333040739890947e-05, 0.9999836669592601]]
83751548	[1, [0.012667283793339368, 0.9873327162066606]]
5373393	[1, [0.00011750022504253277, 0.9998824997749575]]
5373387	[1, [1.7382755255423987e-05, 0.9999826172447446]]
65220837	[1, [0.03856300374367194, 0.9614369962563281]]
7121971	[1, [0.03176716275852787, 0.9682328372414721]]
9202553	[1, [0.04982394760792919, 0.9501760523920708]]
7124635	[1, [0.03581991397586215, 0.9641800860241379]]
7959135	[1, [0.007988955469197312, 0.9920110445308027]]
6158408	[1, [0.01874106196879477, 0.9812589380312052]]
65216824	[1, [0.028715665593303852, 0.9712843344066961]]
7959325	[1, [0.015301490270209994, 0.98469850972979]]
35777855	[1, [0.04215454921996076, 0.9578454507800392]]
80785312	[1, [0.014774552657317086, 0.9852254473426829]]
38060658	[1, [0.04146175056899004, 0.95853824943101]]
65990921	[1, [0.04995000941894534, 0.9500499905810547]]
14701612	[1, [0.03600462432321805, 0.963995375676782]]
7972809	[1, [0.049959937807057764, 0.9500400621929422]]
97022393	[1, [0.02799722490865042, 0.9720027750913496]]
7734254	[1, [0.04217760916032709, 0.9578223908396729]]
9212799	[1, [0.0003695003730451729, 0.9996304996269548]]
56958138	[1, [0.047798667163806985, 0.952201332836193]]
9191440	[1, [0.03476764674949995, 0.9652323532505]]
7656061	[1, [0.028422455302441696, 0.9715775446975583]]
9236639	[1, [0.02580213605724413, 0.9741978639427559]]
5793083	[1, [0.01088705653103239, 0.9891129434689676]]
5795705	[1, [0.0009204207372389694, 0.999079579262761]]
6786515	[1, [0.024462021158147773, 0.9755379788418522]]
9154677	[1, [0.04804441361527412, 0.9519555863847259]]
7754606	[1, [0.0006121203631850314, 0.999387879636815]]
5301430	[1, [0.024405568329493477, 0.9755944316705065]]
5976257	[1, [0.048265561194249185, 0.9517344388057508]]
93324686	[1, [0.02182903014413695, 0.978170969855863]]
6695272	[1, [0.00026118597323576687, 0.9997388140267642]]
6788831	[1, [0.01601022885825676, 0.9839897711417432]]
9154702	[1, [0.01248480000051111, 0.9875151999994889]]
15346121	[1, [0.0047301393489197485, 0.9952698606510803]]
91123583	[1, [0.031360883577121856, 0.9686391164228781]]
99900381	[1, [0.024125738943505226, 0.9758742610564948]]
7185608	[1, [0.018746729795003914, 0.9812532702049961]]
43166924	[1, [0.02663011267277804, 0.973369887327222]]
55729119	[1, [0.02243822666511941, 0.9775617733348806]]
9266800	[1, [0.00195639307253348, 0.9980436069274665]]
7199727	[1, [0.003941912022126459, 0.9960580879778735]]
55670279	[1, [0.005032060908591318, 0.9949679390914087]]
7185712	[1, [0.007005926026005138, 0.9929940739739949]]
7184611	[1, [0.0037622873826858028, 0.9962377126173142]]
15335254	[1, [0.04651645004072824, 0.9534835499592718]]
