73292770	[1, [0.010770395231015417, 0.9892296047689846]]
35793442	[1, [0.004996762874365679, 0.9950032371256343]]
98069669	[1, [0.047719313316015644, 0.9522806866839844]]
59880896	[1, [0.007167512570306789, 0.9928324874296932]]
7274045	[1, [0.04912894467193385, 0.9508710553280662]]
7270400	[1, [0.02353603163649931, 0.9764639683635007]]
52570257	[1, [0.041407502247117756, 0.9585924977528822]]
47078237	[1, [0.03433818424769486, 0.9656618157523051]]
29483036	[1, [0.028858396897475935, 0.9711416031025241]]
20949566	[1, [0.04282453657248364, 0.9571754634275164]]
7740481	[1, [0.015503009977800075, 0.9844969900221999]]
65804312	[1, [0.02123831077992744, 0.9787616892200726]]
83688339	[1, [0.0446564362413725, 0.9553435637586275]]
83693554	[1, [0.0033405951340508278, 0.9966594048659492]]
7697916	[1, [0.03910907130687458, 0.9608909286931254]]
7576185	[1, [0.011778850821349551, 0.9882211491786504]]
7488610	[1, [0.024514468605697837, 0.9754855313943022]]
7398703	[1, [0.04328239702348058, 0.9567176029765194]]
39526625	[1, [0.029385257609194082, 0.9706147423908059]]
7840533	[1, [0.02269390384120562, 0.9773060961587944]]
39566568	[1, [0.031282811598020044, 0.96871718840198]]
6649050	[1, [0.012838740399534476, 0.9871612596004655]]
40487504	[1, [0.020392783254826297, 0.9796072167451737]]
7838977	[1, [0.008564652737324985, 0.991435347262675]]
7398502	[1, [0.00033959723304177736, 0.9996604027669582]]
59354222	[1, [0.005080409766990757, 0.9949195902330092]]
6648077	[1, [0.003245064845913692, 0.9967549351540863]]
7638934	[1, [0.009640919392496228, 0.9903590806075038]]
85466209	[1, [0.03445874356252676, 0.9655412564374732]]
7573449	[1, [0.032982863331652124, 0.9670171366683479]]
7573352	[1, [0.0321442691002618, 0.9678557308997382]]
57444360	[1, [0.021534223150991294, 0.9784657768490087]]
9026529	[1, [0.027150568050735346, 0.9728494319492647]]
7172749	[1, [0.028127666951341168, 0.9718723330486588]]
7573894	[1, [0.010613891887298, 0.989386108112702]]
7777825	[1, [0.0023265923358217755, 0.9976734076641782]]
64232214	[1, [0.042472883817936236, 0.9575271161820638]]
49561875	[1, [0.03262366900015712, 0.9673763309998429]]
7571187	[1, [0.02600306112330708, 0.9739969388766929]]
7729176	[1, [0.04507572676871674, 0.9549242732312833]]
7573608	[1, [0.021160312909934698, 0.9788396870900653]]
34361405	[1, [0.02790374034943377, 0.9720962596505662]]
7573325	[1, [0.04980728910449084, 0.9501927108955092]]
7637465	[1, [0.019760316560087254, 0.9802396834399127]]
7573202	[1, [0.018409990598632686, 0.9815900094013673]]
6700994	[1, [0.0064907464482604205, 0.9935092535517396]]
7574013	[1, [0.031026531591725748, 0.9689734684082743]]
57422734	[1, [0.04602637818567101, 0.953973621814329]]
7634986	[1, [0.01811396275455157, 0.9818860372454484]]
7578657	[1, [0.025564449504099196, 0.9744355504959008]]
7619955	[1, [0.012129709508607256, 0.9878702904913927]]
9129606	[1, [0.037364047919202115, 0.9626359520807979]]
7580980	[1, [0.04286521679771105, 0.957134783202289]]
7580275	[1, [0.013986985947832209, 0.9860130140521678]]
7578872	[1, [0.04145692596400763, 0.9585430740359924]]
6819485	[1, [0.031308456540497964, 0.968691543459502]]
7850921	[1, [0.0015109968292433829, 0.9984890031707566]]
5709703	[1, [0.014032586198065244, 0.9859674138019348]]
7618396	[1, [0.013986985947832209, 0.9860130140521678]]
7921423	[1, [0.027601949084268607, 0.9723980509157314]]
6997601	[1, [0.03383844202291131, 0.9661615579770887]]
7616748	[1, [0.000771042586503734, 0.9992289574134963]]
9130267	[1, [0.026204843869642058, 0.9737951561303579]]
7619047	[1, [0.019891376568041408, 0.9801086234319586]]
14214571	[1, [0.04895015457414409, 0.9510498454258559]]
7921421	[1, [0.03746886968933083, 0.9625311303106692]]
62046669	[1, [0.015069987860445444, 0.9849300121395546]]
7921862	[1, [0.02872856981131311, 0.9712714301886869]]
7579851	[1, [0.0478532813285133, 0.9521467186714867]]
9124212	[1, [0.025943698816652483, 0.9740563011833475]]
94061251	[1, [0.018207660155248107, 0.9817923398447519]]
33419186	[1, [0.0418810391285831, 0.9581189608714169]]
7223721	[1, [0.01069401163485939, 0.9893059883651406]]
5616241	[1, [0.01307585572067771, 0.9869241442793223]]
5130868	[1, [0.000961642125628992, 0.999038357874371]]
34133834	[1, [0.04584824676955901, 0.954151753230441]]
5616696	[1, [0.03352216608139558, 0.9664778339186044]]
42382055	[1, [0.010796327206575862, 0.9892036727934241]]
5732143	[1, [0.00033766830478920706, 0.9996623316952108]]
9124341	[1, [0.005687399551082883, 0.9943126004489171]]
63300055	[1, [0.035485504423810044, 0.96451449557619]]
5130858	[1, [2.8572848194019507e-05, 0.999971427151806]]
22449806	[1, [0.03549209881490778, 0.9645079011850922]]
5731955	[1, [0.001227127884575352, 0.9987728721154246]]
32736015	[1, [0.009517408931241644, 0.9904825910687584]]
6684325	[1, [0.040554338037868676, 0.9594456619621313]]
22498294	[1, [0.04545703837292592, 0.9545429616270741]]
47937354	[1, [0.040091406022399134, 0.9599085939776009]]
7656466	[1, [0.027556144101943292, 0.9724438558980567]]
97018322	[1, [0.009925623628584512, 0.9900743763714155]]
7657391	[1, [0.04610106151795734, 0.9538989384820427]]
68559705	[1, [0.02656715839210988, 0.9734328416078901]]
7656899	[1, [0.029039080109910298, 0.9709609198900897]]
68558081	[1, [0.0056719664072016895, 0.9943280335927983]]
31887585	[1, [0.04877667449374623, 0.9512233255062538]]
79615250	[1, [0.02969913066734875, 0.9703008693326513]]
7657095	[1, [0.010919529297689023, 0.989080470702311]]
27965642	[1, [0.02469516123516524, 0.9753048387648348]]
9148895	[1, [0.029920337828472365, 0.9700796621715276]]
53034846	[1, [0.02296895656384812, 0.9770310434361519]]
7732114	[1, [0.008433341344135759, 0.9915666586558642]]
9149463	[1, [0.005530258327545612, 0.9944697416724544]]
9236029	[1, [0.0004480797867226771, 0.9995519202132773]]
7655882	[1, [0.012342441691839179, 0.9876575583081608]]
7732805	[1, [0.006787264780718227, 0.9932127352192818]]
7574578	[1, [0.008965151315864284, 0.9910348486841357]]
7725122	[1, [0.04938087297686944, 0.9506191270231306]]
22863506	[1, [0.005770039941500049, 0.9942299600585]]
7753031	[1, [0.023056122589333428, 0.9769438774106666]]
5657378	[1, [0.017325513978604934, 0.9826744860213951]]
85688033	[1, [0.03134496821336741, 0.9686550317866326]]
41357941	[1, [0.02365785542413823, 0.9763421445758618]]
33699185	[1, [0.008400580346969777, 0.9915994196530302]]
5655734	[1, [0.006153230894996642, 0.9938467691050034]]
41042998	[1, [0.032161053246631655, 0.9678389467533683]]
5844026	[1, [0.04694011627219796, 0.953059883727802]]
7701238	[1, [0.004407861720142625, 0.9955921382798574]]
5846960	[1, [0.026327374631990308, 0.9736726253680097]]
5224265	[1, [0.04725565267929255, 0.9527443473207075]]
6969824	[1, [0.013692419706318848, 0.9863075802936812]]
9075602	[1, [0.021537863654098155, 0.9784621363459018]]
9003288	[1, [0.034069121381194556, 0.9659308786188054]]
80153236	[1, [0.04907005903715911, 0.9509299409628409]]
6614786	[1, [0.03536595128148401, 0.964634048718516]]
7634607	[1, [0.03277807017416201, 0.967221929825838]]
58673778	[1, [0.028321861738419885, 0.9716781382615801]]
5903526	[1, [0.007088128608978894, 0.9929118713910211]]
20685435	[1, [0.044635147990246926, 0.9553648520097531]]
7904060	[1, [0.03422989299223633, 0.9657701070077637]]
7884765	[1, [0.03290078891141579, 0.9670992110885842]]
9076419	[1, [0.03614700495714085, 0.9638529950428592]]
7634192	[1, [0.03558742375281587, 0.9644125762471841]]
92955376	[1, [0.005299027325572747, 0.9947009726744273]]
7885647	[1, [0.0026827002126256216, 0.9973172997873744]]
7081689	[1, [0.019011516273541362, 0.9809884837264586]]
6748626	[1, [0.00018397700950079088, 0.9998160229904992]]
6754646	[1, [0.028311985583448163, 0.9716880144165518]]
9326095	[1, [0.024681269202248668, 0.9753187307977513]]
7650062	[1, [0.04611876302615303, 0.953881236973847]]
6856129	[1, [0.01853349806315152, 0.9814665019368485]]
7650697	[1, [0.030796965356559847, 0.9692030346434402]]
7650407	[1, [0.011612378079781327, 0.9883876219202187]]
6030425	[1, [0.012430722152347529, 0.9875692778476525]]
75491439	[1, [0.01337905191070865, 0.9866209480892913]]
94972002	[1, [0.031137579359285184, 0.9688624206407148]]
9325381	[1, [0.028388799282713206, 0.9716112007172868]]
6592919	[1, [0.0032655339315144083, 0.9967344660684856]]
95990927	[1, [0.04522889396313401, 0.954771106036866]]
6593466	[1, [0.000496055184959876, 0.9995039448150401]]
5628938	[1, [0.027713496825335193, 0.9722865031746648]]
5264510	[1, [0.020374846831231253, 0.9796251531687687]]
40117085	[1, [0.021601145724822413, 0.9783988542751776]]
7609561	[1, [0.03615878890866553, 0.9638412110913345]]
7607942	[1, [0.03728874178751962, 0.9627112582124804]]
36997658	[1, [0.036382552238708565, 0.9636174477612914]]
50064559	[1, [0.04396429094797194, 0.9560357090520281]]
7609855	[1, [0.03361373736183082, 0.9663862626381692]]
6874200	[1, [0.017965533263911038, 0.982034466736089]]
9151892	[1, [0.04330607129637709, 0.9566939287036229]]
9151386	[1, [0.02898424673014277, 0.9710157532698572]]
6942096	[1, [0.049837557000603105, 0.9501624429993969]]
6874559	[1, [0.02136392325771297, 0.978636076742287]]
9147468	[1, [0.030284706876455347, 0.9697152931235447]]
7671443	[1, [0.02214811661536409, 0.9778518833846359]]
10238040	[1, [0.044102808491631396, 0.9558971915083686]]
9117440	[1, [0.014371271792858686, 0.9856287282071413]]
9226348	[1, [0.04193498414317631, 0.9580650158568237]]
9118220	[1, [0.026505429732963215, 0.9734945702670368]]
7707009	[1, [0.01822109059879984, 0.9817789094012002]]
7511115	[1, [0.01640774678645618, 0.9835922532135438]]
45276433	[1, [0.013872281548041765, 0.9861277184519582]]
72563756	[1, [0.04176389310298012, 0.9582361068970199]]
6874379	[1, [0.01787648050123769, 0.9821235194987623]]
66268268	[1, [0.02672007706244328, 0.9732799229375567]]
37181774	[1, [0.03468973335740899, 0.965310266642591]]
9117776	[1, [0.024245426811493664, 0.9757545731885063]]
7511214	[1, [0.04038946200769977, 0.9596105379923002]]
5790730	[1, [0.01467946427153799, 0.985320535728462]]
6758311	[1, [0.00019356571907225284, 0.9998064342809277]]
5826851	[1, [0.007321150891662298, 0.9926788491083377]]
7507200	[1, [0.021537163860927522, 0.9784628361390725]]
7508678	[1, [0.04471354319926779, 0.9552864568007322]]
7661768	[1, [0.02963682392321032, 0.9703631760767897]]
7660560	[1, [0.02455556109316992, 0.9754444389068301]]
9075108	[1, [0.015482433408828489, 0.9845175665911715]]
7930481	[1, [0.039320449209170105, 0.9606795507908299]]
9136752	[1, [0.023341632204269214, 0.9766583677957308]]
7726102	[1, [0.013041627043011483, 0.9869583729569885]]
7661472	[1, [0.04428438092666653, 0.9557156190733335]]
9285676	[1, [0.0015006713858060072, 0.998499328614194]]
7661384	[1, [0.008432840649723383, 0.9915671593502766]]
7930566	[1, [0.0016798207035609858, 0.998320179296439]]
64611337	[1, [0.012408424951829145, 0.9875915750481709]]
64648355	[1, [0.03996241879375617, 0.9600375812062438]]
6140900	[1, [0.010519165096629868, 0.9894808349033701]]
7940665	[1, [0.00031469892127877763, 0.9996853010787212]]
7661319	[1, [0.04694011627219796, 0.953059883727802]]
6991048	[1, [0.023454755137987227, 0.9765452448620128]]
67255174	[1, [0.02426181329982191, 0.9757381867001781]]
94666548	[1, [0.03020718632847219, 0.9697928136715278]]
43130644	[1, [0.019786404708375005, 0.980213595291625]]
6245372	[1, [0.019191533259825255, 0.9808084667401747]]
28439031	[1, [0.032719282830840246, 0.9672807171691598]]
54926951	[1, [0.03144336587951513, 0.9685566341204849]]
6626859	[1, [0.042280712090950856, 0.9577192879090491]]
94704682	[1, [0.007516019759464254, 0.9924839802405357]]
7975833	[1, [0.030606227041197642, 0.9693937729588024]]
28404706	[1, [0.013908036085377051, 0.986091963914623]]
67275542	[1, [0.03243710804484168, 0.9675628919551583]]
6627854	[1, [0.018893559934315185, 0.9811064400656848]]
9239661	[1, [0.011350919418624983, 0.988649080581375]]
9239459	[1, [0.03294307580078515, 0.9670569241992149]]
78533414	[1, [0.008168281157537871, 0.9918317188424621]]
49456366	[1, [0.03756291722584504, 0.962437082774155]]
87974759	[1, [0.02139972387630673, 0.9786002761236933]]
5480373	[1, [0.020498733525057267, 0.9795012664749427]]
7253296	[1, [0.030881324986169578, 0.9691186750138304]]
60999127	[1, [0.04862086960909984, 0.9513791303909002]]
9334328	[1, [0.047087262112608275, 0.9529127378873917]]
7250311	[1, [0.012095449904333644, 0.9879045500956664]]
7880730	[1, [0.02125456902834788, 0.9787454309716521]]
53646667	[1, [0.01549118474870903, 0.984508815251291]]
6078299	[1, [3.9901415505028126e-11, 0.9999999999600986]]
16603493	[1, [0.04561266204117698, 0.954387337958823]]
6977379	[1, [0.03395241471257582, 0.9660475852874242]]
78734491	[1, [0.006821312049981598, 0.9931786879500184]]
7250816	[1, [0.04297524236973005, 0.95702475763027]]
23961512	[1, [0.013114812772394568, 0.9868851872276054]]
21114663	[1, [0.004423980069515165, 0.9955760199304848]]
7878811	[1, [0.025091196724799425, 0.9749088032752006]]
77336253	[1, [0.021336842711584314, 0.9786631572884157]]
7859902	[1, [0.02922436421787855, 0.9707756357821214]]
83814938	[1, [0.03697365440483613, 0.9630263455951639]]
6572479	[1, [0.020437565928862034, 0.979562434071138]]
5186995	[1, [0.027459692510134914, 0.9725403074898651]]
7861737	[1, [0.04552545961292043, 0.9544745403870796]]
15081969	[1, [0.028786937861479345, 0.9712130621385207]]
54441198	[1, [0.023453022823423098, 0.9765469771765769]]
5547640	[1, [0.03511363786674915, 0.9648863621332509]]
25856175	[1, [0.03648875856212963, 0.9635112414378704]]
25855205	[1, [0.001840649750484813, 0.9981593502495152]]
6770213	[1, [0.04738119141410546, 0.9526188085858945]]
7642211	[1, [0.04767471001429191, 0.9523252899857081]]
7858964	[1, [0.035486580113096466, 0.9645134198869035]]
5833406	[1, [0.021544547058136576, 0.9784554529418634]]
7909017	[1, [0.04927554801311351, 0.9507244519868865]]
53510314	[1, [0.008773049184783721, 0.9912269508152163]]
29400408	[1, [0.021303736843014454, 0.9786962631569855]]
83816517	[1, [0.011905709461825675, 0.9880942905381743]]
7640973	[1, [0.02750174105148051, 0.9724982589485195]]
79844462	[1, [0.023139224717523055, 0.976860775282477]]
7054622	[1, [0.04509242620370113, 0.9549075737962989]]
5812222	[1, [0.029246689545653015, 0.970753310454347]]
53762811	[1, [0.014179718251314033, 0.985820281748686]]
7950786	[1, [0.030210336597038423, 0.9697896634029616]]
65648827	[1, [0.0015222584524559046, 0.9984777415475441]]
5710961	[1, [0.007104808420384634, 0.9928951915796154]]
5711396	[1, [0.009458421785136895, 0.9905415782148631]]
5609995	[1, [0.027269467914654122, 0.9727305320853459]]
7505446	[1, [0.04319462081404846, 0.9568053791859515]]
7500912	[1, [0.034069121381194556, 0.9659308786188054]]
5611299	[1, [0.004129024333146325, 0.9958709756668537]]
5809451	[1, [0.002726572781743708, 0.9972734272182563]]
19178159	[1, [0.009878965625709668, 0.9901210343742903]]
79808211	[1, [0.014405589114538708, 0.9855944108854613]]
7502826	[1, [0.021345411322671204, 0.9786545886773288]]
6720637	[1, [0.015698978438182465, 0.9843010215618175]]
7503858	[1, [0.01610332573591411, 0.9838966742640859]]
9229566	[1, [0.014167986815837197, 0.9858320131841628]]
94833607	[1, [0.013543654295745111, 0.9864563457042549]]
77977482	[1, [0.03688325969584616, 0.9631167403041538]]
7942531	[1, [0.049087681999626875, 0.9509123180003731]]
7874788	[1, [0.00023470033223249587, 0.9997652996677675]]
7118028	[1, [0.0009043698261932409, 0.9990956301738068]]
5210466	[1, [0.043460911333802144, 0.9565390886661979]]
92481469	[1, [0.022263897620570683, 0.9777361023794293]]
5210461	[1, [0.042377708353469656, 0.9576222916465303]]
32171458	[1, [0.007084357583865053, 0.992915642416135]]
5212221	[1, [0.02805645984192029, 0.9719435401580797]]
6047613	[1, [0.012495594345655281, 0.9875044056543447]]
9228485	[1, [0.021196318683102455, 0.9788036813168975]]
7118493	[1, [0.0013545353542225858, 0.9986454646457774]]
7118960	[1, [0.035165648652757286, 0.9648343513472427]]
7119700	[1, [0.0024172756954800034, 0.99758272430452]]
5213533	[1, [0.005867099863374858, 0.9941329001366251]]
7943188	[1, [0.04137817968065938, 0.9586218203193406]]
7119729	[1, [0.015470529313703296, 0.9845294706862967]]
7119768	[1, [0.02928584216531449, 0.9707141578346855]]
35489808	[1, [0.0018572786270862895, 0.9981427213729137]]
26475347	[1, [0.044486267738389595, 0.9555137322616104]]
7874766	[1, [0.0255256337618881, 0.9744743662381119]]
7875137	[1, [0.00141043445891198, 0.998589565541088]]
7922582	[1, [0.001323327677421271, 0.9986766723225787]]
6105023	[1, [0.03761894408432365, 0.9623810559156764]]
7923560	[1, [0.024162335431097026, 0.975837664568903]]
6102307	[1, [0.022737036314882775, 0.9772629636851172]]
7777269	[1, [0.030743170018852073, 0.9692568299811479]]
45136714	[1, [0.012290872802148911, 0.9877091271978511]]
7922877	[1, [0.04570025777323106, 0.9542997422267689]]
6959269	[1, [0.001126516102727404, 0.9988734838972726]]
7923232	[1, [0.0267210059616807, 0.9732789940383193]]
7923602	[1, [0.012719606175355946, 0.987280393824644]]
7583149	[1, [0.00825389346241534, 0.9917461065375847]]
5475728	[1, [0.02712891183705468, 0.9728710881629453]]
67189765	[1, [0.021108413193456133, 0.9788915868065439]]
7922809	[1, [0.011397079877400573, 0.9886029201225994]]
5472844	[1, [0.0064843032067074535, 0.9935156967932925]]
7583392	[1, [0.01640774678645618, 0.9835922532135438]]
7923564	[1, [0.0030122159305912, 0.9969877840694088]]
5473552	[1, [0.0018157602452431032, 0.9981842397547569]]
51320290	[1, [0.0026966257089671153, 0.9973033742910329]]
7583067	[1, [0.04916885863710507, 0.9508311413628949]]
23661637	[1, [0.04101196291515796, 0.958988037084842]]
7111431	[1, [0.03378984262223916, 0.9662101573777608]]
9156691	[1, [0.014686337234557367, 0.9853136627654426]]
85312666	[1, [0.021653587413810627, 0.9783464125861894]]
9155224	[1, [0.027770896573115378, 0.9722291034268846]]
7307383	[1, [0.026498128353575012, 0.973501871646425]]
7005214	[1, [0.012557865233676302, 0.9874421347663237]]
28480195	[1, [0.020742279254079232, 0.9792577207459208]]
9155519	[1, [0.007493538162496649, 0.9925064618375034]]
7005820	[1, [0.04468219821673369, 0.9553178017832663]]
6518687	[1, [0.03943395133212524, 0.9605660486678748]]
9005042	[1, [0.005903615445093324, 0.9940963845549067]]
12560930	[1, [0.037104704842926606, 0.9628952951570734]]
9004997	[1, [0.033988302278314064, 0.9660116977216859]]
23662564	[1, [0.009583964841441528, 0.9904160351585585]]
7098569	[1, [0.038461461626529525, 0.9615385383734705]]
9156305	[1, [0.016729888194726317, 0.9832701118052737]]
48158596	[1, [0.04685607226261346, 0.9531439277373865]]
5232716	[1, [0.018975261521313125, 0.9810247384786869]]
85202745	[1, [0.02236517377613878, 0.9776348262238612]]
7974953	[1, [0.0003748208795064656, 0.9996251791204935]]
6830845	[1, [0.00016622978872793404, 0.9998337702112721]]
72805369	[1, [0.004083077851141592, 0.9959169221488584]]
5742137	[1, [0.01106141881743039, 0.9889385811825696]]
5236878	[1, [0.01274752881209118, 0.9872524711879088]]
85235181	[1, [0.01091725217342987, 0.9890827478265701]]
5236892	[1, [0.0074941664720998835, 0.9925058335279001]]
48192327	[1, [0.01306408115768587, 0.9869359188423141]]
5236891	[1, [0.0027353346967050607, 0.9972646653032949]]
72077049	[1, [0.0125518754935523, 0.9874481245064477]]
7974853	[1, [0.002357506106273055, 0.997642493893727]]
9206991	[1, [0.021005658126485915, 0.9789943418735141]]
5705070	[1, [0.043308519120517586, 0.9566914808794824]]
5705079	[1, [0.018653015360020286, 0.9813469846399797]]
49938656	[1, [0.019250272179366146, 0.9807497278206339]]
92342291	[1, [0.021350990422433047, 0.978649009577567]]
13534741	[1, [0.037534255206837175, 0.9624657447931628]]
5815047	[1, [0.031766251070750595, 0.9682337489292494]]
5705081	[1, [0.04607546194193024, 0.9539245380580698]]
5705082	[1, [0.047317194568794796, 0.9526828054312052]]
49938940	[1, [0.03484425620878462, 0.9651557437912154]]
20228579	[1, [0.020076111040414624, 0.9799238889595854]]
6745621	[1, [0.016537741083841873, 0.9834622589161581]]
6744990	[1, [0.0015254330709982833, 0.9984745669290017]]
94633035	[1, [0.04386955509567292, 0.9561304449043271]]
18844449	[1, [0.03303891636283929, 0.9669610836371607]]
88662821	[1, [0.0006147778797378489, 0.9993852221202622]]
5705653	[1, [0.046310237499895934, 0.9536897625001041]]
5916584	[1, [0.04228425251219814, 0.9577157474878019]]
5915374	[1, [0.025722983036857938, 0.9742770169631421]]
5705394	[1, [0.029737884435169226, 0.9702621155648308]]
10834688	[1, [0.041801281556984704, 0.9581987184430153]]
7822989	[1, [0.03318374214610009, 0.9668162578538999]]
5916341	[1, [0.020170474572577035, 0.979829525427423]]
9145726	[1, [0.03295057403766688, 0.9670494259623331]]
5704975	[1, [0.016040414440082418, 0.9839595855599176]]
86555251	[1, [0.03304570749224012, 0.9669542925077599]]
6121950	[1, [0.0033097274977735847, 0.9966902725022264]]
93288403	[1, [0.03661847486553349, 0.9633815251344665]]
7961700	[1, [0.0029935316026798997, 0.9970064683973201]]
7942083	[1, [0.039631304752038354, 0.9603686952479616]]
7984278	[1, [0.04417718332412357, 0.9558228166758764]]
9250704	[1, [0.011350919418624983, 0.988649080581375]]
7655398	[1, [0.030425414188980704, 0.9695745858110193]]
7357373	[1, [0.003244127873174407, 0.9967558721268256]]
63962773	[1, [0.006163760002688812, 0.9938362399973112]]
6926060	[1, [0.048368226616556154, 0.9516317733834438]]
9248746	[1, [0.001021819969936777, 0.9989781800300632]]
9134528	[1, [0.04233497576806178, 0.9576650242319382]]
9134358	[1, [0.0402818793507661, 0.9597181206492339]]
9223319	[1, [0.003419379049102611, 0.9965806209508974]]
7652650	[1, [0.027323564386546706, 0.9726764356134533]]
7654825	[1, [0.004353796967389356, 0.9956462030326106]]
5759533	[1, [0.017408813559595004, 0.982591186440405]]
7655104	[1, [0.015690294289615325, 0.9843097057103847]]
7655455	[1, [0.016478194018848646, 0.9835218059811514]]
7233111	[1, [0.040496687269935494, 0.9595033127300645]]
7961987	[1, [0.0042201340584916425, 0.9957798659415084]]
7941653	[1, [0.03352216608139558, 0.9664778339186044]]
7359013	[1, [0.0011319931408357853, 0.9988680068591642]]
61752442	[1, [0.011102479582363323, 0.9888975204176367]]
6925721	[1, [0.016127782221445064, 0.9838722177785549]]
7655308	[1, [0.031838763565576356, 0.9681612364344236]]
58845898	[1, [0.04459633054692147, 0.9554036694530785]]
9134458	[1, [0.04711189962639972, 0.9528881003736003]]
5761885	[1, [0.03041192307839391, 0.9695880769216061]]
6643768	[1, [0.004710506406536363, 0.9952894935934636]]
97590832	[1, [0.014257741247804101, 0.9857422587521959]]
5649926	[1, [0.0009200261887298833, 0.9990799738112701]]
6642607	[1, [0.011455207696838388, 0.9885447923031616]]
7381189	[1, [0.0003993151859373878, 0.9996006848140626]]
5736600	[1, [0.004274110614712834, 0.9957258893852872]]
9009021	[1, [0.01788737651856076, 0.9821126234814392]]
26965930	[1, [0.03876442538548841, 0.9612355746145116]]
5734649	[1, [7.878174635622681e-05, 0.9999212182536438]]
5649788	[1, [0.040064427076239584, 0.9599355729237604]]
39330857	[1, [0.03199226343581074, 0.9680077365641893]]
86901107	[1, [0.006528456915791958, 0.993471543084208]]
25309578	[1, [0.04338219165372148, 0.9566178083462785]]
5734148	[1, [0.00026489076049274196, 0.9997351092395073]]
99493002	[1, [0.010635573655594754, 0.9893644263444052]]
9137154	[1, [0.04533429710575798, 0.954665702894242]]
7924161	[1, [0.003023496621816224, 0.9969765033781838]]
6386497	[1, [0.01517835786612265, 0.9848216421338774]]
9137512	[1, [0.009234651560310225, 0.9907653484396898]]
9137235	[1, [0.017427394843571253, 0.9825726051564287]]
7797204	[1, [0.043419463866816166, 0.9565805361331838]]
34917506	[1, [0.0022319147853884225, 0.9977680852146116]]
82637388	[1, [0.013191522667032385, 0.9868084773329676]]
7898609	[1, [0.030753030777155632, 0.9692469692228444]]
7605513	[1, [0.018837030970842328, 0.9811629690291577]]
27209830	[1, [0.04994162092665333, 0.9500583790733467]]
42623430	[1, [0.03091209101782999, 0.96908790898217]]
79688319	[1, [0.006378706568473058, 0.9936212934315269]]
62453152	[1, [0.00037670258593502925, 0.999623297414065]]
9261169	[1, [0.010620450814437743, 0.9893795491855623]]
7605439	[1, [0.017466441896849316, 0.9825335581031507]]
9232856	[1, [0.0013847559855253433, 0.9986152440144747]]
6945843	[1, [0.03252657256649738, 0.9674734274335026]]
66902187	[1, [0.012842966603706651, 0.9871570333962933]]
9263142	[1, [0.0174019496820067, 0.9825980503179933]]
7606282	[1, [0.014730592695900158, 0.9852694073040998]]
71554755	[1, [0.026799267629537882, 0.9732007323704621]]
9106015	[1, [0.006397429033973334, 0.9936025709660267]]
9105827	[1, [0.047301228983532395, 0.9526987710164676]]
9263197	[1, [0.021686999619165648, 0.9783130003808344]]
7605376	[1, [0.005009237270220845, 0.9949907627297792]]
9260968	[1, [0.010169432307555959, 0.989830567692444]]
7605379	[1, [0.006012667173676545, 0.9939873328263235]]
6780680	[1, [0.0008000755225086031, 0.9991999244774914]]
7606457	[1, [0.027432943757747852, 0.9725670562422521]]
71584046	[1, [0.027260739927585598, 0.9727392600724144]]
7606187	[1, [0.006892455712268819, 0.9931075442877312]]
9259775	[1, [0.011490896674611784, 0.9885091033253882]]
9122724	[1, [0.04363912800621417, 0.9563608719937858]]
38622188	[1, [0.016649840174468467, 0.9833501598255315]]
7115148	[1, [0.001810669528689468, 0.9981893304713105]]
7646271	[1, [0.0011358949364124182, 0.9988641050635876]]
22593632	[1, [0.005608104973768624, 0.9943918950262314]]
7354855	[1, [0.03813185277341702, 0.961868147226583]]
17834704	[1, [0.04667812276916328, 0.9533218772308367]]
7355694	[1, [0.015238479044728748, 0.9847615209552713]]
22788501	[1, [0.015961264247311258, 0.9840387357526887]]
9292454	[1, [0.03823848889021608, 0.9617615111097839]]
7644670	[1, [0.02455556109316992, 0.9754444389068301]]
7173522	[1, [0.04867098959252425, 0.9513290104074758]]
7644653	[1, [0.027115153933195746, 0.9728848460668043]]
5251580	[1, [0.001248205765216337, 0.9987517942347837]]
9127355	[1, [0.04560918985839846, 0.9543908101416015]]
9213682	[1, [0.020754435256688852, 0.9792455647433111]]
70168024	[1, [0.04143219242160734, 0.9585678075783927]]
9213712	[1, [0.005969471302701201, 0.9940305286972988]]
19676060	[1, [0.016756007849742738, 0.9832439921502573]]
51077015	[1, [0.03543060205753523, 0.9645693979424648]]
32627131	[1, [0.00603098017158421, 0.9939690198284158]]
7692837	[1, [0.01855140527733712, 0.9814485947226629]]
55023675	[1, [0.03020041166807741, 0.9697995883319226]]
6429699	[1, [0.018941788168361673, 0.9810582118316383]]
73387636	[1, [0.015085192877561271, 0.9849148071224387]]
22091241	[1, [0.04893811593332942, 0.9510618840666706]]
66479370	[1, [0.016949984234198134, 0.9830500157658019]]
56647412	[1, [0.008955517627050491, 0.9910444823729495]]
7353553	[1, [0.043881162045340205, 0.9561188379546598]]
9221735	[1, [0.009494172423028524, 0.9905058275769715]]
19737374	[1, [0.025515543388519024, 0.974484456611481]]
6430347	[1, [0.04167058735974227, 0.9583294126402577]]
23358325	[1, [0.03024828890941489, 0.9697517110905851]]
23558324	[1, [0.011844340960766253, 0.9881556590392337]]
85603345	[1, [0.04652574028195344, 0.9534742597180466]]
33633847	[1, [0.045301794638049064, 0.9546982053619509]]
7625935	[1, [0.031409975664402956, 0.968590024335597]]
6048596	[1, [0.005711266450763808, 0.9942887335492362]]
7677674	[1, [0.005354959055740127, 0.9946450409442599]]
23528926	[1, [0.013263711312367255, 0.9867362886876327]]
7181277	[1, [0.03220986164819539, 0.9677901383518046]]
76261500	[1, [0.049067635359546946, 0.950932364640453]]
17183202	[1, [0.027234712096019686, 0.9727652879039803]]
9153034	[1, [0.03857814014288208, 0.9614218598571179]]
9148436	[1, [0.027941834222833806, 0.9720581657771662]]
9148108	[1, [0.04135783496254797, 0.958642165037452]]
15263583	[1, [0.04475991264499546, 0.9552400873550045]]
7495173	[1, [0.03884284034066199, 0.961157159659338]]
60949050	[1, [0.0007055511522311431, 0.9992944488477689]]
7735209	[1, [0.011954057835784404, 0.9880459421642156]]
81541855	[1, [0.015555056233462206, 0.9844449437665378]]
5682590	[1, [0.01882368888452135, 0.9811763111154786]]
36601543	[1, [0.023640202184447956, 0.976359797815552]]
9147766	[1, [0.04007992415002337, 0.9599200758499766]]
6152148	[1, [0.027356759206411785, 0.9726432407935882]]
7149353	[1, [0.0017571039705369662, 0.998242896029463]]
7499111	[1, [0.0024232292638747266, 0.9975767707361253]]
6848789	[1, [0.03889891703883819, 0.9611010829611618]]
14819235	[1, [0.037895560972227904, 0.9621044390277721]]
71816335	[1, [0.03269143024666121, 0.9673085697533388]]
5928793	[1, [8.244747232744043e-05, 0.9999175525276726]]
7498185	[1, [0.04523557436750758, 0.9547644256324924]]
82302743	[1, [0.011699041556138767, 0.9883009584438612]]
96332417	[1, [0.019699707041178183, 0.9803002929588218]]
5927747	[1, [1.8337256358802456e-05, 0.9999816627436412]]
5693962	[1, [0.033094726663508656, 0.9669052733364913]]
5919614	[1, [0.03165419525215629, 0.9683458047478437]]
5919081	[1, [0.02088109089029122, 0.9791189091097088]]
68160927	[1, [0.036842473012645316, 0.9631575269873547]]
11757939	[1, [0.010074672985805555, 0.9899253270141944]]
82417399	[1, [0.006546483474993203, 0.9934535165250068]]
11754091	[1, [0.003776620230008243, 0.9962233797699918]]
7844455	[1, [0.0022558948361358633, 0.9977441051638641]]
5677708	[1, [0.0027860693188803687, 0.9972139306811196]]
7925749	[1, [0.01685313630262808, 0.9831468636973719]]
6112044	[1, [0.04696768146199681, 0.9530323185380032]]
18356367	[1, [0.04053740540894413, 0.9594625945910559]]
68178915	[1, [0.03348939879161683, 0.9665106012083832]]
71937524	[1, [0.002007657054137857, 0.9979923429458621]]
6878021	[1, [0.022530541787794345, 0.9774694582122057]]
6114420	[1, [0.03675572920660175, 0.9632442707933982]]
11716436	[1, [0.018608959561031813, 0.9813910404389682]]
6879656	[1, [0.01864469479687758, 0.9813553052031224]]
79263334	[1, [0.0350812969219475, 0.9649187030780525]]
6876924	[1, [0.02490164857296895, 0.975098351427031]]
6877158	[1, [0.014801938092214195, 0.9851980619077858]]
89244367	[1, [0.041987844889835535, 0.9580121551101645]]
9074091	[1, [0.04906278671422726, 0.9509372132857727]]
6113256	[1, [0.004565827688984725, 0.9954341723110153]]
87134785	[1, [0.008142563961919813, 0.9918574360380802]]
42805553	[1, [0.04555631407826288, 0.9544436859217371]]
6109187	[1, [0.04202513388318874, 0.9579748661168113]]
7818064	[1, [0.04114310406305299, 0.958856895936947]]
9132485	[1, [0.047264962837024305, 0.9527350371629757]]
45546191	[1, [0.03332198156259991, 0.9666780184374001]]
6674236	[1, [0.0067833992922062825, 0.9932166007077937]]
5479325	[1, [0.04341629486771992, 0.9565837051322801]]
9131712	[1, [0.028201866161659317, 0.9717981338383407]]
5476594	[1, [0.017845342236017747, 0.9821546577639823]]
7114042	[1, [0.010967004119024848, 0.9890329958809752]]
9132705	[1, [0.03858097801091476, 0.9614190219890852]]
6106308	[1, [0.01828517458894041, 0.9817148254110596]]
7112777	[1, [0.007080075775713235, 0.9929199242242868]]
42834656	[1, [0.04070242811075042, 0.9592975718892496]]
52129995	[1, [0.04325902150968064, 0.9567409784903194]]
20614677	[1, [0.03909188802117225, 0.9609081119788278]]
26839929	[1, [0.044656555026193256, 0.9553434449738067]]
9109377	[1, [0.0050532734913399935, 0.99494672650866]]
43349445	[1, [0.023639732911052924, 0.9763602670889471]]
5806458	[1, [0.03837781764100834, 0.9616221823589917]]
81666940	[1, [0.030995408006640357, 0.9690045919933596]]
5602545	[1, [5.111606826480042e-05, 0.9999488839317352]]
58996298	[1, [0.01650556087905586, 0.9834944391209441]]
7916897	[1, [0.01610569715936694, 0.9838943028406331]]
48293601	[1, [0.02408283376348197, 0.975917166236518]]
6099654	[1, [0.008856703039160196, 0.9911432969608398]]
20639757	[1, [0.003187146810167074, 0.9968128531898329]]
12935408	[1, [0.02990820648732684, 0.9700917935126732]]
25792703	[1, [0.00958903722413218, 0.9904109627758678]]
7569666	[1, [0.0046924097097622575, 0.9953075902902377]]
7675223	[1, [0.04765351898146064, 0.9523464810185394]]
7568476	[1, [0.04095490872136609, 0.9590450912786339]]
97578242	[1, [0.01799339262987376, 0.9820066073701262]]
7567735	[1, [0.014083703808656978, 0.985916296191343]]
61392920	[1, [0.015621922184471781, 0.9843780778155282]]
6984113	[1, [0.02093005555576999, 0.97906994444423]]
7847968	[1, [0.002937358736527229, 0.9970626412634728]]
73525430	[1, [0.043832711241412525, 0.9561672887585875]]
7677582	[1, [0.02996737396449367, 0.9700326260355063]]
60753828	[1, [0.0469350649978838, 0.9530649350021162]]
7847828	[1, [0.020366634178665355, 0.9796333658213346]]
7569732	[1, [0.012004424292091143, 0.9879955757079089]]
16824551	[1, [0.04502489063699999, 0.954975109363]]
7570453	[1, [0.018366157164789176, 0.9816338428352108]]
6554411	[1, [0.03301182519494361, 0.9669881748050564]]
20763386	[1, [0.02146775857409433, 0.9785322414259057]]
7675780	[1, [0.022577000391475033, 0.977422999608525]]
88602252	[1, [0.03579618105005444, 0.9642038189499456]]
88563033	[1, [0.007704231878038703, 0.9922957681219613]]
7847225	[1, [0.0011907006231185457, 0.9988092993768815]]
7677008	[1, [0.03692001510489784, 0.9630799848951022]]
7570002	[1, [0.010394446466489349, 0.9896055535335107]]
7570285	[1, [0.029569394947330685, 0.9704306050526693]]
9145115	[1, [0.04858389990304912, 0.9514161000969509]]
9117014	[1, [0.039294826922186665, 0.9607051730778133]]
6789362	[1, [0.00759360022878286, 0.9924063997712171]]
93555339	[1, [0.025879286001857293, 0.9741207139981427]]
9154677	[1, [0.03258752985006452, 0.9674124701499355]]
93607798	[1, [0.010914308312365284, 0.9890856916876347]]
7755504	[1, [0.021345411322671204, 0.9786545886773288]]
17764920	[1, [0.013008791663242869, 0.9869912083367571]]
6691163	[1, [0.013402205395534272, 0.9865977946044657]]
37042777	[1, [0.008571361343446826, 0.9914286386565532]]
6054332	[1, [0.005877524583929206, 0.9941224754160708]]
6692217	[1, [0.0035386619638165806, 0.9964613380361834]]
7754461	[1, [0.004201452163018149, 0.9957985478369819]]
93324686	[1, [0.02978907161444655, 0.9702109283855535]]
9155082	[1, [0.021941049140020152, 0.9780589508599798]]
7533608	[1, [0.029348718869414592, 0.9706512811305854]]
9154399	[1, [0.02397167677576917, 0.9760283232242308]]
93386539	[1, [0.015374537852400061, 0.9846254621475999]]
7534700	[1, [0.0402945484539452, 0.9597054515460548]]
9154764	[1, [0.03814272397701268, 0.9618572760229873]]
6538548	[1, [0.04247530775205244, 0.9575246922479476]]
7529660	[1, [0.01726677024622314, 0.9827332297537769]]
93403255	[1, [0.017655216245656136, 0.9823447837543439]]
64028535	[1, [0.008574974427727144, 0.9914250255722729]]
68439468	[1, [0.003190337180762892, 0.9968096628192371]]
7944990	[1, [0.04242445949224993, 0.9575755405077501]]
5855465	[1, [0.010116336311074337, 0.9898836636889257]]
7550486	[1, [0.008796158404328902, 0.9912038415956711]]
50153774	[1, [0.00339383897515233, 0.9966061610248477]]
9112107	[1, [0.012544849599434582, 0.9874551504005654]]
77242864	[1, [0.00308710006839219, 0.9969128999316078]]
7845337	[1, [0.03273800456671683, 0.9672619954332832]]
6409470	[1, [0.03945312167483894, 0.9605468783251611]]
7961087	[1, [0.016446789140853735, 0.9835532108591463]]
53306957	[1, [0.033335121964977676, 0.9666648780350223]]
16460095	[1, [0.005348732123726663, 0.9946512678762733]]
5947496	[1, [0.005729585529429482, 0.9942704144705705]]
7845991	[1, [0.0015959709464988814, 0.9984040290535011]]
55125378	[1, [0.01083148170604653, 0.9891685182939535]]
5947514	[1, [0.037200848057097224, 0.9627991519429028]]
5664908	[1, [0.001773954040361292, 0.9982260459596387]]
6405204	[1, [0.027725723262182478, 0.9722742767378175]]
5665383	[1, [0.006153230894996642, 0.9938467691050034]]
50256493	[1, [0.016888367899931644, 0.9831116321000684]]
77250633	[1, [0.04152140124829784, 0.9584785987517022]]
5752134	[1, [0.015342760134064659, 0.9846572398659353]]
6412812	[1, [0.047714716574031146, 0.9522852834259689]]
5584522	[1, [0.0011594233379427221, 0.9988405766620573]]
6563448	[1, [0.0015745084893743488, 0.9984254915106257]]
24992211	[1, [0.010482604506081405, 0.9895173954939186]]
9135754	[1, [0.020964330084086158, 0.9790356699159138]]
14137298	[1, [0.020489031337493246, 0.9795109686625068]]
92419124	[1, [0.046968092621188395, 0.9530319073788116]]
7266875	[1, [0.02085392126071639, 0.9791460787392836]]
7264746	[1, [0.03734527375629382, 0.9626547262437062]]
9135439	[1, [0.004715967088933293, 0.9952840329110667]]
24986431	[1, [0.034025246593743286, 0.9659747534062567]]
88706595	[1, [0.04236699552637202, 0.957633004473628]]
9128478	[1, [0.006246028445628049, 0.993753971554372]]
5582805	[1, [0.04405573155210207, 0.9559442684478979]]
9128814	[1, [0.04840339183483022, 0.9515966081651698]]
35536450	[1, [0.017097855815781493, 0.9829021441842185]]
45486163	[1, [0.024677111600622692, 0.9753228883993773]]
7762271	[1, [0.0119731724394605, 0.9880268275605395]]
7208675	[1, [4.513155541707725e-05, 0.9999548684445829]]
44467244	[1, [0.04407509798377718, 0.9559249020162228]]
7760804	[1, [0.04539948124725357, 0.9546005187527464]]
5564042	[1, [0.03874482968733328, 0.9612551703126667]]
5563660	[1, [0.028863689901528655, 0.9711363100984713]]
7963022	[1, [0.02974806909551353, 0.9702519309044865]]
46511311	[1, [0.03562489807829161, 0.9643751019217084]]
6875932	[1, [0.02075663698371988, 0.9792433630162801]]
6876254	[1, [0.04335002535066523, 0.9566499746493348]]
9193083	[1, [0.011350919418624983, 0.988649080581375]]
9193082	[1, [0.013472628847174484, 0.9865273711528255]]
7183201	[1, [0.02408649046354272, 0.9759135095364573]]
55223197	[1, [0.04698811233779787, 0.9530118876622021]]
55261108	[1, [0.03161529723490808, 0.9683847027650919]]
9139008	[1, [0.04586865647106486, 0.9541313435289351]]
7647285	[1, [0.0004451458019999466, 0.999554854198]]
7648234	[1, [0.026893207206194036, 0.973106792793806]]
99858139	[1, [0.012245155954951348, 0.9877548440450487]]
14792861	[1, [0.0328301908696913, 0.9671698091303087]]
9267400	[1, [0.041645133209730845, 0.9583548667902692]]
19839255	[1, [0.01830784979588096, 0.981692150204119]]
28572693	[1, [0.04235182883323707, 0.9576481711667629]]
93956359	[1, [0.012832048040198996, 0.987167951959801]]
7647317	[1, [0.030834096067624106, 0.9691659039323759]]
6066010	[1, [0.038800720160186875, 0.9611992798398131]]
7197324	[1, [0.02452556639034631, 0.9754744336096537]]
6861627	[1, [0.025202112727634174, 0.9747978872723658]]
7647762	[1, [0.0011309287883988217, 0.9988690712116012]]
49626588	[1, [0.023483196199626022, 0.976516803800374]]
91099073	[1, [0.0457937941788813, 0.9542062058211187]]
9138812	[1, [0.017990676674324302, 0.9820093233256757]]
7589923	[1, [0.008661789843429135, 0.9913382101565709]]
30359212	[1, [0.018737700817071823, 0.9812622991829282]]
9243297	[1, [0.023841025113135905, 0.9761589748868641]]
9243636	[1, [0.01239417013272981, 0.9876058298672702]]
29173062	[1, [0.003007568182698428, 0.9969924318173016]]
7595237	[1, [0.031571574657542234, 0.9684284253424578]]
29130745	[1, [0.0154028447771285, 0.9845971552228715]]
7965795	[1, [0.037577811476177225, 0.9624221885238228]]
7614042	[1, [0.010613891887298, 0.989386108112702]]
7614546	[1, [0.012685344535865783, 0.9873146554641342]]
55427049	[1, [0.023902387514692314, 0.9760976124853077]]
95807915	[1, [0.04660289149744146, 0.9533971085025585]]
42976183	[1, [0.019918329394501333, 0.9800816706054987]]
7686101	[1, [0.0218891103363692, 0.9781108896636308]]
73168323	[1, [0.0031983576645499, 0.9968016423354501]]
7589709	[1, [0.018408199438480266, 0.9815918005615197]]
7590535	[1, [0.016478194018848646, 0.9835218059811514]]
45720671	[1, [0.013448205323946083, 0.9865517946760539]]
7612595	[1, [0.011162489064997061, 0.9888375109350029]]
59635503	[1, [0.026983608731072084, 0.9730163912689279]]
7612459	[1, [0.01640774678645618, 0.9835922532135438]]
68911352	[1, [0.0003910445900001669, 0.9996089554099998]]
7935279	[1, [0.009709472868065006, 0.990290527131935]]
52876898	[1, [0.03875569637271514, 0.9612443036272849]]
6584846	[1, [0.04045716596971982, 0.9595428340302802]]
6585518	[1, [0.038967296838946064, 0.9610327031610539]]
9126178	[1, [0.027403289045645707, 0.9725967109543543]]
7769456	[1, [0.03984532755052228, 0.9601546724494777]]
9237770	[1, [0.007428815215943074, 0.9925711847840569]]
9265497	[1, [0.015165247385390823, 0.9848347526146092]]
7935253	[1, [0.039605373717474524, 0.9603946262825255]]
30885516	[1, [0.010270501454115566, 0.9897294985458844]]
23580345	[1, [0.04974198726309609, 0.9502580127369039]]
23629627	[1, [0.04648544921795905, 0.953514550782041]]
23586923	[1, [0.03307167362406638, 0.9669283263759336]]
70500105	[1, [0.018447529764436643, 0.9815524702355634]]
6131643	[1, [0.022063082435765602, 0.9779369175642344]]
53985822	[1, [0.006272563733299763, 0.9937274362667002]]
9057212	[1, [0.0011068760648412779, 0.9988931239351587]]
7769717	[1, [0.020357618962651314, 0.9796423810373487]]
7773689	[1, [0.005168364576735196, 0.9948316354232648]]
24868728	[1, [0.024586190948131303, 0.9754138090518687]]
7910144	[1, [0.036065723340204414, 0.9639342766597956]]
7910146	[1, [0.00477912928158597, 0.995220870718414]]
28175227	[1, [0.013968610272031778, 0.9860313897279682]]
6507783	[1, [0.0024340241820262065, 0.9975659758179738]]
57236330	[1, [0.0006666912785201484, 0.9993333087214799]]
7770516	[1, [0.0013634028558311417, 0.9986365971441689]]
85369573	[1, [0.021816204358079405, 0.9781837956419206]]
7772362	[1, [0.0024232292638747266, 0.9975767707361253]]
7747015	[1, [0.021688669425628526, 0.9783113305743715]]
7938663	[1, [0.002000821461797031, 0.997999178538203]]
7771399	[1, [0.0005773319429486223, 0.9994226680570514]]
6426133	[1, [0.010299257280459995, 0.98970074271954]]
83559742	[1, [0.03415229757293292, 0.9658477024270671]]
66086917	[1, [0.03642078967692608, 0.9635792103230739]]
5924488	[1, [0.028388799282713206, 0.9716112007172868]]
7622544	[1, [0.040332663940998215, 0.9596673360590018]]
66088496	[1, [0.04846946334614055, 0.9515305366538594]]
5318870	[1, [0.002212596235924069, 0.9977874037640759]]
5923482	[1, [2.968457564556104e-05, 0.9999703154243544]]
50001430	[1, [0.016367198270050953, 0.983632801729949]]
9247344	[1, [0.0008699234532539846, 0.999130076546746]]
89402634	[1, [0.0467942001261028, 0.9532057998738972]]
7911615	[1, [0.03344314384850677, 0.9665568561514932]]
7225225	[1, [0.00819393314348027, 0.9918060668565197]]
5923687	[1, [0.0317361502295328, 0.9682638497704672]]
5924657	[1, [0.005554604430240584, 0.9944453955697594]]
7971335	[1, [0.0213072004080489, 0.9786927995919511]]
5932122	[1, [0.02124983670381464, 0.9787501632961854]]
7620847	[1, [0.030834096067624106, 0.9691659039323759]]
70910486	[1, [0.04093448785729259, 0.9590655121427074]]
6630809	[1, [0.02873169165091327, 0.9712683083490867]]
7225440	[1, [0.012389072728583361, 0.9876109272714166]]
9253852	[1, [0.03294307580078515, 0.9670569241992149]]
57948718	[1, [0.02423518894327037, 0.9757648110567296]]
6589202	[1, [0.03933442283203259, 0.9606655771679674]]
9269189	[1, [0.028557040043443505, 0.9714429599565565]]
9320839	[1, [0.03995794386552198, 0.960042056134478]]
9321222	[1, [0.038181016529412526, 0.9618189834705875]]
5660578	[1, [0.0007342659858114997, 0.9992657340141885]]
5658588	[1, [0.0009217921864501655, 0.9990782078135498]]
24810437	[1, [0.004688955828441199, 0.9953110441715588]]
7929471	[1, [0.0023451022077136674, 0.9976548977922863]]
7929764	[1, [0.00020777728371701443, 0.999792222716283]]
9329389	[1, [0.04416728800819514, 0.9558327119918049]]
36248743	[1, [0.0021669547707411363, 0.9978330452292589]]
9118512	[1, [0.0014502767325855759, 0.9985497232674144]]
6703361	[1, [0.01523501187469356, 0.9847649881253064]]
9329462	[1, [0.045687906472159034, 0.954312093527841]]
20153828	[1, [0.027320320119131436, 0.9726796798808686]]
7929439	[1, [0.023472540819833743, 0.9765274591801663]]
9320190	[1, [0.048615638620629786, 0.9513843613793702]]
7731690	[1, [0.042284948181163795, 0.9577150518188362]]
18695751	[1, [0.025228965992803, 0.974771034007197]]
57832855	[1, [0.030965930088112437, 0.9690340699118876]]
64145582	[1, [0.028122957891407396, 0.9718770421085926]]
67678000	[1, [0.04501191198425125, 0.9549880880157487]]
6987066	[1, [0.0029097821637023014, 0.9970902178362977]]
6987512	[1, [0.033179371981144734, 0.9668206280188553]]
74914858	[1, [0.030938956056600686, 0.9690610439433993]]
40192409	[1, [0.0036710665083659055, 0.9963289334916341]]
9312491	[1, [0.007537666813819066, 0.9924623331861809]]
20881804	[1, [0.013697127020481759, 0.9863028729795182]]
52022207	[1, [0.0016065931010487144, 0.9983934068989513]]
78606854	[1, [0.040417188406396076, 0.9595828115936039]]
44102288	[1, [0.03780426661007197, 0.962195733389928]]
68337904	[1, [0.029146215256659058, 0.9708537847433409]]
27567689	[1, [0.04366289868572171, 0.9563371013142783]]
7293691	[1, [0.01495383024847019, 0.9850461697515298]]
7857597	[1, [0.04602370918300602, 0.953976290816994]]
7666262	[1, [0.028969303008390845, 0.9710306969916092]]
7292122	[1, [0.004145551952073778, 0.9958544480479262]]
7992457	[1, [0.026604101958990545, 0.9733958980410095]]
7973662	[1, [0.0011154232523926666, 0.9988845767476073]]
5606594	[1, [0.03738142410267431, 0.9626185758973257]]
6068127	[1, [0.031053484465112247, 0.9689465155348878]]
70541503	[1, [0.0458757626310039, 0.9541242373689961]]
51997844	[1, [0.03241643982985798, 0.967583560170142]]
7290709	[1, [0.017018451599152606, 0.9829815484008474]]
6707940	[1, [0.0088503432303485, 0.9911496567696515]]
29895599	[1, [0.03628179076942839, 0.9637182092305716]]
7291388	[1, [0.044884357374551986, 0.955115642625448]]
7664921	[1, [0.03168366461150118, 0.9683163353884988]]
7341063	[1, [1.84013122392912e-05, 0.9999815986877607]]
5936743	[1, [0.007168850527945914, 0.9928311494720541]]
5935540	[1, [0.049000994726968505, 0.9509990052730315]]
94502928	[1, [0.0035230016694455246, 0.9964769983305545]]
6528712	[1, [0.006831753731792012, 0.993168246268208]]
9150469	[1, [0.018025707285313386, 0.9819742927146866]]
7987895	[1, [0.005818383585952325, 0.9941816164140477]]
7659182	[1, [0.023613686839749626, 0.9763863131602504]]
7220268	[1, [0.006977986928059843, 0.9930220130719402]]
57565008	[1, [0.005792256761982029, 0.994207743238018]]
7644030	[1, [0.03833710763956122, 0.9616628923604388]]
6690543	[1, [0.022692647718030035, 0.97730735228197]]
7376204	[1, [0.030183503408216628, 0.9698164965917834]]
15122769	[1, [0.034877912558399116, 0.9651220874416009]]
7643978	[1, [0.022577000391475033, 0.977422999608525]]
7659510	[1, [0.027495188227565914, 0.9725048117724341]]
7657655	[1, [0.046308178686873425, 0.9536918213131266]]
61212464	[1, [0.03963509296360146, 0.9603649070363985]]
89044465	[1, [0.017302541615399347, 0.9826974583846007]]
45028824	[1, [0.015935283692510516, 0.9840647163074895]]
5840907	[1, [0.014594067204142913, 0.9854059327958571]]
51625876	[1, [0.0037257816867831695, 0.9962742183132168]]
7567502	[1, [0.04412379140862732, 0.9558762085913727]]
7598207	[1, [0.04302210604529022, 0.9569778939547098]]
7567411	[1, [0.010394446466489349, 0.9896055535335107]]
79037833	[1, [0.02171942337901378, 0.9782805766209862]]
7567566	[1, [0.006691796551292595, 0.9933082034487074]]
9139659	[1, [0.0022224787247829836, 0.997777521275217]]
7789920	[1, [0.001623939710166833, 0.9983760602898332]]
7566967	[1, [0.02978698462926821, 0.9702130153707318]]
9311247	[1, [0.03521463973481209, 0.9647853602651879]]
7489680	[1, [0.04441576707111128, 0.9555842329288887]]
35183788	[1, [0.03976336840893835, 0.9602366315910617]]
7598942	[1, [0.018962381974348297, 0.9810376180256517]]
7492009	[1, [0.017736260706651685, 0.9822637392933483]]
7538379	[1, [0.04969514491459104, 0.950304855085409]]
7492680	[1, [0.04139225384718681, 0.9586077461528132]]
7492048	[1, [0.03530571421197115, 0.9646942857880288]]
5668671	[1, [0.01882368888452135, 0.9811763111154786]]
7560996	[1, [0.015007248415007002, 0.984992751584993]]
48643317	[1, [0.005026272624300887, 0.9949737273756991]]
5668744	[1, [0.0009422685424443911, 0.9990577314575556]]
10212730	[1, [0.02917522503726422, 0.9708247749627358]]
9139479	[1, [0.007954685824906216, 0.9920453141750938]]
32761703	[1, [0.0053326296958132735, 0.9946673703041867]]
7964135	[1, [1.0950745193971656e-06, 0.9999989049254806]]
7669656	[1, [0.030815443104400098, 0.9691845568955999]]
81333758	[1, [0.0488815152868034, 0.9511184847131966]]
7455482	[1, [0.03799647502365322, 0.9620035249763468]]
98426320	[1, [0.03512812970843893, 0.9648718702915611]]
48574434	[1, [0.011454379986106655, 0.9885456200138933]]
44654847	[1, [0.030784707772645414, 0.9692152922273546]]
9140453	[1, [0.044953855310779556, 0.9550461446892204]]
6125900	[1, [0.00923833868844759, 0.9907616613115524]]
7669006	[1, [0.026634272004679715, 0.9733657279953203]]
7897746	[1, [0.015390823840371604, 0.9846091761596284]]
31764292	[1, [0.03280546327434797, 0.967194536725652]]
6128719	[1, [0.020170474572577035, 0.979829525427423]]
37494350	[1, [0.02761377943115062, 0.9723862205688494]]
7667104	[1, [0.009957716218719881, 0.9900422837812801]]
7666731	[1, [0.03984258918712191, 0.9601574108128781]]
48542924	[1, [0.0411231800128351, 0.9588768199871649]]
6567015	[1, [0.020190267615741275, 0.9798097323842587]]
7666678	[1, [0.0016038758669806308, 0.9983961241330194]]
6567804	[1, [6.029815842545361e-05, 0.9999397018415745]]
7335136	[1, [1.1098137093878968e-05, 0.9999889018629061]]
6608289	[1, [0.024673095446689608, 0.9753269045533104]]
9005974	[1, [0.021763290778016975, 0.978236709221983]]
7951201	[1, [0.04627121618745533, 0.9537287838125447]]
6624529	[1, [0.0404223658651095, 0.9595776341348905]]
5674111	[1, [0.009200641936859433, 0.9907993580631406]]
7917611	[1, [0.04343676168954824, 0.9565632383104518]]
5672130	[1, [0.0046171202288468605, 0.9953828797711531]]
9254068	[1, [0.006011266625515654, 0.9939887333744843]]
7951542	[1, [0.011500524773088827, 0.9884994752269112]]
7951775	[1, [0.017708269397646692, 0.9822917306023533]]
18624305	[1, [0.04015828038110303, 0.959841719618897]]
6606684	[1, [0.02996117413075261, 0.9700388258692474]]
5674594	[1, [0.03920470517354968, 0.9607952948264503]]
6881196	[1, [0.004125297591437649, 0.9958747024085624]]
7951288	[1, [0.04686724898804362, 0.9531327510119564]]
7255273	[1, [0.011621635193684088, 0.9883783648063159]]
7912106	[1, [0.02183362104970299, 0.978166378950297]]
5672228	[1, [0.006470536797208215, 0.9935294632027918]]
64751543	[1, [0.025818740250058925, 0.9741812597499411]]
98622265	[1, [0.0015310099862697601, 0.9984689900137302]]
7932344	[1, [0.0019016915807874568, 0.9980983084192125]]
54300831	[1, [0.011773645686666723, 0.9882263543133333]]
50650634	[1, [0.025035500662858645, 0.9749644993371414]]
9061503	[1, [0.014816421690552084, 0.9851835783094479]]
9224649	[1, [0.04654274350662935, 0.9534572564933707]]
98288680	[1, [0.003480843299311087, 0.9965191567006889]]
9007017	[1, [0.002802873033219355, 0.9971971269667806]]
6072682	[1, [0.0386549783173924, 0.9613450216826076]]
59529986	[1, [0.014916532875216215, 0.9850834671247838]]
6075315	[1, [0.0027686135377319454, 0.997231386462268]]
7932072	[1, [0.02852383807106318, 0.9714761619289368]]
7991866	[1, [0.03088293242683804, 0.969117067573162]]
9001955	[1, [0.02390945087362728, 0.9760905491263727]]
79368275	[1, [0.0490083135631566, 0.9509916864368434]]
95353513	[1, [0.021630005937102736, 0.9783699940628973]]
7991623	[1, [0.03472978164634133, 0.9652702183536587]]
7976820	[1, [0.015443763299477498, 0.9845562367005225]]
5467211	[1, [0.022653083501782967, 0.977346916498217]]
63600783	[1, [0.0009319351613972238, 0.9990680648386028]]
5305394	[1, [0.0149965106896508, 0.9850034893103492]]
94312098	[1, [0.008799805400399707, 0.9912001945996003]]
39690754	[1, [0.02717545572822233, 0.9728245442717777]]
5551051	[1, [0.013637284904932434, 0.9863627150950676]]
5466210	[1, [0.01566026492280914, 0.9843397350771909]]
7721754	[1, [0.02614053398758387, 0.9738594660124161]]
5549255	[1, [0.028863689901528655, 0.9711363100984713]]
95466855	[1, [0.01158978683254075, 0.9884102131674593]]
5364120	[1, [0.006588654873619704, 0.9934113451263803]]
9280449	[1, [0.00493985875925862, 0.9950601412407414]]
7746318	[1, [0.008796158404328902, 0.9912038415956711]]
7976850	[1, [0.04417718332412357, 0.9558228166758764]]
63578544	[1, [0.01103237642444943, 0.9889676235755506]]
9280813	[1, [0.008701770992345925, 0.9912982290076541]]
50817517	[1, [0.036122739423879446, 0.9638772605761206]]
79499096	[1, [0.028185381303213797, 0.9718146186967862]]
21708674	[1, [0.0005140205271499942, 0.99948597947285]]
85159256	[1, [0.041871454235651306, 0.9581285457643487]]
7915306	[1, [0.04748604200535511, 0.9525139579946449]]
58448032	[1, [0.031642637971496135, 0.9683573620285039]]
7915036	[1, [0.025065733868970153, 0.9749342661310298]]
7946760	[1, [0.013586504006227185, 0.9864134959937728]]
7914335	[1, [0.04694011627219796, 0.953059883727802]]
56108966	[1, [0.013966263689154657, 0.9860337363108453]]
63651940	[1, [0.027428887033385307, 0.9725711129666147]]
9258779	[1, [0.0002567410779671375, 0.9997432589220329]]
94744030	[1, [0.02454688186115861, 0.9754531181388414]]
7979789	[1, [0.0010879220580454207, 0.9989120779419546]]
47300914	[1, [0.02413855008516852, 0.9758614499148315]]
56046266	[1, [0.04543117467193836, 0.9545688253280616]]
62775716	[1, [0.007530195207420931, 0.9924698047925791]]
58440333	[1, [0.01907428458353977, 0.9809257154164602]]
