20220126	[1, [0.04881382371800369, 0.9511861762819963]]
7821404	[1, [0.03935345687387792, 0.9606465431261221]]
95169970	[1, [0.0380267339858773, 0.9619732660141227]]
42899932	[1, [0.0366795464485844, 0.9633204535514156]]
9317278	[1, [0.031156298439567354, 0.9688437015604326]]
18853241	[1, [0.03410268670854777, 0.9658973132914522]]
18855839	[1, [0.010473958250082571, 0.9895260417499174]]
72619047	[1, [0.042434639200823354, 0.9575653607991766]]
42546143	[1, [0.010361205336528845, 0.9896387946634712]]
10333815	[1, [0.038877383370081287, 0.9611226166299187]]
20183265	[1, [0.009719953618114618, 0.9902800463818854]]
72681313	[1, [0.0004080586461923108, 0.9995919413538077]]
65057953	[1, [0.02154346657443673, 0.9784565334255633]]
49958956	[1, [0.029286902984015817, 0.9707130970159842]]
9230886	[1, [0.01084041095762045, 0.9891595890423796]]
9207020	[1, [0.016123564941361912, 0.9838764350586381]]
18820499	[1, [0.0021391450026615466, 0.9978608549973385]]
88686601	[1, [0.020304667401005894, 0.9796953325989941]]
13498610	[1, [0.029048674609204017, 0.970951325390796]]
9146252	[1, [0.041671122704238894, 0.9583288772957611]]
7630303	[1, [0.002348222436024283, 0.9976517775639757]]
9231529	[1, [0.0383219008306841, 0.9616780991693159]]
7629459	[1, [0.039108012336204645, 0.9608919876637954]]
7630081	[1, [8.302728110509694e-05, 0.9999169727188949]]
92278944	[1, [0.03130341503263634, 0.9686965849673637]]
92333867	[1, [0.01598663115905463, 0.9840133688409454]]
87393679	[1, [0.04430544416016291, 0.9556945558398371]]
75380905	[1, [0.0028968859820666104, 0.9971031140179334]]
29156033	[1, [0.009043019039200795, 0.9909569809607992]]
73128180	[1, [0.03489719220274512, 0.9651028077972549]]
45727228	[1, [0.04561082141077388, 0.9543891785892261]]
9128310	[1, [0.04982213964480753, 0.9501778603551925]]
29111690	[1, [0.0016406329841665013, 0.9983593670158335]]
6892784	[1, [0.04481446349855012, 0.9551855365014499]]
9287313	[1, [0.029606319256747282, 0.9703936807432527]]
9287099	[1, [0.008275075559515566, 0.9917249244404844]]
7017542	[1, [0.002999303393940056, 0.9970006966060599]]
55416416	[1, [0.030625074755142312, 0.9693749252448577]]
92082482	[1, [0.016015247631491425, 0.9839847523685086]]
32845352	[1, [0.00022217511713007454, 0.9997778248828699]]
57470881	[1, [0.017906570818914447, 0.9820934291810856]]
9287473	[1, [0.02358924528135442, 0.9764107547186456]]
32881394	[1, [0.022603554352009114, 0.9773964456479909]]
45679459	[1, [0.029063569513316012, 0.970936430486684]]
9244520	[1, [0.006349518974119617, 0.9936504810258804]]
73963363	[1, [0.04986029919962476, 0.9501397008003752]]
30408328	[1, [0.033559732441430845, 0.9664402675585692]]
34495016	[1, [0.024755132455378415, 0.9752448675446216]]
54041762	[1, [0.003005035114345689, 0.9969949648856543]]
19507136	[1, [0.01452065921854917, 0.9854793407814508]]
95826911	[1, [0.04362947193587141, 0.9563705280641286]]
17451408	[1, [0.04443323323461512, 0.9555667667653849]]
9287136	[1, [0.030694005329754304, 0.9693059946702457]]
90225470	[1, [0.04217344939570078, 0.9578265506042992]]
95259848	[1, [0.009183004013897822, 0.9908169959861022]]
72384305	[1, [0.007389483289384269, 0.9926105167106157]]
52757966	[1, [0.019704625013001964, 0.980295374986998]]
84082961	[1, [0.024561728518929127, 0.9754382714810709]]
95281494	[1, [0.009634530000319663, 0.9903654699996803]]
33616021	[1, [0.049580471963103334, 0.9504195280368967]]
84108788	[1, [0.017394055862230973, 0.982605944137769]]
76216678	[1, [0.023279121329679797, 0.9767208786703202]]
40250829	[1, [0.030507643500400583, 0.9694923564995994]]
14914621	[1, [0.014818927804155724, 0.9851810721958443]]
29204921	[1, [0.008041015613098002, 0.991958984386902]]
96797044	[1, [0.0048581544300771995, 0.9951418455699228]]
76211027	[1, [0.03633704068615873, 0.9636629593138413]]
33633847	[1, [0.03088020346351994, 0.9691197965364801]]
6049923	[1, [0.007806100945697558, 0.9921938990543024]]
52727657	[1, [0.0034062417993171445, 0.9965937582006829]]
23561560	[1, [0.0310913720001198, 0.9689086279998802]]
9331851	[1, [0.02568215064377577, 0.9743178493562242]]
96754473	[1, [0.008071883968821192, 0.9919281160311788]]
85569034	[1, [0.0009039699517325861, 0.9990960300482674]]
68678930	[1, [0.0478527024131421, 0.9521472975868579]]
68698670	[1, [0.02972559288380927, 0.9702744071161907]]
9332452	[1, [0.0439161772988097, 0.9560838227011903]]
9332749	[1, [0.04459105333320568, 0.9554089466667943]]
76218090	[1, [0.046385784892810644, 0.9536142151071894]]
96312757	[1, [0.012252374228275187, 0.9877476257717248]]
7429661	[1, [0.023257950822951345, 0.9767420491770487]]
90877793	[1, [0.007275189683209615, 0.9927248103167904]]
7143298	[1, [0.044233912654733754, 0.9557660873452662]]
62970879	[1, [0.030881614810341684, 0.9691183851896583]]
94543355	[1, [0.04049646779420002, 0.9595035322058]]
96366810	[1, [0.03125498605140964, 0.9687450139485904]]
90895843	[1, [0.0018925888689125259, 0.9981074111310875]]
39420351	[1, [0.004376336813038506, 0.9956236631869615]]
81573672	[1, [0.0059874532660109114, 0.9940125467339891]]
7792989	[1, [0.016849722127531996, 0.983150277872468]]
44586194	[1, [0.02270409738637469, 0.9772959026136253]]
65949356	[1, [0.0014218653072302079, 0.9985781346927698]]
7145228	[1, [0.01802633250947938, 0.9819736674905206]]
60962116	[1, [0.002261209872325587, 0.9977387901276744]]
7737412	[1, [0.015431233383413234, 0.9845687666165868]]
5646829	[1, [0.036220709374298665, 0.9637792906257013]]
36632903	[1, [0.039801269072391565, 0.9601987309276084]]
63573852	[1, [0.04200035834829596, 0.957999641651704]]
87437579	[1, [0.022418823413695943, 0.9775811765863041]]
14807276	[1, [0.010830460341907822, 0.9891695396580922]]
5918251	[1, [0.036637507545801196, 0.9633624924541988]]
59330881	[1, [0.02245483906318313, 0.9775451609368169]]
71812594	[1, [0.03260144065060133, 0.9673985593493987]]
87460023	[1, [0.036497053226357656, 0.9635029467736423]]
73063686	[1, [0.017979797231034822, 0.9820202027689652]]
50706275	[1, [0.0016122552501235399, 0.9983877447498765]]
11156636	[1, [0.010823010759808294, 0.9891769892401917]]
19391481	[1, [0.024242844977072964, 0.975757155022927]]
7475016	[1, [0.022127163656731175, 0.9778728363432688]]
72798766	[1, [0.030118625394920273, 0.9698813746050797]]
72795451	[1, [0.004022922317204358, 0.9959770776827956]]
87134785	[1, [0.042290164594024016, 0.957709835405976]]
87174844	[1, [0.03987957547202314, 0.9601204245279769]]
42844864	[1, [0.0007348038527368317, 0.9992651961472632]]
9201859	[1, [0.008202721984348793, 0.9917972780156512]]
34547615	[1, [0.03374236761976934, 0.9662576323802307]]
27922447	[1, [0.018911699118329905, 0.9810883008816701]]
58383438	[1, [0.01985950225693245, 0.9801404977430676]]
5477557	[1, [0.006223023172942654, 0.9937769768270573]]
12380697	[1, [0.03483511831673869, 0.9651648816832613]]
52649597	[1, [0.0001399985860541797, 0.9998600014139458]]
7475255	[1, [0.006192273461356423, 0.9938077265386436]]
43962834	[1, [0.03329499011237791, 0.9667050098876221]]
87137229	[1, [0.044373744550764926, 0.9556262554492351]]
58365291	[1, [0.030651921055264153, 0.9693480789447358]]
50719725	[1, [0.040142911781887, 0.959857088218113]]
12095467	[1, [0.03269717304568409, 0.9673028269543159]]
7478791	[1, [0.027127425533823635, 0.9728725744661764]]
43983422	[1, [0.04208582847879028, 0.9579141715212097]]
38551003	[1, [0.009816151426999764, 0.9901838485730002]]
11188583	[1, [0.019829345072195248, 0.9801706549278048]]
29656169	[1, [0.04915389063714093, 0.9508461093628591]]
52673856	[1, [0.045689702785901454, 0.9543102972140985]]
9201351	[1, [0.03385984037426515, 0.9661401596257349]]
38537361	[1, [0.02755010128831903, 0.972449898711681]]
52668009	[1, [0.019515622117529108, 0.9804843778824709]]
9107709	[1, [0.0042597722972831376, 0.9957402277027169]]
75731642	[1, [0.04306925240557369, 0.9569307475944263]]
44901902	[1, [0.0356814533106089, 0.9643185466893911]]
7727366	[1, [0.014952626193647678, 0.9850473738063523]]
64270781	[1, [0.004037572178686832, 0.9959624278213132]]
27793954	[1, [0.016448622369004573, 0.9835513776309954]]
50459095	[1, [0.02227669485615702, 0.977723305143843]]
79138334	[1, [0.00026194223402631334, 0.9997380577659737]]
90385848	[1, [0.027265694548522235, 0.9727343054514778]]
27765422	[1, [0.03144605298549508, 0.9685539470145049]]
50355967	[1, [0.016889218664579042, 0.983110781335421]]
30026923	[1, [0.014767044745294, 0.985232955254706]]
69555168	[1, [0.006892604784371481, 0.9931073952156285]]
69916911	[1, [0.023007318624662543, 0.9769926813753375]]
49026437	[1, [0.024310339869825892, 0.9756896601301741]]
63405481	[1, [0.02237886175328807, 0.9776211382467119]]
7170390	[1, [0.04210471815904859, 0.9578952818409514]]
78751516	[1, [0.03889705639006702, 0.961102943609933]]
79163617	[1, [0.02216920615737994, 0.9778307938426201]]
9344317	[1, [0.04160014403865464, 0.9583998559613454]]
70838936	[1, [0.017586793526165434, 0.9824132064738346]]
43588716	[1, [0.007153584347203812, 0.9928464156527962]]
55280741	[1, [0.011037214050660049, 0.98896278594934]]
89850126	[1, [0.0032263372058831674, 0.9967736627941168]]
55239088	[1, [0.030278973322813152, 0.9697210266771868]]
9343269	[1, [0.0324690786619396, 0.9675309213380604]]
15311036	[1, [0.0012861802853039173, 0.9987138197146961]]
9268041	[1, [0.025673166598886077, 0.9743268334011139]]
87591380	[1, [0.0460092833104806, 0.9539907166895194]]
49654867	[1, [0.005434750451628667, 0.9945652495483713]]
9267300	[1, [0.008158391792544406, 0.9918416082074556]]
14769489	[1, [0.03728013088763382, 0.9627198691123662]]
13859045	[1, [0.013563268521596283, 0.9864367314784037]]
99845208	[1, [0.04566355036062597, 0.954336449639374]]
55727726	[1, [0.01768011105163425, 0.9823198889483657]]
14792861	[1, [0.0004039751402978853, 0.9995960248597021]]
7648387	[1, [1.279248303442948e-05, 0.9999872075169656]]
7183993	[1, [0.04177904868412885, 0.9582209513158712]]
19814792	[1, [0.04471068900456299, 0.955289310995437]]
43571760	[1, [0.047926247548672585, 0.9520737524513274]]
9344359	[1, [0.04465508618041403, 0.955344913819586]]
55255267	[1, [0.031753135284948275, 0.9682468647150517]]
52243431	[1, [0.01677473269311569, 0.9832252673068843]]
69206253	[1, [0.003433974136382356, 0.9965660258636176]]
49864619	[1, [0.02839124249907443, 0.9716087575009256]]
99095006	[1, [0.04131887823539082, 0.9586811217646092]]
7160247	[1, [0.034494776611854294, 0.9655052233881457]]
25789020	[1, [0.0027760112119280533, 0.997223988788072]]
81666940	[1, [0.0011018291335500585, 0.9988981708664499]]
12893099	[1, [0.02704520992172421, 0.9729547900782758]]
26873522	[1, [0.028358214459700104, 0.9716417855402999]]
74565638	[1, [0.04133593542886993, 0.9586640645711301]]
81606770	[1, [0.04871723757513724, 0.9512827624248628]]
74997073	[1, [0.01350236108319669, 0.9864976389168033]]
69191891	[1, [0.006984178098526139, 0.9930158219014739]]
90654363	[1, [0.04873788811953306, 0.9512621118804669]]
22679958	[1, [0.04817640324217176, 0.9518235967578282]]
80372567	[1, [0.008882792399230288, 0.9911172076007697]]
52148364	[1, [0.012411721846018353, 0.9875882781539816]]
12900882	[1, [0.02425688171626028, 0.9757431182837397]]
49871773	[1, [0.01573565098289842, 0.9842643490171016]]
12921552	[1, [0.003093427692147044, 0.996906572307853]]
10455732	[1, [0.0006460534185922517, 0.9993539465814077]]
20600941	[1, [0.0009487591917780591, 0.9990512408082219]]
95736564	[1, [0.010867575478130775, 0.9891324245218692]]
68193765	[1, [0.012212180660059246, 0.9877878193399408]]
41522695	[1, [0.01738675578912441, 0.9826132442108756]]
52383239	[1, [0.03668134741014306, 0.9633186525898569]]
82397636	[1, [0.018750290767810984, 0.981249709232189]]
52363322	[1, [0.028055661306623736, 0.9719443386933763]]
7926207	[1, [0.015653837789721847, 0.9843461622102782]]
28707574	[1, [0.008285568017354694, 0.9917144319826453]]
61338581	[1, [0.044899261890931075, 0.9551007381090689]]
68217643	[1, [0.01312084057536056, 0.9868791594246394]]
41551237	[1, [0.039813620549853934, 0.9601863794501461]]
78426434	[1, [0.0459017682716113, 0.9540982317283887]]
78429711	[1, [0.0491975490351344, 0.9508024509648656]]
7926232	[1, [0.0018907843194428953, 0.9981092156805571]]
9273213	[1, [0.032853964560484616, 0.9671460354395154]]
7925740	[1, [0.0016960176560030238, 0.998303982343997]]
91063854	[1, [0.03837819174876311, 0.9616218082512369]]
6877631	[1, [0.0347398846123016, 0.9652601153876984]]
67064661	[1, [0.0258626600541928, 0.9741373399458072]]
89224167	[1, [0.030112347238990034, 0.96988765276101]]
67077991	[1, [0.02756838455372035, 0.9724316154462797]]
71943291	[1, [0.013995933022722618, 0.9860040669772774]]
39040203	[1, [0.008685063402085191, 0.9913149365979148]]
52374214	[1, [0.0022389224684069564, 0.997761077531593]]
23012397	[1, [0.03615386198674875, 0.9638461380132513]]
71923578	[1, [0.03244524661176784, 0.9675547533882322]]
7985827	[1, [0.008486361108590357, 0.9915136388914096]]
78412945	[1, [0.001560527023365177, 0.9984394729766348]]
6878936	[1, [0.044275244153955784, 0.9557247558460442]]
40347663	[1, [0.011006576051435402, 0.9889934239485646]]
74874314	[1, [0.005156645963369844, 0.9948433540366302]]
7926142	[1, [0.035212655285173144, 0.9647873447148269]]
96615083	[1, [0.00028340326670228677, 0.9997165967332977]]
6997661	[1, [0.000316876065963978, 0.999683123934036]]
6999693	[1, [0.0004537619399465065, 0.9995462380600535]]
27728204	[1, [0.015446014502211947, 0.984553985497788]]
27728207	[1, [0.03129350422211197, 0.968706495777888]]
80034743	[1, [0.046796385264053275, 0.9532036147359467]]
9297427	[1, [0.03841667451628328, 0.9615833254837167]]
11610173	[1, [0.032964599672313466, 0.9670354003276865]]
9297717	[1, [0.01763504513666303, 0.982364954863337]]
9297372	[1, [0.04997947148171911, 0.9500205285182809]]
26176125	[1, [0.005234871274534925, 0.9947651287254651]]
99181752	[1, [0.03588006411935796, 0.964119935880642]]
7921283	[1, [0.009692413565375091, 0.9903075864346249]]
75988599	[1, [0.018786327208099918, 0.9812136727919001]]
96616296	[1, [0.024620297393730062, 0.9753797026062699]]
89095150	[1, [0.011209064134040658, 0.9887909358659593]]
6997377	[1, [0.03608845889782841, 0.9639115411021716]]
7579868	[1, [0.010958448553864963, 0.989041551446135]]
90971186	[1, [0.029236246371887487, 0.9707637536281125]]
79987392	[1, [0.00997143933456901, 0.990028560665431]]
9346072	[1, [0.0015001115208125304, 0.9984998884791875]]
25689273	[1, [0.042499431742371696, 0.9575005682576283]]
80017703	[1, [0.0009979567291162894, 0.9990020432708837]]
99186966	[1, [0.013299810675500678, 0.9867001893244993]]
26330989	[1, [0.007667183717527171, 0.9923328162824728]]
12819170	[1, [0.007438019394141349, 0.9925619806058587]]
46071405	[1, [0.018214982548501513, 0.9817850174514985]]
84353362	[1, [0.031229416259148435, 0.9687705837408516]]
96624109	[1, [0.011020243660601725, 0.9889797563393983]]
12812457	[1, [0.021588207003777837, 0.9784117929962222]]
27740922	[1, [0.030120780036280492, 0.9698792199637195]]
9106414	[1, [0.002544882844935037, 0.997455117155065]]
6996455	[1, [0.027747426452959245, 0.9722525735470408]]
26137743	[1, [0.03256720837217253, 0.9674327916278275]]
46098620	[1, [0.02879060806591105, 0.971209391934089]]
82724031	[1, [0.04353023347867646, 0.9564697665213235]]
67901051	[1, [0.023041642141532814, 0.9769583578584672]]
69745174	[1, [0.01522669081773298, 0.984773309182267]]
65725414	[1, [0.028420686504226245, 0.9715793134957738]]
63775085	[1, [0.008207716243020857, 0.9917922837569791]]
57760057	[1, [0.015117347956230098, 0.9848826520437699]]
35059607	[1, [0.010381483587242446, 0.9896185164127576]]
5105043	[1, [0.011844120275163905, 0.9881558797248361]]
9216983	[1, [0.035516137491806266, 0.9644838625081937]]
67884094	[1, [0.04722059227126241, 0.9527794077287376]]
7833862	[1, [0.007804571877313871, 0.9921954281226861]]
31250514	[1, [0.04113771954976497, 0.958862280450235]]
11370476	[1, [0.014474984108451272, 0.9855250158915487]]
63763630	[1, [0.0023782308592412704, 0.9976217691407587]]
65765127	[1, [0.018858233200043206, 0.9811417667999568]]
69456449	[1, [0.0006870177157441981, 0.9993129822842558]]
63740929	[1, [0.006788517539441097, 0.9932114824605589]]
63785396	[1, [0.0069073936559480575, 0.9930926063440519]]
17775177	[1, [0.0011090063308808462, 0.9988909936691192]]
11366428	[1, [0.011401445688393519, 0.9885985543116065]]
82780286	[1, [0.00318848766604396, 0.996811512333956]]
76358786	[1, [0.02132913240243417, 0.9786708675975658]]
61497353	[1, [0.04367488345724557, 0.9563251165427544]]
40204160	[1, [0.008195938433187111, 0.9918040615668129]]
85815295	[1, [0.017055209310359087, 0.9829447906896409]]
9284117	[1, [0.0232034747763733, 0.9767965252236267]]
38397418	[1, [0.013166376843322003, 0.986833623156678]]
6987749	[1, [0.002113472765919666, 0.9978865272340803]]
85720407	[1, [0.02302499301160421, 0.9769750069883958]]
9041588	[1, [0.00154282456982191, 0.9984571754301781]]
97954076	[1, [0.0023203112418296312, 0.9976796887581704]]
9311678	[1, [0.026470116294815216, 0.9735298837051848]]
97947980	[1, [0.009449446402504447, 0.9905505535974956]]
9284931	[1, [0.03149851579293428, 0.9685014842070657]]
7960452	[1, [5.6362962228662106e-05, 0.9999436370377713]]
38395749	[1, [0.0015480607539922753, 0.9984519392460077]]
83040781	[1, [0.01742522253274259, 0.9825747774672574]]
57852328	[1, [0.02696980581989472, 0.9730301941801053]]
9284885	[1, [0.0458558836539571, 0.9541441163460429]]
40239946	[1, [0.028055661306623736, 0.9719443386933763]]
9284699	[1, [0.014864977355105391, 0.9851350226448946]]
40208192	[1, [0.044652141555767244, 0.9553478584442328]]
74946916	[1, [0.03684864067919191, 0.9631513593208081]]
74914858	[1, [0.0025154801815105987, 0.9974845198184894]]
85753812	[1, [0.0035979286179042003, 0.9964020713820958]]
63497181	[1, [0.009655429815277894, 0.9903445701847221]]
86275714	[1, [0.030366409963565433, 0.9696335900364346]]
61458979	[1, [0.0343670211563607, 0.9656329788436393]]
57860670	[1, [0.028678648376227023, 0.971321351623773]]
85839045	[1, [0.003587277909599451, 0.9964127220904005]]
5767896	[1, [0.008104874761165948, 0.991895125238834]]
45820596	[1, [0.0003738732730278471, 0.9996261267269722]]
7281794	[1, [0.04288445736919577, 0.9571155426308042]]
38361751	[1, [0.017360370507090717, 0.9826396294929093]]
61453341	[1, [0.024963915064851627, 0.9750360849351484]]
66353930	[1, [0.03687090890679956, 0.9631290910932004]]
17078802	[1, [0.019155434751265688, 0.9808445652487343]]
86637084	[1, [0.000595853491094811, 0.9994041465089052]]
59951326	[1, [0.031017431431581866, 0.9689825685684181]]
7666866	[1, [0.017826103515000247, 0.9821738964849998]]
38245527	[1, [0.04937048003140798, 0.950629519968592]]
66677274	[1, [0.025051004594972892, 0.9749489954050271]]
68110334	[1, [0.01958810241467379, 0.9804118975853262]]
37521587	[1, [0.022878198729478494, 0.9771218012705215]]
35328925	[1, [0.02042119365913264, 0.9795788063408674]]
7872277	[1, [0.044270827104767485, 0.9557291728952325]]
7873466	[1, [0.031521392171205864, 0.9684786078287941]]
44662122	[1, [0.04163495493442304, 0.958365045065577]]
7668561	[1, [0.0017914536327008346, 0.9982085463672992]]
98470580	[1, [0.00010600650741654505, 0.9998939934925835]]
31797290	[1, [0.015631837036256924, 0.9843681629637431]]
68069905	[1, [0.008432328677651535, 0.9915676713223485]]
35345003	[1, [0.004764937868413255, 0.9952350621315867]]
7330420	[1, [0.03709802606177026, 0.9629019739382297]]
31750799	[1, [0.035455256428845505, 0.9645447435711545]]
62724890	[1, [0.036869662256953206, 0.9631303377430468]]
47546441	[1, [0.045999816842622, 0.954000183157378]]
44657994	[1, [0.0036014856674043694, 0.9963985143325956]]
66666204	[1, [0.041877772885089315, 0.9581222271149107]]
97828937	[1, [0.038204647371632205, 0.9617953526283678]]
7209677	[1, [0.04232244759969794, 0.9576775524003021]]
44524874	[1, [0.033007003953909875, 0.9669929960460901]]
54199259	[1, [0.00420382378386186, 0.9957961762161381]]
38893684	[1, [0.0024520425841647597, 0.9975479574158352]]
9193110	[1, [0.04590927980308224, 0.9540907201969178]]
46528333	[1, [0.002104474668580658, 0.9978955253314193]]
9193251	[1, [0.0017363154974638917, 0.9982636845025361]]
96692620	[1, [0.005177936611478362, 0.9948220633885216]]
46469855	[1, [0.03760654839428146, 0.9623934516057185]]
53729939	[1, [0.003252828826886711, 0.9967471711731133]]
46192458	[1, [0.037433753440915485, 0.9625662465590845]]
45496169	[1, [0.019704625013001964, 0.980295374986998]]
12862890	[1, [0.011933873580782683, 0.9880661264192173]]
71898340	[1, [0.014005883772389205, 0.9859941162276108]]
96725854	[1, [0.041422641565333485, 0.9585773584346665]]
54375695	[1, [0.017919213634358777, 0.9820807863656412]]
71875195	[1, [0.036589255772498275, 0.9634107442275017]]
46180634	[1, [0.010919016668257675, 0.9890809833317423]]
77727885	[1, [0.022683247988007138, 0.9773167520119929]]
92612997	[1, [0.017776871785480264, 0.9822231282145197]]
18548832	[1, [0.018126071895007145, 0.9818739281049929]]
77705446	[1, [0.03482565395130843, 0.9651743460486916]]
53733207	[1, [0.002141864188604181, 0.9978581358113958]]
61958869	[1, [0.03765487386414612, 0.9623451261358539]]
71549285	[1, [0.04644484573872798, 0.953555154261272]]
50907586	[1, [0.000282796799827012, 0.999717203200173]]
42693319	[1, [0.007572093095611909, 0.9924279069043881]]
21824448	[1, [0.03433181245047756, 0.9656681875495224]]
41927271	[1, [0.020896832772271723, 0.9791031672277283]]
9105955	[1, [0.017978234144102267, 0.9820217658558977]]
9260754	[1, [0.04955697361202682, 0.9504430263879732]]
82629716	[1, [0.019300879195051412, 0.9806991208049486]]
79099783	[1, [0.017507169533741207, 0.9824928304662588]]
59847023	[1, [0.02244181855012295, 0.977558181449877]]
35808302	[1, [0.00293389374466424, 0.9970661062553358]]
79724143	[1, [0.04449343276397577, 0.9555065672360242]]
42647796	[1, [0.030209761971515148, 0.9697902380284849]]
84269510	[1, [0.037961245553425615, 0.9620387544465744]]
6944762	[1, [0.02529821430049939, 0.9747017856995006]]
21833142	[1, [0.043231178931095404, 0.9567688210689046]]
9260462	[1, [0.01574555988399917, 0.9842544401160008]]
50890332	[1, [0.015740259088511954, 0.984259740911488]]
62008583	[1, [0.011035580126903866, 0.9889644198730961]]
21199705	[1, [0.04905189926921194, 0.9509481007307881]]
6951724	[1, [0.01067122261593867, 0.9893287773840613]]
6145981	[1, [0.0127386977730225, 0.9872613022269775]]
54579374	[1, [0.03796913791719092, 0.9620308620828091]]
37632166	[1, [0.036360214353761466, 0.9636397856462385]]
9113048	[1, [0.03206077008716268, 0.9679392299128373]]
53772408	[1, [0.045417641132095565, 0.9545823588679044]]
7053746	[1, [0.04866997051527222, 0.9513300294847278]]
7048925	[1, [0.037838788573806514, 0.9621612114261935]]
99623287	[1, [0.04333439658562388, 0.9566656034143761]]
5613223	[1, [0.040319869692284405, 0.9596801303077156]]
14319855	[1, [0.008985298115264495, 0.9910147018847355]]
5851369	[1, [0.01910636187897974, 0.9808936381210203]]
70004264	[1, [0.013295283822183701, 0.9867047161778163]]
9103681	[1, [0.04668218936737378, 0.9533178106326262]]
79553348	[1, [0.0034400928682400966, 0.9965599071317599]]
79573281	[1, [0.0009161265731019164, 0.9990838734268981]]
9113140	[1, [0.025736073346092514, 0.9742639266539075]]
16932990	[1, [0.023041642141532814, 0.9769583578584672]]
23422860	[1, [0.021420978840956062, 0.9785790211590439]]
7043587	[1, [0.0013921620185313177, 0.9986078379814687]]
79776905	[1, [0.026355298236638403, 0.9736447017633616]]
81442216	[1, [0.00613281261736498, 0.993867187382635]]
41642728	[1, [0.039846704807443345, 0.9601532951925567]]
57999565	[1, [0.04548078742861139, 0.9545192125713886]]
22447862	[1, [0.025541719937389407, 0.9744582800626106]]
69649926	[1, [0.04392473320745427, 0.9560752667925457]]
93186898	[1, [0.0058275672670490275, 0.994172432732951]]
86425215	[1, [0.002383683731558617, 0.9976163162684414]]
6045024	[1, [0.028199037683794725, 0.9718009623162053]]
60097010	[1, [0.016711846194546687, 0.9832881538054533]]
9014033	[1, [0.04833052347142819, 0.9516694765285718]]
34167334	[1, [0.027359273996321987, 0.972640726003678]]
69680859	[1, [0.0047462861675232615, 0.9952537138324767]]
22452341	[1, [0.04747567807868325, 0.9525243219213168]]
81476371	[1, [0.04689556234921344, 0.9531044376507866]]
63305482	[1, [0.018517465292515967, 0.981482534707484]]
6469553	[1, [0.009537543628199252, 0.9904624563718007]]
69690392	[1, [0.043076973762657844, 0.9569230262373422]]
60074022	[1, [0.026159399312769005, 0.973840600687231]]
47950483	[1, [0.02662795680912844, 0.9733720431908716]]
69634124	[1, [0.017967135427204628, 0.9820328645727954]]
37215940	[1, [0.018380484317682022, 0.981619515682318]]
33466339	[1, [0.01901807213438833, 0.9809819278656117]]
41644311	[1, [0.048382660630023167, 0.9516173393699768]]
32688895	[1, [0.02550709097763848, 0.9744929090223615]]
81378729	[1, [0.027403929968414786, 0.9725960700315852]]
29345415	[1, [0.0002909849803931497, 0.9997090150196069]]
6473918	[1, [0.002553121405619696, 0.9974468785943803]]
22483899	[1, [0.038192568412652506, 0.9618074315873475]]
15166586	[1, [0.040042650093143894, 0.9599573499068561]]
81411535	[1, [0.026424033616497034, 0.973575966383503]]
22429838	[1, [0.009999836499135606, 0.9900001635008644]]
81837692	[1, [0.004108545333792346, 0.9958914546662077]]
12483851	[1, [0.01749384028629286, 0.9825061597137071]]
92380569	[1, [0.02021547256697198, 0.979784527433028]]
35499154	[1, [0.018353425567070647, 0.9816465744329294]]
7263868	[1, [0.0019750670667302295, 0.9980249329332698]]
46341439	[1, [0.018480596716456965, 0.981519403283543]]
46951479	[1, [0.015502573336023673, 0.9844974266639763]]
9204290	[1, [0.0177969930208417, 0.9822030069791583]]
81871723	[1, [0.0005293198871003657, 0.9994706801128996]]
22731808	[1, [0.04906779357938984, 0.9509322064206102]]
88713021	[1, [0.0012689432312702476, 0.9987310567687298]]
81828951	[1, [0.03248521067181209, 0.9675147893281879]]
9129493	[1, [0.018143790600936738, 0.9818562093990633]]
49752865	[1, [0.01648978486611752, 0.9835102151338825]]
46348749	[1, [0.04519798310036538, 0.9548020168996346]]
96417825	[1, [0.02217337936416708, 0.9778266206358329]]
24954326	[1, [0.0019301227732801962, 0.9980698772267198]]
88721701	[1, [0.0004639366171350634, 0.9995360633828649]]
12433794	[1, [0.0407030352224339, 0.9592969647775661]]
51689882	[1, [0.024547302595122722, 0.9754526974048773]]
67821015	[1, [0.0381603781507629, 0.9618396218492371]]
46959988	[1, [0.02885539383860214, 0.9711446061613979]]
60102525	[1, [0.0434895924434483, 0.9565104075565517]]
6983666	[1, [0.04063483745757357, 0.9593651625424264]]
19157815	[1, [0.007766763793148779, 0.9922332362068512]]
7813414	[1, [0.03891568043674942, 0.9610843195632506]]
60154840	[1, [0.04948689568391906, 0.9505131043160809]]
9291245	[1, [0.036806417111365786, 0.9631935828886342]]
62361925	[1, [0.025033621098575543, 0.9749663789014245]]
7811922	[1, [0.04843150403983121, 0.9515684959601688]]
61392920	[1, [0.0008733614059416306, 0.9991266385940584]]
90584786	[1, [0.016438099241786297, 0.9835619007582137]]
6983326	[1, [0.009601695985985925, 0.9903983040140141]]
24678961	[1, [0.04021730682245028, 0.9597826931775497]]
30317635	[1, [0.038655619146802045, 0.961344380853198]]
73530265	[1, [0.038633671653206414, 0.9613663283467936]]
9256515	[1, [0.011792397055671477, 0.9882076029443285]]
56522398	[1, [0.027800063294880717, 0.9721999367051193]]
29556215	[1, [0.025967095728888445, 0.9740329042711116]]
20753280	[1, [0.045039970212206626, 0.9549600297877934]]
99034388	[1, [0.003971292331920395, 0.9960287076680796]]
24669308	[1, [0.04723919370939689, 0.9527608062906031]]
24714642	[1, [0.009316616708545777, 0.9906833832914542]]
7914100	[1, [0.00590943037698044, 0.9940905696230196]]
16804050	[1, [0.0411203609396823, 0.9588796390603177]]
62343193	[1, [0.003523739093577616, 0.9964762609064224]]
9291318	[1, [0.02495885309385293, 0.9750411469061471]]
99068636	[1, [0.007436617742690332, 0.9925633822573097]]
30320775	[1, [0.02352168424820278, 0.9764783157517972]]
9257135	[1, [0.03116223047316391, 0.9688377695268361]]
89539668	[1, [0.010405197349207751, 0.9895948026507922]]
73550853	[1, [0.04824644578780135, 0.9517535542121986]]
88562141	[1, [0.022391009582024113, 0.9776089904179759]]
93793848	[1, [0.03281183399566168, 0.9671881660043383]]
60587276	[1, [0.04899786165149422, 0.9510021383485058]]
6962741	[1, [0.0009822405339983131, 0.9990177594660017]]
71026904	[1, [0.025616604516417008, 0.974383395483583]]
6961476	[1, [0.046543881135595155, 0.9534561188644048]]
6503293	[1, [0.04334174842205518, 0.9566582515779448]]
69501356	[1, [0.045780330582290474, 0.9542196694177095]]
55848010	[1, [0.00601814709607984, 0.9939818529039202]]
38133403	[1, [0.023085984746797683, 0.9769140152532023]]
70637405	[1, [0.0029995873000806528, 0.9970004126999193]]
48088701	[1, [0.002336604007802001, 0.997663395992198]]
64702401	[1, [0.03465875849027733, 0.9653412415097227]]
47631314	[1, [0.0180816516179384, 0.9819183483820616]]
70631618	[1, [0.010047793774701885, 0.9899522062252981]]
45184662	[1, [0.043250061220236335, 0.9567499387797637]]
45163810	[1, [0.009499067762788083, 0.9905009322372119]]
6505202	[1, [0.01759277838124984, 0.9824072216187502]]
38096868	[1, [0.003888479625498875, 0.9961115203745011]]
13943976	[1, [0.003081228395178881, 0.9969187716048211]]
71041608	[1, [0.0009672953866937117, 0.9990327046133063]]
23134605	[1, [0.01566468201311111, 0.9843353179868889]]
10649315	[1, [0.029195685651404735, 0.9708043143485953]]
50161610	[1, [0.02207611830252687, 0.9779238816974731]]
62104853	[1, [0.03816161734624346, 0.9618383826537565]]
76628678	[1, [0.010828691803690949, 0.989171308196309]]
7371916	[1, [0.014752790202273713, 0.9852472097977263]]
93101623	[1, [0.0024692277713850297, 0.997530772228615]]
97430942	[1, [0.007123271000575193, 0.9928767289994248]]
68416691	[1, [0.007996738982584795, 0.9920032610174152]]
7371628	[1, [0.030689154638074423, 0.9693108453619256]]
64058661	[1, [0.03536982464000582, 0.9646301753599942]]
50144241	[1, [0.014058445190019753, 0.9859415548099802]]
62156013	[1, [0.02329003502432614, 0.9767099649756739]]
77262689	[1, [0.003485977857573652, 0.9965140221424263]]
50188243	[1, [0.00944137392222677, 0.9905586260777732]]
77315783	[1, [0.0020612629446014052, 0.9979387370553986]]
7552329	[1, [0.048271882474387184, 0.9517281175256128]]
50558820	[1, [0.030488366934245836, 0.9695116330657542]]
9298162	[1, [0.01720078502036526, 0.9827992149796347]]
61773791	[1, [0.027695603311732486, 0.9723043966882675]]
7941807	[1, [0.031474995265605266, 0.9685250047343947]]
9249969	[1, [0.007804710745713872, 0.9921952892542861]]
58794864	[1, [0.007336116512609792, 0.9926638834873902]]
71476279	[1, [0.02097266135045084, 0.9790273386495492]]
9222672	[1, [0.0241032882589044, 0.9758967117410956]]
9223620	[1, [0.004266827078113988, 0.995733172921886]]
6489954	[1, [0.005334716398502137, 0.9946652836014979]]
92827944	[1, [0.0014566657907305602, 0.9985433342092694]]
5756475	[1, [0.031908712725069344, 0.9680912872749307]]
9299263	[1, [0.03426496181767236, 0.9657350381823276]]
93312235	[1, [0.045560931987609576, 0.9544390680123904]]
94166431	[1, [0.04970939652983131, 0.9502906034701687]]
6969321	[1, [0.009279906405092464, 0.9907200935949075]]
9248424	[1, [0.01890882542418959, 0.9810911745758104]]
9249884	[1, [0.020758645238361018, 0.979241354761639]]
29018723	[1, [0.013004620926751365, 0.9869953790732486]]
69272785	[1, [0.028435753690642773, 0.9715642463093572]]
25373177	[1, [0.041896659165438166, 0.9581033408345618]]
86909727	[1, [0.014416739950629753, 0.9855832600493702]]
34297794	[1, [0.0421591390758449, 0.9578408609241551]]
65451719	[1, [0.019631752442826333, 0.9803682475571737]]
78275041	[1, [0.034702245319430225, 0.9652977546805698]]
26936052	[1, [0.006542014780668293, 0.9934579852193317]]
64982838	[1, [0.04405779076132854, 0.9559422092386715]]
88516570	[1, [0.00975744154788838, 0.9902425584521116]]
69314685	[1, [0.005630845556859887, 0.9943691544431401]]
7383785	[1, [0.013914299165685984, 0.986085700834314]]
91665824	[1, [0.030447633209442437, 0.9695523667905576]]
97647646	[1, [0.04153278558472573, 0.9584672144152743]]
97626065	[1, [0.012163756396451397, 0.9878362436035486]]
14305119	[1, [0.020733889654549142, 0.9792661103454509]]
88550843	[1, [0.044249871193148826, 0.9557501288068512]]
14256903	[1, [0.0023256519693799493, 0.99767434803062]]
76888722	[1, [0.040054331838091484, 0.9599456681619085]]
25351657	[1, [0.0002018892346022927, 0.9997981107653977]]
26923624	[1, [0.005744689889700116, 0.9942553101102999]]
25360044	[1, [0.02123095047934609, 0.9787690495206539]]
97653278	[1, [0.013167762669843985, 0.986832237330156]]
29928130	[1, [0.0335196570214924, 0.9664803429785076]]
78225698	[1, [0.045497870252328876, 0.9545021297476711]]
49246630	[1, [0.0042943584004991875, 0.9957056415995008]]
88483473	[1, [0.006534433328480138, 0.9934655666715199]]
26927046	[1, [0.025396977881577465, 0.9746030221184225]]
18020220	[1, [0.03497028842830874, 0.9650297115716913]]
97205782	[1, [0.021695452910082236, 0.9783045470899178]]
97171703	[1, [0.010333515640300495, 0.9896664843596995]]
9224901	[1, [0.014406255394375456, 0.9855937446056245]]
6661257	[1, [0.012393837279384368, 0.9876061627206156]]
31523541	[1, [0.0018388769655277581, 0.9981611230344722]]
7423070	[1, [0.001728936128715608, 0.9982710638712844]]
48021561	[1, [0.022605852969709406, 0.9773941470302906]]
60469055	[1, [0.021481257660170505, 0.9785187423398295]]
79405971	[1, [0.030481986258371396, 0.9695180137416286]]
27824621	[1, [0.03803738576568427, 0.9619626142343157]]
60488855	[1, [0.004755250697240254, 0.9952447493027597]]
7991124	[1, [0.018203056154669772, 0.9817969438453302]]
79375402	[1, [0.026634503978603674, 0.9733654960213963]]
95375148	[1, [0.03572079841920872, 0.9642792015807913]]
94090211	[1, [0.03400458031866993, 0.9659954196813301]]
73596261	[1, [0.026105196712400525, 0.9738948032875995]]
9224293	[1, [0.033224973580749384, 0.9667750264192506]]
73590984	[1, [0.0010112851767920539, 0.998988714823208]]
22331551	[1, [0.005573274946529816, 0.9944267250534702]]
31514355	[1, [0.013955244026665703, 0.9860447559733343]]
96089903	[1, [0.0039717415784885635, 0.9960282584215114]]
97193457	[1, [0.0414121750959866, 0.9585878249040134]]
79422704	[1, [0.016074570167994295, 0.9839254298320057]]
35612737	[1, [0.008185749917144491, 0.9918142500828555]]
31074117	[1, [0.02989074227889532, 0.9701092577211047]]
99500061	[1, [0.0457789536270663, 0.9542210463729337]]
66414565	[1, [0.02558533166739374, 0.9744146683326063]]
28276549	[1, [0.027674171932786873, 0.9723258280672131]]
9137209	[1, [0.021018375515170717, 0.9789816244848293]]
28268555	[1, [0.03885088297624606, 0.9611491170237539]]
64409825	[1, [0.010838218985874337, 0.9891617810141257]]
35601592	[1, [0.017298269865792526, 0.9827017301342075]]
7996598	[1, [0.03817617177341803, 0.961823828226582]]
94248867	[1, [0.03687147924168299, 0.963128520758317]]
16317063	[1, [0.005232078200021029, 0.994767921799979]]
62840745	[1, [0.005416352219909215, 0.9945836477800908]]
7924678	[1, [0.00040332909526918925, 0.9995966709047308]]
99527278	[1, [0.00953986924048289, 0.9904601307595171]]
7924569	[1, [0.00043623280254778685, 0.9995637671974522]]
5883796	[1, [0.010634451132665257, 0.9893655488673347]]
47020059	[1, [0.04658475943215379, 0.9534152405678462]]
31104844	[1, [0.03366556716191982, 0.9663344328380802]]
9288578	[1, [0.02214855750650435, 0.9778514424934956]]
35624958	[1, [0.0424398113753679, 0.9575601886246321]]
6452213	[1, [0.0036061211673362736, 0.9963938788326637]]
78516910	[1, [0.022635664034579284, 0.9773643359654207]]
9289669	[1, [0.04505580012924548, 0.9549441998707545]]
80581890	[1, [0.017359450852944658, 0.9826405491470553]]
10666786	[1, [0.03960802815759257, 0.9603919718424074]]
94234733	[1, [0.00020968740016447107, 0.9997903125998355]]
35643932	[1, [0.04618036710827733, 0.9538196328917227]]
16294395	[1, [0.014733401742184848, 0.9852665982578152]]
99480322	[1, [0.038878264495858184, 0.9611217355041418]]
45298942	[1, [0.0380786642201435, 0.9619213357798565]]
5883761	[1, [0.0028498434987690446, 0.997150156501231]]
28285223	[1, [0.03466867077042357, 0.9653313292295764]]
62898763	[1, [0.008149536854604955, 0.991850463145395]]
72890362	[1, [0.0484148270135224, 0.9515851729864776]]
80554004	[1, [0.03412943951343406, 0.9658705604865659]]
50129201	[1, [0.036870405630176184, 0.9631295943698238]]
63842099	[1, [0.0061755576987004845, 0.9938244423012995]]
7245630	[1, [0.029143459380200354, 0.9708565406197996]]
37423072	[1, [0.013475069417331231, 0.9865249305826688]]
40167320	[1, [0.040111938293958316, 0.9598880617060417]]
7244522	[1, [0.041997804709963615, 0.9580021952900364]]
97269400	[1, [0.021167705749607135, 0.9788322942503929]]
70973171	[1, [0.02981472763012505, 0.970185272369875]]
49218680	[1, [0.0011819564395848525, 0.9988180435604151]]
95991834	[1, [0.008031963213822046, 0.991968036786178]]
9325180	[1, [0.04074532936315867, 0.9592546706368413]]
30751408	[1, [0.024466443706274044, 0.975533556293726]]
50099430	[1, [0.00594358903906278, 0.9940564109609372]]
37441592	[1, [0.0044028507472732015, 0.9955971492527268]]
97259463	[1, [0.008993930560653784, 0.9910060694393462]]
64549164	[1, [0.003999207423877493, 0.9960007925761225]]
40826140	[1, [0.010233971945164178, 0.9897660280548358]]
52470471	[1, [0.008894872831048617, 0.9911051271689514]]
50086846	[1, [0.001129985029671765, 0.9988700149703282]]
41651751	[1, [0.0207575729366819, 0.9792424270633181]]
37013994	[1, [0.011461152580263478, 0.9885388474197365]]
9325437	[1, [0.0152173015051138, 0.9847826984948862]]
15621547	[1, [0.025000937298713444, 0.9749990627012866]]
11791812	[1, [0.01709080788140216, 0.9829091921185978]]
95990927	[1, [0.027837194628494988, 0.972162805371505]]
37412145	[1, [0.005673324028285243, 0.9943266759717148]]
63823687	[1, [0.00741004137660084, 0.9925899586233992]]
17357241	[1, [0.01918978633867907, 0.9808102136613209]]
41970556	[1, [0.01057780966528643, 0.9894221903347136]]
73397349	[1, [0.0009128892784154852, 0.9990871107215845]]
22093370	[1, [0.034976714767398276, 0.9650232852326017]]
55061434	[1, [0.015621896611258679, 0.9843781033887413]]
22083169	[1, [0.04126192752903257, 0.9587380724709674]]
59099509	[1, [0.047475295499022074, 0.9525247045009779]]
9221121	[1, [0.021327341381044085, 0.9786726586189559]]
59131506	[1, [0.04267239255237387, 0.9573276074476261]]
87699142	[1, [0.028806938049332764, 0.9711930619506672]]
70205474	[1, [0.0052766373619380635, 0.9947233626380619]]
19740496	[1, [0.0013744625014817657, 0.9986255374985182]]
41986078	[1, [0.013914133144647955, 0.986085866855352]]
19083037	[1, [0.029686105550379982, 0.97031389444962]]
92018599	[1, [0.041433217588482285, 0.9585667824115177]]
73883106	[1, [0.011156987118624895, 0.9888430128813751]]
22168645	[1, [0.016148650383494334, 0.9838513496165057]]
34789539	[1, [0.04375190477887658, 0.9562480952211234]]
19269757	[1, [0.009021989044923129, 0.9909780109550769]]
21746524	[1, [0.038382283230553815, 0.9616177167694462]]
51061489	[1, [0.021167705749607135, 0.9788322942503929]]
73374604	[1, [0.04185526267991513, 0.9581447373200849]]
73411133	[1, [0.047488501614089906, 0.9525114983859101]]
83155882	[1, [0.005870670834383196, 0.9941293291656168]]
9213324	[1, [0.006701529715205323, 0.9932984702847947]]
22119895	[1, [0.008762744281977763, 0.9912372557180222]]
92057107	[1, [0.02176121317472912, 0.9782387868252709]]
9220645	[1, [0.04142679315433273, 0.9585732068456673]]
21775839	[1, [0.012824244460691414, 0.9871757555393086]]
87686772	[1, [0.029066003610029867, 0.9709339963899701]]
28746158	[1, [0.03511257139039703, 0.964887428609603]]
86010741	[1, [0.02960594240409553, 0.9703940575959045]]
86039877	[1, [0.020213878620545023, 0.979786121379455]]
48770145	[1, [0.048189581619702215, 0.9518104183802978]]
77150761	[1, [0.011674473440852262, 0.9883255265591477]]
64836949	[1, [0.0027760112119280533, 0.997223988788072]]
97018322	[1, [0.00093015483296921, 0.9990698451670308]]
9236140	[1, [0.027519263559055984, 0.972480736440944]]
90303023	[1, [0.004552491685599791, 0.9954475083144002]]
68559800	[1, [0.01477511709117163, 0.9852248829088284]]
33508290	[1, [0.0036998870205342538, 0.9963001129794657]]
64863449	[1, [0.008961581956537068, 0.9910384180434629]]
5849314	[1, [0.034013632942843874, 0.9659863670571561]]
47852289	[1, [0.0032029026452291554, 0.9967970973547708]]
9293756	[1, [0.019812058685808487, 0.9801879413141915]]
9236639	[1, [0.005037216820459767, 0.9949627831795402]]
5849602	[1, [0.034098260745984654, 0.9659017392540153]]
5849601	[1, [0.018646744144274474, 0.9813532558557255]]
5849600	[1, [0.018646744144274474, 0.9813532558557255]]
9211821	[1, [0.042078753621776266, 0.9579212463782237]]
99694815	[1, [0.03972363847472471, 0.9602763615252753]]
77119006	[1, [0.002389286794208245, 0.9976107132057918]]
14574162	[1, [0.006109854160072037, 0.993890145839928]]
9211521	[1, [0.03309956803519187, 0.9669004319648081]]
64874685	[1, [0.007739364415918049, 0.992260635584082]]
79637452	[1, [0.01245107681862978, 0.9875489231813702]]
56958138	[1, [0.009213898000657084, 0.9907861019993429]]
35457060	[1, [0.01940395046761656, 0.9805960495323834]]
7875068	[1, [0.022776160007253132, 0.9772238399927469]]
20840546	[1, [0.0398823610058322, 0.9601176389941678]]
26276427	[1, [0.0071889655113224205, 0.9928110344886776]]
77989618	[1, [0.013199229702914428, 0.9868007702970856]]
32189950	[1, [0.032178987924399105, 0.9678210120756009]]
11521222	[1, [0.04328615277350878, 0.9567138472264912]]
74651907	[1, [0.042147782594482375, 0.9578522174055176]]
7942931	[1, [0.03585623418018191, 0.9641437658198181]]
6138230	[1, [0.0031376941908921596, 0.9968623058091078]]
63246248	[1, [0.015289357926558167, 0.9847106420734418]]
26475347	[1, [0.0006369311471772221, 0.9993630688528228]]
20843417	[1, [0.007977602551378804, 0.9920223974486212]]
9313698	[1, [0.048577009298487295, 0.9514229907015127]]
92492713	[1, [0.004080213813480227, 0.9959197861865198]]
9313266	[1, [0.020051214341728518, 0.9799487856582715]]
38443017	[1, [0.029236246371887487, 0.9707637536281125]]
66559403	[1, [0.0014036143124523948, 0.9985963856875476]]
66508367	[1, [0.01339667384658405, 0.986603326153416]]
5880056	[1, [0.03128916333659948, 0.9687108366634005]]
72497504	[1, [0.04506912718968259, 0.9549308728103174]]
52986978	[1, [0.003999207423877493, 0.9960007925761225]]
7660991	[1, [0.0127694138274701, 0.9872305861725299]]
12268211	[1, [0.01550755783479607, 0.9844924421652039]]
16055771	[1, [0.0012363618104445084, 0.9987636381895555]]
57753295	[1, [0.028283215861306887, 0.9717167841386931]]
16691774	[1, [0.033393872793780366, 0.9666061272062196]]
64622484	[1, [0.0002460551050160742, 0.9997539448949839]]
5877376	[1, [0.042917362339306986, 0.957082637660693]]
21255778	[1, [0.02254804383454556, 0.9774519561654544]]
21288148	[1, [0.013241696679617054, 0.986758303320383]]
29720225	[1, [0.012173858287730321, 0.9878261417122697]]
7919565	[1, [0.01866384815455524, 0.9813361518454448]]
98653567	[1, [0.04967002391888131, 0.9503299760811187]]
98193765	[1, [0.02514189475541795, 0.974858105244582]]
5875554	[1, [0.03632417035214652, 0.9636758296478535]]
13707973	[1, [0.002553013793598402, 0.9974469862064016]]
29742533	[1, [0.03007766028814518, 0.9699223397118548]]
52945038	[1, [0.00977241933374029, 0.9902275806662597]]
16692893	[1, [0.003993393724298411, 0.9960066062757016]]
15908007	[1, [0.013909441799972444, 0.9860905582000276]]
52977902	[1, [0.041262348119287307, 0.9587376518807127]]
12233197	[1, [0.006867329476053063, 0.9931326705239469]]
9302836	[1, [0.03721200687339221, 0.9627879931266078]]
17741415	[1, [0.0022676439037523366, 0.9977323560962477]]
19928196	[1, [0.02107454000011355, 0.9789254599998864]]
5931959	[1, [0.02198036218343169, 0.9780196378165683]]
6676402	[1, [0.04619226964079337, 0.9538077303592066]]
5863473	[1, [0.022193014750793938, 0.9778069852492061]]
6495454	[1, [0.0051324269745571804, 0.9948675730254428]]
57194761	[1, [0.03183544545666184, 0.9681645545433382]]
93499126	[1, [0.011267802407177285, 0.9887321975928227]]
50043795	[1, [0.026044082007580793, 0.9739559179924192]]
9302033	[1, [0.032968586393891774, 0.9670314136061082]]
5932761	[1, [0.017287546567334333, 0.9827124534326657]]
50035881	[1, [0.0037409330743550795, 0.9962590669256449]]
5933016	[1, [0.02434211109638551, 0.9756578889036145]]
93533032	[1, [0.047823097246155855, 0.9521769027538441]]
19924127	[1, [0.024530698225253778, 0.9754693017747462]]
57175904	[1, [0.012078162922109614, 0.9879218370778904]]
89410169	[1, [0.010097779361133208, 0.9899022206388668]]
42104021	[1, [0.010858126168287074, 0.9891418738317129]]
64889321	[1, [0.023344588153282886, 0.9766554118467171]]
89325097	[1, [0.0014838760480334612, 0.9985161239519665]]
9246563	[1, [0.04179936935861439, 0.9582006306413856]]
17708539	[1, [0.01072529221580687, 0.9892747077841931]]
7228169	[1, [0.03237747079607334, 0.9676225292039267]]
71359137	[1, [0.0039581268118678015, 0.9960418731881322]]
83006574	[1, [0.0313105445880798, 0.9686894554119202]]
7710891	[1, [0.016010776200109156, 0.9839892237998908]]
7374707	[1, [0.03839333191181993, 0.9616066680881801]]
5935064	[1, [0.03044966999066223, 0.9695503300093378]]
7712706	[1, [0.0014463539480009668, 0.998553646051999]]
5935177	[1, [0.02872620199756426, 0.9712737980024357]]
7713190	[1, [0.0016433280536817252, 0.9983566719463183]]
5935463	[1, [0.04847525235721284, 0.9515247476427872]]
61242269	[1, [0.04316841498227697, 0.956831585017723]]
6461921	[1, [0.0018971463176982173, 0.9981028536823018]]
7708642	[1, [0.0014040242666559788, 0.998595975733344]]
5933597	[1, [0.028869771202466477, 0.9711302287975335]]
61231099	[1, [0.04170129685280988, 0.9582987031471901]]
7714080	[1, [0.002072586067304205, 0.9979274139326958]]
5935030	[1, [0.022766980511070845, 0.9772330194889292]]
57569797	[1, [0.032588387585767764, 0.9674116124142322]]
6957454	[1, [0.04063483745757357, 0.9593651625424264]]
5934282	[1, [0.04993695706332446, 0.9500630429366755]]
7713162	[1, [0.01698111164435645, 0.9830188883556435]]
57583281	[1, [0.0009808999024013554, 0.9990191000975986]]
5936031	[1, [0.00571886668009447, 0.9942811333199055]]
7712670	[1, [0.0014463539480009668, 0.998553646051999]]
7643140	[1, [0.00941717332762615, 0.9905828266723739]]
9150268	[1, [0.005987372369695043, 0.994012627630305]]
7374281	[1, [0.03703868338930494, 0.9629613166106951]]
42189545	[1, [0.009814657286281836, 0.9901853427137182]]
5935161	[1, [0.025383565962918908, 0.9746164340370811]]
7708962	[1, [0.003784878094155064, 0.9962151219058449]]
52827779	[1, [0.03532644623235426, 0.9646735537676457]]
61061763	[1, [0.025150261240241667, 0.9748497387597583]]
9300367	[1, [0.023328821314738346, 0.9766711786852617]]
7643279	[1, [0.005512971465531313, 0.9944870285344687]]
29805947	[1, [0.004585764237274859, 0.9954142357627251]]
7470981	[1, [0.029590692822655917, 0.9704093071773441]]
7852832	[1, [0.03101084281670241, 0.9689891571832976]]
29836104	[1, [0.01893250791232226, 0.9810674920876777]]
45028824	[1, [0.01620796873812136, 0.9837920312618786]]
5935306	[1, [0.03822133664867122, 0.9617786633513288]]
7658378	[1, [0.027106590381081208, 0.9728934096189188]]
5933711	[1, [0.03082201318449307, 0.9691779868155069]]
89059749	[1, [0.018580479864537924, 0.9814195201354621]]
5874856	[1, [0.035392847261564886, 0.9646071527384351]]
12973087	[1, [0.011323277481729344, 0.9886767225182707]]
87094657	[1, [0.012739296143880696, 0.9872607038561193]]
73036402	[1, [0.014865756299537014, 0.985134243700463]]
90377797	[1, [0.04727238155349511, 0.9527276184465049]]
5875036	[1, [0.04770265416899333, 0.9522973458310067]]
58697440	[1, [0.042267854878671574, 0.9577321451213284]]
7862909	[1, [0.02623777313327258, 0.9737622268667274]]
7633218	[1, [0.03500947069154359, 0.9649905293084564]]
7634321	[1, [0.00016206905494209334, 0.9998379309450579]]
92148955	[1, [0.003170724210052045, 0.996829275789948]]
90326445	[1, [0.0014542998586224432, 0.9985457001413776]]
6618714	[1, [0.008891124697302133, 0.9911088753026979]]
7080870	[1, [0.018220127531525354, 0.9817798724684746]]
93410341	[1, [0.03428503739824784, 0.9657149626017522]]
5875109	[1, [0.03769229336396818, 0.9623077066360318]]
7863013	[1, [0.011047185934930703, 0.9889528140650693]]
7631574	[1, [0.03814411130397366, 0.9618558886960263]]
24753527	[1, [0.0450380999095894, 0.9549619000904106]]
58667839	[1, [0.038914482589757826, 0.9610855174102422]]
21890175	[1, [0.014158651669455402, 0.9858413483305446]]
73002408	[1, [4.0350448080483936e-05, 0.9999596495519195]]
7083967	[1, [0.04757347058329664, 0.9524265294167034]]
72983042	[1, [0.02972205961878638, 0.9702779403812136]]
5311624	[1, [0.032822078103872054, 0.967177921896128]]
6477674	[1, [0.0022333694448717356, 0.9977666305551283]]
6475480	[1, [0.0014437808656649898, 0.998556219134335]]
6479869	[1, [0.0011655838814482733, 0.9988344161185517]]
66837474	[1, [0.02662833155050215, 0.9733716684494979]]
7398703	[1, [0.001789164906243701, 0.9982108350937563]]
65990245	[1, [0.037873466032912084, 0.9621265339670879]]
50973467	[1, [0.027938534470587473, 0.9720614655294125]]
39566568	[1, [0.009611093804613335, 0.9903889061953867]]
37617251	[1, [0.02269078979604855, 0.9773092102039515]]
59420666	[1, [0.02938153901497964, 0.9706184609850204]]
69892448	[1, [0.024309307084987908, 0.9756906929150121]]
7972803	[1, [0.010925391131729412, 0.9890746088682706]]
71157137	[1, [0.030259550775695532, 0.9697404492243045]]
40482818	[1, [0.005057526944578283, 0.9949424730554217]]
37599555	[1, [0.04640116648085091, 0.9535988335191491]]
39525027	[1, [0.002563934470748097, 0.9974360655292519]]
28665742	[1, [0.03118920047257856, 0.9688107995274214]]
82534609	[1, [0.029408336821667658, 0.9705916631783323]]
83600340	[1, [0.032124379193233965, 0.967875620806766]]
6254529	[1, [0.0005596992803513778, 0.9994403007196486]]
83648509	[1, [0.032129639762482176, 0.9678703602375178]]
97687794	[1, [0.016569007146182924, 0.9834309928538171]]
69119264	[1, [0.041422641565333485, 0.9585773584346665]]
83666299	[1, [0.020454608416203945, 0.979545391583796]]
50349384	[1, [0.022378551381703415, 0.9776214486182966]]
31475555	[1, [0.00025377231035628167, 0.9997462276896437]]
44911603	[1, [0.02623574074340962, 0.9737642592565904]]
97675439	[1, [0.001725180614458366, 0.9982748193855416]]
7918412	[1, [0.0491789331266711, 0.9508210668733289]]
44935168	[1, [0.0036130853640428118, 0.9963869146359572]]
6324044	[1, [0.01079534890768663, 0.9892046510923134]]
7918418	[1, [0.0021799017420477407, 0.9978200982579523]]
83556103	[1, [0.00721983113315694, 0.9927801688668431]]
84284444	[1, [0.0008215613118386367, 0.9991784386881614]]
10970875	[1, [0.002439396381055836, 0.9975606036189442]]
5835832	[1, [0.003262697733878772, 0.9967373022661212]]
10115500	[1, [0.008704261730244744, 0.9912957382697553]]
56622201	[1, [0.012985496100959337, 0.9870145038990407]]
7639736	[1, [0.016962076483095334, 0.9830379235169047]]
18477071	[1, [0.02648067725241987, 0.9735193227475801]]
92687140	[1, [0.02504895118968209, 0.9749510488103179]]
75295401	[1, [0.04674915864721807, 0.9532508413527819]]
49371626	[1, [0.040409318953335105, 0.9595906810466649]]
15076842	[1, [0.016889218664579042, 0.983110781335421]]
30145199	[1, [0.04896492136210884, 0.9510350786378912]]
7860108	[1, [0.030339183201647968, 0.969660816798352]]
7639494	[1, [0.018422872257509715, 0.9815771277424903]]
29455947	[1, [0.019770989120381, 0.980229010879619]]
10129256	[1, [0.0007001708880883806, 0.9992998291119116]]
6572006	[1, [0.041632591330442836, 0.9583674086695572]]
48719459	[1, [0.023471020127873055, 0.976528979872127]]
7642169	[1, [0.043913802468008245, 0.9560861975319918]]
83754373	[1, [0.007000496978789128, 0.9929995030212109]]
15025115	[1, [0.0187345323120367, 0.9812654676879633]]
7640643	[1, [0.008881401681710588, 0.9911185983182894]]
84285260	[1, [0.032227927008121826, 0.9677720729918782]]
25857170	[1, [0.04818838284532323, 0.9518116171546768]]
70080919	[1, [0.027719234844965412, 0.9722807651550346]]
76060953	[1, [0.041533831762959106, 0.9584661682370409]]
94731191	[1, [0.0009121325716010542, 0.999087867428399]]
7936757	[1, [0.007425713332478212, 0.9925742866675218]]
65401910	[1, [0.029931160346626462, 0.9700688396533735]]
76076315	[1, [0.010202420448385152, 0.9897975795516148]]
65368512	[1, [0.018737341277862196, 0.9812626587221378]]
91596657	[1, [0.006410575300978549, 0.9935894246990215]]
78591809	[1, [0.04509044230225645, 0.9549095576977435]]
94721736	[1, [0.009584903483885299, 0.9904150965161147]]
92259074	[1, [0.03648874830879045, 0.9635112516912095]]
81187763	[1, [0.005072444931517706, 0.9949275550684823]]
9240683	[1, [0.036372652829176455, 0.9636273471708235]]
81170719	[1, [0.024065839342821804, 0.9759341606571782]]
67269567	[1, [0.03142543908633488, 0.9685745609136651]]
13624716	[1, [0.0400850728696065, 0.9599149271303935]]
77993591	[1, [0.020034286815452163, 0.9799657131845478]]
43119509	[1, [0.02707806117704048, 0.9729219388229595]]
7937277	[1, [0.011727990156103374, 0.9882720098438966]]
67281858	[1, [0.031005980742430772, 0.9689940192575692]]
66770539	[1, [0.039131317909732344, 0.9608686820902677]]
6621764	[1, [0.02440299455941608, 0.9755970054405839]]
30855249	[1, [0.015254451064581454, 0.9847455489354185]]
30451768	[1, [0.0476841334608068, 0.9523158665391932]]
30919780	[1, [0.03331437292489148, 0.9666856270751085]]
23604028	[1, [0.018389295922698112, 0.9816107040773019]]
30934585	[1, [0.019207747215190585, 0.9807922527848094]]
30885516	[1, [0.0008647210197495481, 0.9991352789802505]]
68883690	[1, [0.011595867637865798, 0.9884041323621342]]
9245072	[1, [0.029526496894143883, 0.9704735031058561]]
9245150	[1, [0.014815093496203358, 0.9851849065037966]]
77607094	[1, [0.0034776789453201395, 0.9965223210546799]]
36453692	[1, [0.013672679341755423, 0.9863273206582446]]
9265776	[1, [0.005607027551229216, 0.9943929724487708]]
70452855	[1, [0.030808574199452488, 0.9691914258005475]]
6585577	[1, [0.04600568014055695, 0.953994319859443]]
38801094	[1, [0.001446217076346068, 0.9985537829236539]]
52908856	[1, [0.014560786597843878, 0.9854392134021561]]
51431717	[1, [0.03553947127204293, 0.9644605287279571]]
66639581	[1, [0.004594165785577586, 0.9954058342144224]]
30884960	[1, [0.016296210384692533, 0.9837037896153075]]
9237752	[1, [0.033620715870221196, 0.9663792841297788]]
9238203	[1, [0.03869149471940936, 0.9613085052805906]]
9238121	[1, [0.033549983397808236, 0.9664500166021918]]
20317390	[1, [0.049580471963103334, 0.9504195280368967]]
80759674	[1, [0.005837581340571774, 0.9941624186594282]]
9282876	[1, [0.01717554787188824, 0.9828244521281118]]
30924722	[1, [0.016499222311283868, 0.9835007776887161]]
9246186	[1, [0.031096962617211843, 0.9689030373827882]]
21371664	[1, [0.005812422917904292, 0.9941875770820957]]
77560000	[1, [0.030634145389928813, 0.9693658546100712]]
51437419	[1, [0.011559390479884857, 0.9884406095201151]]
9246127	[1, [0.03429882284338903, 0.965701177156611]]
66590928	[1, [0.02442528949795819, 0.9755747105020418]]
68903403	[1, [0.031428707132188705, 0.9685712928678113]]
9123804	[1, [0.048200707705405965, 0.951799292294594]]
58966186	[1, [0.02453457362173006, 0.9754654263782699]]
87918452	[1, [0.032979617660246374, 0.9670203823397536]]
71656142	[1, [0.0094310682597325, 0.9905689317402675]]
75678597	[1, [0.004637791400479707, 0.9953622085995203]]
49168874	[1, [0.0055877034262344916, 0.9944122965737655]]
56771144	[1, [0.0024152899034088904, 0.9975847100965911]]
7723776	[1, [0.036092952781990206, 0.9639070472180098]]
10404500	[1, [0.04754316432229899, 0.952456835677701]]
20566288	[1, [0.007718375235356012, 0.992281624764644]]
74760937	[1, [0.048166852141255934, 0.9518331478587441]]
20264871	[1, [0.014793133074702536, 0.9852068669252975]]
85700281	[1, [0.002608523926901918, 0.9973914760730981]]
49113060	[1, [0.0005436444887083614, 0.9994563555112916]]
41022471	[1, [0.027197401952275158, 0.9728025980477248]]
14443619	[1, [0.03631776105211071, 0.9636822389478893]]
87892968	[1, [0.017293483513517227, 0.9827065164864828]]
6010706	[1, [0.03417030853313607, 0.9658296914668639]]
74747427	[1, [0.005387930716487466, 0.9946120692835125]]
73232933	[1, [0.033058866435719314, 0.9669411335642807]]
16707928	[1, [0.0233631220066578, 0.9766368779933422]]
33745838	[1, [0.04964232992378059, 0.9503576700762194]]
81039287	[1, [0.010017717224011902, 0.9899822827759881]]
67140275	[1, [0.021168688832530203, 0.9788313111674698]]
6467053	[1, [0.0015735484911050257, 0.998426451508895]]
61057450	[1, [0.02248625883763955, 0.9775137411623604]]
7967681	[1, [0.003414149501043573, 0.9965858504989564]]
88012731	[1, [0.007101736849307483, 0.9928982631506925]]
42712468	[1, [0.006888867446049551, 0.9931111325539504]]
31666328	[1, [0.003633995896899389, 0.9963660041031006]]
9337610	[1, [0.028505091861597442, 0.9714949081384026]]
6979655	[1, [0.042134632050544796, 0.9578653679494552]]
49454380	[1, [0.024352672645329365, 0.9756473273546706]]
31677192	[1, [0.010567073662601456, 0.9894329263373985]]
61019354	[1, [0.002652927106854941, 0.9973470728931451]]
11435945	[1, [0.030562817104474505, 0.9694371828955255]]
9262548	[1, [0.03612150573550854, 0.9638784942644915]]
9261554	[1, [0.02294327317995526, 0.9770567268200447]]
23992120	[1, [0.042233565160852415, 0.9577664348391476]]
9262567	[1, [9.848928071687357e-05, 0.9999015107192831]]
9334243	[1, [0.0016330623182916337, 0.9983669376817084]]
11936870	[1, [0.014114538715459868, 0.9858854612845401]]
49421890	[1, [0.04157407783010503, 0.958425922169895]]
24433691	[1, [0.011269996069411592, 0.9887300039305884]]
23992180	[1, [0.006939683990455525, 0.9930603160095445]]
11926828	[1, [0.01249041369205428, 0.9875095863079457]]
9000857	[1, [0.0458011766514822, 0.9541988233485178]]
67151670	[1, [0.006577286494547252, 0.9934227135054527]]
68481153	[1, [0.02292111053396373, 0.9770788894660363]]
25176752	[1, [0.023685837517899544, 0.9763141624821005]]
9261735	[1, [0.03170712552988486, 0.9682928744701151]]
25169169	[1, [0.020022281883301796, 0.9799777181166982]]
9261759	[1, [0.01605768226809101, 0.983942317731909]]
6976807	[1, [0.0025501744774282242, 0.9974498255225718]]
23949735	[1, [0.0037907972538764323, 0.9962092027461236]]
7879710	[1, [0.01241809938925531, 0.9875819006107447]]
9334387	[1, [0.04944732959610321, 0.9505526704038968]]
49444986	[1, [0.011830113772681061, 0.9881698862273189]]
7133647	[1, [0.004813928991134753, 0.9951860710088652]]
9320046	[1, [0.04333000512909668, 0.9566699948709033]]
20103764	[1, [0.022516383808454443, 0.9774836161915456]]
30675487	[1, [0.041350962394725466, 0.9586490376052745]]
56377552	[1, [0.001310477374150354, 0.9986895226258496]]
98879537	[1, [0.007389066818119461, 0.9926109331818805]]
57956078	[1, [0.0009289126522494806, 0.9990710873477505]]
9253163	[1, [0.03998246798815064, 0.9600175320118494]]
6946572	[1, [0.040426783429310276, 0.9595732165706897]]
57916679	[1, [0.02369064663771292, 0.9763093533622871]]
11684380	[1, [0.0432524893666687, 0.9567475106333313]]
7842941	[1, [0.030121521885585922, 0.9698784781144141]]
7016445	[1, [0.0015181047855704621, 0.9984818952144295]]
7071914	[1, [0.01842905730761024, 0.9815709426923898]]
41743673	[1, [0.04205363462706624, 0.9579463653729338]]
30705403	[1, [0.022877207506646124, 0.9771227924933539]]
51951552	[1, [0.008197378572301739, 0.9918026214276983]]
56376618	[1, [0.014542477170275792, 0.9854575228297242]]
7059145	[1, [0.006813791148282511, 0.9931862088517175]]
11691525	[1, [0.01647426248477335, 0.9835257375152267]]
23826017	[1, [0.029728123719761412, 0.9702718762802386]]
9033238	[1, [0.02780095961963458, 0.9721990403803654]]
52074853	[1, [0.03417505856344938, 0.9658249414365506]]
95050128	[1, [0.0010806119721149532, 0.998919388027885]]
23846527	[1, [0.04064198004301889, 0.9593580199569811]]
53377472	[1, [0.02519380413867489, 0.9748061958613251]]
16466623	[1, [0.026044082007580793, 0.9739559179924192]]
36112368	[1, [0.019894630919639833, 0.9801053690803602]]
39275561	[1, [1.8542286585487844e-05, 0.9999814577134145]]
39495125	[1, [0.008297871352325181, 0.9917021286476748]]
39483347	[1, [0.035999594408439695, 0.9640004055915603]]
52084975	[1, [0.0025549495800223365, 0.9974450504199777]]
89711726	[1, [0.004004375772645563, 0.9959956242273544]]
7845605	[1, [0.020700850205539023, 0.979299149794461]]
53308310	[1, [0.039905204860988364, 0.9600947951390116]]
53314187	[1, [0.0023942426682820317, 0.997605757331718]]
50234848	[1, [0.0203559806390744, 0.9796440193609256]]
7961204	[1, [0.009289668641520699, 0.9907103313584793]]
95637202	[1, [0.023324973542843574, 0.9766750264571564]]
95684102	[1, [0.014571887537784156, 0.9854281124622158]]
44206273	[1, [0.032846359012689175, 0.9671536409873108]]
94891521	[1, [0.00478879909552854, 0.9952112009044715]]
7846322	[1, [0.04537752669699058, 0.9546224733030094]]
53312687	[1, [0.019740678166624726, 0.9802593218333753]]
62259574	[1, [0.04107022112446024, 0.9589297788755398]]
50231445	[1, [0.004196524436808291, 0.9958034755631917]]
9342861	[1, [0.04441257341367422, 0.9555874265863258]]
95036896	[1, [0.017836971455944872, 0.9821630285440551]]
35900612	[1, [0.015518836639210054, 0.98448116336079]]
52086324	[1, [0.04275484561997167, 0.9572451543800283]]
44030530	[1, [0.0012214676535363678, 0.9987785323464636]]
65818613	[1, [0.03076864413874425, 0.9692313558612558]]
53225432	[1, [0.04175210745146474, 0.9582478925485353]]
59895550	[1, [0.01001375838118157, 0.9899862416188184]]
33235038	[1, [0.017860373332648782, 0.9821396266673512]]
6158980	[1, [0.0034998821427724147, 0.9965001178572276]]
20964153	[1, [0.023340102584194833, 0.9766598974158052]]
29521529	[1, [0.006742673184546022, 0.993257326815454]]
53226802	[1, [0.04065112823172812, 0.9593488717682719]]
89162883	[1, [0.011259629922589443, 0.9887403700774106]]
31834867	[1, [0.007307869613022544, 0.9926921303869775]]
52600109	[1, [0.030274411533973367, 0.9697255884660266]]
7121641	[1, [0.004427395700673853, 0.9955726042993261]]
65216824	[1, [0.001677701039486612, 0.9983222989605134]]
7958776	[1, [6.927911442300427e-05, 0.999930720885577]]
52599896	[1, [0.049703529932540236, 0.9502964700674598]]
89168473	[1, [0.013092494086707318, 0.9869075059132927]]
9203174	[1, [0.04422355780609799, 0.955776442193902]]
21445723	[1, [0.0005044310707100763, 0.9994955689292899]]
7269652	[1, [0.048188393432060495, 0.9518116065679395]]
7952686	[1, [0.0013537853919720622, 0.9986462146080279]]
83717930	[1, [0.001039625468938432, 0.9989603745310616]]
73317476	[1, [0.0021450087798934314, 0.9978549912201066]]
57047076	[1, [0.0006584659843692497, 0.9993415340156308]]
57076503	[1, [0.0010696933046105972, 0.9989303066953894]]
65248449	[1, [0.039613221309358404, 0.9603867786906416]]
17552267	[1, [0.003279493126035704, 0.9967205068739643]]
25924255	[1, [0.00026538302441236894, 0.9997346169755876]]
17551043	[1, [0.024761830495291792, 0.9752381695047082]]
78882080	[1, [0.04323671140617835, 0.9567632885938216]]
35777855	[1, [0.035379497132233206, 0.9646205028677668]]
9305093	[1, [0.01631249891241182, 0.9836875010875882]]
35780140	[1, [0.00024471780306078994, 0.9997552821969392]]
35778026	[1, [0.012428104600920031, 0.98757189539908]]
43245092	[1, [0.029955647428958843, 0.9700443525710412]]
7719200	[1, [0.0018224977930729747, 0.998177502206927]]
84951866	[1, [0.02994348379019307, 0.9700565162098069]]
14649243	[1, [0.027297969470991723, 0.9727020305290083]]
54476723	[1, [0.015034121738459194, 0.9849658782615408]]
87347025	[1, [0.021338852682118437, 0.9786611473178816]]
95423859	[1, [0.019935709498383747, 0.9800642905016163]]
7721783	[1, [0.015142480540840553, 0.9848575194591594]]
94302391	[1, [0.004820237463937893, 0.9951797625360621]]
87341723	[1, [0.013217006341294857, 0.9867829936587051]]
5548961	[1, [0.00856978345263304, 0.991430216547367]]
55569398	[1, [0.004665049503861818, 0.9953349504961382]]
5531160	[1, [0.00782752844591117, 0.9921724715540888]]
9335750	[1, [0.0034256232695274447, 0.9965743767304726]]
7718105	[1, [0.003029625280288384, 0.9969703747197116]]
7718120	[1, [0.0020790320563538467, 0.9979209679436462]]
7721891	[1, [0.03939859127023315, 0.9606014087297668]]
7719785	[1, [0.003029625280288384, 0.9969703747197116]]
7715365	[1, [0.0054997304768830135, 0.994500269523117]]
7716515	[1, [0.0013215166412138268, 0.9986784833587862]]
94311267	[1, [0.01497858552983733, 0.9850214144701627]]
7716896	[1, [0.04808931909075265, 0.9519106809092474]]
9280335	[1, [0.007320079953156977, 0.992679920046843]]
36757994	[1, [0.04763413580947995, 0.95236586419052]]
7715104	[1, [0.001954639253154089, 0.9980453607468459]]
94321000	[1, [0.007758266876019104, 0.9922417331239809]]
75032444	[1, [0.022153992827942393, 0.9778460071720576]]
63602267	[1, [0.01146978899326545, 0.9885302110067345]]
96070563	[1, [0.032757698061165796, 0.9672423019388342]]
97065198	[1, [0.031653650140404, 0.968346349859596]]
48167642	[1, [0.007900315735067442, 0.9920996842649326]]
48196877	[1, [0.048382660630023167, 0.9516173393699768]]
61837346	[1, [0.0006589227747698656, 0.9993410772252301]]
60888022	[1, [0.003988836363501669, 0.9960111636364983]]
5728705	[1, [0.014719803763882822, 0.9852801962361172]]
61806035	[1, [0.01297835974466377, 0.9870216402553362]]
94370314	[1, [0.03648604387083454, 0.9635139561291655]]
43643344	[1, [0.0010048398222262112, 0.9989951601777738]]
61801058	[1, [0.0027795231204145177, 0.9972204768795855]]
48146290	[1, [0.019136194551863217, 0.9808638054481368]]
43637953	[1, [0.04693563588391392, 0.9530643641160861]]
26782299	[1, [0.03989451492628093, 0.9601054850737191]]
72805369	[1, [0.007454585420883952, 0.992545414579116]]
7999793	[1, [0.04836273307654271, 0.9516372669234573]]
87510389	[1, [0.008124444383818541, 0.9918755556161815]]
36825391	[1, [0.0005627990167983432, 0.9994372009832017]]
95601782	[1, [0.0013580749594281905, 0.9986419250405718]]
85099968	[1, [0.005434619926440232, 0.9945653800735598]]
68360623	[1, [0.0029399619384694597, 0.9970600380615305]]
9278818	[1, [0.04365446603967271, 0.9563455339603273]]
48438442	[1, [0.03294276361776283, 0.9670572363822372]]
51858108	[1, [0.022952974039332386, 0.9770470259606676]]
85098695	[1, [0.030620788332134108, 0.9693792116678659]]
32331068	[1, [0.047491761708055025, 0.952508238291945]]
52024663	[1, [0.02132411779577259, 0.9786758822042274]]
23898446	[1, [0.00299247661312696, 0.997007523386873]]
82681185	[1, [0.01005080153832405, 0.989949198461676]]
9278889	[1, [0.04222915400195515, 0.9577708459980449]]
47245754	[1, [0.019164243074470177, 0.9808357569255298]]
44105995	[1, [0.007019123877967104, 0.9929808761220329]]
7857626	[1, [0.020186588836204278, 0.9798134111637957]]
32318584	[1, [0.03294276361776283, 0.9670572363822372]]
52046656	[1, [0.02289844399106067, 0.9771015560089393]]
47247368	[1, [0.0321594425912235, 0.9678405574087765]]
80874922	[1, [0.0001514097294567085, 0.9998485902705433]]
6943705	[1, [0.023549867286590254, 0.9764501327134097]]
29895599	[1, [0.00012796621004318443, 0.9998720337899568]]
7666184	[1, [0.0001111853567612453, 0.9998888146432388]]
82710307	[1, [0.03392060554369403, 0.966079394456306]]
46836269	[1, [0.004564580019031483, 0.9954354199809685]]
62765577	[1, [0.02085230957052131, 0.9791476904294787]]
9258177	[1, [0.03394601891631921, 0.9660539810836808]]
62794382	[1, [0.023622301461608597, 0.9763776985383914]]
99419520	[1, [0.009731449723725083, 0.9902685502762749]]
63697802	[1, [0.0015731885732208628, 0.9984268114267791]]
94762862	[1, [0.01713939451965585, 0.9828606054803442]]
44795108	[1, [0.028973161412888082, 0.9710268385871119]]
46868494	[1, [0.0010004129315870358, 0.998999587068413]]
62800243	[1, [0.011883083644861792, 0.9881169163551382]]
46828475	[1, [2.2550206870142198e-05, 0.9999774497931299]]
41156099	[1, [0.00019881410406286104, 0.9998011858959371]]
55793368	[1, [0.03000199670856929, 0.9699980032914307]]
99454517	[1, [0.01061656998693894, 0.9893834300130611]]
22555722	[1, [0.014959937642744392, 0.9850400623572556]]
74510557	[1, [0.007417502883221516, 0.9925824971167785]]
62812256	[1, [0.0011665343039284348, 0.9988334656960716]]
62771748	[1, [0.027100007487851463, 0.9728999925121485]]
44793629	[1, [0.020697575731844386, 0.9793024242681556]]
21708674	[1, [0.025292031143864246, 0.9747079688561358]]
9307615	[1, [0.027496374312601213, 0.9725036256873988]]
75611146	[1, [0.007330235801047191, 0.9926697641989528]]
77853037	[1, [0.0413619929319633, 0.9586380070680367]]
72018025	[1, [0.03974443616572487, 0.9602555638342751]]
57377911	[1, [0.0454153916663409, 0.9545846083336591]]
46881352	[1, [0.016218652315729054, 0.983781347684271]]
7915471	[1, [0.023121854751519844, 0.9768781452484802]]
91897823	[1, [0.005426813035996125, 0.9945731869640039]]
9309167	[1, [0.035826895846856166, 0.9641731041531438]]
28217454	[1, [0.0008371939571532039, 0.9991628060428468]]
28202434	[1, [0.02624529184339519, 0.9737547081566048]]
9008077	[1, [0.015186519977533952, 0.984813480022466]]
72205366	[1, [0.031674761489852266, 0.9683252385101477]]
7973961	[1, [0.031972653360605396, 0.9680273466393946]]
98569085	[1, [0.001138128532743088, 0.9988618714672569]]
66995759	[1, [0.001382911053370961, 0.998617088946629]]
18607150	[1, [0.008340173112676874, 0.9916598268873231]]
99327069	[1, [0.004735447199994969, 0.995264552800005]]
16189711	[1, [0.02302683781421988, 0.9769731621857801]]
9309094	[1, [0.037527235683516125, 0.9624727643164839]]
99357695	[1, [0.04091922361105793, 0.9590807763889421]]
5671699	[1, [0.0053386381708452335, 0.9946613618291548]]
86536324	[1, [0.0008020087299784873, 0.9991979912700215]]
7917962	[1, [0.006085216084359635, 0.9939147839156404]]
69342511	[1, [0.04437878320128297, 0.955621216798717]]
48368561	[1, [0.0018506462897480702, 0.9981493537102519]]
56278681	[1, [0.004262088869516623, 0.9957379111304834]]
39198458	[1, [0.009738854289837118, 0.9902611457101629]]
7646184	[1, [0.015260594107766812, 0.9847394058922332]]
84711616	[1, [0.002508427601517038, 0.997491572398483]]
7176153	[1, [0.0020802743941519264, 0.9979197256058481]]
47733333	[1, [0.008972062443673878, 0.9910279375563261]]
6611836	[1, [0.022263293275896046, 0.977736706724104]]
58511002	[1, [0.0028209725109276107, 0.9971790274890724]]
7174670	[1, [0.03556645672686354, 0.9644335432731365]]
62193432	[1, [0.02430650266407064, 0.9756934973359294]]
9235354	[1, [0.030322752476332537, 0.9696772475236675]]
46261444	[1, [0.030762399483373892, 0.9692376005166261]]
7235017	[1, [0.006469663812969317, 0.9935303361870307]]
6091642	[1, [0.005070805172535664, 0.9949291948274643]]
30829606	[1, [0.004916722552778197, 0.9950832774472218]]
39216323	[1, [0.002070445913088803, 0.9979295540869112]]
39206908	[1, [0.0008248519984586089, 0.9991751480015414]]
9291687	[1, [0.04944693591089622, 0.9505530640891038]]
38622282	[1, [0.02007921638579102, 0.979920783614209]]
22787489	[1, [0.0008657427232531267, 0.9991342572767469]]
39807411	[1, [2.2130667354236522e-05, 0.9999778693326458]]
9291891	[1, [0.047187118807201944, 0.9528128811927981]]
84706905	[1, [0.0020817695389683255, 0.9979182304610317]]
84681788	[1, [0.0029480873428108234, 0.9970519126571892]]
9340868	[1, [0.0171518039713221, 0.9828481960286779]]
7789438	[1, [0.0017277451660592247, 0.9982722548339408]]
9310282	[1, [0.04074532936315867, 0.9592546706368413]]
35134038	[1, [0.02704520992172421, 0.9729547900782758]]
32752357	[1, [0.017038270455911886, 0.9829617295440881]]
46795215	[1, [0.0022187306927526906, 0.9977812693072473]]
7723390	[1, [0.03996647783251017, 0.9600335221674898]]
10912491	[1, [0.03314258484909238, 0.9668574151509076]]
22067669	[1, [0.04578585422845172, 0.9542141457715483]]
46772218	[1, [0.0030475353366955504, 0.9969524646633044]]
7869513	[1, [0.04381099644759889, 0.9561890035524011]]
6163573	[1, [0.008341435030400635, 0.9916585649695994]]
79003631	[1, [0.0036098590130841934, 0.9963901409869158]]
10174266	[1, [0.018088704657781562, 0.9819112953422184]]
22048495	[1, [0.018643353971309895, 0.9813566460286901]]
39127388	[1, [0.028782680238036762, 0.9712173197619632]]
7492680	[1, [0.02046455488681309, 0.9795354451131869]]
14491550	[1, [0.005562099261773756, 0.9944379007382262]]
7925032	[1, [0.007879446623527353, 0.9921205533764726]]
9156981	[1, [0.028174867500258438, 0.9718251324997416]]
84623173	[1, [0.01879157283727273, 0.9812084271627273]]
7925506	[1, [0.001710016611386811, 0.9982899833886132]]
37725796	[1, [0.00017739565267860247, 0.9998226043473214]]
7925551	[1, [0.00040332909526918925, 0.9995966709047308]]
7985121	[1, [0.005315604803410867, 0.9946843951965891]]
31981950	[1, [0.016876796944738537, 0.9831232030552615]]
23672124	[1, [0.009861479156338504, 0.9901385208436615]]
84627985	[1, [0.01893952767405893, 0.9810604723259411]]
25048617	[1, [0.01956764004388234, 0.9804323599561177]]
7240758	[1, [0.005596664143879049, 0.994403335856121]]
7925302	[1, [0.0008265523627100091, 0.99917344763729]]
7111724	[1, [0.049330590176959066, 0.9506694098230409]]
7925331	[1, [0.024583793483854532, 0.9754162065161455]]
7925147	[1, [0.000356851832879701, 0.9996431481671203]]
78148220	[1, [0.046496606099938, 0.953503393900062]]
6523296	[1, [0.02075211354680373, 0.9792478864531963]]
85298290	[1, [0.025006462231902837, 0.9749935377680972]]
9226963	[1, [0.043460677901958844, 0.9565393220980412]]
7706102	[1, [0.0027781034534125615, 0.9972218965465874]]
43780550	[1, [0.0001955737809550273, 0.999804426219045]]
7707500	[1, [0.002318225457466516, 0.9976817745425335]]
10289286	[1, [0.021735074608471572, 0.9782649253915284]]
6939405	[1, [0.006049189449755188, 0.9939508105502448]]
31297433	[1, [0.04375684595198559, 0.9562431540480144]]
7705322	[1, [0.0018280434680808533, 0.9981719565319191]]
73730391	[1, [0.031966411384096394, 0.9680335886159036]]
9151844	[1, [0.004493310750142365, 0.9955066892498576]]
7671526	[1, [0.0053751572636174805, 0.9946248427363825]]
74423036	[1, [0.019290998658688885, 0.9807090013413111]]
27629835	[1, [0.04746043889182239, 0.9525395611081776]]
50747539	[1, [0.030137062325652608, 0.9698629376743474]]
33860089	[1, [0.015549530953379409, 0.9844504690466206]]
41127684	[1, [0.024249401668029802, 0.9757505983319702]]
90765829	[1, [0.0014564914921137984, 0.9985435085078862]]
45278160	[1, [0.018536691093116286, 0.9814633089068837]]
15509229	[1, [0.038026767181709276, 0.9619732328182907]]
7706642	[1, [0.000754088675000486, 0.9992459113249995]]
6938193	[1, [0.0003050753393237793, 0.9996949246606762]]
5770687	[1, [0.002283925538491882, 0.9977160744615081]]
6873030	[1, [0.017685506008552676, 0.9823144939914473]]
57655826	[1, [8.636942266893044e-05, 0.9999136305773311]]
43763027	[1, [0.038387898652489705, 0.9616121013475103]]
47371182	[1, [0.04170616842502661, 0.9582938315749734]]
47414274	[1, [0.049210962345978215, 0.9507890376540218]]
10286596	[1, [0.0040911815599323775, 0.9959088184400676]]
9227545	[1, [0.0386075981347781, 0.9613924018652219]]
72569282	[1, [0.002269997424475756, 0.9977300025755242]]
47404689	[1, [0.008981852728508155, 0.9910181472714918]]
7706240	[1, [0.0016962087374315926, 0.9983037912625684]]
