5480860	[1, [0.02399285552029462, 0.9760071444797054]]
53633502	[1, [6.612630944036191e-05, 0.9999338736905596]]
31677192	[1, [0.00582362523228086, 0.9941763747677191]]
78714997	[1, [0.0007273319248767285, 0.9992726680751233]]
54831573	[1, [0.00528606549958488, 0.9947139345004151]]
6468794	[1, [0.043467084302203696, 0.9565329156977963]]
6465996	[1, [0.03756543562574355, 0.9624345643742565]]
16629050	[1, [0.011846076204238276, 0.9881539237957617]]
16600683	[1, [0.047857116845174574, 0.9521428831548254]]
23961512	[1, [0.00133986766162153, 0.9986601323383785]]
9261759	[1, [0.018742019005753452, 0.9812579809942465]]
9001192	[1, [0.00900237781811608, 0.9909976221818839]]
9262357	[1, [0.04072263283349142, 0.9592773671665086]]
53598325	[1, [0.007409777851935084, 0.9925902221480649]]
31666328	[1, [0.04268459706962924, 0.9573154029303708]]
78690397	[1, [0.014894109716053205, 0.9851058902839468]]
61007530	[1, [0.025088137126783372, 0.9749118628732166]]
42461186	[1, [0.022590521425189358, 0.9774094785748106]]
6026990	[1, [0.037242875613861304, 0.9627571243861387]]
63818665	[1, [0.0029527468098043963, 0.9970472531901956]]
6003608	[1, [0.014321045354493078, 0.9856789546455069]]
50133285	[1, [0.027147596808379415, 0.9728524031916206]]
36985439	[1, [0.03021063620101816, 0.9697893637989818]]
6027138	[1, [0.007910783198814886, 0.9920892168011851]]
6029980	[1, [0.009543934823515343, 0.9904560651764847]]
6027952	[1, [0.03164935460607954, 0.9683506453939205]]
63850780	[1, [0.03117756509959524, 0.9688224349004048]]
37475336	[1, [0.01057261153449962, 0.9894273884655004]]
70965388	[1, [0.013704589891391228, 0.9862954101086088]]
7245721	[1, [0.009091826050005247, 0.9909081739499948]]
37441592	[1, [0.018730651768220197, 0.9812693482317798]]
6026155	[1, [0.015047986523352375, 0.9849520134766476]]
15577410	[1, [0.0010408268401268517, 0.9989591731598731]]
97224346	[1, [0.0033576689753380684, 0.9966423310246619]]
6592993	[1, [0.029653673745739684, 0.9703463262542603]]
6000220	[1, [0.009931740456241345, 0.9900682595437587]]
18234331	[1, [0.028731499325023946, 0.971268500674976]]
75491439	[1, [0.03926627560728024, 0.9607337243927198]]
82047589	[1, [0.0018494022796846643, 0.9981505977203153]]
53251045	[1, [0.03556469262967932, 0.9644353073703207]]
6004000	[1, [0.02880637656110807, 0.9711936234388919]]
54034068	[1, [0.01874743240501686, 0.9812525675949831]]
9243709	[1, [0.03855264836911565, 0.9614473516308844]]
45690218	[1, [0.029357109958949135, 0.9706428900410509]]
6418640	[1, [0.00888855502336805, 0.991111444976632]]
92101129	[1, [0.048862907454096605, 0.9511370925459034]]
6422078	[1, [0.010067783875389869, 0.9899322161246101]]
7683720	[1, [0.03421919832210896, 0.965780801677891]]
6420718	[1, [0.021348076166062158, 0.9786519238339378]]
17460190	[1, [0.041800039839427705, 0.9581999601605723]]
30403975	[1, [0.005450912316429579, 0.9945490876835704]]
6419318	[1, [0.009771071048759516, 0.9902289289512405]]
9244321	[1, [0.03754417422160483, 0.9624558257783952]]
7592518	[1, [0.015667948994690817, 0.9843320510053092]]
6418458	[1, [0.020949522239770646, 0.9790504777602294]]
42974168	[1, [6.820971757681704e-05, 0.9999317902824232]]
6418263	[1, [0.0311101951917645, 0.9688898048082355]]
6420164	[1, [0.04172542334347806, 0.9582745766565219]]
54045450	[1, [0.03258304281337043, 0.9674169571866296]]
9243264	[1, [0.04904636601517831, 0.9509536339848217]]
42976928	[1, [0.024249879071593705, 0.9757501209284063]]
19528555	[1, [0.000684826122500426, 0.9993151738774996]]
6418983	[1, [0.004592669561011897, 0.9954073304389881]]
6417456	[1, [0.040900839417711166, 0.9590991605822888]]
9244520	[1, [0.003001668243825528, 0.9969983317561745]]
34755020	[1, [0.003996075326833104, 0.9960039246731669]]
6421535	[1, [0.0030241162102226937, 0.9969758837897773]]
9287557	[1, [0.03702611165849967, 0.9629738883415003]]
6419177	[1, [0.020561215474625194, 0.9794387845253748]]
9242986	[1, [0.0036102429893644095, 0.9963897570106356]]
34512259	[1, [0.029686418875240927, 0.9703135811247591]]
57505301	[1, [0.026895492793529763, 0.9731045072064702]]
6417139	[1, [0.0046316994056688765, 0.9953683005943311]]
73165481	[1, [0.02445912269426065, 0.9755408773057394]]
11707537	[1, [0.032559979887067825, 0.9674400201129322]]
41507070	[1, [0.007164414387685447, 0.9928355856123146]]
82405271	[1, [0.030957968660425328, 0.9690420313395747]]
35365225	[1, [0.005854617335791623, 0.9941453826642084]]
82391365	[1, [0.03824803521741016, 0.9617519647825898]]
6513903	[1, [0.027881564624790522, 0.9721184353752095]]
55200683	[1, [0.025959648130415847, 0.9740403518695842]]
28716907	[1, [0.03075231796072564, 0.9692476820392744]]
40365435	[1, [0.0015210806371863672, 0.9984789193628136]]
82366868	[1, [0.02040498361191334, 0.9795950163880867]]
9073940	[1, [0.01984849617769202, 0.980151503822308]]
55252118	[1, [0.01426799739436635, 0.9857320026056337]]
7786518	[1, [0.00835169009832959, 0.9916483099016704]]
9267300	[1, [0.011360818305587439, 0.9886391816944126]]
43595103	[1, [0.01370399905717301, 0.986296000942827]]
9138828	[1, [0.002841979155423613, 0.9971580208445764]]
9266800	[1, [0.0005770085992722329, 0.9994229914007278]]
9138915	[1, [0.002030969455694809, 0.9979690305443052]]
89817278	[1, [0.0447285583024124, 0.9552714416975876]]
87594028	[1, [0.028042627349127214, 0.9719573726508728]]
93930062	[1, [0.02770116284716606, 0.9722988371528339]]
26103136	[1, [0.0030205010293221646, 0.9969794989706778]]
43160332	[1, [0.04599492669333671, 0.9540050733066633]]
9268041	[1, [0.003510604452953814, 0.9964893955470462]]
70870077	[1, [0.0243976317909409, 0.9756023682090591]]
28566660	[1, [0.045215890101621414, 0.9547841098983786]]
80822317	[1, [0.004338151217604946, 0.995661848782395]]
6478942	[1, [0.006540640171255996, 0.993459359828744]]
5310885	[1, [0.0225094642136906, 0.9774905357863094]]
59420666	[1, [0.003527117090115439, 0.9964728829098846]]
7398085	[1, [0.011834064340053851, 0.9881659356599461]]
73660652	[1, [0.04663516460266348, 0.9533648353973365]]
9037138	[1, [0.00911414218600648, 0.9908858578139935]]
7577530	[1, [0.026219191288343824, 0.9737808087116562]]
7779873	[1, [0.025931190627185963, 0.974068809372814]]
7813981	[1, [0.035447300235672774, 0.9645526997643272]]
14725357	[1, [0.018909292704380132, 0.9810907072956199]]
39526625	[1, [0.017772454746299515, 0.9822275452537005]]
24151861	[1, [0.033608258172942884, 0.9663917418270571]]
6476913	[1, [0.040255118628083175, 0.9597448813719168]]
40487504	[1, [0.0028311151702961057, 0.9971688848297039]]
5310084	[1, [0.011411463373103836, 0.9885885366268962]]
9037147	[1, [0.04188450214503425, 0.9581154978549657]]
78084796	[1, [0.0250698674872758, 0.9749301325127242]]
73643157	[1, [0.04770891523731613, 0.9522910847626839]]
25288372	[1, [0.03795846262139824, 0.9620415373786018]]
9038138	[1, [0.012718141540704275, 0.9872818584592957]]
64299323	[1, [0.040236880576749345, 0.9597631194232507]]
6486534	[1, [0.04452446541810606, 0.9554755345818939]]
31153802	[1, [0.01858945697823644, 0.9814105430217636]]
31981950	[1, [0.014550751304435727, 0.9854492486955643]]
78203341	[1, [0.00478322356479266, 0.9952167764352073]]
9157192	[1, [0.031758724159450136, 0.9682412758405499]]
34669930	[1, [0.009730736726197176, 0.9902692632738028]]
17903749	[1, [0.03789291632766889, 0.9621070836723311]]
36927305	[1, [0.0005851390524475031, 0.9994148609475525]]
34644690	[1, [0.008295274902822336, 0.9917047250971777]]
40944422	[1, [0.004523949463788646, 0.9954760505362114]]
32538182	[1, [0.0016197929876707873, 0.9983802070123292]]
5523945	[1, [0.03513786733550317, 0.9648621326644968]]
28475584	[1, [0.00702007796199422, 0.9929799220380058]]
17945851	[1, [0.018176090042541948, 0.981823909957458]]
34678865	[1, [0.009101852722238513, 0.9908981472777615]]
7138852	[1, [0.006081749044428486, 0.9939182509555715]]
28479745	[1, [0.002782598520975621, 0.9972174014790244]]
7112040	[1, [0.03768282452982441, 0.9623171754701756]]
9005637	[1, [0.012164225817148822, 0.9878357741828512]]
40914783	[1, [0.00229089005714489, 0.9977091099428551]]
6520814	[1, [0.010056753908986749, 0.9899432460910133]]
51364350	[1, [0.019980793439632105, 0.9800192065603679]]
72592786	[1, [0.018054573985174294, 0.9819454260148257]]
9206547	[1, [0.0002047509736745612, 0.9997952490263254]]
7757147	[1, [0.03278733221491903, 0.967212667785081]]
6312465	[1, [0.027229723063335598, 0.9727702769366644]]
21344825	[1, [0.018587150133973496, 0.9814128498660265]]
42526968	[1, [0.028459655368909043, 0.971540344631091]]
9206955	[1, [0.0036102429893644095, 0.9963897570106356]]
34233216	[1, [0.0238942767196636, 0.9761057232803364]]
18824311	[1, [0.006579507902043091, 0.9934204920979569]]
75387984	[1, [0.022946518509359692, 0.9770534814906403]]
75357511	[1, [0.007418510642933085, 0.9925814893570669]]
86610957	[1, [0.01654905587543143, 0.9834509441245686]]
65074591	[1, [0.0072594974231691145, 0.9927405025768309]]
9230886	[1, [0.00011071516815774896, 0.9998892848318423]]
92337914	[1, [0.04417373066513697, 0.955826269334863]]
6313587	[1, [0.030405237459701917, 0.9695947625402981]]
9142799	[1, [0.03987052824855031, 0.9601294717514497]]
18875854	[1, [0.0016172574473800605, 0.9983827425526199]]
6312786	[1, [0.0473047858063268, 0.9526952141936732]]
7759645	[1, [0.021049820490926296, 0.9789501795090737]]
34260094	[1, [0.017337933855490872, 0.9826620661445091]]
9231529	[1, [0.006761742032056595, 0.9932382579679434]]
6314132	[1, [0.009061447347640916, 0.9909385526523591]]
51381295	[1, [0.029488972140068404, 0.9705110278599316]]
9142923	[1, [0.010083681709067038, 0.989916318290933]]
92344222	[1, [0.03262431457078252, 0.9673756854292175]]
6312493	[1, [0.011045905557927505, 0.9889540944420725]]
6314014	[1, [0.04257114115539551, 0.9574288588446045]]
5816392	[1, [0.002055181557723884, 0.9979448184422761]]
13634025	[1, [0.0011302834748319057, 0.9988697165251681]]
54974765	[1, [0.034166842236103334, 0.9658331577638967]]
6622882	[1, [0.00792740525926372, 0.9920725947407363]]
6398267	[1, [0.03551030943343547, 0.9644896905665645]]
6622828	[1, [0.004132119688816105, 0.9958678803111839]]
6401364	[1, [0.012372093692196717, 0.9876279063078033]]
78294286	[1, [0.004311497821257504, 0.9956885021787425]]
9240794	[1, [0.025853464358992384, 0.9741465356410076]]
6623370	[1, [0.021758436819202087, 0.9782415631807979]]
76116297	[1, [0.013294110991091568, 0.9867058890089084]]
6398822	[1, [0.023535449488077953, 0.976464550511922]]
9080104	[1, [0.012816497947728989, 0.987183502052271]]
6399807	[1, [0.01868146835266915, 0.9813185316473308]]
30219761	[1, [0.036519435596265026, 0.963480564403735]]
6399299	[1, [0.04712749473698752, 0.9528725052630125]]
28429703	[1, [0.0031699002782706875, 0.9968300997217293]]
75162442	[1, [0.026819230184687237, 0.9731807698153128]]
6620868	[1, [0.030943079088348813, 0.9690569209116512]]
9275479	[1, [0.04111888384016649, 0.9588811161598335]]
9274767	[1, [0.010617585206145419, 0.9893824147938546]]
6242672	[1, [0.029336716736218627, 0.9706632832637814]]
67237692	[1, [0.007611345604442543, 0.9923886543955575]]
9036741	[1, [0.004061503294304991, 0.995938496705695]]
43079584	[1, [0.025835065959706638, 0.9741649340402934]]
6247617	[1, [0.04881054228842607, 0.9511894577115739]]
6400072	[1, [0.014672011072178304, 0.9853279889278217]]
6399748	[1, [0.026778660300785018, 0.973221339699215]]
49829132	[1, [0.03411841305378338, 0.9658815869462166]]
13648279	[1, [0.010241422748882067, 0.9897585772511179]]
9240728	[1, [0.020124536701600082, 0.9798754632983999]]
70090786	[1, [0.02191305162151913, 0.9780869483784809]]
6621764	[1, [0.008678921299602016, 0.991321078700398]]
6618200	[1, [0.04720352574600839, 0.9527964742539916]]
6615967	[1, [0.04915699951155883, 0.9508430004884412]]
58632021	[1, [0.00590718418679026, 0.9940928158132097]]
7903836	[1, [0.002148291064479113, 0.9978517089355209]]
6614693	[1, [0.003965905295089445, 0.9960340947049106]]
58673778	[1, [0.0027490788370774233, 0.9972509211629226]]
9076108	[1, [0.03970240399512481, 0.9602975960048752]]
13020592	[1, [0.012311351610865717, 0.9876886483891343]]
7884102	[1, [0.032862565645477404, 0.9671374343545226]]
7903969	[1, [0.040284937654497366, 0.9597150623455026]]
7904199	[1, [0.0023919380853558714, 0.9976080619146441]]
58690927	[1, [0.028716924852907222, 0.9712830751470928]]
58658091	[1, [0.0004968965627037969, 0.9995031034372962]]
7904169	[1, [1.4095035145045287e-05, 0.999985904964855]]
72983042	[1, [0.004019395121899416, 0.9959806048781006]]
26305936	[1, [0.0017863721669783006, 0.9982136278330217]]
6134072	[1, [0.015706759701419992, 0.98429324029858]]
51587098	[1, [0.0027969429797913836, 0.9972030570202086]]
92477877	[1, [0.005774805846512687, 0.9942251941534873]]
32171458	[1, [0.031711217085527044, 0.968288782914473]]
73827738	[1, [0.00950862825577492, 0.9904913717442251]]
78340035	[1, [0.008652252650784065, 0.9913477473492159]]
6136728	[1, [0.008686643605215427, 0.9913133563947846]]
9229656	[1, [0.0477930082643685, 0.9522069917356315]]
51568685	[1, [0.049508713608581334, 0.9504912863914187]]
38480356	[1, [0.011840685369410076, 0.9881593146305899]]
6135514	[1, [0.007507997874088512, 0.9924920021259115]]
9228146	[1, [0.03810985346265683, 0.9618901465373432]]
7877105	[1, [0.0028074930306386525, 0.9971925069693613]]
6135436	[1, [0.017056206832752996, 0.982943793167247]]
77977482	[1, [0.0024578912862520674, 0.9975421087137479]]
77693464	[1, [0.0248946889812669, 0.9751053110187331]]
7978674	[1, [0.020276659840486544, 0.9797233401595135]]
7876364	[1, [0.022591978760332254, 0.9774080212396677]]
6137250	[1, [0.022258593885018274, 0.9777414061149817]]
6134567	[1, [0.0482760417574547, 0.9517239582425453]]
37208008	[1, [0.007863724749983203, 0.9921362752500168]]
24470742	[1, [0.028598570046468264, 0.9714014299535317]]
24464893	[1, [0.0008105355253920088, 0.999189464474608]]
24501333	[1, [0.03360445852902638, 0.9663955414709736]]
58595763	[1, [0.03681860853060137, 0.9631813914693986]]
42371886	[1, [0.03513573814709525, 0.9648642618529047]]
21974647	[1, [0.042960573499357335, 0.9570394265006427]]
58003073	[1, [0.0061217424709612, 0.9938782575290388]]
6473420	[1, [0.02613826327049995, 0.9738617367295]]
60090486	[1, [0.03113895617178164, 0.9688610438282184]]
86404258	[1, [0.02659931287475814, 0.9734006871252419]]
7223629	[1, [0.04632056424641384, 0.9536794357535862]]
32690019	[1, [0.019531372734376218, 0.9804686272656238]]
54662403	[1, [0.015849867261263695, 0.9841501327387363]]
5543151	[1, [0.042985689909114666, 0.9570143100908853]]
5540755	[1, [0.03378750190431745, 0.9662124980956825]]
33446163	[1, [0.0028284063195185283, 0.9971715936804815]]
21990097	[1, [0.017306422676555022, 0.982693577323445]]
32718830	[1, [0.025365559132086046, 0.974634440867914]]
81514333	[1, [0.00025932748988455323, 0.9997406725101154]]
78794416	[1, [0.012137063713092422, 0.9878629362869076]]
7970290	[1, [0.010116434416699516, 0.9898835655833005]]
84574928	[1, [0.030884700678509347, 0.9691152993214907]]
69602663	[1, [0.023368555342475616, 0.9766314446575244]]
75696605	[1, [0.0069286805189051615, 0.9930713194810948]]
69968612	[1, [0.03496602846842489, 0.9650339715315751]]
29990935	[1, [0.02076943585159119, 0.9792305641484088]]
9242482	[1, [0.005592845365814059, 0.9944071546341859]]
27781016	[1, [0.047388726269041226, 0.9526112737309588]]
69610310	[1, [0.04886460309940377, 0.9511353969005962]]
49549822	[1, [0.018100865832177182, 0.9818991341678228]]
85442257	[1, [0.008349834262628808, 0.9916501657373712]]
60641630	[1, [0.02025139034311474, 0.9797486096568853]]
63365116	[1, [0.002634882171525188, 0.9973651178284748]]
30034810	[1, [0.012240199345458724, 0.9877598006545413]]
85728028	[1, [0.04725110245839215, 0.9527488975416079]]
7260584	[1, [0.03156876077897475, 0.9684312392210253]]
9284117	[1, [0.025030268998854188, 0.9749697310011458]]
9284288	[1, [0.025800705488424502, 0.9741992945115755]]
85822762	[1, [0.0013523120846624659, 0.9986476879153375]]
21009894	[1, [0.007405564086312322, 0.9925944359136877]]
87005204	[1, [0.018401635354421964, 0.981598364645578]]
83086334	[1, [0.006536213537315594, 0.9934637864626844]]
7968661	[1, [0.007660195285928428, 0.9923398047140716]]
40182628	[1, [0.016950402922343843, 0.9830495970776562]]
74903284	[1, [0.01690215674814277, 0.9830978432518572]]
83026538	[1, [0.026556882410294524, 0.9734431175897055]]
6988304	[1, [0.012980323749905431, 0.9870196762500946]]
9284931	[1, [0.014504662035692562, 0.9854953379643074]]
20862505	[1, [0.04067313095664604, 0.959326869043354]]
7281683	[1, [0.011973743079289667, 0.9880262569207103]]
83077379	[1, [0.04110115983244089, 0.9588988401675591]]
45868414	[1, [0.015634503653324527, 0.9843654963466755]]
9284699	[1, [0.0062171614278561105, 0.9937828385721439]]
85839045	[1, [0.0003785499107250567, 0.9996214500892749]]
61458574	[1, [0.046044867272380885, 0.9539551327276191]]
61492477	[1, [0.007938936940746655, 0.9920610630592533]]
7968149	[1, [0.028463910506865142, 0.9715360894931349]]
7967941	[1, [0.030880259448527125, 0.9691197405514729]]
9284048	[1, [0.03376453154635073, 0.9662354684536493]]
6988879	[1, [0.010816283988860143, 0.9891837160111399]]
7968117	[1, [0.04539457016569559, 0.9546054298343044]]
74907918	[1, [0.009881605808008453, 0.9901183941919915]]
86305891	[1, [0.010548157034541816, 0.9894518429654582]]
35011470	[1, [0.01563840093459301, 0.984361599065407]]
7968252	[1, [0.044201935589682106, 0.9557980644103179]]
62685138	[1, [0.039714006804823176, 0.9602859931951768]]
5624550	[1, [0.034179216276974844, 0.9658207837230252]]
6139765	[1, [0.026482509219488137, 0.9735174907805119]]
64620860	[1, [0.0422073650312631, 0.9577926349687369]]
6532536	[1, [0.04849949981102586, 0.9515005001889741]]
45942598	[1, [0.0025260155186074273, 0.9974739844813926]]
9136252	[1, [0.002627657009281914, 0.9973723429907181]]
7725851	[1, [0.029070843063135676, 0.9709291569368643]]
9075481	[1, [0.009370401976065201, 0.9906295980239348]]
5627213	[1, [0.030966246623612248, 0.9690337533763878]]
7956419	[1, [0.009281004707345497, 0.9907189952926545]]
57753295	[1, [0.0397450453606677, 0.9602549546393323]]
72497504	[1, [0.02005416235257307, 0.9799458376474269]]
52984500	[1, [0.015829486335592557, 0.9841705136644074]]
98233982	[1, [0.013588521824520416, 0.9864114781754796]]
5879726	[1, [0.035580811133205215, 0.9644191888667948]]
91258868	[1, [0.012280896747904224, 0.9877191032520958]]
12243114	[1, [0.03511930107850447, 0.9648806989214955]]
29730395	[1, [0.03331784967506124, 0.9666821503249388]]
16695488	[1, [0.013507707393211166, 0.9864922926067888]]
21282845	[1, [0.04008487491449075, 0.9599151250855092]]
16417659	[1, [0.0015212223140314007, 0.9984787776859686]]
7921415	[1, [0.029316888081864168, 0.9706831119181358]]
11626268	[1, [0.0475780076696225, 0.9524219923303775]]
12769796	[1, [0.008784158942057863, 0.9912158410579421]]
9107126	[1, [0.0036676806350247615, 0.9963323193649752]]
62046669	[1, [4.817397147949265e-05, 0.9999518260285205]]
46055340	[1, [0.0033332478865144566, 0.9966667521134855]]
11615554	[1, [0.00012308912844949393, 0.9998769108715505]]
5801175	[1, [0.00973411214328479, 0.9902658878567152]]
9106414	[1, [0.007969339217072102, 0.9920306607829279]]
7921795	[1, [0.02880626401611963, 0.9711937359838804]]
11594502	[1, [0.0008126673846498011, 0.9991873326153502]]
62049761	[1, [0.0399343432882896, 0.9600656567117104]]
9346041	[1, [0.025502928580226958, 0.974497071419773]]
7616772	[1, [0.016001722705219934, 0.9839982772947801]]
7922012	[1, [0.019737888683948546, 0.9802621113160515]]
7921872	[1, [0.03832409247609192, 0.9616759075239081]]
99156226	[1, [0.012550824634068203, 0.9874491753659318]]
7922182	[1, [0.011228712174175093, 0.9887712878258249]]
7922053	[1, [0.019737888683948546, 0.9802621113160515]]
97507473	[1, [0.019954073599140254, 0.9800459264008597]]
9106935	[1, [0.005150913374544985, 0.994849086625455]]
84168016	[1, [0.001319168301421203, 0.9986808316985788]]
74770529	[1, [0.005759304398801235, 0.9942406956011988]]
6164730	[1, [0.022123977427191077, 0.9778760225728089]]
7724516	[1, [0.02680813312711261, 0.9731918668728874]]
75678597	[1, [0.0001486832690067441, 0.9998513167309933]]
6010991	[1, [0.037925238115716686, 0.9620747618842833]]
26212685	[1, [0.0031191307078674013, 0.9968808692921326]]
5846317	[1, [0.009361497953573439, 0.9906385020464266]]
56760587	[1, [0.0063083175166336325, 0.9936916824833664]]
56709290	[1, [0.02904277365022645, 0.9709572263497736]]
40095431	[1, [0.03429723505352211, 0.9657027649464779]]
71686307	[1, [0.01274244689229942, 0.9872575531077006]]
71687385	[1, [0.01265519104940116, 0.9873448089505988]]
6008155	[1, [0.017544616823205517, 0.9824553831767945]]
5279829	[1, [0.03391179060284577, 0.9660882093971542]]
40040192	[1, [0.04442153452681741, 0.9555784654731826]]
7699994	[1, [0.010703427752033479, 0.9892965722479665]]
74802077	[1, [0.0005381302757042628, 0.9994618697242957]]
73738774	[1, [0.01836454902579665, 0.9816354509742033]]
37176522	[1, [0.034646776547266, 0.965353223452734]]
9147404	[1, [0.044704090412229114, 0.9552959095877709]]
15555000	[1, [0.02403683215069985, 0.9759631678493002]]
6363665	[1, [0.01949519689441237, 0.9805048031055876]]
60427967	[1, [0.03378334345884737, 0.9662166565411526]]
41105330	[1, [0.009522667836892929, 0.9904773321631071]]
6359569	[1, [0.018740193008036088, 0.9812598069919639]]
9227578	[1, [0.001522635797540084, 0.9984773642024599]]
9151318	[1, [0.0025116676922527503, 0.9974883323077472]]
6366358	[1, [0.017120484286352045, 0.982879515713648]]
66268268	[1, [0.03392518398957811, 0.9660748160104219]]
60439934	[1, [0.036202215650176006, 0.963797784349824]]
6360921	[1, [0.02375014864191949, 0.9762498513580805]]
6359658	[1, [0.018887771436687295, 0.9811122285633127]]
90765829	[1, [0.032935865609225456, 0.9670641343907745]]
15551574	[1, [0.0025359015828135822, 0.9974640984171864]]
6363172	[1, [0.014222058978890617, 0.9857779410211094]]
6362706	[1, [0.016835299416399274, 0.9831647005836007]]
6359864	[1, [0.017812861718411788, 0.9821871382815882]]
9226994	[1, [0.028881831953801562, 0.9711181680461984]]
9226990	[1, [0.04026383631564667, 0.9597361636843533]]
66218385	[1, [0.0224438798896871, 0.9775561201103129]]
7923399	[1, [0.029541333372272605, 0.9704586666277274]]
23125935	[1, [0.013781719168799667, 0.9862182808312003]]
84004691	[1, [0.006405091624483439, 0.9935949083755166]]
48088701	[1, [0.01024190696280225, 0.9897580930371978]]
5473529	[1, [0.008019292807946998, 0.991980707192053]]
36370916	[1, [0.027604613593469884, 0.9723953864065301]]
23089971	[1, [0.023919136336385094, 0.9760808636636149]]
38065173	[1, [0.020337232086710233, 0.9796627679132898]]
92728663	[1, [0.009760785900485569, 0.9902392140995144]]
7923044	[1, [0.010498055562844555, 0.9895019444371554]]
9000735	[1, [0.018120308291872722, 0.9818796917081273]]
82145957	[1, [0.035457603954680894, 0.9645423960453191]]
13927566	[1, [0.025881276840570844, 0.9741187231594292]]
7775583	[1, [0.04506495918666875, 0.9549350408133312]]
69514310	[1, [0.0018503063230321803, 0.9981496936769678]]
6964018	[1, [0.031052096386462114, 0.9689479036135379]]
48941714	[1, [0.02820380378835663, 0.9717961962116434]]
7776676	[1, [0.007683971220034835, 0.9923160287799652]]
36319849	[1, [0.0006856889709483394, 0.9993143110290517]]
5474498	[1, [0.0007194506783273491, 0.9992805493216727]]
55846049	[1, [0.017462821299739306, 0.9825371787002607]]
5473878	[1, [0.03377471309083413, 0.9662252869091659]]
79844462	[1, [0.020863272698379287, 0.9791367273016207]]
79529051	[1, [0.0051253895509374425, 0.9948746104490626]]
6146634	[1, [0.03564501239627016, 0.9643549876037298]]
99611978	[1, [0.00632521760743987, 0.9936747823925601]]
9113048	[1, [0.034684622589249536, 0.9653153774107505]]
14369242	[1, [0.001766687070535844, 0.9982333129294642]]
9103472	[1, [0.04721218554683704, 0.952787814453163]]
43706024	[1, [0.03752288210143706, 0.9624771178985629]]
21523822	[1, [0.045742353458076646, 0.9542576465419234]]
6145977	[1, [0.04333888356125137, 0.9566611164387486]]
6147475	[1, [0.03602745816776076, 0.9639725418322392]]
79577953	[1, [0.049070423433738464, 0.9509295765662615]]
6146823	[1, [0.005733792424324147, 0.9942662075756759]]
9103273	[1, [0.028596128328366, 0.971403871671634]]
9113140	[1, [0.023360006752974893, 0.9766399932470251]]
9112811	[1, [0.0370198520405316, 0.9629801479594684]]
9112935	[1, [0.014626344737805996, 0.985373655262194]]
36176188	[1, [0.03702917511884307, 0.9629708248811569]]
5852889	[1, [0.035580811133205215, 0.9644191888667948]]
21163020	[1, [0.03436889692844025, 0.9656311030715597]]
43719368	[1, [0.007534694887293081, 0.9924653051127069]]
36194132	[1, [0.029859535398000236, 0.9701404646019998]]
93858098	[1, [0.047958234478034156, 0.9520417655219658]]
97624731	[1, [0.0462389793652811, 0.9537610206347189]]
97590832	[1, [0.008084947406779786, 0.9919150525932202]]
5663675	[1, [0.03619892996377927, 0.9638010700362207]]
34324563	[1, [0.026498789907811182, 0.9735012100921888]]
69279635	[1, [0.010420578851208284, 0.9895794211487917]]
88408079	[1, [0.002484537482592808, 0.9975154625174072]]
26963254	[1, [0.025723389002993313, 0.9742766109970067]]
16979711	[1, [0.015070235360549633, 0.9849297646394504]]
88516570	[1, [0.00043872454454707555, 0.9995612754554529]]
78238328	[1, [0.006766096890861051, 0.993233903109139]]
88533354	[1, [0.0364177860495557, 0.9635822139504443]]
97626065	[1, [0.04345286810720039, 0.9565471318927996]]
9009443	[1, [0.037844786540986, 0.962155213459014]]
9248744	[1, [0.04175018953100962, 0.9582498104689904]]
7654126	[1, [0.002563914784838195, 0.9974360852151618]]
71476279	[1, [0.0022753498916997517, 0.9977246501083002]]
9249969	[1, [0.015746222433710266, 0.9842537775662897]]
7961618	[1, [0.009281004707345497, 0.9907189952926545]]
7356950	[1, [0.04714311465047216, 0.9528568853495278]]
76407627	[1, [0.004094727754627048, 0.995905272245373]]
9251214	[1, [0.003761096232225869, 0.9962389037677741]]
6926512	[1, [0.032290188456089663, 0.9677098115439103]]
9223620	[1, [0.005549250744083634, 0.9944507492559164]]
77778887	[1, [0.02107452466471027, 0.9789254753352897]]
94204855	[1, [0.029949439370101638, 0.9700505606298984]]
9248892	[1, [0.003204556685703186, 0.9967954433142968]]
7289196	[1, [0.026758389318303766, 0.9732416106816962]]
89459947	[1, [0.028935642663164618, 0.9710643573368354]]
7288931	[1, [0.041821752000236745, 0.9581782479997633]]
9224019	[1, [0.027525276519566932, 0.9724747234804331]]
63962773	[1, [0.00035581125364780863, 0.9996441887463522]]
28348644	[1, [0.04182054085882958, 0.9581794591411704]]
6405068	[1, [0.04718091223681897, 0.952819087763181]]
6413259	[1, [0.030880259448527125, 0.9691197405514729]]
6412365	[1, [0.03169531176419549, 0.9683046882358045]]
62285657	[1, [0.006659316139037252, 0.9933406838609627]]
94941984	[1, [0.03945766030465736, 0.9605423396953426]]
6403258	[1, [0.02204189545204227, 0.9779581045479577]]
39275561	[1, [0.00014472285375188854, 0.9998552771462481]]
55114889	[1, [0.020323122017364192, 0.9796768779826358]]
6402981	[1, [0.044961616331913756, 0.9550383836680862]]
62283874	[1, [0.0021986672545482033, 0.9978013327454518]]
94897569	[1, [0.0032764769136883753, 0.9967235230863116]]
50255194	[1, [0.03593999919771418, 0.9640600008022858]]
6413635	[1, [0.002535163271850549, 0.9974648367281495]]
6411361	[1, [0.045252595219417935, 0.9547474047805821]]
6414994	[1, [0.007337642337341799, 0.9926623576626582]]
6412535	[1, [0.035962117419081285, 0.9640378825809187]]
6408283	[1, [0.03594318669115715, 0.9640568133088429]]
6411302	[1, [0.006522215607590587, 0.9934777843924094]]
6410966	[1, [0.014222058978890617, 0.9857779410211094]]
6403100	[1, [0.025336701687123875, 0.9746632983128761]]
15851950	[1, [0.029438785153974467, 0.9705612148460255]]
7846554	[1, [0.007933890443924452, 0.9920661095560755]]
94891521	[1, [0.010102633520743254, 0.9898973664792567]]
28319350	[1, [0.00245605035387364, 0.9975439496461264]]
60192724	[1, [0.0023462393799151826, 0.9976537606200848]]
6403873	[1, [0.01685663490905509, 0.9831433650909449]]
39475336	[1, [0.04155964913231458, 0.9584403508676854]]
95050128	[1, [0.039987377826418924, 0.9600126221735811]]
6407644	[1, [0.014672011072178304, 0.9853279889278217]]
30538384	[1, [0.04328886552187128, 0.9567111344781287]]
6410154	[1, [0.039367698283247154, 0.9606323017167528]]
6414243	[1, [0.03186809026181603, 0.968131909738184]]
50278988	[1, [0.015334407137279404, 0.9846655928627206]]
91992173	[1, [0.03476993606824674, 0.9652300639317533]]
6315879	[1, [0.006602360951804664, 0.9933976390481953]]
9213817	[1, [0.0008490741018305492, 0.9991509258981695]]
19089339	[1, [0.0077582408532798075, 0.9922417591467202]]
66461881	[1, [0.0005720805614581881, 0.9994279194385418]]
19262320	[1, [0.013691370335937814, 0.9863086296640622]]
92025200	[1, [0.009987306255288542, 0.9900126937447115]]
82219386	[1, [0.015881584210070243, 0.9841184157899298]]
66447104	[1, [0.00028681088859672244, 0.9997131891114033]]
17337823	[1, [0.048003382731832356, 0.9519966172681676]]
6318464	[1, [0.02535812935596571, 0.9746418706440343]]
13783773	[1, [0.04991229467487557, 0.9500877053251244]]
82219786	[1, [0.04487053012002429, 0.9551294698799757]]
6320125	[1, [0.030094437341648406, 0.9699055626583516]]
76954951	[1, [0.010025630041059164, 0.9899743699589408]]
73883661	[1, [0.012691487026437742, 0.9873085129735623]]
17332597	[1, [0.01157913026784052, 0.9884208697321595]]
83160385	[1, [0.027207006173104453, 0.9727929938268955]]
6317575	[1, [0.012965217858903033, 0.987034782141097]]
41986078	[1, [0.022798153511709107, 0.9772018464882909]]
83125159	[1, [0.004466022995986196, 0.9955339770040138]]
48830952	[1, [0.04151983423030414, 0.9584801657696959]]
6314869	[1, [0.037569369483570036, 0.96243063051643]]
19301616	[1, [0.013900150429509095, 0.9860998495704909]]
9221121	[1, [0.00538663624047675, 0.9946133637595233]]
48856801	[1, [0.03508066200738191, 0.9649193379926181]]
76970020	[1, [0.01534415543904688, 0.9846558445609531]]
9213324	[1, [0.007912221025446087, 0.9920877789745539]]
22119895	[1, [0.0008606230914450785, 0.9991393769085549]]
92050534	[1, [0.03440066158045929, 0.9655993384195407]]
9214093	[1, [0.025994749311984644, 0.9740052506880154]]
6320846	[1, [0.026012508632199838, 0.9739874913678002]]
6320788	[1, [0.001884440305754187, 0.9981155596942458]]
6316086	[1, [0.008547320830762262, 0.9914526791692377]]
6316464	[1, [0.0305513338383937, 0.9694486661616063]]
9221249	[1, [0.008613335026654956, 0.991386664973345]]
9276405	[1, [0.023259589379769796, 0.9767404106202302]]
5216128	[1, [0.03661543989551197, 0.963384560104488]]
41218961	[1, [0.048756987965444254, 0.9512430120345557]]
93126240	[1, [0.04476165122528464, 0.9552383487747154]]
97430942	[1, [0.0027505824331234274, 0.9972494175668766]]
6337785	[1, [0.02025521349519699, 0.979744786504803]]
90480464	[1, [0.022571484584368195, 0.9774285154156318]]
9112107	[1, [9.588211642630462e-05, 0.9999041178835737]]
6338261	[1, [0.04894044315500912, 0.9510595568449909]]
44687883	[1, [0.008558933617267561, 0.9914410663827324]]
97432765	[1, [0.0021174772643867135, 0.9978825227356133]]
50188243	[1, [0.001271978472156432, 0.9987280215278436]]
6333683	[1, [0.01107205262389832, 0.9889279473761017]]
68397342	[1, [0.03662593647813117, 0.9633740635218688]]
16279238	[1, [0.019158891737512285, 0.9808411082624877]]
6338724	[1, [0.023810252609650195, 0.9761897473903498]]
6337876	[1, [0.023104994726619754, 0.9768950052733802]]
68375776	[1, [0.026832621025738024, 0.973167378974262]]
7804341	[1, [0.006204181009021537, 0.9937958189909785]]
93101623	[1, [0.0002535700795223139, 0.9997464299204777]]
91382913	[1, [0.01857180813508741, 0.9814281918649126]]
97390552	[1, [0.003737391160734904, 0.9962626088392651]]
5215032	[1, [0.028125730206895683, 0.9718742697931043]]
9111520	[1, [0.00413655851316419, 0.9958634414868358]]
9111782	[1, [0.017917097078959277, 0.9820829029210407]]
16242653	[1, [0.003396027959284731, 0.9966039720407153]]
9111990	[1, [0.029431220171820982, 0.970568779828179]]
11254456	[1, [0.0019279933498950186, 0.998072006650105]]
9217266	[1, [0.01388575953803639, 0.9861142404619636]]
6537795	[1, [0.03613960536082139, 0.9638603946391786]]
93325268	[1, [0.003959282906753736, 0.9960407170932463]]
9116048	[1, [0.04314102059020608, 0.9568589794097939]]
93324686	[1, [0.00043762788264212205, 0.9995623721173579]]
82792884	[1, [0.0006901565026872225, 0.9993098434973128]]
88400395	[1, [0.02132346480493741, 0.9786765351950626]]
63786671	[1, [0.03583151985761557, 0.9641684801423844]]
7535495	[1, [0.03635696298985902, 0.963643037010141]]
5980206	[1, [0.0006049730913437745, 0.9993950269086562]]
93568795	[1, [0.03260666628008013, 0.9673933337199199]]
67838479	[1, [0.0060589024492018195, 0.9939410975507982]]
9216939	[1, [0.026000911939606408, 0.9739990880603936]]
25401731	[1, [0.046268646051889184, 0.9537313539481108]]
80038154	[1, [0.017731024134402196, 0.9822689758655978]]
43387648	[1, [0.027560044556075414, 0.9724399554439246]]
67831894	[1, [0.004219233407178669, 0.9957807665928213]]
24954326	[1, [0.04645507146730887, 0.9535449285326911]]
6558281	[1, [0.02172868645264625, 0.9782713135473537]]
9204675	[1, [0.03888394774157966, 0.9611160522584203]]
46738663	[1, [0.043907005620152595, 0.9560929943798474]]
22993692	[1, [0.0034616003438761034, 0.9965383996561239]]
66169770	[1, [0.00435161176317278, 0.9956483882368272]]
7997427	[1, [0.01140494858096397, 0.988595051419036]]
14137298	[1, [0.046447266621962635, 0.9535527333780374]]
35522284	[1, [0.007140706952521891, 0.9928592930474781]]
80088455	[1, [0.017002101862822694, 0.9829978981371773]]
9204290	[1, [0.003697480645048934, 0.9963025193549511]]
9204295	[1, [0.002148291064479113, 0.9978517089355209]]
9205260	[1, [0.04095048713859273, 0.9590495128614073]]
88721706	[1, [0.007982425313433517, 0.9920175746865665]]
79897000	[1, [0.02633167906819478, 0.9736683209318052]]
18057260	[1, [0.0014379146696761325, 0.9985620853303239]]
71287057	[1, [0.02569731002030584, 0.9743026899796942]]
51723136	[1, [0.011149143604705758, 0.9888508563952942]]
82851278	[1, [0.010281042854579536, 0.9897189571454205]]
6387205	[1, [0.037573730601819344, 0.9624262693981807]]
6386986	[1, [0.026719863995559145, 0.9732801360044409]]
6393490	[1, [0.019440198836652045, 0.980559801163348]]
99506878	[1, [0.007961248677193833, 0.9920387513228062]]
6390175	[1, [0.01452079267154427, 0.9854792073284557]]
62907762	[1, [0.012103628736345518, 0.9878963712636545]]
6598187	[1, [0.03530877587786818, 0.9646912241221318]]
6391737	[1, [0.01555991244123256, 0.9844400875587674]]
35634909	[1, [0.010844448756485825, 0.9891555512435142]]
7952829	[1, [0.03860652041939938, 0.9613934795806006]]
5884463	[1, [0.0162932093323771, 0.9837067906676229]]
6389451	[1, [0.0037391257112711074, 0.9962608742887289]]
7923829	[1, [0.023600930419652832, 0.9763990695803472]]
6449195	[1, [0.020957110102765464, 0.9790428898972345]]
6392030	[1, [0.02425045884937571, 0.9757495411506243]]
7923726	[1, [0.04774010619324376, 0.9522598938067562]]
6387847	[1, [0.025929588009879656, 0.9740704119901203]]
10673714	[1, [0.04443750183952222, 0.9555624981604778]]
6597061	[1, [0.00097321107132331, 0.9990267889286767]]
6393668	[1, [0.04941424705359054, 0.9505857529464095]]
6390789	[1, [0.03635342509943407, 0.9636465749005659]]
94234733	[1, [0.037339250013125325, 0.9626607499868747]]
6391986	[1, [0.028977108625066528, 0.9710228913749335]]
6597708	[1, [0.02545075726185364, 0.9745492427381464]]
64384695	[1, [0.04283577041568909, 0.9571642295843109]]
6388099	[1, [0.009447745264200447, 0.9905522547357996]]
6391401	[1, [0.03374353169240463, 0.9662564683075954]]
61523718	[1, [0.0017660904597129878, 0.998233909540287]]
6593826	[1, [0.03284485236076118, 0.9671551476392388]]
94246781	[1, [0.0413566255890917, 0.9586433744109083]]
39828845	[1, [0.015618328797007308, 0.9843816712029927]]
6391971	[1, [0.020709761984413433, 0.9792902380155866]]
80554004	[1, [0.011741871918428681, 0.9882581280815713]]
6449711	[1, [0.01872356115031848, 0.9812764388496815]]
53685812	[1, [0.03264757793256723, 0.9673524220674328]]
60371388	[1, [0.04332472473816007, 0.9566752752618399]]
38878714	[1, [0.04686677325893496, 0.953133226741065]]
45486163	[1, [0.0019275410284890215, 0.998072458971511]]
45489943	[1, [0.038479572096757564, 0.9615204279032424]]
44524874	[1, [0.010791308413032996, 0.989208691586967]]
7362770	[1, [0.034544699522705447, 0.9654553004772946]]
84428161	[1, [0.0008245990144956084, 0.9991754009855044]]
33154020	[1, [0.04958162788899334, 0.9504183721110067]]
18569960	[1, [0.04950407169323723, 0.9504959283067628]]
7361404	[1, [0.02550692105120289, 0.9744930789487971]]
45594719	[1, [0.021633070679720645, 0.9783669293202794]]
80480492	[1, [0.04131992203503132, 0.9586800779649687]]
9193251	[1, [0.008660106229036346, 0.9913398937709637]]
47435120	[1, [0.013783205251603703, 0.9862167947483963]]
46180634	[1, [0.0007366569107539744, 0.999263343089246]]
38879253	[1, [0.049026179202753206, 0.9509738207972468]]
49486668	[1, [0.023576922723590577, 0.9764230772764094]]
6447088	[1, [0.023278963355851223, 0.9767210366441488]]
54300831	[1, [0.013395908491971253, 0.9866040915080287]]
97210536	[1, [0.02859927612754609, 0.9714007238724539]]
95375148	[1, [0.012015868693971421, 0.9879841313060286]]
73596261	[1, [0.03242368394388295, 0.967576316056117]]
9224901	[1, [0.019913949201610825, 0.9800860507983892]]
73616096	[1, [0.04038562963635961, 0.9596143703636404]]
39961746	[1, [0.01014307802078307, 0.9898569219792169]]
9225174	[1, [0.04468812757780816, 0.9553118724221918]]
7991195	[1, [0.03505865909554873, 0.9649413409044513]]
9225811	[1, [0.0027793655069304757, 0.9972206344930695]]
97159748	[1, [0.04531539019605546, 0.9546846098039445]]
9224422	[1, [0.040284937654497366, 0.9597150623455026]]
33806330	[1, [0.0011760443687055533, 0.9988239556312944]]
22331551	[1, [0.002526411520075267, 0.9974735884799247]]
48034543	[1, [0.006175571869653118, 0.9938244281303469]]
97165909	[1, [0.009984906851888353, 0.9900150931481116]]
9007340	[1, [0.005020046674668044, 0.994979953325332]]
7801948	[1, [0.012686516637125167, 0.9873134833628748]]
79422704	[1, [0.0011283179593568615, 0.9988716820406431]]
7354314	[1, [0.024453244914624972, 0.975546755085375]]
7354710	[1, [0.016196921866820313, 0.9838030781331797]]
56278681	[1, [0.03210334748908672, 0.9678966525109133]]
9233626	[1, [0.004613132992640101, 0.9953868670073599]]
98140017	[1, [0.03461776187052723, 0.9653822381294728]]
6436757	[1, [0.042013544621835486, 0.9579864553781645]]
76713751	[1, [0.028339905663285925, 0.9716600943367141]]
56784879	[1, [0.007085094711627882, 0.9929149052883721]]
58488514	[1, [0.0015193479430634094, 0.9984806520569366]]
7354769	[1, [0.025255046598106734, 0.9747449534018933]]
7356322	[1, [0.03813963623486871, 0.9618603637651313]]
7115217	[1, [0.04584104534182387, 0.9541589546581761]]
9233870	[1, [0.0008687431832632431, 0.9991312568167368]]
9235040	[1, [0.03496483231125502, 0.965035167688745]]
7827812	[1, [0.018609019651352754, 0.9813909803486472]]
99261681	[1, [0.028835763611572807, 0.9711642363884272]]
39795047	[1, [0.02167903807992999, 0.97832096192007]]
7970683	[1, [0.013637115471252903, 0.9863628845287471]]
46283252	[1, [0.032220619228978786, 0.9677793807710212]]
7354512	[1, [0.00574798956578193, 0.9942520104342181]]
7354449	[1, [0.02213020826812362, 0.9778697917318764]]
50706275	[1, [0.006646257843603731, 0.9933537421563963]]
87204142	[1, [0.014155818370618745, 0.9858441816293813]]
5478136	[1, [0.011181271625907874, 0.9888187283740921]]
52649597	[1, [0.00012729423023083442, 0.9998727057697692]]
7112557	[1, [0.04041533080181248, 0.9595846691981875]]
42844864	[1, [0.029343568357551364, 0.9706564316424486]]
9201859	[1, [0.014751662920521436, 0.9852483370794786]]
72773115	[1, [0.0070521306979355325, 0.9929478693020645]]
5478153	[1, [0.00913621437362111, 0.9908637856263789]]
9201953	[1, [0.019126312584039407, 0.9808736874159606]]
9108526	[1, [0.03199867235975762, 0.9680013276402424]]
5477557	[1, [0.001454756575174021, 0.998545243424826]]
61695686	[1, [0.008525688238087747, 0.9914743117619123]]
72728643	[1, [0.01399209643417798, 0.986007903565822]]
7525900	[1, [0.03480951624039297, 0.965190483759607]]
9201713	[1, [0.013006756093269844, 0.9869932439067302]]
9201674	[1, [0.013723331554942875, 0.9862766684450571]]
29692492	[1, [0.04852404731537907, 0.9514759526846209]]
5478102	[1, [0.040887562121249665, 0.9591124378787503]]
58396823	[1, [0.009158144987161165, 0.9908418550128388]]
9200886	[1, [0.029941147390032508, 0.9700588526099675]]
5476102	[1, [0.04172634325755287, 0.9582736567424471]]
9202018	[1, [0.03196567727400801, 0.968034322725992]]
5477331	[1, [0.03923334625503494, 0.9607666537449651]]
9107709	[1, [0.018312736153715092, 0.9816872638462849]]
9107600	[1, [0.017069445954323137, 0.9829305540456769]]
79096519	[1, [0.048294569660199516, 0.9517054303398005]]
38657327	[1, [0.004527065562524135, 0.9954729344374759]]
32495670	[1, [0.036790654879882756, 0.9632093451201172]]
9263831	[1, [0.03913956136317709, 0.9608604386368229]]
80227647	[1, [0.01417173286958795, 0.985828267130412]]
79071873	[1, [0.014139936759163807, 0.9858600632408362]]
9260462	[1, [0.016165040251892138, 0.9838349597481079]]
84260769	[1, [0.026913412852940688, 0.9730865871470593]]
79083490	[1, [0.03993937692259053, 0.9600606230774095]]
75460234	[1, [0.007418510642933085, 0.9925814893570669]]
66876140	[1, [0.012322451254712319, 0.9876775487452877]]
66929763	[1, [0.02819011446186792, 0.9718098855381321]]
21833142	[1, [0.035803513734140036, 0.96419648626586]]
62412294	[1, [0.03592601184535493, 0.9640739881546451]]
42664415	[1, [0.00889033209047907, 0.9911096679095209]]
9260145	[1, [0.0029828325693027624, 0.9970171674306972]]
79688319	[1, [0.0019113420921736957, 0.9980886579078263]]
59850924	[1, [0.011369446840422626, 0.9886305531595774]]
6912691	[1, [0.038577942627168516, 0.9614220573728315]]
9259361	[1, [0.012860702017118086, 0.9871392979828819]]
6945187	[1, [0.04719236415806005, 0.95280763584194]]
36612728	[1, [0.014949632082960851, 0.9850503679170391]]
94544500	[1, [0.009787054570568832, 0.9902129454294312]]
6153314	[1, [0.04232703407178762, 0.9576729659282124]]
65983246	[1, [0.047458307565556135, 0.9525416924344439]]
94564512	[1, [0.042268457956215144, 0.9577315420437849]]
7737412	[1, [0.01846909471960889, 0.9815309052803911]]
60826065	[1, [0.004815438714429576, 0.9951845612855704]]
36653318	[1, [0.007008932804332568, 0.9929910671956674]]
6152140	[1, [0.008316248388415381, 0.9916837516115846]]
71791960	[1, [0.03396866751686345, 0.9660313324831366]]
60942144	[1, [0.0008993230487278625, 0.9991006769512721]]
60962116	[1, [0.015631532315841357, 0.9843684676841586]]
24567371	[1, [0.002838870529423332, 0.9971611294705767]]
6153732	[1, [0.018118395969119905, 0.9818816040308801]]
82329708	[1, [0.023494190153828365, 0.9765058098461716]]
60778731	[1, [0.020801066864545747, 0.9791989331354543]]
60782311	[1, [0.017120916549190013, 0.98287908345081]]
96351902	[1, [0.0035397246083147538, 0.9964602753916852]]
90889807	[1, [0.004448669947612505, 0.9955513300523875]]
6150252	[1, [0.015419327761620805, 0.9845806722383792]]
15261713	[1, [0.00045314934947071617, 0.9995468506505293]]
14807276	[1, [0.001583520180267417, 0.9984164798197326]]
7793475	[1, [0.001625148496768758, 0.9983748515032312]]
6152731	[1, [0.03985068646572909, 0.9601493135342709]]
5918251	[1, [0.0004914705692337096, 0.9995085294307663]]
44587313	[1, [0.03652485708593067, 0.9634751429140693]]
6148872	[1, [0.019369355189020054, 0.98063064481098]]
6150491	[1, [0.01722267751249207, 0.9827773224875079]]
19151452	[1, [0.017809193867821094, 0.9821908061321789]]
6981288	[1, [0.046678150769997595, 0.9533218492300024]]
16765405	[1, [0.007219018045987902, 0.9927809819540121]]
99036309	[1, [0.035256100856796535, 0.9647438991432035]]
61392920	[1, [0.00898724526171113, 0.9910127547382889]]
7849014	[1, [0.0073048390151682074, 0.9926951609848318]]
90584786	[1, [1.5653943248539193e-05, 0.9999843460567515]]
6555913	[1, [0.019712424543702145, 0.9802875754562979]]
9256515	[1, [0.015755883401197157, 0.9842441165988028]]
29573110	[1, [0.049146105550232466, 0.9508538944497675]]
20786270	[1, [0.008349834262628808, 0.9916501657373712]]
29556215	[1, [0.0016078587410521816, 0.9983921412589478]]
61393076	[1, [0.004558203694007945, 0.995441796305992]]
6981840	[1, [0.048933989191126015, 0.951066010808874]]
16835755	[1, [0.035066594626625314, 0.9649334053733747]]
82894639	[1, [0.03793665917490341, 0.9620633408250966]]
7674404	[1, [0.039671202979204456, 0.9603287970207955]]
6551377	[1, [0.012846885067837155, 0.9871531149321628]]
7969162	[1, [0.008996053304922369, 0.9910039466950776]]
5867505	[1, [0.02532334105308731, 0.9746766589469127]]
82937232	[1, [0.01988568666141155, 0.9801143133385884]]
88602252	[1, [0.030883291391278767, 0.9691167086087212]]
9256453	[1, [0.0159957416159211, 0.9840042583840789]]
60587276	[1, [0.01894058022271794, 0.9810594197772821]]
33562770	[1, [0.03669306375986203, 0.963306936240138]]
33346082	[1, [0.039471528061191585, 0.9605284719388084]]
26839929	[1, [0.04584435271707432, 0.9541556472829257]]
25785543	[1, [0.009747153981097711, 0.9902528460189023]]
29060588	[1, [0.012947489230084375, 0.9870525107699156]]
74545912	[1, [0.0035123627634154886, 0.9964876372365845]]
90680714	[1, [0.022764427056458758, 0.9772355729435412]]
81666940	[1, [9.099189921535356e-07, 0.9999990900810078]]
75024401	[1, [0.049666194733587354, 0.9503338052664126]]
99150005	[1, [0.006348815430465948, 0.993651184569534]]
81652399	[1, [0.006162438750745514, 0.9938375612492545]]
29039203	[1, [0.021390742591174905, 0.9786092574088251]]
10476384	[1, [0.042202493801920204, 0.9577975061980798]]
9109391	[1, [0.0002083173210852829, 0.9997916826789147]]
9109461	[1, [0.014697000073502053, 0.985302999926498]]
41868392	[1, [0.04306673495341651, 0.9569332650465835]]
41879323	[1, [0.02123235174267246, 0.9787676482573275]]
6100966	[1, [0.017421680538411533, 0.9825783194615885]]
90654363	[1, [0.004413973232273327, 0.9955860267677267]]
12935408	[1, [0.01367436742432726, 0.9863256325756727]]
89183460	[1, [0.010890380871982352, 0.9891096191280176]]
9110924	[1, [0.046508882028510445, 0.9534911179714896]]
7273582	[1, [0.000968504398980663, 0.9990314956010193]]
20990009	[1, [0.04235640846435629, 0.9576435915356437]]
9203174	[1, [0.016499111626591234, 0.9835008883734088]]
17588016	[1, [0.013266792214696399, 0.9867332077853036]]
33210495	[1, [0.027736333912854128, 0.9722636660871459]]
20967241	[1, [0.004060119107000326, 0.9959398808929997]]
76156109	[1, [0.02769864607499961, 0.9723013539250004]]
59880896	[1, [0.0013978529612721502, 0.9986021470387278]]
20949423	[1, [0.014924675154753597, 0.9850753248452464]]
52599896	[1, [0.03406935745314843, 0.9659306425468516]]
6157438	[1, [0.0482760417574547, 0.9517239582425453]]
59901366	[1, [0.0031764001082534854, 0.9968235998917465]]
25911291	[1, [0.03368281601409351, 0.9663171839859065]]
73317476	[1, [0.006297600167090356, 0.9937023998329096]]
9203703	[1, [0.022170986148841276, 0.9778290138511587]]
6153934	[1, [0.017358714098116956, 0.982641285901883]]
6154223	[1, [0.017983177718496002, 0.982016822281504]]
88801850	[1, [0.04392095605813595, 0.956079043941864]]
76167970	[1, [0.03159549997120692, 0.9684045000287931]]
7698643	[1, [0.04603984645192416, 0.9539601535480758]]
53205128	[1, [0.025142390312752227, 0.9748576096872478]]
6385922	[1, [0.04641898465630423, 0.9535810153436958]]
64959039	[1, [0.03522235162740062, 0.9647776483725994]]
5924214	[1, [0.03618137294378554, 0.9638186270562145]]
9248104	[1, [0.025083357534684603, 0.9749166424653154]]
6384786	[1, [0.019382402891584993, 0.980617597108415]]
6383406	[1, [0.015861201738743058, 0.9841387982612569]]
7912926	[1, [0.01151560506736149, 0.9884843949326385]]
7912847	[1, [0.01019976581808979, 0.9898002341819102]]
6344183	[1, [0.00784657540533129, 0.9921534245946687]]
50048946	[1, [0.00223905240196165, 0.9977609475980384]]
5930887	[1, [0.04434698539631954, 0.9556530146036805]]
50055111	[1, [0.001415205591382307, 0.9985847944086177]]
6341130	[1, [0.03810795802186884, 0.9618920419781312]]
6344697	[1, [0.03934940535778775, 0.9606505946422123]]
6343269	[1, [0.04912097176816266, 0.9508790282318373]]
6384021	[1, [0.0030162770071450185, 0.996983722992855]]
7971379	[1, [0.03900908353530752, 0.9609909164646925]]
16536726	[1, [0.005846694027118793, 0.9941533059728812]]
19903045	[1, [0.037426485914156316, 0.9625735140858437]]
6340396	[1, [0.010403668272488509, 0.9895963317275115]]
6385877	[1, [0.031521980162850016, 0.96847801983715]]
5933016	[1, [0.0350154041273133, 0.9649845958726867]]
6346065	[1, [0.010729100401742575, 0.9892708995982574]]
7912835	[1, [0.0016182380483112935, 0.9983817619516887]]
70879374	[1, [0.0016149392634063897, 0.9983850607365936]]
6384615	[1, [0.04823149301913554, 0.9517685069808645]]
19892443	[1, [0.041578572245558276, 0.9584214277544417]]
5932309	[1, [0.020427602861852856, 0.9795723971381471]]
7912832	[1, [0.03772208422500822, 0.9622779157749918]]
6385889	[1, [0.02089338293637244, 0.9791066170636276]]
5862480	[1, [0.03470212671517514, 0.9652978732848249]]
64921545	[1, [0.021232100532106668, 0.9787678994678933]]
57175904	[1, [0.01071628555123394, 0.9892837144487661]]
7912924	[1, [0.00901610977889622, 0.9909838902211038]]
7912875	[1, [0.011295064498962115, 0.9887049355010379]]
6342497	[1, [0.04434089107984329, 0.9556591089201567]]
7225135	[1, [0.02410363320882214, 0.9758963667911779]]
9248217	[1, [0.021157041650656683, 0.9788429583493433]]
9246563	[1, [0.009189537710591611, 0.9908104622894084]]
64927843	[1, [0.04472898380728407, 0.9552710161927159]]
89326745	[1, [0.005277945677344409, 0.9947220543226556]]
6385573	[1, [0.023683283699889146, 0.9763167163001109]]
42157977	[1, [0.032953346906468006, 0.967046653093532]]
66068833	[1, [0.03251673321045401, 0.967483266789546]]
6340145	[1, [0.016023524061465455, 0.9839764759385345]]
9248242	[1, [0.049956256329937165, 0.9500437436700628]]
6895547	[1, [0.02537490072189863, 0.9746250992781014]]
9235544	[1, [0.04583817857883299, 0.954161821421167]]
6354875	[1, [0.00820426931002649, 0.9917957306899735]]
6351166	[1, [0.007673198035984985, 0.992326801964015]]
9191425	[1, [0.021131993829990425, 0.9788680061700096]]
9212391	[1, [0.04655084627315731, 0.9534491537268427]]
79622958	[1, [0.049804698553960414, 0.9501953014460396]]
14524204	[1, [0.03557533578503691, 0.9644246642149631]]
9236927	[1, [0.028270400194598144, 0.9717295998054019]]
47840872	[1, [0.010128056087180481, 0.9898719439128195]]
79653202	[1, [0.0011159387607732052, 0.9988840612392268]]
90303023	[1, [0.03726490231237756, 0.9627350976876224]]
99683432	[1, [0.0274180741099479, 0.9725819258900521]]
6349847	[1, [0.016079858059758978, 0.983920141940241]]
7657269	[1, [0.03539922355054992, 0.9646007764494501]]
79615250	[1, [0.001301121974717434, 0.9986988780252826]]
47902319	[1, [0.0029318094141081996, 0.9970681905858918]]
7734449	[1, [0.013833449182204083, 0.9861665508177959]]
28769555	[1, [0.01340812198634922, 0.9865918780136508]]
77120166	[1, [0.0006639323967527755, 0.9993360676032472]]
77119006	[1, [0.0036259577211005256, 0.9963740422788995]]
68548531	[1, [0.030669162163095787, 0.9693308378369042]]
24050510	[1, [0.03721439089124412, 0.9627856091087559]]
64874685	[1, [0.018422028554328063, 0.9815779714456719]]
57002840	[1, [0.019083654356307878, 0.9809163456436921]]
68337904	[1, [0.009251635867945751, 0.9907483641320542]]
78664964	[1, [0.02222169865783996, 0.97777830134216]]
27547342	[1, [0.02747439214677716, 0.9725256078532228]]
6943087	[1, [0.011971831909928565, 0.9880281680900714]]
32373520	[1, [0.03423518330171205, 0.965764816698288]]
7665704	[1, [0.04673849722869128, 0.9532615027713087]]
7973116	[1, [0.03366916523786223, 0.9663308347621378]]
9278853	[1, [0.0036102429893644095, 0.9963897570106356]]
44102288	[1, [0.016830419784232165, 0.9831695802157678]]
9278226	[1, [0.043164112263682886, 0.9568358877363171]]
70553004	[1, [0.010778789454020998, 0.989221210545979]]
51879506	[1, [0.042268457956215144, 0.9577315420437849]]
82697840	[1, [0.04474364818477505, 0.955256351815225]]
82681572	[1, [0.0008175752909697076, 0.9991824247090303]]
7666359	[1, [0.03136309063867637, 0.9686369093613236]]
7992295	[1, [0.019933204615792177, 0.9800667953842078]]
9278889	[1, [0.019621111536623936, 0.9803788884633761]]
98371646	[1, [0.03867308905566613, 0.9613269109443339]]
59237461	[1, [0.009964973382010078, 0.9900350266179899]]
9277801	[1, [0.02440040126537457, 0.9755995987346254]]
7854593	[1, [0.020984189510898532, 0.9790158104891015]]
82712899	[1, [0.02139103049395752, 0.9786089695060425]]
7292872	[1, [0.043298108032396976, 0.956701891967603]]
82673968	[1, [0.02589511837398384, 0.9741048816260162]]
6942775	[1, [0.002850791086285276, 0.9971492089137147]]
7856955	[1, [0.018474891956616335, 0.9815251080433837]]
32313969	[1, [0.0002592098290167266, 0.9997407901709833]]
29895599	[1, [0.00025889933797640374, 0.9997411006620236]]
5777259	[1, [0.023507829506857147, 0.9764921704931429]]
37270350	[1, [0.02975684041926907, 0.9702431595807309]]
6174465	[1, [0.04237189925171414, 0.9576281007482859]]
6019238	[1, [0.007742771339713572, 0.9922572286602864]]
15087214	[1, [0.0006021707716052926, 0.9993978292283947]]
83002637	[1, [0.024866349035773228, 0.9751336509642268]]
6526775	[1, [0.014010445989363629, 0.9859895540106364]]
6022479	[1, [0.008042586705096388, 0.9919574132949036]]
82991784	[1, [0.006743184524581225, 0.9932568154754188]]
6527924	[1, [0.01150458561025447, 0.9884954143897455]]
37294207	[1, [0.03698152424212886, 0.9630184757578711]]
5933597	[1, [0.04503226083748035, 0.9549677391625196]]
6463168	[1, [0.01222938312845745, 0.9877706168715426]]
5173677	[1, [0.006529764844320551, 0.9934702351556794]]
7852832	[1, [0.032923706528998564, 0.9670762934710014]]
6018400	[1, [0.03262818693098779, 0.9673718130690122]]
37290874	[1, [0.024129441243951555, 0.9758705587560484]]
71226281	[1, [0.005746102824071619, 0.9942538971759284]]
7219914	[1, [0.04871464769006961, 0.9512853523099304]]
5935559	[1, [0.04721218554683704, 0.952787814453163]]
75800994	[1, [0.03722800730761855, 0.9627719926923815]]
37307072	[1, [0.004115735695267908, 0.9958842643047321]]
6023443	[1, [0.049731864482530086, 0.9502681355174699]]
6016619	[1, [0.00970716151715234, 0.9902928384828477]]
15141791	[1, [0.014147750373453949, 0.985852249626546]]
9266299	[1, [0.02801203140672459, 0.9719879685932754]]
38792183	[1, [0.006272534879453784, 0.9937274651205462]]
68816672	[1, [0.03606724642825998, 0.96393275357174]]
17683431	[1, [0.03817179182825281, 0.9618282081717472]]
7993500	[1, [0.03479188252015242, 0.9652081174798476]]
9245072	[1, [0.005821971448964347, 0.9941780285510357]]
58975746	[1, [0.03363566449721467, 0.9663643355027853]]
6584954	[1, [0.0025790514323447145, 0.9974209485676553]]
6584933	[1, [0.02350236829475827, 0.9764976317052417]]
9237691	[1, [0.009673893932584332, 0.9903261060674157]]
9282682	[1, [0.031682319908101886, 0.9683176800918981]]
23576421	[1, [0.01254889136604187, 0.9874511086339581]]
9245547	[1, [0.013139519838647362, 0.9868604801613526]]
9265776	[1, [0.004269321416578098, 0.9957306785834219]]
17647019	[1, [0.010446314922531563, 0.9895536850774684]]
9057736	[1, [0.012854952018138355, 0.9871450479818616]]
6583896	[1, [0.001169470915654558, 0.9988305290843454]]
38836964	[1, [0.04590724180392303, 0.954092758196077]]
6133323	[1, [0.033738284512912275, 0.9662617154870877]]
68817550	[1, [0.04932643284548055, 0.9506735671545194]]
9123691	[1, [0.04637689759192709, 0.9536231024080729]]
58974928	[1, [0.041351665496387024, 0.958648334503613]]
53978226	[1, [0.028339905663285925, 0.9716600943367141]]
68939606	[1, [0.031185241785415152, 0.9688147582145848]]
9238203	[1, [0.037242665468779745, 0.9627573345312203]]
53558893	[1, [0.010885043242763848, 0.9891149567572362]]
6133745	[1, [0.0351644191013879, 0.9648355808986121]]
80722473	[1, [0.008538761568356756, 0.9914612384316432]]
9281772	[1, [0.0182864989314393, 0.9817135010685607]]
9035778	[1, [0.0011389716650155313, 0.9988610283349845]]
9246186	[1, [0.01617124528179459, 0.9838287547182054]]
9133341	[1, [0.040186179801880884, 0.9598138201981191]]
20367382	[1, [0.00873660429439993, 0.9912633957056001]]
6133027	[1, [0.04881704356769778, 0.9511829564323022]]
9245188	[1, [0.049677145312863824, 0.9503228546871362]]
6583554	[1, [0.00560140904962847, 0.9943985909503715]]
9237963	[1, [0.03434266870009606, 0.9656573312999039]]
9282759	[1, [0.0035585905343541446, 0.9964414094656459]]
9255730	[1, [0.009244400229218575, 0.9907555997707814]]
99327069	[1, [0.015048327029336783, 0.9849516729706632]]
86532488	[1, [0.002668856467305858, 0.9973311435326941]]
98758557	[1, [0.013631299575071032, 0.986368700424929]]
7912537	[1, [0.0448328966878081, 0.9551671033121919]]
7255273	[1, [0.0016002259071616898, 0.9983997740928383]]
6265313	[1, [0.016991309675807642, 0.9830086903241924]]
6882270	[1, [0.048688741809954306, 0.9513112581900457]]
67002919	[1, [0.03585508251519154, 0.9641449174848085]]
89785894	[1, [0.01288078893253497, 0.987119211067465]]
98775295	[1, [0.01694994832489649, 0.9830500516751035]]
84771743	[1, [4.067327419809974e-05, 0.9999593267258019]]
99325678	[1, [0.04479224662491521, 0.9552077533750848]]
98579551	[1, [0.018471215118837647, 0.9815287848811624]]
16197463	[1, [0.020212745123136422, 0.9797872548768636]]
96520031	[1, [0.04312704601850348, 0.9568729539814965]]
28217454	[1, [0.00480321847635079, 0.9951967815236492]]
42034892	[1, [0.02460668393405918, 0.9753933160659408]]
77507690	[1, [0.00689978358972676, 0.9931002164102732]]
9255484	[1, [0.015845642415834305, 0.9841543575841657]]
66945688	[1, [0.03245249713175513, 0.9675475028682449]]
9254791	[1, [0.010709779330249192, 0.9892902206697508]]
55483589	[1, [0.008942696903002645, 0.9910573030969974]]
7694811	[1, [0.004946844277054829, 0.9950531557229452]]
34051676	[1, [0.04406838277159997, 0.9559316172284]]
75283659	[1, [0.003598521411857014, 0.996401478588143]]
30145199	[1, [0.005366440961996344, 0.9946335590380037]]
69837958	[1, [0.014488516718038191, 0.9855114832819618]]
30158353	[1, [0.001323934441858965, 0.998676065558141]]
48704396	[1, [0.009177967808493115, 0.9908220321915069]]
77339689	[1, [0.0300457799524374, 0.9699542200475626]]
10960780	[1, [0.001742752875324216, 0.9982572471246758]]
7995349	[1, [0.03530294951994917, 0.9646970504800508]]
10954278	[1, [0.016950402922343843, 0.9830495970776562]]
54441198	[1, [0.002103428370808902, 0.9978965716291911]]
98502428	[1, [0.042928866739478155, 0.9570711332605218]]
6397322	[1, [0.03623947059915544, 0.9637605294008446]]
6395455	[1, [0.048074622899763386, 0.9519253771002366]]
47504860	[1, [0.004731996390058724, 0.9952680036099413]]
37483241	[1, [0.014251934623173756, 0.9857480653768262]]
24624233	[1, [0.017956940871214022, 0.982043059128786]]
62718275	[1, [0.0023665959455302366, 0.9976334040544698]]
35307333	[1, [0.034818271566313785, 0.9651817284336862]]
48574434	[1, [0.0020250570773557852, 0.9979749429226442]]
6395389	[1, [0.03440099464837432, 0.9655990053516257]]
6126660	[1, [0.02269659111856681, 0.9773034088814332]]
6397447	[1, [0.037366125403348494, 0.9626338745966515]]
44640009	[1, [0.04093191737151414, 0.9590680826284859]]
95856717	[1, [0.012121882945425377, 0.9878781170545746]]
81367011	[1, [0.03589021027987116, 0.9641097897201288]]
48535805	[1, [0.03954442445628292, 0.9604555755437171]]
44662122	[1, [0.0014483400181845019, 0.9985516599818155]]
31779845	[1, [0.01793317520786275, 0.9820668247921372]]
37531842	[1, [0.04568401733715566, 0.9543159826628443]]
17079087	[1, [0.018317338037525, 0.981682661962475]]
24629189	[1, [0.0015219543517311918, 0.9984780456482688]]
47557355	[1, [0.020232564553339105, 0.9797674354466609]]
31764292	[1, [0.0034028042271188053, 0.9965971957728812]]
47546441	[1, [0.011911651160623093, 0.9880883488393769]]
87272174	[1, [0.013328464799204576, 0.9866715352007954]]
6331186	[1, [0.028782522173591563, 0.9712174778264084]]
69179282	[1, [0.03978481983133497, 0.960215180168665]]
83940667	[1, [0.0016911048336110124, 0.998308895166389]]
28175227	[1, [0.027713291416866626, 0.9722867085831334]]
7770493	[1, [0.0047714735158058685, 0.9952285264841941]]
85369573	[1, [0.013932345150796333, 0.9860676548492037]]
9016029	[1, [0.0466304794646768, 0.9533695205353232]]
9034368	[1, [0.005608638950738931, 0.9943913610492611]]
6512274	[1, [0.00825506054580305, 0.991744939454197]]
82570896	[1, [0.009271185821110528, 0.9907288141788895]]
50304820	[1, [0.008348514952550734, 0.9916514850474493]]
83304145	[1, [0.000326409950158979, 0.999673590049841]]
9082795	[1, [0.037396697780593846, 0.9626033022194062]]
6330805	[1, [0.023104994726619754, 0.9768950052733802]]
6382481	[1, [0.04050447522838352, 0.9594955247716165]]
7772826	[1, [0.024440781797491318, 0.9755592182025087]]
6326359	[1, [0.0387418462593313, 0.9612581537406687]]
6423080	[1, [0.04041947282626068, 0.9595805271737393]]
6323549	[1, [0.003994594167672116, 0.9960054058323279]]
6426938	[1, [0.02425045884937571, 0.9757495411506243]]
6422642	[1, [0.03172162933260947, 0.9682783706673905]]
6427020	[1, [0.042355339232598044, 0.957644660767402]]
57312678	[1, [0.03594792924950674, 0.9640520707504933]]
9033954	[1, [0.006039625315194752, 0.9939603746848052]]
31469123	[1, [0.018575586246033726, 0.9814244137539663]]
6326869	[1, [0.008678601975144917, 0.9913213980248551]]
57264849	[1, [0.0018521309288250798, 0.9981478690711749]]
6324860	[1, [0.018639961296565533, 0.9813600387034345]]
6324861	[1, [0.011180297956128071, 0.9888197020438719]]
6422502	[1, [0.004863192869717037, 0.995136807130283]]
6423502	[1, [0.04421243171055844, 0.9557875682894416]]
24895949	[1, [0.04096746343342961, 0.9590325365665704]]
69140219	[1, [0.017162341300320905, 0.9828376586996791]]
6324680	[1, [0.027229723063335598, 0.9727702769366644]]
6423800	[1, [0.03161371908005295, 0.968386280919947]]
6325190	[1, [0.03974532468203884, 0.9602546753179612]]
6325228	[1, [0.0375259159174105, 0.9624740840825895]]
83963824	[1, [0.04071266365737125, 0.9592873363426287]]
69113352	[1, [0.03767787516542731, 0.9623221248345727]]
76489351	[1, [0.03175331860602504, 0.968246681393975]]
40868820	[1, [0.0050159779278532435, 0.9949840220721468]]
5468863	[1, [0.037340749250503236, 0.9626592507494968]]
43824461	[1, [0.005877692099109044, 0.994122307900891]]
7715085	[1, [0.03705780732134689, 0.9629421926786531]]
5308205	[1, [0.049091112161771644, 0.9509088878382284]]
5467149	[1, [0.011092357431743083, 0.9889076425682569]]
5466965	[1, [0.02809950675740569, 0.9719004932425943]]
39698834	[1, [0.03475851383598516, 0.9652414861640148]]
9280335	[1, [0.0027507961781998436, 0.9972492038218002]]
70353170	[1, [0.021822921398250594, 0.9781770786017494]]
70302494	[1, [0.011522716817776613, 0.9884772831822234]]
50801046	[1, [0.04485443462360361, 0.9551455653763964]]
5305383	[1, [0.041524257319006885, 0.9584757426809931]]
76771265	[1, [0.014473067567474907, 0.9855269324325251]]
6452689	[1, [0.004745422456322923, 0.9952545775436771]]
36751239	[1, [0.02468238807091172, 0.9753176119290883]]
9022292	[1, [0.006262105486692482, 0.9937378945133075]]
23558324	[1, [0.034467888707685135, 0.9655321112923149]]
85603345	[1, [0.00025891217083207074, 0.9997410878291679]]
23528926	[1, [0.020873216286241503, 0.9791267837137585]]
9040777	[1, [0.0048327452839809215, 0.9951672547160191]]
14051381	[1, [0.003480566915303518, 0.9965194330846965]]
9040594	[1, [0.04188450214503425, 0.9581154978549657]]
5472143	[1, [0.019247433298419825, 0.9807525667015802]]
29205231	[1, [0.007029794517745325, 0.9929702054822547]]
7809521	[1, [0.005546136833723958, 0.994453863166276]]
9040545	[1, [0.0026481358341949868, 0.997351864165805]]
90187175	[1, [0.00795857335130401, 0.992041426648696]]
56864623	[1, [0.04454205708550352, 0.9554579429144965]]
96792942	[1, [0.0025781316205522042, 0.9974218683794478]]
7678076	[1, [0.011195898163825047, 0.988804101836175]]
23562081	[1, [0.04818186127345214, 0.9518181387265479]]
10182370	[1, [0.04196544058954954, 0.9580345594104505]]
6161520	[1, [0.02902235601424097, 0.970977643985759]]
40707591	[1, [0.0071341531157441684, 0.9928658468842558]]
48643317	[1, [0.0009163118060266928, 0.9990836881939733]]
6603600	[1, [0.037942702438135245, 0.9620572975618648]]
6605842	[1, [0.03571797173810498, 0.964282028261895]]
25086774	[1, [0.0420086869995574, 0.9579913130004426]]
7722896	[1, [0.02724386208000562, 0.9727561379199944]]
51625876	[1, [0.007752508658578017, 0.992247491341422]]
10212730	[1, [0.04426111841799596, 0.955738881582004]]
40721194	[1, [0.019723287239578724, 0.9802767127604213]]
7868198	[1, [0.029628946949681434, 0.9703710530503186]]
7869513	[1, [0.012380646793070604, 0.9876193532069294]]
7490755	[1, [0.0108968825771657, 0.9891031174228343]]
40698866	[1, [0.014180088516029588, 0.9858199114839704]]
9139522	[1, [0.04180515658065842, 0.9581948434193416]]
5570161	[1, [0.02590692976122777, 0.9740930702387722]]
40747942	[1, [0.017260823789904345, 0.9827391762100957]]
6605384	[1, [0.00978342162424417, 0.9902165783757558]]
35170613	[1, [0.028326398583644385, 0.9716736014163556]]
14491550	[1, [0.039108476610145826, 0.9608915233898542]]
62765577	[1, [0.03159664421850161, 0.9684033557814984]]
9258177	[1, [0.028416612591432133, 0.9715833874085679]]
99419520	[1, [0.014277097835086572, 0.9857229021649134]]
94745324	[1, [0.04173680836225857, 0.9582631916377414]]
56098946	[1, [0.0368195312467976, 0.9631804687532024]]
47311251	[1, [0.03903740757828267, 0.9609625924217173]]
85164286	[1, [0.0054457591936104555, 0.9945542408063895]]
74496891	[1, [0.023719459886577643, 0.9762805401134224]]
63651940	[1, [0.0014325260831727915, 0.9985674739168272]]
91891235	[1, [0.004130636771234153, 0.9958693632287658]]
56059705	[1, [0.020497892070501122, 0.9795021079294989]]
85159256	[1, [0.0004394670688994129, 0.9995605329311006]]
47311986	[1, [0.041192212681982476, 0.9588077873180175]]
9259095	[1, [0.030647580585486667, 0.9693524194145133]]
74512322	[1, [0.007872599407175884, 0.9921274005928241]]
74485996	[1, [0.01731611482752038, 0.9826838851724796]]
41184603	[1, [0.005026257884473306, 0.9949737421155267]]
75607530	[1, [0.0007712579900645, 0.9992287420099355]]
70419872	[1, [0.02210229396012986, 0.9778977060398701]]
70430707	[1, [0.04490409696457853, 0.9550959030354215]]
63661360	[1, [5.201425313572372e-05, 0.9999479857468643]]
70415641	[1, [0.0032584787224431144, 0.9967415212775569]]
85143454	[1, [0.024208995794068544, 0.9757910042059315]]
9258784	[1, [0.0011135779374334964, 0.9988864220625665]]
97070959	[1, [0.01721645477571332, 0.9827835452242867]]
91761990	[1, [0.004983244442832269, 0.9950167555571677]]
48158596	[1, [0.021172011352460274, 0.9788279886475397]]
87569746	[1, [0.0018503063230321803, 0.9981496936769678]]
9270470	[1, [0.012159991056596042, 0.987840008943404]]
96070563	[1, [0.00482072178615045, 0.9951792782138495]]
7999793	[1, [0.0013414445403563402, 0.9986585554596437]]
9270438	[1, [0.013723331554942875, 0.9862766684450571]]
7975380	[1, [0.03119053164214325, 0.9688094683578568]]
9109924	[1, [0.013233796793756025, 0.986766203206244]]
97121593	[1, [0.0031159521329368056, 0.9968840478670632]]
6439255	[1, [0.02505537236476374, 0.9749446276352363]]
9251985	[1, [0.0188730565155254, 0.9811269434844746]]
9320598	[1, [0.04061291275779655, 0.9593870872422035]]
6588555	[1, [0.04135009455371086, 0.9586499054462891]]
91213450	[1, [0.0035475928496597753, 0.9964524071503402]]
56412147	[1, [0.04354249464320159, 0.9564575053567984]]
7517513	[1, [0.023907525508031435, 0.9760924744919686]]
6586465	[1, [0.018049454457746417, 0.9819505455422536]]
6587443	[1, [0.021907561666052122, 0.9780924383339479]]
6587722	[1, [0.038034679910509794, 0.9619653200894902]]
9253347	[1, [0.01747725731575711, 0.9825227426842429]]
6586338	[1, [0.040097820161192343, 0.9599021798388077]]
9268280	[1, [0.0072370122396814285, 0.9927629877603186]]
82495393	[1, [0.022964964919081288, 0.9770350350809187]]
58772188	[1, [0.008823325337672938, 0.9911766746623271]]
