33475556	[1, [0.0423628260555734, 0.9576371739444266]]
79653202	[1, [0.04454443528781826, 0.9554555647121817]]
54866905	[1, [0.04698429325353881, 0.9530157067464612]]
77119006	[1, [0.016650414544891357, 0.9833495854551086]]
13113831	[1, [0.021463500716394468, 0.9785364992836055]]
47920039	[1, [0.002507136307609903, 0.9974928636923901]]
7662031	[1, [0.030180035177258424, 0.9698199648227416]]
25490094	[1, [0.010871298407146401, 0.9891287015928536]]
7726296	[1, [0.015758933679674514, 0.9842410663203255]]
12265356	[1, [0.01292502078552804, 0.987074979214472]]
29730395	[1, [0.03386554396845587, 0.9661344560315441]]
7965290	[1, [0.013646488147626257, 0.9863535118523737]]
99853145	[1, [0.02731623355752988, 0.9726837664424701]]
26674767	[1, [0.030040268652546165, 0.9699597313474538]]
26679346	[1, [0.01855947432111804, 0.981440525678882]]
9267377	[1, [0.004062229398327011, 0.995937770601673]]
21570582	[1, [0.047994758340982435, 0.9520052416590176]]
16921894	[1, [0.024065139282578252, 0.9759348607174217]]
99654085	[1, [0.03069656261411635, 0.9693034373858836]]
6657086	[1, [0.009048257007411853, 0.9909517429925881]]
43474320	[1, [0.04560631097895629, 0.9543936890210437]]
80296795	[1, [0.008722697319101358, 0.9912773026808986]]
84168016	[1, [0.03673206014489916, 0.9632679398551008]]
75678597	[1, [0.024667558160320846, 0.9753324418396792]]
56771144	[1, [0.011180429961989757, 0.9888195700380102]]
7724398	[1, [0.0286132053992173, 0.9713867946007827]]
7723651	[1, [0.026047388768242863, 0.9739526112317571]]
75959905	[1, [0.04935476458301247, 0.9506452354169875]]
26212685	[1, [0.008295653862291474, 0.9917043461377085]]
7724331	[1, [0.0284139561424519, 0.9715860438575481]]
7752304	[1, [0.011615067377903854, 0.9883849326220961]]
20581052	[1, [0.04465833333827618, 0.9553416666617238]]
26305936	[1, [0.01034093780762857, 0.9896590621923714]]
28895239	[1, [0.034610533066049, 0.965389466933951]]
73436538	[1, [0.04750510228575011, 0.9524948977142499]]
73463488	[1, [0.01198153507282651, 0.9880184649271735]]
94829073	[1, [0.038876754376022116, 0.9611232456239779]]
63280125	[1, [0.04857734333971697, 0.951422656660283]]
77977482	[1, [0.010984710369115969, 0.989015289630884]]
6134313	[1, [0.019010261692871788, 0.9809897383071282]]
51545522	[1, [0.04841745878298209, 0.9515825412170179]]
6137621	[1, [0.03426630725862989, 0.9657336927413701]]
18432747	[1, [0.0384384651486781, 0.9615615348513219]]
74653356	[1, [0.0294988366111284, 0.9705011633888716]]
20687680	[1, [0.03094606082002871, 0.9690539391799713]]
72983042	[1, [0.034823525069598515, 0.9651764749304015]]
80457472	[1, [0.015210644157671371, 0.9847893558423286]]
78714997	[1, [0.014979147031872309, 0.9850208529681277]]
85882825	[1, [0.028690399855496262, 0.9713096001445037]]
25185748	[1, [0.02290484101932233, 0.9770951589806777]]
23952039	[1, [0.04429145610241847, 0.9557085438975815]]
85926162	[1, [0.035080520537523086, 0.9649194794624769]]
95983247	[1, [0.02500304917285978, 0.9749969508271402]]
63797024	[1, [0.0076035728209619124, 0.9923964271790381]]
37441592	[1, [0.031897968654424846, 0.9681020313455752]]
74672887	[1, [0.020708996223030796, 0.9792910037769692]]
96601262	[1, [0.027433545028962114, 0.9725664549710379]]
76043222	[1, [0.03724132537586955, 0.9627586746241305]]
9154055	[1, [0.03364591171228781, 0.9663540882877122]]
97498910	[1, [0.029330905185547818, 0.9706690948144522]]
11615554	[1, [0.003168650012540297, 0.9968313499874597]]
62046669	[1, [0.03763256212972599, 0.962367437870274]]
7099503	[1, [0.042075252951932485, 0.9579247470480675]]
6116150	[1, [0.00602323330912069, 0.9939767666908793]]
40968810	[1, [0.030290886687159957, 0.96970911331284]]
92323688	[1, [0.0249978314871403, 0.9750021685128597]]
94607792	[1, [0.03511349257732088, 0.9648865074226791]]
18820499	[1, [0.0345891356658381, 0.9654108643341619]]
9231529	[1, [0.027179792044565887, 0.9728202079554341]]
7957147	[1, [0.01363796670250994, 0.9863620332974901]]
25288372	[1, [0.04332052314302659, 0.9566794768569734]]
77098794	[1, [0.01958279652887107, 0.9804172034711289]]
37595408	[1, [0.006839123963149341, 0.9931608760368507]]
19528555	[1, [0.039175779124910326, 0.9608242208750897]]
34728805	[1, [0.0465762890454956, 0.9534237109545044]]
93681707	[1, [0.046496825743351566, 0.9535031742566484]]
42974168	[1, [0.014208670581598026, 0.985791329418402]]
7965643	[1, [0.03243578698198857, 0.9675642130180114]]
48664233	[1, [0.018477335362475644, 0.9815226646375244]]
54433329	[1, [0.018821925982540844, 0.9811780740174592]]
48709336	[1, [0.017641796944171673, 0.9823582030558283]]
25876715	[1, [0.022914885332669055, 0.977085114667331]]
30145199	[1, [0.04738265295002653, 0.9526173470499735]]
62595975	[1, [0.033203488025180916, 0.9667965119748191]]
40408872	[1, [0.031088705625430313, 0.9689112943745697]]
83861290	[1, [0.04952911073861255, 0.9504708892613875]]
70103491	[1, [0.008095011471516589, 0.9919049885284834]]
94720038	[1, [0.034584172588887796, 0.9654158274111122]]
79302319	[1, [0.03740470585825206, 0.9625952941417479]]
57680304	[1, [0.04639870623883846, 0.9536012937611615]]
90765829	[1, [0.012599915266194417, 0.9874000847338056]]
37176522	[1, [0.04482109585775562, 0.9551789041422444]]
90703683	[1, [0.04712727715735765, 0.9528727228426424]]
45278160	[1, [0.017792170349397396, 0.9822078296506026]]
72540471	[1, [0.008418527092076578, 0.9915814729079234]]
7706240	[1, [0.04809576924180592, 0.9519042307581941]]
39275561	[1, [0.0015466955873235655, 0.9984533044126764]]
30520382	[1, [0.015634536622780804, 0.9843654633772192]]
28361240	[1, [0.017677928093934647, 0.9823220719060654]]
51197559	[1, [0.009171286671162848, 0.9908287133288372]]
52089026	[1, [0.029881298250050592, 0.9701187017499494]]
95050128	[1, [0.022313787472236113, 0.9776862125277639]]
39493662	[1, [0.036963314142005266, 0.9630366858579947]]
93101623	[1, [0.0380665371899066, 0.9619334628100934]]
97430942	[1, [0.0349936404596255, 0.9650063595403745]]
76586982	[1, [0.03906183162889909, 0.9609381683711009]]
96275801	[1, [0.034559842355009196, 0.9654401576449908]]
58539556	[1, [0.029391298491917017, 0.970608701508083]]
22825375	[1, [0.04898056679629714, 0.9510194332037029]]
39807411	[1, [0.017747534083208394, 0.9822524659167916]]
66461881	[1, [0.030261151983429935, 0.9697388480165701]]
22104802	[1, [0.007514646432097649, 0.9924853535679024]]
13783657	[1, [0.018146220637441535, 0.9818537793625585]]
9260462	[1, [0.036259752711134685, 0.9637402472888653]]
41931931	[1, [0.03718744452552114, 0.9628125554744789]]
6905474	[1, [0.03481781357011704, 0.965182186429883]]
32457052	[1, [0.011653124642676427, 0.9883468753573236]]
41901132	[1, [0.018989259542005477, 0.9810107404579945]]
24241460	[1, [0.007396091268045857, 0.9926039087319541]]
33786464	[1, [0.0056456351971292396, 0.9943543648028708]]
90019752	[1, [0.028966718368866107, 0.9710332816311339]]
19579019	[1, [0.04985262681009217, 0.9501473731899078]]
7130170	[1, [0.03894798769900809, 0.9610520123009919]]
39837810	[1, [0.007762381088615156, 0.9922376189113848]]
52544556	[1, [0.005812443972050052, 0.99418755602795]]
7743545	[1, [0.0420944543395847, 0.9579055456604153]]
89488353	[1, [0.03358446451998354, 0.9664155354800165]]
44587313	[1, [0.023650579409623562, 0.9763494205903764]]
7735741	[1, [0.0284139561424519, 0.9715860438575481]]
78912391	[1, [0.02959436285722361, 0.9704056371427764]]
59285459	[1, [0.032645619491870614, 0.9673543805081294]]
34306427	[1, [0.011353859323676163, 0.9886461406763238]]
76905227	[1, [0.03923446152228327, 0.9607655384777167]]
65475214	[1, [0.005089596143170838, 0.9949104038568292]]
9143506	[1, [0.03496156706056919, 0.9650384329394308]]
88516570	[1, [0.02806474368559364, 0.9719352563144064]]
26960813	[1, [0.020425627248339184, 0.9795743727516608]]
73525303	[1, [0.04036437345531707, 0.9596356265446829]]
60563524	[1, [0.01930297458349961, 0.9806970254165004]]
61392920	[1, [0.007288416045033164, 0.9927115839549668]]
6983666	[1, [0.047985762093633255, 0.9520142379063667]]
90584786	[1, [0.005236464195962354, 0.9947635358040376]]
12376559	[1, [0.017841258832005158, 0.9821587411679948]]
52696079	[1, [0.038222220292958964, 0.961777779707041]]
23560045	[1, [0.040306226125969125, 0.9596937738740309]]
96792942	[1, [0.038877122711233114, 0.9611228772887669]]
84079870	[1, [0.01536095581249608, 0.9846390441875039]]
23538074	[1, [0.011444948691455625, 0.9885550513085444]]
7412924	[1, [0.037907995910237524, 0.9620920040897625]]
49522160	[1, [0.028035589267272454, 0.9719644107327275]]
80483923	[1, [0.03961667596172247, 0.9603833240382775]]
77749257	[1, [0.01669243956597799, 0.983307560434022]]
7762843	[1, [0.01638035603392729, 0.9836196439660727]]
53729939	[1, [0.031864977965091024, 0.968135022034909]]
80473343	[1, [0.034673567406935724, 0.9653264325930643]]
49483252	[1, [0.020870503844739208, 0.9791294961552608]]
24596800	[1, [0.015542977957295867, 0.9844570220427041]]
44662122	[1, [0.012698046561728016, 0.987301953438272]]
95869449	[1, [0.041789820905113295, 0.9582101790948867]]
70733544	[1, [0.04707759333333217, 0.9529224066666678]]
89410169	[1, [0.02482354449510138, 0.9751764555048986]]
19902628	[1, [0.01308704082353751, 0.9869129591764625]]
16536726	[1, [0.02927099380257292, 0.9707290061974271]]
62514090	[1, [0.04002039079824515, 0.9599796092017548]]
93559869	[1, [0.03507384208090225, 0.9649261579190977]]
17813120	[1, [0.027477456414655488, 0.9725225435853445]]
93325268	[1, [0.03253059798517277, 0.9674694020148272]]
11417970	[1, [0.026443702199841157, 0.9735562978001588]]
83528063	[1, [0.006643608283111502, 0.9933563917168885]]
68872585	[1, [0.014600945717447078, 0.9853990542825529]]
76163925	[1, [0.021783646897518993, 0.978216353102481]]
36380298	[1, [0.026752970458286063, 0.9732470295417139]]
36410194	[1, [0.01043707289347584, 0.9895629271065242]]
52599896	[1, [0.028854606571530272, 0.9711453934284697]]
6161901	[1, [0.018493566344127133, 0.9815064336558729]]
36702000	[1, [0.006861066019172579, 0.9931389339808274]]
83291740	[1, [0.009308332194170044, 0.99069166780583]]
24895949	[1, [0.04939348273529709, 0.9506065172647029]]
83248719	[1, [0.028690399855496262, 0.9713096001445037]]
7746457	[1, [0.013398132901956905, 0.9866018670980431]]
28603584	[1, [0.03957018407722457, 0.9604298159227754]]
57289502	[1, [0.04454553286545737, 0.9554544671345426]]
7719200	[1, [0.03016226994438609, 0.9698377300556139]]
5548961	[1, [0.009264074582305715, 0.9907359254176943]]
50820516	[1, [0.00432062800587929, 0.9956793719941207]]
76483589	[1, [0.005777752644835932, 0.9942222473551641]]
75053643	[1, [0.0498210007997969, 0.9501789992002031]]
72811425	[1, [0.04349822350407939, 0.9565017764959206]]
38162610	[1, [0.01727261389105572, 0.9827273861089443]]
72129519	[1, [0.031154909030404965, 0.968845090969595]]
13537811	[1, [0.03837412900327519, 0.9616258709967248]]
27547342	[1, [0.033946567611917944, 0.9660534323880821]]
80644669	[1, [0.04628508413884458, 0.9537149158611554]]
85050386	[1, [0.04035810628974279, 0.9596418937102572]]
59237461	[1, [0.0426104152799176, 0.9573895847200824]]
44139321	[1, [0.007793891909257611, 0.9922061080907424]]
83026538	[1, [0.02575660391863943, 0.9742433960813606]]
31373203	[1, [0.013800089280044503, 0.9861999107199555]]
40555222	[1, [0.02305852867617386, 0.9769414713238261]]
40174125	[1, [0.016249518865138146, 0.9837504811348619]]
83086334	[1, [0.03265659597792836, 0.9673434040220716]]
40347695	[1, [0.04159204768406277, 0.9584079523159372]]
91047147	[1, [0.004432967423401268, 0.9955670325765987]]
41507070	[1, [0.01915830308906663, 0.9808416969109334]]
5805485	[1, [0.00819418184866072, 0.9918058181513393]]
63695261	[1, [0.030892234778729266, 0.9691077652212707]]
62765577	[1, [0.04906610270243217, 0.9509338972975678]]
94763064	[1, [0.010577301507765036, 0.989422698492235]]
6561659	[1, [0.04909202234454335, 0.9509079776554566]]
81838893	[1, [0.049979322883384136, 0.9500206771166159]]
14100014	[1, [0.010873682338979673, 0.9891263176610203]]
9129493	[1, [0.007462906888320298, 0.9925370931116797]]
39636379	[1, [0.011219098283508977, 0.988780901716491]]
39658357	[1, [0.03324189289821733, 0.9667581071017827]]
35535079	[1, [0.012773048925808217, 0.9872269510741918]]
67745476	[1, [0.02114848424431115, 0.9788515157556889]]
90654363	[1, [0.006061229829897541, 0.9939387701701025]]
74996629	[1, [0.020087160167557183, 0.9799128398324428]]
81666940	[1, [0.008502608343125773, 0.9914973916568742]]
26862218	[1, [0.019316727380377374, 0.9806832726196226]]
52835815	[1, [0.026429784373790732, 0.9735702156262093]]
9150306	[1, [0.016165638490316603, 0.9838343615096834]]
61229366	[1, [0.03501185633753656, 0.9649881436624634]]
61100184	[1, [0.011294733865067186, 0.9887052661349328]]
15087214	[1, [0.024633387832610043, 0.97536661216739]]
6526987	[1, [0.022360531152389562, 0.9776394688476104]]
6957454	[1, [0.047985762093633255, 0.9520142379063667]]
29789312	[1, [0.034158805332963116, 0.9658411946670369]]
27294532	[1, [0.021061985191793142, 0.9789380148082069]]
9309094	[1, [0.04850960930372061, 0.9514903906962794]]
64784043	[1, [0.012905659112180112, 0.9870943408878199]]
28212895	[1, [0.04983008492806207, 0.9501699150719379]]
