70768284	[1, [0.015309615364491824, 0.9846903846355082]]
49221493	[1, [0.016033118160824866, 0.9839668818391751]]
41656955	[1, [0.031050015657131946, 0.968949984342868]]
52458093	[1, [0.0007510067406402143, 0.9992489932593598]]
90117830	[1, [0.0022132291868253162, 0.9977867708131747]]
5837620	[1, [0.03395283735842691, 0.9660471626415731]]
37416487	[1, [0.003982382950485697, 0.9960176170495143]]
95025607	[1, [0.00014016122036875078, 0.9998598387796312]]
30714042	[1, [0.010014097976222214, 0.9899859020237778]]
9330848	[1, [0.025676564196321028, 0.974323435803679]]
52470471	[1, [0.011631994323110018, 0.98836800567689]]
49198689	[1, [0.0013939772061551947, 0.9986060227938448]]
64588237	[1, [0.0006360746203852852, 0.9993639253796147]]
97255820	[1, [0.0023957743815439247, 0.9976042256184561]]
11799703	[1, [0.049366416884937925, 0.9506335831150621]]
6601255	[1, [0.017887000358741245, 0.9821129996412588]]
53305118	[1, [0.04827557378338332, 0.9517244262166167]]
5632309	[1, [0.03958145796968071, 0.9604185420303193]]
59164106	[1, [0.02460287297408259, 0.9753971270259174]]
20478946	[1, [0.0346166989415555, 0.9653833010584445]]
36984747	[1, [0.04966346550699241, 0.9503365344930076]]
75726984	[1, [0.016775992772003256, 0.9832240072279967]]
69959697	[1, [0.004571558705502632, 0.9954284412944974]]
49081799	[1, [0.012476938321232867, 0.9875230616787671]]
7990828	[1, [0.001045538303724336, 0.9989544616962757]]
69610310	[1, [0.014051265613640118, 0.9859487343863599]]
60627727	[1, [0.030508953681877338, 0.9694910463181227]]
18306198	[1, [0.024012527021161967, 0.975987472978838]]
34357563	[1, [0.03074357194100641, 0.9692564280589936]]
34353468	[1, [0.0031224638060293186, 0.9968775361939707]]
49081753	[1, [0.02303141428029165, 0.9769685857197083]]
44884740	[1, [0.0003848225421845264, 0.9996151774578155]]
50466238	[1, [0.0013759131475409303, 0.9986240868524591]]
81901034	[1, [0.0003261931025146936, 0.9996738068974853]]
7970211	[1, [0.03940150107253171, 0.9605984989274683]]
7990182	[1, [0.034155588102193324, 0.9658444118978067]]
81944197	[1, [0.04609057255777993, 0.9539094274422201]]
7990298	[1, [0.0014694603217092483, 0.9985305396782908]]
50426165	[1, [0.0006675070475465894, 0.9993324929524534]]
85454924	[1, [0.010583443675639459, 0.9894165563243605]]
49539979	[1, [0.024066924215660812, 0.9759330757843392]]
49081604	[1, [0.04247608482897014, 0.9575239151710299]]
34338775	[1, [0.03470315705217786, 0.9652968429478221]]
50454171	[1, [8.263427353283337e-05, 0.9999173657264672]]
5191756	[1, [0.0030781064021481175, 0.9969218935978519]]
5349856	[1, [0.004709192541564988, 0.995290807458435]]
48568270	[1, [0.012642206829608149, 0.9873577931703919]]
85016757	[1, [0.0023591052734448503, 0.9976408947265551]]
6395594	[1, [0.037445354160356326, 0.9625546458396437]]
6394857	[1, [0.025712777977833223, 0.9742872220221668]]
98556122	[1, [0.004029049598841539, 0.9959709504011585]]
6395870	[1, [0.012300208674453694, 0.9876997913255463]]
87272963	[1, [0.03735649582201528, 0.9626435041779847]]
6397933	[1, [0.027065149991899906, 0.9729348500081001]]
97820467	[1, [0.03221531927778565, 0.9677846807222144]]
95889866	[1, [0.033307160782295675, 0.9666928392177043]]
6564424	[1, [0.028767912971796705, 0.9712320870282033]]
6395080	[1, [0.016908910902328378, 0.9830910890976716]]
44616921	[1, [0.01101098129896283, 0.9889890187010372]]
87275702	[1, [0.012401665736729295, 0.9875983342632707]]
98529827	[1, [0.041203787194929786, 0.9587962128050702]]
95865971	[1, [0.034350175570752706, 0.9656498244292473]]
44662122	[1, [0.049992943260476985, 0.950007056739523]]
6395024	[1, [0.025632447693243687, 0.9743675523067563]]
91521557	[1, [0.0074213468309530795, 0.9925786531690469]]
31791692	[1, [0.020124582717966022, 0.979875417282034]]
9327094	[1, [0.018364037802051536, 0.9816359621979485]]
24612551	[1, [0.03583411311273199, 0.964165886887268]]
17081966	[1, [0.022745170286095906, 0.9772548297139041]]
87272174	[1, [0.010353540888877188, 0.9896464591111228]]
6395908	[1, [0.027332152183771274, 0.9726678478162287]]
60013501	[1, [0.0022097549018269547, 0.997790245098173]]
24631911	[1, [0.0006916750518197734, 0.9993083249481802]]
80491991	[1, [0.02603493570647364, 0.9739650642935264]]
71912263	[1, [0.0020416336932846946, 0.9979583663067153]]
7361500	[1, [0.002607890894422371, 0.9973921091055776]]
84445656	[1, [0.004130206218070254, 0.9958697937819297]]
47441733	[1, [0.011147617972582458, 0.9888523820274175]]
92599819	[1, [0.024887093304439167, 0.9751129066955608]]
7360398	[1, [0.043579042404746526, 0.9564209575952535]]
53672739	[1, [0.011939533280181824, 0.9880604667198182]]
11845145	[1, [0.035182585676232336, 0.9648174143237677]]
92586544	[1, [0.039819086816508364, 0.9601809131834916]]
92569061	[1, [0.03177517947607278, 0.9682248205239272]]
54196039	[1, [0.04343064359420645, 0.9565693564057935]]
84505027	[1, [0.0314385560925583, 0.9685614439074417]]
46180634	[1, [0.00038498533783493105, 0.9996150146621651]]
11875184	[1, [0.043598500790739014, 0.956401499209261]]
7962789	[1, [0.015836134020174253, 0.9841638659798257]]
69731891	[1, [0.015062642578139274, 0.9849373574218607]]
31276139	[1, [0.02095975319493637, 0.9790402468050636]]
69448295	[1, [0.03611560057419316, 0.9638843994258068]]
93616265	[1, [0.004518102778909627, 0.9954818972210904]]
57816338	[1, [0.0009651588946880674, 0.9990348411053119]]
9217914	[1, [0.021977175696619833, 0.9780228243033802]]
9217266	[1, [0.04235063166073094, 0.9576493683392691]]
63740678	[1, [0.0005321375584440569, 0.9994678624415559]]
11378210	[1, [0.007353787893457087, 0.9926462121065429]]
67891067	[1, [0.013759799413842977, 0.986240200586157]]
7978137	[1, [0.0062890169847481525, 0.9937109830152518]]
88400395	[1, [0.02979752712994299, 0.970202472870057]]
93324686	[1, [0.018062991155579078, 0.9819370088444209]]
5105056	[1, [0.012457147480206543, 0.9875428525197935]]
6548347	[1, [0.04028563432694032, 0.9597143656730597]]
6542235	[1, [0.015774989985989918, 0.9842250100140101]]
31275763	[1, [0.0038779651907268065, 0.9961220348092732]]
25448899	[1, [0.02906022326697677, 0.9709397767330232]]
9116258	[1, [0.027968036794022155, 0.9720319632059778]]
83504608	[1, [0.0035267484724396114, 0.9964732515275604]]
5303283	[1, [0.004661003365155958, 0.995338996634844]]
35472197	[1, [0.00871342523380525, 0.9912865747661948]]
33110461	[1, [0.0010813285305257825, 0.9989186714694742]]
77635175	[1, [0.04497760870954759, 0.9550223912904524]]
92446418	[1, [0.03619418406475472, 0.9638058159352453]]
9313890	[1, [0.013318634298295828, 0.9866813657017042]]
35455800	[1, [0.012687905248316533, 0.9873120947516835]]
6138781	[1, [0.04177714477326966, 0.9582228552267303]]
73423595	[1, [0.03771532163399216, 0.9622846783660078]]
38447687	[1, [0.0499066123960038, 0.9500933876039962]]
63267615	[1, [0.02368184313565269, 0.9763181568643473]]
92463659	[1, [0.01522968223878185, 0.9847703177612182]]
9313986	[1, [0.009775933075685583, 0.9902240669243144]]
19651219	[1, [0.000830522306675685, 0.9991694776933243]]
91424223	[1, [0.01654835162535573, 0.9834516483746443]]
6135402	[1, [0.00685905592139191, 0.9931409440786081]]
51552771	[1, [0.01462590218166182, 0.9853740978183382]]
18413248	[1, [0.027227227408077925, 0.9727727725919221]]
66524765	[1, [0.017381845370806115, 0.9826181546291939]]
89933522	[1, [0.039294833130991136, 0.9607051668690089]]
38432126	[1, [0.0008543000019808344, 0.9991456999980192]]
77678432	[1, [0.03488965441421743, 0.9651103455857826]]
26266306	[1, [0.003530603231898577, 0.9964693967681014]]
73826438	[1, [0.030287969360265232, 0.9697120306397348]]
37206671	[1, [0.024409634726846097, 0.9755903652731539]]
6473235	[1, [0.025025263773206907, 0.9749747362267931]]
60035772	[1, [0.04791105076906654, 0.9520889492309335]]
81387998	[1, [0.01296032273893244, 0.9870396772610676]]
81407655	[1, [0.03463919791124759, 0.9653608020887524]]
60074022	[1, [0.0037940603664637917, 0.9962059396335362]]
68242593	[1, [0.0022131227727579805, 0.997786877227242]]
83877904	[1, [0.03832313290486311, 0.9616768670951369]]
94054599	[1, [0.0049779655476176465, 0.9950220344523824]]
6240773	[1, [0.011376414298724269, 0.9886235857012757]]
58039231	[1, [0.02261235151849994, 0.9773876484815001]]
6473420	[1, [0.045118925986307845, 0.9548810740136922]]
37216435	[1, [0.022947471909765538, 0.9770525280902345]]
58610243	[1, [0.046648810216522674, 0.9533511897834773]]
42354669	[1, [0.0191524951248907, 0.9808475048751093]]
93197995	[1, [0.008443742237939977, 0.99155625776206]]
5731195	[1, [0.011296470708360484, 0.9887035292916395]]
29371195	[1, [0.010155792770691563, 0.9898442072293084]]
42974955	[1, [0.01197394724768841, 0.9880260527523116]]
7611177	[1, [0.010309781152655129, 0.9896902188473449]]
6421732	[1, [0.041576306104618155, 0.9584236938953818]]
6418600	[1, [0.013662910888165514, 0.9863370891118345]]
6422078	[1, [0.006158141397435535, 0.9938418586025645]]
45719955	[1, [0.013113701359944496, 0.9868862986400555]]
9287034	[1, [0.031284591321712685, 0.9687154086782873]]
6419318	[1, [0.005817346251922095, 0.9941826537480779]]
6422112	[1, [0.01984595489605212, 0.9801540451039479]]
6421390	[1, [0.01730230344116912, 0.9826976965588309]]
34515507	[1, [0.005737611066075288, 0.9942623889339247]]
30398179	[1, [0.0068721447837658545, 0.9931278552162341]]
42974168	[1, [0.007930765883247148, 0.9920692341167529]]
6418123	[1, [0.045482505230968195, 0.9545174947690318]]
54064668	[1, [0.044215761194183245, 0.9557842388058168]]
6417887	[1, [0.02552616112010253, 0.9744738388798975]]
6420164	[1, [0.008020728575324876, 0.9919792714246751]]
6421937	[1, [0.010828126946121897, 0.9891718730538781]]
30388686	[1, [0.0033552597641585136, 0.9966447402358415]]
57506414	[1, [0.012412334374290124, 0.9875876656257099]]
6419991	[1, [0.036871256522299944, 0.9631287434777001]]
73193677	[1, [0.0006590498216413332, 0.9993409501783587]]
6421789	[1, [0.027627373546670886, 0.9723726264533291]]
6888841	[1, [0.04524514808444868, 0.9547548519155513]]
19525377	[1, [0.001184960911652544, 0.9988150390883475]]
19528555	[1, [0.014105776991126695, 0.9858942230088733]]
45694775	[1, [0.00523815180209497, 0.994761848197905]]
79969823	[1, [0.011140445628815887, 0.9888595543711841]]
9345377	[1, [0.00340021782150679, 0.9965997821784932]]
9324753	[1, [0.02343224348444084, 0.9765677565155592]]
76003596	[1, [0.008378125743416232, 0.9916218742565838]]
88251393	[1, [0.01069744854476884, 0.9893025514552312]]
72324512	[1, [0.03734930603930242, 0.9626506939606976]]
7616798	[1, [0.014611698163018882, 0.9853883018369811]]
7850154	[1, [0.04189551828237714, 0.9581044817176229]]
46065161	[1, [0.02070325330762779, 0.9792967466923722]]
83167931	[1, [0.0017336686636900689, 0.9982663313363099]]
9296255	[1, [0.01640217412688383, 0.9835978258731162]]
62057253	[1, [0.047516513138069705, 0.9524834868619303]]
79976556	[1, [0.04779964137205872, 0.9522003586279413]]
43482203	[1, [0.03533035463866463, 0.9646696453613354]]
13914829	[1, [0.023360816980111387, 0.9766391830198886]]
64684147	[1, [0.04256021191564219, 0.9574397880843578]]
48121961	[1, [0.02275023757273742, 0.9772497624272626]]
96540362	[1, [0.041356904488989876, 0.9586430955110101]]
36332597	[1, [0.039962635044375805, 0.9600373649556242]]
6960887	[1, [0.029573941026945882, 0.9704260589730541]]
6503738	[1, [0.027617234916544664, 0.9723827650834553]]
47594262	[1, [0.014730491691855585, 0.9852695083081444]]
27499281	[1, [0.009809144463628905, 0.9901908555363711]]
23121187	[1, [0.00034221965621805683, 0.9996577803437819]]
92764441	[1, [0.025514104112379088, 0.9744858958876209]]
10606414	[1, [0.01729401281378562, 0.9827059871862144]]
7776963	[1, [0.042577574171952404, 0.9574224258280476]]
43508443	[1, [0.010854938876234677, 0.9891450611237653]]
17533563	[1, [0.031904324125145656, 0.9680956758748543]]
10593590	[1, [0.02789815383691363, 0.9721018461630864]]
47610134	[1, [0.0002819299951265508, 0.9997180700048734]]
37918115	[1, [1.8403216363482855e-05, 0.9999815967836365]]
48889692	[1, [0.007794783706218222, 0.9922052162937818]]
27480753	[1, [0.018068672976152556, 0.9819313270238474]]
28682765	[1, [0.01214368485891626, 0.9878563151410837]]
79265627	[1, [0.002328136538955028, 0.997671863461045]]
55151873	[1, [0.04495342023307203, 0.955046579766928]]
68176308	[1, [0.018995329667598315, 0.9810046703324017]]
33263647	[1, [0.034883514931073445, 0.9651164850689266]]
7844375	[1, [0.044566404960564854, 0.9554335950394351]]
11770889	[1, [0.0006216309333954007, 0.9993783690666046]]
41507070	[1, [0.005218393108069597, 0.9947816068919304]]
82379382	[1, [0.024486205226649127, 0.9755137947733509]]
39038437	[1, [0.01135283413984034, 0.9886471658601597]]
6110756	[1, [0.027701053653499397, 0.9722989463465006]]
68195976	[1, [0.030387547328320164, 0.9696124526716798]]
6516329	[1, [0.034041706145578776, 0.9659582938544212]]
78406185	[1, [0.0002618265208321757, 0.9997381734791678]]
46401432	[1, [0.011836029482492738, 0.9881639705175073]]
39028131	[1, [0.006257480119272074, 0.9937425198807279]]
68172501	[1, [0.026418461984133557, 0.9735815380158664]]
68191288	[1, [0.011933437843658301, 0.9880665621563417]]
74812395	[1, [0.023158399687759013, 0.976841600312241]]
9272140	[1, [0.006158362672295303, 0.9938416373277047]]
7985627	[1, [0.0025974293393847825, 0.9974025706606152]]
78376412	[1, [0.0014317170692984549, 0.9985682829307015]]
9273061	[1, [0.02272732734834504, 0.977272672651655]]
6513903	[1, [0.00931739633123052, 0.9906826036687695]]
9048107	[1, [0.013760899350170774, 0.9862391006498292]]
92554854	[1, [0.027305675100099625, 0.9726943248999004]]
71765233	[1, [0.001156704726611113, 0.9988432952733889]]
61184267	[1, [0.042633611804404725, 0.9573663881955953]]
79579649	[1, [0.01904612910755943, 0.9809538708924406]]
6146823	[1, [0.004300787628949476, 0.9956992123710505]]
54580860	[1, [0.02486718512085917, 0.9751328148791408]]
79808211	[1, [0.03258697734284255, 0.9674130226571575]]
99654155	[1, [0.006119294120893293, 0.9938807058791067]]
19182753	[1, [0.034852891328821856, 0.9651471086711781]]
99611978	[1, [0.013627072324990386, 0.9863729276750096]]
9113214	[1, [0.006886364006263301, 0.9931136359937367]]
79852667	[1, [0.006785970195864577, 0.9932140298041354]]
65630085	[1, [0.04986870807445942, 0.9501312919255406]]
9284768	[1, [0.011409821766722561, 0.9885901782332774]]
35049345	[1, [0.04452978737406743, 0.9554702126259326]]
7968252	[1, [0.015494254023206033, 0.984505745976794]]
97951307	[1, [0.012385407286871541, 0.9876145927131285]]
12334550	[1, [0.049866985443162704, 0.9501330145568373]]
85812372	[1, [0.0179388877895601, 0.9820611122104399]]
74909106	[1, [0.010346997586188178, 0.9896530024138118]]
62654924	[1, [0.0323916647093917, 0.9676083352906083]]
38379216	[1, [0.023766352368070898, 0.9762336476319291]]
61442654	[1, [0.022127371432301923, 0.9778726285676981]]
27389536	[1, [0.01282350546268296, 0.987176494537317]]
66308608	[1, [0.023264958825369608, 0.9767350411746304]]
57868359	[1, [0.03423814321498775, 0.9657618567850123]]
27331239	[1, [0.00341454376081618, 0.9965854562391838]]
35000994	[1, [0.020058194958374576, 0.9799418050416254]]
7960263	[1, [0.004800182341278214, 0.9951998176587218]]
7968149	[1, [0.04621671641581371, 0.9537832835841863]]
21029154	[1, [0.011940541038763852, 0.9880594589612361]]
97949287	[1, [0.0007293718180323427, 0.9992706281819677]]
86305891	[1, [0.013323948713470424, 0.9866760512865296]]
40207593	[1, [0.019098110511032274, 0.9809018894889677]]
86997329	[1, [0.006052530948053247, 0.9939474690519468]]
97962158	[1, [0.04795752571637624, 0.9520424742836238]]
62367125	[1, [0.04444825601305624, 0.9555517439869438]]
62353783	[1, [0.017876909266671293, 0.9821230907333287]]
24663093	[1, [0.013611897817126017, 0.986388102182874]]
99023240	[1, [0.00019827370684732948, 0.9998017262931527]]
42288570	[1, [0.03501378212376116, 0.9649862178762388]]
7674689	[1, [0.007558464876158855, 0.9924415351238411]]
29614182	[1, [0.024577610127725413, 0.9754223898722746]]
42320776	[1, [0.0005645824908246944, 0.9994354175091753]]
60706137	[1, [0.006598258059969497, 0.9934017419400305]]
62367113	[1, [0.003877159737508129, 0.9961228402624919]]
6550722	[1, [0.017833293162386465, 0.9821667068376135]]
61408411	[1, [0.023127247319538635, 0.9768727526804614]]
97543711	[1, [0.0007261825513456, 0.9992738174486544]]
56546620	[1, [0.029501333963421583, 0.9704986660365784]]
6552462	[1, [0.042562063358335345, 0.9574379366416647]]
88619094	[1, [0.00019375654033515488, 0.9998062434596648]]
24689430	[1, [0.007337483539524126, 0.9926625164604759]]
9065453	[1, [0.028907416031839328, 0.9710925839681607]]
20014045	[1, [0.018890301477255345, 0.9811096985227447]]
89527177	[1, [0.00692964198606405, 0.993070358013936]]
6559561	[1, [0.018975601399459197, 0.9810243986005408]]
13093289	[1, [0.019887446145380627, 0.9801125538546194]]
80063099	[1, [0.02565417104469525, 0.9743458289553047]]
80042071	[1, [0.00027311285359599147, 0.999726887146404]]
12448316	[1, [0.02336930329902276, 0.9766306967009772]]
79909000	[1, [0.027831871091196225, 0.9721681289088038]]
67831894	[1, [0.0005903384633287878, 0.9994096615366712]]
49713375	[1, [0.03379183314397016, 0.9662081668560298]]
13054180	[1, [0.016190755209511853, 0.9838092447904881]]
43393489	[1, [0.023083099551792885, 0.9769169004482071]]
5585253	[1, [0.004776745273231353, 0.9952232547267686]]
39619506	[1, [0.02729987988536453, 0.9727001201146355]]
6563819	[1, [0.024452945426098105, 0.9755470545739019]]
24968460	[1, [0.0002935745218265451, 0.9997064254781735]]
46917998	[1, [0.0066798374563317164, 0.9933201625436683]]
46938576	[1, [0.022917386566949194, 0.9770826134330508]]
71313964	[1, [0.02739237054639576, 0.9726076294536042]]
80055898	[1, [0.003760941651321903, 0.9962390583486781]]
9055223	[1, [0.04513211546468787, 0.9548678845353121]]
43933851	[1, [0.023065705783121837, 0.9769342942168782]]
34242469	[1, [0.03571401997216206, 0.9642859800278379]]
6311492	[1, [0.048662593439039004, 0.951337406560961]]
67954852	[1, [0.010184062625071766, 0.9898159373749282]]
88692447	[1, [0.0036545054951294675, 0.9963454945048705]]
49985838	[1, [0.006106653993876554, 0.9938933460061234]]
7820058	[1, [0.042921959378141805, 0.9570780406218582]]
49973836	[1, [0.04130366976243216, 0.9586963302375678]]
7820502	[1, [0.04425134710094436, 0.9557486528990556]]
9145787	[1, [0.008613071799638772, 0.9913869282003612]]
88689020	[1, [0.0016198129168915054, 0.9983801870831085]]
6296721	[1, [0.012029227305826451, 0.9879707726941735]]
72700573	[1, [0.034089525865095394, 0.9659104741349046]]
88668780	[1, [0.00694671041993733, 0.9930532895800627]]
82002297	[1, [0.0001203061126425764, 0.9998796938873574]]
20193036	[1, [0.007107026339225997, 0.992892973660774]]
13524145	[1, [0.025086897986728585, 0.9749131020132714]]
5705913	[1, [0.019987754141150282, 0.9800122458588497]]
7758290	[1, [0.0304167352738961, 0.9695832647261039]]
6300962	[1, [0.002115219234068655, 0.9978847807659313]]
6400905	[1, [0.020771147240037258, 0.9792288527599627]]
43142588	[1, [0.0091080127876485, 0.9908919872123515]]
92249357	[1, [0.00872779114484279, 0.9912722088551572]]
12698510	[1, [0.0025004565419952662, 0.9974995434580047]]
6244071	[1, [0.0019291070986362513, 0.9980708929013637]]
9036201	[1, [0.019371685093079738, 0.9806283149069203]]
49791394	[1, [0.03697220779373411, 0.9630277922062659]]
30211829	[1, [0.004799926959718204, 0.9952000730402818]]
78579157	[1, [0.0014895707895865584, 0.9985104292104134]]
6402770	[1, [0.029263856472965255, 0.9707361435270347]]
6249193	[1, [0.006424693353321187, 0.9935753066466788]]
9273840	[1, [0.004276441616842042, 0.995723558383158]]
6399807	[1, [0.026849003727570264, 0.9731509962724297]]
78543377	[1, [0.04190159306939967, 0.9580984069306003]]
6398514	[1, [0.04086074043748489, 0.9591392595625151]]
43111327	[1, [0.03963412450470549, 0.9603658754952945]]
79296163	[1, [0.04138247951418039, 0.9586175204858196]]
12726443	[1, [0.047243803658555406, 0.9527561963414446]]
81212360	[1, [0.001057723901396912, 0.9989422760986031]]
6628069	[1, [0.025571153152062265, 0.9744288468479377]]
92268208	[1, [0.026357507558355753, 0.9736424924416442]]
6398776	[1, [0.01227990087644415, 0.9877200991235559]]
9304580	[1, [0.008880449107301125, 0.9911195508926989]]
6402481	[1, [0.034071661612692816, 0.9659283383873072]]
6399748	[1, [0.0026214751890483168, 0.9973785248109517]]
6401181	[1, [0.037445354160356326, 0.9625546458396437]]
6401317	[1, [0.03744717337249004, 0.96255282662751]]
6400072	[1, [0.004179387000699197, 0.9958206129993008]]
7648181	[1, [0.01995249627237583, 0.9800475037276242]]
99900796	[1, [0.02264574077080561, 0.9773542592291944]]
9139009	[1, [0.00268192796764799, 0.997318072032352]]
28150947	[1, [0.004324217657015961, 0.995675782342984]]
28162903	[1, [0.01600898010984031, 0.9839910198901597]]
68030944	[1, [0.00037503677056105467, 0.999624963229439]]
55247233	[1, [0.0005053003809963874, 0.9994946996190036]]
26647350	[1, [0.0005671584551808495, 0.9994328415448192]]
15301286	[1, [0.00330332770124242, 0.9966966722987576]]
9138471	[1, [0.015473026606719786, 0.9845269733932802]]
93930870	[1, [0.045505736806796926, 0.9544942631932031]]
55282524	[1, [3.574804735673176e-06, 0.9999964251952643]]
28127165	[1, [0.010582955552418949, 0.989417044447581]]
43049623	[1, [0.032887063364830604, 0.9671129366351694]]
69076314	[1, [0.04675461595139141, 0.9532453840486086]]
80390259	[1, [0.005716717354108836, 0.9942832826458912]]
69185896	[1, [0.015477676359873849, 0.9845223236401262]]
59004462	[1, [0.041948039887949706, 0.9580519601120503]]
52149625	[1, [0.02100649402717758, 0.9789935059728224]]
81612646	[1, [0.009709144318875373, 0.9902908556811246]]
58996592	[1, [0.047243803658555406, 0.9527561963414446]]
41871493	[1, [0.013996746333294952, 0.986003253666705]]
69214415	[1, [0.003424807447779954, 0.99657519255222]]
95754405	[1, [0.033947874494646424, 0.9660521255053536]]
52145122	[1, [0.006847568290394124, 0.9931524317096059]]
9104993	[1, [0.03270708327501903, 0.967292916724981]]
69206253	[1, [0.005090367538295393, 0.9949096324617046]]
80392413	[1, [0.015068108256516166, 0.9849318917434838]]
26876247	[1, [0.000515573988467577, 0.9994844260115324]]
33369941	[1, [0.015322833592877116, 0.9846771664071229]]
95712959	[1, [0.04445658606733782, 0.9555434139326622]]
81630611	[1, [0.014115345746660957, 0.985884654253339]]
95780540	[1, [0.0005957113897203659, 0.9994042886102796]]
95777169	[1, [0.017640128091942042, 0.982359871908058]]
34663871	[1, [0.03287778665774166, 0.9671222133422583]]
31981950	[1, [0.004224525302956583, 0.9957754746970434]]
36954337	[1, [0.007923101623494855, 0.9920768983765051]]
7985244	[1, [0.0022973174805817065, 0.9977026825194183]]
9191915	[1, [0.0061022324038414455, 0.9938977675961586]]
40938067	[1, [0.0056409973263672475, 0.9943590026736328]]
34644690	[1, [0.014922770841007238, 0.9850772291589928]]
34664626	[1, [0.03600478631576709, 0.9639952136842329]]
7984667	[1, [0.048559294220403504, 0.9514407057795965]]
31175632	[1, [0.00025667812862906203, 0.9997433218713709]]
16849536	[1, [0.01203537187111392, 0.9879646281288861]]
34620997	[1, [0.01940972180857059, 0.9805902781914294]]
7984786	[1, [0.006229284328221563, 0.9937707156717784]]
25070329	[1, [0.03367426368257309, 0.9663257363174269]]
34690567	[1, [0.011447601468707158, 0.9885523985312928]]
23654463	[1, [0.028465211249448674, 0.9715347887505513]]
30787705	[1, [0.02519564221813342, 0.9748043577818666]]
76701625	[1, [0.008034701836665215, 0.9919652981633348]]
6436757	[1, [0.008003954003977687, 0.9919960459960223]]
39184861	[1, [0.0017011724292571584, 0.9982988275707428]]
22849940	[1, [0.03011676572145805, 0.969883234278542]]
58510944	[1, [0.02203563212447235, 0.9779643678755277]]
58518944	[1, [0.011744577742675899, 0.9882554222573241]]
46284216	[1, [0.00042149768192245585, 0.9995785023180775]]
56799972	[1, [0.034852891328821856, 0.9651471086711781]]
6611878	[1, [0.048202197551629355, 0.9517978024483706]]
88119648	[1, [0.037697542491320846, 0.9623024575086792]]
7356231	[1, [0.02790464442588725, 0.9720953555741128]]
30840545	[1, [0.008279627243096721, 0.9917203727569033]]
6612563	[1, [0.02976142005794513, 0.9702385799420549]]
6436490	[1, [0.03982794359158792, 0.9601720564084121]]
7829224	[1, [0.0049436637930546645, 0.9950563362069453]]
22832270	[1, [0.008503541154141536, 0.9914964588458585]]
9292710	[1, [0.010235200082669649, 0.9897647999173304]]
38627568	[1, [0.011354514618473366, 0.9886454853815266]]
22857893	[1, [0.04084837032367139, 0.9591516296763286]]
6437385	[1, [0.005975704568321749, 0.9940242954316783]]
9234852	[1, [0.008954761482574458, 0.9910452385174255]]
9291461	[1, [0.004562225999166225, 0.9954377740008338]]
84706905	[1, [0.03634419496090724, 0.9636558050390928]]
7988499	[1, [0.010196063847857428, 0.9898039361521426]]
7966477	[1, [0.006422344811951031, 0.993577655188049]]
6151058	[1, [0.0073875061370297646, 0.9926124938629702]]
62933958	[1, [0.0037252106396167273, 0.9962747893603833]]
14842697	[1, [0.03703072698834897, 0.962969273011651]]
63908551	[1, [0.015695679678099483, 0.9843043203219005]]
94528369	[1, [0.006537196052797123, 0.9934628039472029]]
39377574	[1, [0.02557929276763804, 0.974420707232362]]
71793094	[1, [0.03160999888756244, 0.9683900011124376]]
5918251	[1, [0.00018945238027101574, 0.999810547619729]]
7966631	[1, [0.048202197551629355, 0.9517978024483706]]
63553390	[1, [0.04574525607652846, 0.9542547439234715]]
15285116	[1, [0.0019764241083818357, 0.9980235758916182]]
63903797	[1, [0.0006056438287429522, 0.999394356171257]]
7735044	[1, [0.007591664716274704, 0.9924083352837253]]
90883138	[1, [0.022507253138761674, 0.9774927468612383]]
19078562	[1, [0.01997323571973575, 0.9800267642802643]]
73365007	[1, [0.036966163935391316, 0.9630338360646087]]
48799900	[1, [0.030334203445186447, 0.9696657965548136]]
36012120	[1, [0.03294148334365077, 0.9670585166563492]]
49011599	[1, [0.0188465819931386, 0.9811534180068614]]
41963053	[1, [0.021555518804445395, 0.9784444811955546]]
19249635	[1, [0.034974631195776706, 0.9650253688042233]]
7691628	[1, [0.03444588705113438, 0.9655541129488656]]
6320788	[1, [0.014548568435085896, 0.9854514315649141]]
6315879	[1, [0.0054175961916095305, 0.9945824038083905]]
13783657	[1, [0.003292978302259275, 0.9967070216977407]]
19719350	[1, [0.03740436258641755, 0.9625956374135825]]
9027279	[1, [0.01292870059304474, 0.9870712994069553]]
19301974	[1, [0.013133722706445305, 0.9868662772935547]]
41986078	[1, [0.026833701557259948, 0.97316629844274]]
42013602	[1, [0.005528911326251551, 0.9944710886737484]]
22104802	[1, [0.011023773556140148, 0.9889762264438599]]
19724376	[1, [0.029193236633234698, 0.9708067633667653]]
66430384	[1, [0.03682604939841316, 0.9631739506015868]]
42025212	[1, [0.0014461557419692683, 0.9985538442580307]]
22140219	[1, [0.01632137638366593, 0.9836786236163341]]
45377592	[1, [0.0019195675677753377, 0.9980804324322247]]
22285242	[1, [0.009307666197227227, 0.9906923338027728]]
73564871	[1, [0.04297546817231235, 0.9570245318276877]]
80968078	[1, [0.019287789791870846, 0.9807122102081292]]
22308054	[1, [0.025443412754074246, 0.9745565872459258]]
98302037	[1, [0.004010414561178566, 0.9959895854388214]]
50644884	[1, [0.015940592597066594, 0.9840594074029334]]
33806330	[1, [0.014601450612908073, 0.9853985493870919]]
24286607	[1, [0.035453076513015325, 0.9645469234869847]]
55934852	[1, [0.006693379916365982, 0.993306620083634]]
97200520	[1, [0.02274474226662193, 0.9772552577333781]]
79364629	[1, [0.012615586965652348, 0.9873844130343477]]
39996159	[1, [0.02477553730961357, 0.9752244626903864]]
60527454	[1, [0.03354021492934245, 0.9664597850706576]]
7991195	[1, [0.006318894049820667, 0.9936811059501793]]
53844265	[1, [0.0006265330105403866, 0.9993734669894596]]
27878639	[1, [0.015640950846443458, 0.9843590491535565]]
95332693	[1, [0.02278482729704545, 0.9772151727029545]]
6445535	[1, [0.03848980015071912, 0.9615101998492809]]
90054613	[1, [0.0400315175756486, 0.9599684824243514]]
60522879	[1, [0.0011438812943216359, 0.9988561187056784]]
94138372	[1, [0.0010561659368941712, 0.9989438340631058]]
96089903	[1, [0.0005090859741228027, 0.9994909140258772]]
94087796	[1, [0.03217564307716714, 0.9678243569228329]]
6391587	[1, [0.01746877238636868, 0.9825312276136313]]
72889374	[1, [0.01134493269848047, 0.9886550673015195]]
6387050	[1, [0.03836461067235031, 0.9616353893276497]]
6389199	[1, [0.032188732551431065, 0.9678112674485689]]
45298942	[1, [0.021630010852825343, 0.9783699891471747]]
6393866	[1, [0.02417993563552101, 0.975820064364479]]
6387205	[1, [0.022762598525665867, 0.9772374014743341]]
6388977	[1, [0.041145420819884926, 0.9588545791801151]]
6386986	[1, [0.004544936796102017, 0.995455063203898]]
31121667	[1, [0.005193493338062627, 0.9948065066619374]]
6390822	[1, [0.02993509357668045, 0.9700649064233196]]
72930405	[1, [0.04271342423427393, 0.9572865757657261]]
16317063	[1, [0.0018316890353237136, 0.9981683109646763]]
62840745	[1, [0.0002473867628716153, 0.9997526132371284]]
6391241	[1, [0.020927089914555497, 0.9790729100854445]]
6392699	[1, [0.04036791182999666, 0.9596320881700033]]
6389451	[1, [0.004738423611524767, 0.9952615763884752]]
6595055	[1, [0.015475296462673649, 0.9845247035373264]]
6392754	[1, [0.037214464340291964, 0.962785535659708]]
62900527	[1, [0.04063209940991164, 0.9593679005900884]]
6392551	[1, [0.021491731605571274, 0.9785082683944287]]
6388598	[1, [0.016884356540328382, 0.9831156434596716]]
6451091	[1, [0.04502020165078502, 0.954979798349215]]
6452213	[1, [0.00017275572706265674, 0.9998272442729373]]
6386448	[1, [0.0213611182444976, 0.9786388817555024]]
6393668	[1, [0.031181029877028532, 0.9688189701229715]]
6389701	[1, [0.015520455713688097, 0.9844795442863119]]
7798692	[1, [0.01290974258918276, 0.9870902574108172]]
58072381	[1, [3.0034997456018786e-05, 0.999969965002544]]
6386423	[1, [0.012999034737790183, 0.9870009652622098]]
6387372	[1, [0.03042893238550637, 0.9695710676144936]]
6391986	[1, [0.038308527777785484, 0.9616914722222145]]
5883957	[1, [0.008279139434035576, 0.9917208605659644]]
6595098	[1, [0.02976142005794513, 0.9702385799420549]]
6390549	[1, [0.009828186914885184, 0.9901718130851148]]
6388266	[1, [0.031282039794689354, 0.9687179602053106]]
6391401	[1, [0.044654819281286784, 0.9553451807187132]]
6387984	[1, [0.01747281832356351, 0.9825271816764365]]
72905429	[1, [0.0340167475427654, 0.9659832524572346]]
6391678	[1, [0.021754035150106543, 0.9782459648498935]]
62900805	[1, [0.015592466380829784, 0.9844075336191702]]
6387720	[1, [0.017348777172190744, 0.9826512228278093]]
6390106	[1, [0.03980440794023443, 0.9601955920597656]]
47001015	[1, [0.0023133786743049223, 0.9976866213256951]]
6449711	[1, [0.029247707511173338, 0.9707522924888267]]
6392807	[1, [0.027218366320507448, 0.9727816336794926]]
6388892	[1, [0.027547273165448694, 0.9724527268345513]]
30059999	[1, [0.005917523898506638, 0.9940824761014934]]
97432765	[1, [0.025231726384693065, 0.9747682736153069]]
64055565	[1, [1.9305750988740655e-05, 0.9999806942490113]]
68389858	[1, [0.0002867112752572565, 0.9997132887247427]]
16278342	[1, [0.049101153335069925, 0.9508988466649301]]
97381931	[1, [0.027859598167077282, 0.9721404018329227]]
96250514	[1, [0.031029474261823453, 0.9689705257381765]]
50188243	[1, [0.008171128055659449, 0.9918288719443406]]
84884855	[1, [0.04745086090830031, 0.9525491390916997]]
84879528	[1, [0.009648599819973125, 0.9903514001800269]]
97430942	[1, [0.0027302631464432014, 0.9972697368535568]]
6334672	[1, [0.009396793447398966, 0.990603206552601]]
7804056	[1, [0.017336489691232693, 0.9826635103087673]]
51127542	[1, [0.016730265983731063, 0.9832697340162689]]
96298849	[1, [0.04847119668581623, 0.9515288033141838]]
97391055	[1, [0.014991347833177793, 0.9850086521668222]]
7554981	[1, [0.03483207973417235, 0.9651679202658277]]
46018372	[1, [0.024684245741141142, 0.9753157542588589]]
6333085	[1, [0.009792067474012067, 0.9902079325259879]]
6335019	[1, [0.04091481874124403, 0.959085181258756]]
20444434	[1, [0.02353437443969042, 0.9764656255603096]]
9223865	[1, [0.009096743675041319, 0.9909032563249587]]
27173268	[1, [0.014253512684948788, 0.9857464873150512]]
71504009	[1, [0.019631201928737796, 0.9803687980712622]]
94148780	[1, [0.007275223973878364, 0.9927247760261216]]
7984050	[1, [0.004731667138795803, 0.9952683328612042]]
77798183	[1, [0.0001799946596274804, 0.9998200053403725]]
63962773	[1, [0.040807879548474646, 0.9591921204515254]]
7983456	[1, [0.010300041117519476, 0.9896999588824805]]
9248744	[1, [0.04519242000838963, 0.9548075799916104]]
7742179	[1, [0.0399340287622485, 0.9600659712377515]]
6491915	[1, [0.04653722128784943, 0.9534627787121506]]
77799065	[1, [0.0002770639200072589, 0.9997229360799927]]
63963858	[1, [0.00020526773574913726, 0.9997947322642509]]
58854764	[1, [0.024037789926612985, 0.975962210073387]]
9298785	[1, [0.0008076683320468181, 0.9991923316679532]]
58879313	[1, [0.012395831056924433, 0.9876041689430756]]
34434089	[1, [0.0016733926979790592, 0.9983266073020209]]
92795821	[1, [0.00012459244026041816, 0.9998754075597396]]
71540099	[1, [0.0007639361772164843, 0.9992360638227835]]
7983747	[1, [0.03292770738763884, 0.9670722926123612]]
6491418	[1, [0.03991256204205296, 0.960087437957947]]
7357832	[1, [0.026334358920339085, 0.9736656410796609]]
76886736	[1, [0.023853043770223237, 0.9761469562297768]]
88885372	[1, [0.02808646415061744, 0.9719135358493826]]
9009220	[1, [0.020616834503672354, 0.9793831654963276]]
9008907	[1, [0.030727623944231452, 0.9692723760557685]]
69290578	[1, [0.009067692303526553, 0.9909323076964734]]
34324563	[1, [0.015124591650346186, 0.9848754083496538]]
97624599	[1, [0.009208178649976695, 0.9907918213500233]]
39316240	[1, [0.0418677962964108, 0.9581322037035892]]
27421072	[1, [0.0005016656271725761, 0.9994983343728274]]
23187296	[1, [0.009752846593056752, 0.9902471534069432]]
93896832	[1, [0.0014831982430716373, 0.9985168017569284]]
26934528	[1, [0.004168456971589851, 0.9958315430284101]]
88516570	[1, [0.04766592268990666, 0.9523340773100933]]
88539188	[1, [0.0006694657593893094, 0.9993305342406107]]
9051794	[1, [0.016370740776948778, 0.9836292592230512]]
34291383	[1, [0.005928431515089927, 0.9940715684849101]]
26961989	[1, [0.04712716557428531, 0.9528728344257147]]
9009338	[1, [0.018554738745695576, 0.9814452612543044]]
91652951	[1, [0.02089037189525378, 0.9791096281047462]]
9009396	[1, [0.020616834503672354, 0.9793831654963276]]
5648166	[1, [0.018886790931439412, 0.9811132090685606]]
34563754	[1, [0.002082029942688135, 0.9979179700573119]]
50706275	[1, [0.0179972042639448, 0.9820027957360552]]
58158033	[1, [0.04635409970993132, 0.9536459002900687]]
12372018	[1, [0.001031854544007449, 0.9989681454559926]]
7112245	[1, [0.015598155014112769, 0.9844018449858872]]
34549315	[1, [0.0007194397187172408, 0.9992805602812828]]
43957356	[1, [0.003704949824420267, 0.9962950501755797]]
7783488	[1, [0.016744617472499113, 0.9832553825275009]]
51769206	[1, [0.006104795938238872, 0.9938952040617611]]
7781847	[1, [0.013245532662468862, 0.9867544673375311]]
56872002	[1, [0.022811443118914698, 0.9771885568810853]]
95288898	[1, [0.04416198836638974, 0.9558380116336103]]
72359258	[1, [0.00039459011802289723, 0.9996054098819771]]
29197107	[1, [0.04799250633247887, 0.9520074936675211]]
9332193	[1, [0.02895585414140278, 0.9710441458585972]]
7981152	[1, [0.03984493679347534, 0.9601550632065247]]
40284942	[1, [0.011805666017664862, 0.9881943339823351]]
26970608	[1, [0.0372681981837486, 0.9627318018162514]]
14909336	[1, [0.011838675136940369, 0.9881613248630596]]
9023867	[1, [0.019820645785061597, 0.9801793542149384]]
23316290	[1, [3.39708986681897e-05, 0.9999660291013318]]
9011769	[1, [0.030727623944231452, 0.9692723760557685]]
6049923	[1, [0.026284285608644375, 0.9737157143913556]]
17169064	[1, [0.0004034677093796013, 0.9995965322906204]]
40309531	[1, [0.003292468369681667, 0.9967075316303183]]
86375044	[1, [0.015350804388332695, 0.9846491956116673]]
6478942	[1, [0.028443085049936645, 0.9715569149500634]]
14708585	[1, [0.036829268612044275, 0.9631707313879557]]
14727231	[1, [0.008780897585887404, 0.9912191024141126]]
7577530	[1, [0.005662415593533421, 0.9943375844064666]]
6478890	[1, [0.04733211621631217, 0.9526678837836878]]
50953753	[1, [0.0026411562115414844, 0.9973588437884585]]
25297023	[1, [0.00845778054978985, 0.9915422194502101]]
59423109	[1, [0.02198460479285569, 0.9780153952071443]]
64330901	[1, [0.0018108015753720563, 0.9981891984246279]]
65597427	[1, [0.03239042186341501, 0.967609578136585]]
59412095	[1, [0.030683713982195715, 0.9693162860178043]]
24155010	[1, [0.03438406734057875, 0.9656159326594212]]
7972182	[1, [0.025036253145411136, 0.9749637468545889]]
66809540	[1, [0.021580758039488335, 0.9784192419605117]]
6475480	[1, [0.003208218065304025, 0.996791781934696]]
6384584	[1, [0.026234345292994177, 0.9737656547070058]]
93489676	[1, [0.005726491434882353, 0.9942735085651176]]
7228676	[1, [0.031146894139361225, 0.9688531058606388]]
7912924	[1, [0.033979516479330396, 0.9660204835206696]]
83357608	[1, [0.008241720099434913, 0.9917582799005651]]
9247492	[1, [0.03421483426845351, 0.9657851657315465]]
6383825	[1, [0.026234345292994177, 0.9737656547070058]]
93542110	[1, [0.0023021602057483603, 0.9976978397942516]]
66115557	[1, [0.033497158178404374, 0.9665028418215956]]
16536726	[1, [0.021854792310832982, 0.978145207689167]]
6339799	[1, [0.01755999461370894, 0.9824400053862911]]
57216865	[1, [0.0018755401165919672, 0.998124459883408]]
9301509	[1, [0.0013775409901453095, 0.9986224590098547]]
42121775	[1, [0.006705478309926183, 0.9932945216900738]]
9315516	[1, [0.0003331650915827655, 0.9996668349084172]]
6386065	[1, [0.01413934261182781, 0.9858606573881722]]
6340766	[1, [0.012469294325576752, 0.9875307056744232]]
6499964	[1, [0.029133125431254903, 0.9708668745687451]]
6385660	[1, [0.007049168882041212, 0.9929508311179588]]
70949258	[1, [0.017182422231573513, 0.9828175777684265]]
6385589	[1, [0.04537832344549919, 0.9546216765545008]]
6498446	[1, [0.006064714707199714, 0.9939352852928003]]
6385974	[1, [0.026101157440689637, 0.9738988425593104]]
62493535	[1, [0.0336909735966624, 0.9663090264033376]]
67506649	[1, [0.046918437858384565, 0.9530815621416154]]
6385394	[1, [0.023638812435877288, 0.9763611875641227]]
89295499	[1, [0.02371861975644851, 0.9762813802435515]]
6385579	[1, [0.017875325722192414, 0.9821246742778076]]
9045550	[1, [0.0178587308268362, 0.9821412691731638]]
6384074	[1, [0.030329128520843573, 0.9696708714791564]]
57182734	[1, [0.020992089437515515, 0.9790079105624845]]
6980459	[1, [0.002260858535019117, 0.9977391414649809]]
96837904	[1, [0.004383061772495367, 0.9956169382275046]]
9337150	[1, [0.046738730939375306, 0.9532612690606247]]
31677192	[1, [0.018630128877908936, 0.9813698711220911]]
42463363	[1, [0.0003346161841014661, 0.9996653838158985]]
42461186	[1, [0.01771957995572193, 0.9822804200442781]]
21089377	[1, [0.0007865312062406149, 0.9992134687937594]]
9333015	[1, [0.0037639593776621627, 0.9962360406223378]]
49410581	[1, [0.03626771812979157, 0.9637322818702084]]
7881089	[1, [0.010268020292752866, 0.9897319797072471]]
54788013	[1, [0.0015143739179428461, 0.9984856260820572]]
23961512	[1, [0.015469669062445623, 0.9845303309375544]]
24386584	[1, [0.0012188743211908326, 0.9987811256788092]]
42712468	[1, [0.010809127768427795, 0.9891908722315722]]
53631400	[1, [0.025843195774035932, 0.9741568042259641]]
9261750	[1, [0.03226310437600122, 0.9677368956239988]]
67127414	[1, [0.012872479251773816, 0.9871275207482262]]
23961173	[1, [0.04016718958128007, 0.9598328104187199]]
53627946	[1, [0.03003502833919436, 0.9699649716608056]]
7967512	[1, [0.008008886072376153, 0.9919911139276238]]
7967657	[1, [0.005174174986896651, 0.9948258250131033]]
6536313	[1, [0.044041503123504966, 0.955958496876495]]
6142973	[1, [0.010392097185378701, 0.9896079028146213]]
6536696	[1, [0.04908544116132152, 0.9509145588386785]]
98662086	[1, [0.009553523252767482, 0.9904464767472325]]
6532051	[1, [0.011158996916705077, 0.9888410030832949]]
97303515	[1, [0.028327544086183765, 0.9716724559138162]]
6143911	[1, [0.033592813619550355, 0.9664071863804496]]
12261528	[1, [0.0035514898725027555, 0.9964485101274972]]
25474055	[1, [0.032793542924044905, 0.9672064570759551]]
98686651	[1, [0.022932603263898343, 0.9770673967361017]]
72490033	[1, [0.0004700889094955141, 0.9995299110905045]]
97359568	[1, [0.00039416936852543216, 0.9996058306314746]]
9285125	[1, [0.022366966607908934, 0.9776330333920911]]
6530662	[1, [0.01054789050822047, 0.9894521094917795]]
15901491	[1, [0.030726362540740237, 0.9692736374592598]]
6532614	[1, [0.03639147005899013, 0.9636085299410099]]
87854287	[1, [0.003038515406242226, 0.9969614845937578]]
98258940	[1, [0.035638296922431034, 0.964361703077569]]
29759219	[1, [0.016584648023080906, 0.9834153519769191]]
29719360	[1, [0.025537559252540087, 0.9744624407474599]]
36707781	[1, [0.001865447089265282, 0.9981345529107347]]
69133048	[1, [0.014808371503611473, 0.9851916284963885]]
83974687	[1, [0.019093793592174224, 0.9809062064078258]]
50296849	[1, [0.005652524780663248, 0.9943474752193368]]
7746784	[1, [0.025476778655376897, 0.9745232213446231]]
85374543	[1, [0.022632278305013798, 0.9773677216949862]]
6425352	[1, [0.012926064579170005, 0.98707393542083]]
63018999	[1, [0.02844381935320839, 0.9715561806467916]]
6426042	[1, [0.007479621282960536, 0.9925203787170395]]
6422746	[1, [0.03744717337249004, 0.96255282662751]]
83939226	[1, [0.01663412131005504, 0.983365878689945]]
6331186	[1, [0.014107633151612453, 0.9858923668483875]]
6422502	[1, [0.01017063973595178, 0.9898293602640482]]
85392674	[1, [0.006291329430510251, 0.9937086705694897]]
85335146	[1, [0.001575646226009364, 0.9984243537739906]]
9033993	[1, [0.002020565792544615, 0.9979794342074554]]
6422642	[1, [0.009654176983271534, 0.9903458230167285]]
6329131	[1, [0.033592813619550355, 0.9664071863804496]]
44967122	[1, [0.01633342937657445, 0.9836665706234256]]
6252217	[1, [0.015043196105843926, 0.9849568038941561]]
7681452	[1, [0.02464774927403579, 0.9753522507259642]]
31466140	[1, [0.014409921683746663, 0.9855900783162533]]
6322493	[1, [0.04747995906136815, 0.9525200409386319]]
6324860	[1, [0.021191915702493458, 0.9788080842975065]]
6324861	[1, [0.025207780016952896, 0.9747922199830471]]
7825010	[1, [0.03596270295735127, 0.9640372970426487]]
83671627	[1, [0.04640042828018043, 0.9535995717198196]]
6423967	[1, [0.026234345292994177, 0.9737656547070058]]
83631740	[1, [0.03869171228524182, 0.9613082877147582]]
6325190	[1, [0.030904605644847316, 0.9690953943551527]]
57282545	[1, [0.005386113477821586, 0.9946138865221784]]
97681242	[1, [0.01352022481032511, 0.9864797751896749]]
6423800	[1, [0.0011808429848975122, 0.9988191570151025]]
6359569	[1, [0.02542742878773896, 0.974572571212261]]
7704384	[1, [0.0323880799575651, 0.9676119200424349]]
70258435	[1, [0.00012316303344506174, 0.9998768369665549]]
27609945	[1, [0.04247538412167451, 0.9575246158783255]]
6366712	[1, [0.00685905592139191, 0.9931409440786081]]
45740960	[1, [0.004493006348528339, 0.9955069936514717]]
31360324	[1, [0.03828901782363492, 0.9617109821763651]]
45745330	[1, [0.0037446110212510098, 0.996255388978749]]
41126658	[1, [0.04681279738971744, 0.9531872026102826]]
6363010	[1, [0.02552616112010253, 0.9744738388798975]]
13201652	[1, [0.017305288791826468, 0.9826947112081735]]
6360921	[1, [0.022740572348598165, 0.9772594276514018]]
6359658	[1, [0.02697562768464945, 0.9730243723153505]]
90765829	[1, [0.011219894650661533, 0.9887801053493385]]
47398772	[1, [0.03209586916003604, 0.967904130839964]]
66224489	[1, [0.004537594192030037, 0.99546240580797]]
9226994	[1, [0.008297273921846426, 0.9917027260781536]]
87958473	[1, [0.019613181625176335, 0.9803868183748237]]
43780550	[1, [0.02239212102787147, 0.9776078789721285]]
13206494	[1, [0.00878033878103468, 0.9912196612189653]]
45775789	[1, [0.01998251384829175, 0.9800174861517083]]
72516672	[1, [0.0033912924755076235, 0.9966087075244924]]
6605775	[1, [0.0411608577276924, 0.9588391422723076]]
79014960	[1, [0.03322743894300373, 0.9667725610569963]]
39086328	[1, [0.00414278934765977, 0.9958572106523402]]
14509805	[1, [0.003757960910850122, 0.9962420390891499]]
39136671	[1, [0.008740697688182864, 0.9912593023118171]]
6159363	[1, [0.009334782583511503, 0.9906652174164885]]
7789979	[1, [0.038334020286802106, 0.9616659797131979]]
79040805	[1, [0.028186121808595033, 0.971813878191405]]
5848172	[1, [0.04406517317435665, 0.9559348268256433]]
56945281	[1, [0.00012076866118670981, 0.9998792313388133]]
47829306	[1, [0.0020310846542949124, 0.9979689153457051]]
79653202	[1, [0.00435851724722125, 0.9956414827527788]]
44331792	[1, [0.045242683450580246, 0.9547573165494198]]
77119006	[1, [0.0026654869981400653, 0.9973345130018599]]
33536858	[1, [0.019906509041394793, 0.9800934909586052]]
28776901	[1, [0.035069803126690724, 0.9649301968733093]]
47904144	[1, [0.028917872768988717, 0.9710821272310113]]
54882994	[1, [0.0011514418921980685, 0.9988485581078019]]
68637411	[1, [0.010397773786538722, 0.9896022262134613]]
77150676	[1, [1.5475439823720016e-05, 0.9999845245601763]]
6350330	[1, [0.012047032715857608, 0.9879529672841424]]
64872798	[1, [0.03498491520233271, 0.9650150847976673]]
44318367	[1, [0.0010525252298784205, 0.9989474747701216]]
9212199	[1, [0.007510368154892366, 0.9924896318451076]]
5561728	[1, [0.0019202786554998186, 0.9980797213445002]]
7733276	[1, [0.03433316178046886, 0.9656668382195311]]
28028120	[1, [0.04425204193830368, 0.9557479580616963]]
86097680	[1, [0.0156038234054926, 0.9843961765945074]]
24845747	[1, [0.005947217910773461, 0.9940527820892265]]
36282470	[1, [0.030083745741974588, 0.9699162542580254]]
82427280	[1, [0.014301472017108519, 0.9856985279828915]]
7929969	[1, [0.024710196522099936, 0.9752898034779001]]
58725712	[1, [0.009026155478264575, 0.9909738445217354]]
58738461	[1, [0.01878993960874098, 0.981210060391259]]
30702366	[1, [0.044510650682742736, 0.9554893493172573]]
9329373	[1, [0.003292334269737518, 0.9967076657302625]]
91215918	[1, [0.019951385623278473, 0.9800486143767215]]
99765291	[1, [0.00651784000059219, 0.9934821599994078]]
58732610	[1, [0.047989821043351366, 0.9520101789566486]]
77429244	[1, [0.04379330314214325, 0.9562066968578568]]
6586319	[1, [0.009235235977835599, 0.9907647640221644]]
86149400	[1, [0.017853586089626394, 0.9821464139103736]]
94496248	[1, [0.018878582862073334, 0.9811214171379267]]
6528934	[1, [0.03537923695760703, 0.964620763042393]]
44995699	[1, [0.023050739347085014, 0.976949260652915]]
6460429	[1, [0.04490822179482434, 0.9550917782051757]]
96980787	[1, [0.024788477544638088, 0.9752115224553619]]
9301156	[1, [0.010116625730835938, 0.9898833742691641]]
61066972	[1, [0.0015052371458978975, 0.9984947628541021]]
6015752	[1, [0.0027334564680686624, 0.9972665435319313]]
6526599	[1, [0.012966272371186638, 0.9870337276288134]]
76847814	[1, [0.020994206294009388, 0.9790057937059906]]
71349150	[1, [0.0036392770120732276, 0.9963607229879268]]
9043661	[1, [0.00038714782214510635, 0.9996128521778549]]
6524964	[1, [0.0014569460919152677, 0.9985430539080847]]
9300766	[1, [0.018113675115604244, 0.9818863248843958]]
94473439	[1, [0.018712390008074675, 0.9812876099919253]]
6526850	[1, [0.031013886557531456, 0.9689861134424685]]
29831044	[1, [0.00014078847036380626, 0.9998592115296362]]
6525898	[1, [0.04386879798392629, 0.9561312020160737]]
88999523	[1, [0.008239345604972415, 0.9917606543950276]]
7465831	[1, [0.03833168840951995, 0.96166831159048]]
57540769	[1, [0.011774603294454788, 0.9882253967055452]]
7987568	[1, [0.0004177703393607457, 0.9995822296606393]]
7659897	[1, [0.0017934219715927124, 0.9982065780284073]]
75777510	[1, [0.0007591322757877217, 0.9992408677242123]]
61080777	[1, [0.004901702720325529, 0.9950982972796745]]
9278226	[1, [0.01269474406485438, 0.9873052559351456]]
38770333	[1, [0.03410777299166501, 0.965892227008335]]
68338536	[1, [0.006200821406165957, 0.993799178593834]]
93746087	[1, [0.04617151821492427, 0.9538284817850757]]
48446118	[1, [0.005125316196104679, 0.9948746838038953]]
95601782	[1, [0.0004971944821360319, 0.999502805517864]]
80902010	[1, [0.007553265603547299, 0.9924467343964527]]
32314480	[1, [0.012260423278327215, 0.9877395767216728]]
93696562	[1, [0.011711293980145365, 0.9882887060198546]]
44134905	[1, [0.04013023967400842, 0.9598697603259916]]
40679556	[1, [0.0066700837693077775, 0.9933299162306922]]
68338039	[1, [0.006480430098896428, 0.9935195699011036]]
81120809	[1, [0.034010760329143186, 0.9659892396708568]]
81109614	[1, [0.0029628426787302597, 0.9970371573212697]]
16130140	[1, [0.04100596160900716, 0.9589940383909928]]
82710307	[1, [0.013965414684128152, 0.9860345853158718]]
90375704	[1, [0.018599457290731647, 0.9814005427092684]]
87083900	[1, [0.032467500747627054, 0.967532499252373]]
58658091	[1, [0.003919399040546168, 0.9960806009594538]]
87093712	[1, [0.03673428307240734, 0.9632657169275927]]
92186510	[1, [0.03790035864844499, 0.962099641351555]]
58639485	[1, [0.01311305909000049, 0.9868869409099995]]
41684275	[1, [0.002398253494202085, 0.9976017465057979]]
74127394	[1, [0.04013811780381882, 0.9598618821961812]]
58665537	[1, [0.005500366645690202, 0.9944996333543098]]
73002408	[1, [0.0325049154187923, 0.9674950845812077]]
87113690	[1, [0.01753078985332268, 0.9824692101466773]]
87091524	[1, [0.020462140024887443, 0.9795378599751126]]
92160919	[1, [0.014714128190095876, 0.9852858718099041]]
13030460	[1, [0.023942084536409225, 0.9760579154635908]]
74285274	[1, [0.015325813265632982, 0.984674186734367]]
24757238	[1, [0.014887977941336117, 0.9851120220586639]]
7864782	[1, [0.00044589801513039706, 0.9995541019848696]]
52599896	[1, [0.006757848799909705, 0.9932421512000903]]
43218872	[1, [0.019041843349627663, 0.9809581566503723]]
33233053	[1, [0.006199301985220562, 0.9938006980147794]]
36443930	[1, [0.00036122891823331393, 0.9996387710817667]]
29520432	[1, [0.024797221693358962, 0.975202778306641]]
6286544	[1, [0.0037092716246019952, 0.996290728375398]]
17577076	[1, [0.024965066976247563, 0.9750349330237524]]
52637158	[1, [0.0004490463078220541, 0.999550953692178]]
59931650	[1, [0.0008162797229418484, 0.9991837202770582]]
98109257	[1, [0.04660846281284303, 0.953391537187157]]
57055914	[1, [0.0031671316136965277, 0.9968328683863035]]
59913944	[1, [0.004773686629840124, 0.9952263133701599]]
88833942	[1, [0.02315893744772579, 0.9768410625522742]]
89159103	[1, [0.02846192710223827, 0.9715380728977617]]
13253850	[1, [0.04647381243357218, 0.9535261875664278]]
9203920	[1, [0.01984653189581409, 0.9801534681041859]]
57081110	[1, [0.0032188776504716854, 0.9967811223495283]]
99596713	[1, [0.04418544180115036, 0.9558145581988496]]
53460163	[1, [0.018985663368794814, 0.9810143366312052]]
69814532	[1, [0.0007713733818426327, 0.9992286266181574]]
10115500	[1, [0.03484248411775914, 0.9651575158822409]]
96155280	[1, [2.001214511027083e-05, 0.9999799878548897]]
7858439	[1, [0.012197881234381702, 0.9878021187656183]]
15039004	[1, [0.008411868675150092, 0.9915881313248499]]
54409412	[1, [0.049348796970078324, 0.9506512030299217]]
49326340	[1, [0.030082083420032824, 0.9699179165799672]]
5836491	[1, [0.01973752081214397, 0.980262479187856]]
30145199	[1, [0.03083302676606725, 0.9691669732339327]]
77332103	[1, [0.012573889003855476, 0.9874261109961445]]
92657674	[1, [0.04680660258323088, 0.9531933974167691]]
77397575	[1, [0.005271647756548092, 0.9947283522434519]]
53397157	[1, [0.022361636861856438, 0.9776383631381436]]
5181121	[1, [0.005643981478623328, 0.9943560185213767]]
56631880	[1, [0.04698515427816796, 0.953014845721832]]
9319242	[1, [0.048307790524337646, 0.9516922094756624]]
99550793	[1, [0.022274067661980035, 0.97772593233802]]
69837646	[1, [0.038791644385811175, 0.9612083556141888]]
92662030	[1, [0.008007145039166219, 0.9919928549608338]]
59489306	[1, [0.013931590256507476, 0.9860684097434925]]
6370919	[1, [0.012576999763695196, 0.9874230002363048]]
7859798	[1, [0.005152020803070867, 0.9948479791969291]]
6572680	[1, [0.03749372215407831, 0.9625062778459217]]
7926980	[1, [0.007188592540444905, 0.9928114074595551]]
9215853	[1, [0.02613654856375003, 0.97386345143625]]
46138340	[1, [0.002083583514871812, 0.9979164164851282]]
79069283	[1, [0.0417265222542722, 0.9582734777457278]]
7788832	[1, [0.035672427590542344, 0.9643275724094577]]
9295859	[1, [0.011781461850290609, 0.9882185381497094]]
34930619	[1, [0.025968892854587255, 0.9740311071454127]]
7787868	[1, [0.04136699830221269, 0.9586330016977873]]
66878763	[1, [0.03287778665774166, 0.9671222133422583]]
84210758	[1, [0.008429434410967218, 0.9915705655890328]]
59864981	[1, [0.018869852614840865, 0.9811301473851591]]
50891444	[1, [0.0165635297927208, 0.9834364702072792]]
59829188	[1, [0.012878083008330155, 0.9871219169916698]]
62405048	[1, [0.039776614377080355, 0.9602233856229196]]
32509119	[1, [0.038957814646263134, 0.9610421853537369]]
42660055	[1, [0.013727418587251572, 0.9862725814127484]]
82600983	[1, [0.019281869988643452, 0.9807181300113565]]
80245159	[1, [0.011507206793388791, 0.9884927932066112]]
32458974	[1, [0.0030341477071400558, 0.9969658522928599]]
80249198	[1, [0.017409833170002886, 0.9825901668299971]]
55755433	[1, [0.006005559298235985, 0.993994440701764]]
48299348	[1, [0.013735430408332694, 0.9862645695916673]]
22507212	[1, [6.772220812767404e-05, 0.9999322777918723]]
56098946	[1, [0.02454653181837496, 0.975453468181625]]
94797487	[1, [0.00345038398452302, 0.996549616015477]]
67443618	[1, [0.00943660309919836, 0.9905633969008016]]
9306676	[1, [0.011133098226181692, 0.9888669017738183]]
67405934	[1, [0.0220982818366382, 0.9779017181633618]]
58419422	[1, [0.033959320144587246, 0.9660406798554128]]
46867719	[1, [0.0028423566091205776, 0.9971576433908794]]
44776214	[1, [0.015050793777621307, 0.9849492062223787]]
63701916	[1, [0.009464334299991717, 0.9905356657000083]]
74447805	[1, [0.03977935876814653, 0.9602206412318535]]
47340404	[1, [0.016112971129347287, 0.9838870288706527]]
85145867	[1, [0.007337823539734667, 0.9926621764602653]]
62768710	[1, [0.014348172185703723, 0.9856518278142963]]
7791900	[1, [0.0482867547715109, 0.9517132452284891]]
94789333	[1, [0.042868916881641295, 0.9571310831183587]]
75607530	[1, [0.02003839521054296, 0.979961604789457]]
63700673	[1, [0.012482067530574015, 0.987517932469426]]
47296864	[1, [0.0049997165915124375, 0.9950002834084876]]
13361778	[1, [0.005530976706252799, 0.9944690232937472]]
23586178	[1, [0.01885421846318569, 0.9811457815368143]]
36472710	[1, [6.540741456895205e-06, 0.9999934592585431]]
68912425	[1, [0.004591580124288619, 0.9954084198757114]]
58927336	[1, [0.0021123381744756475, 0.9978876618255244]]
17617433	[1, [0.04528169011037919, 0.9547183098896208]]
85479079	[1, [0.0327754261024884, 0.9672245738975116]]
9282682	[1, [0.016089861719072673, 0.9839101382809273]]
66596162	[1, [0.0036245699763859385, 0.9963754300236141]]
85517741	[1, [0.022004111355658384, 0.9779958886443416]]
36506401	[1, [0.047927311907779435, 0.9520726880922206]]
30465194	[1, [0.031018129417659468, 0.9689818705823405]]
68934835	[1, [0.04978747752667623, 0.9502125224733238]]
23577416	[1, [0.007088186615096137, 0.9929118133849039]]
30973189	[1, [0.02685556824844737, 0.9731444317515526]]
9266154	[1, [0.03985081522358569, 0.9601491847764143]]
17630803	[1, [0.0329293201695412, 0.9670706798304588]]
46571517	[1, [0.04584825746255117, 0.9541517425374488]]
23629627	[1, [0.00929188124037128, 0.9907081187596287]]
85512475	[1, [0.038315732502999245, 0.9616842674970008]]
53981559	[1, [0.0012579055003625328, 0.9987420944996375]]
6133027	[1, [0.03680779601969175, 0.9631922039803082]]
9245188	[1, [0.025280004025895586, 0.9747199959741044]]
52906431	[1, [0.007919697805340076, 0.9920803021946599]]
6268167	[1, [0.0035129987880311297, 0.9964870012119689]]
9008512	[1, [0.029090770718065095, 0.9709092292819349]]
28217454	[1, [0.005917368883307739, 0.9940826311166923]]
77531292	[1, [0.0050205948613986084, 0.9949794051386014]]
67002919	[1, [0.04687742799976047, 0.9531225720002395]]
98727509	[1, [0.007559150468433251, 0.9924408495315667]]
9321878	[1, [0.0484020908819186, 0.9515979091180814]]
9008147	[1, [0.004996392007043826, 0.9950036079929562]]
55505638	[1, [0.007616297336645372, 0.9923837026633546]]
27323354	[1, [0.002171577777998368, 0.9978284222220016]]
7951108	[1, [0.004085211085408935, 0.9959147889145911]]
6275482	[1, [0.0036478904964959424, 0.9963521095035041]]
6274859	[1, [0.001576424394579945, 0.99842357560542]]
72203065	[1, [0.03412165288167446, 0.9658783471183255]]
7255273	[1, [0.044461138778279174, 0.9555388612217208]]
55440975	[1, [0.005944530256918101, 0.9940554697430819]]
9254074	[1, [0.0020953629294350185, 0.997904637070565]]
18669516	[1, [0.0469824309694683, 0.9530175690305317]]
7912537	[1, [0.0010776832974368489, 0.9989223167025632]]
6269147	[1, [0.0022791960798147493, 0.9977208039201853]]
39720447	[1, [0.04733837861821688, 0.9526616213817831]]
43810638	[1, [0.0021100883286923056, 0.9978899116713077]]
9335496	[1, [0.003763873231668602, 0.9962361267683314]]
75062539	[1, [0.04533462243089992, 0.9546653775691001]]
32389809	[1, [0.021679406945515622, 0.9783205930544844]]
9022292	[1, [0.0024681052100579137, 0.9975318947899421]]
40835531	[1, [0.011994788035648685, 0.9880052119643513]]
14642830	[1, [0.007164736988799936, 0.9928352630112001]]
76492094	[1, [0.03415404656728693, 0.9658459534327131]]
50805049	[1, [0.007471666766626361, 0.9925283332333736]]
32411920	[1, [0.003946540978288282, 0.9960534590217117]]
50870169	[1, [0.016769475995075833, 0.9832305240049242]]
7443501	[1, [0.03256918016638233, 0.9674308198336177]]
6452689	[1, [0.015189326270557801, 0.9848106737294422]]
76771265	[1, [0.027960866346136926, 0.9720391336538631]]
6452930	[1, [0.040503439076453485, 0.9594965609235465]]
54482381	[1, [0.012469576852332187, 0.9875304231476678]]
6456750	[1, [0.023683077524549345, 0.9763169224754507]]
75086135	[1, [0.029638979667594434, 0.9703610203324056]]
36769378	[1, [0.010054065342267937, 0.9899459346577321]]
74353721	[1, [0.0286061238189399, 0.9713938761810601]]
9280812	[1, [0.005952461921539198, 0.9940475380784608]]
6414369	[1, [0.027500647611496842, 0.9724993523885032]]
6409324	[1, [0.008038756343636155, 0.9919612436563638]]
6406974	[1, [0.03111724563979157, 0.9688827543602084]]
6403057	[1, [0.013613699910150046, 0.98638630008985]]
15845794	[1, [0.013546491097290336, 0.9864535089027097]]
7947140	[1, [0.010805651731727428, 0.9891943482682726]]
60227894	[1, [0.022773910614467874, 0.9772260893855321]]
6414810	[1, [0.021713801410442324, 0.9782861985895577]]
6411877	[1, [0.04785664380281951, 0.9521433561971805]]
6413681	[1, [0.005243714299740354, 0.9947562857002596]]
67602701	[1, [0.03701274178822833, 0.9629872582117717]]
6403258	[1, [0.025263060156978545, 0.9747369398430215]]
6408531	[1, [0.018330270263016923, 0.9816697297369831]]
39275561	[1, [1.6322044353866971e-06, 0.9999983677955646]]
6404438	[1, [0.04851041546417234, 0.9514895845358277]]
6402981	[1, [0.011864245746997515, 0.9881357542530025]]
6409476	[1, [0.025920051940427347, 0.9740799480595727]]
6404505	[1, [0.0304961199514856, 0.9695038800485144]]
50265316	[1, [0.012431233331540947, 0.987568766668459]]
6415206	[1, [0.009792067474012067, 0.9902079325259879]]
6404606	[1, [0.045122097191035104, 0.9548779028089649]]
6411361	[1, [0.007305661059580526, 0.9926943389404195]]
6413759	[1, [0.02417993563552101, 0.975820064364479]]
6405297	[1, [0.04434700947692771, 0.9556529905230723]]
6410267	[1, [0.012690151548018447, 0.9873098484519816]]
6415100	[1, [0.02555454317247685, 0.9744454568275231]]
94893505	[1, [0.04040308633624512, 0.9595969136637549]]
6414655	[1, [0.04944539838940598, 0.950554601610594]]
30524757	[1, [0.04882689993084832, 0.9511731000691517]]
50211313	[1, [0.01991729820869692, 0.9800827017913031]]
6413181	[1, [0.03033336843567891, 0.9696666315643211]]
6411544	[1, [0.026264506526743503, 0.9737354934732565]]
67582586	[1, [0.008870804481556527, 0.9911291955184435]]
6403873	[1, [0.0162675368189914, 0.9837324631810086]]
6407644	[1, [0.004179387000699197, 0.9958206129993008]]
35928312	[1, [0.03362998322753952, 0.9663700167724605]]
6408527	[1, [0.023124328792215154, 0.9768756712077848]]
6408056	[1, [0.020338936732851476, 0.9796610632671485]]
9342151	[1, [0.005697160131082013, 0.994302839868918]]
62250888	[1, [0.030673099100201773, 0.9693269008997982]]
6403938	[1, [0.046277505004248876, 0.9537224949957511]]
9342977	[1, [0.026915973738914523, 0.9730840262610855]]
6412420	[1, [0.04263771258010196, 0.957362287419898]]
6414243	[1, [0.013678913104967716, 0.9863210868950323]]
6413425	[1, [0.048662593439039004, 0.951337406560961]]
6407780	[1, [0.03587538469681839, 0.9641246153031816]]
6415034	[1, [0.02174049884541307, 0.9782595011545869]]
55117958	[1, [0.04028330739590191, 0.9597166926040981]]
85700443	[1, [0.012051851531482916, 0.9879481484685171]]
85627884	[1, [0.020745592715456507, 0.9792544072845435]]
33736124	[1, [0.02901146515333164, 0.9709885348466684]]
87888162	[1, [0.04092674954871767, 0.9590732504512823]]
75938845	[1, [0.017520846374668886, 0.9824791536253311]]
20264591	[1, [0.029391673077491243, 0.9706083269225088]]
26242716	[1, [0.004354124486255051, 0.995645875513745]]
6715979	[1, [0.006179534463311542, 0.9938204655366885]]
20293318	[1, [0.0005881649189940497, 0.999411835081006]]
85679564	[1, [0.026992488294664385, 0.9730075117053356]]
40993015	[1, [0.004594734690610114, 0.9954052653093899]]
49164779	[1, [0.021106952549091673, 0.9788930474509083]]
5225128	[1, [0.014671071706224725, 0.9853289282937753]]
7700124	[1, [0.045145410034284184, 0.9548545899657158]]
81735647	[1, [0.00046347518498746076, 0.9995365248150125]]
56729001	[1, [0.043194939861945225, 0.9568050601380548]]
7679591	[1, [0.022303657371664176, 0.9776963426283358]]
26229236	[1, [0.049716226635591165, 0.9502837733644088]]
10404871	[1, [0.012046940158807473, 0.9879530598411925]]
49169961	[1, [0.0012723739730027273, 0.9987276260269973]]
75615152	[1, [0.033244733480319755, 0.9667552665196802]]
20552865	[1, [0.007954863932247536, 0.9920451360677525]]
40043339	[1, [0.03951496117079789, 0.9604850388292021]]
7750751	[1, [0.03820872980853307, 0.9617912701914669]]
96070563	[1, [0.00037051744029026334, 0.9996294825597097]]
85237198	[1, [0.01211929974970638, 0.9878807002502936]]
72852478	[1, [0.010280311527914532, 0.9897196884720855]]
61584849	[1, [0.04748437612422862, 0.9525156238757714]]
72078846	[1, [0.0009292983383187847, 0.9990707016616812]]
95537092	[1, [0.009980558606012768, 0.9900194413939872]]
65905123	[1, [0.021999095295137994, 0.978000904704862]]
7799379	[1, [0.008427208030779787, 0.9915727919692202]]
72877784	[1, [0.0011925763753024565, 0.9988074236246975]]
96033829	[1, [0.02266561485905949, 0.9773343851409405]]
7955608	[1, [0.004896357754382685, 0.9951036422456173]]
26806945	[1, [0.009341060055677142, 0.9906589399443229]]
61630314	[1, [0.007642728494326789, 0.9923572715056732]]
13537811	[1, [0.00021707266592874142, 0.9997829273340713]]
