68637411	[1, [0.032535344532752974, 0.967464655467247]]
90303023	[1, [0.01764604887070098, 0.982353951129299]]
12243114	[1, [0.026749635725789478, 0.9732503642742105]]
52945038	[1, [0.016543754082578133, 0.9834562459174219]]
27728204	[1, [0.02535101456002753, 0.9746489854399725]]
9107306	[1, [0.025533379410744073, 0.9744666205892559]]
11595070	[1, [0.0009289907885585702, 0.9990710092114414]]
9106747	[1, [0.03385559114577452, 0.9661444088542255]]
90107868	[1, [0.007864339343909399, 0.9921356606560906]]
40830480	[1, [0.04437205365550512, 0.9556279463444949]]
43581231	[1, [0.024138354912723203, 0.9758616450872768]]
11061896	[1, [0.0295935395729926, 0.9704064604270074]]
9266800	[1, [0.004015856623325265, 0.9959841433766747]]
49655638	[1, [0.006789913908738288, 0.9932100860912617]]
7648387	[1, [0.0438426127458309, 0.9561573872541691]]
9103418	[1, [0.030915148646914248, 0.9690848513530858]]
16955694	[1, [0.03206960885822463, 0.9679303911417754]]
99611978	[1, [0.008670979798698797, 0.9913290202013012]]
9112935	[1, [0.00937501956498632, 0.9906249804350137]]
74127394	[1, [0.044963093578371804, 0.9550369064216282]]
7904048	[1, [0.026444310938823268, 0.9735556890611767]]
73002408	[1, [0.01193280690938836, 0.9880671930906116]]
58673778	[1, [0.0068280957929177655, 0.9931719042070822]]
38480356	[1, [0.018453441853342523, 0.9815465581466575]]
5213900	[1, [0.03629438218493808, 0.9637056178150619]]
9313557	[1, [0.022689220731198168, 0.9773107792688018]]
9031627	[1, [0.012570926019384254, 0.9874290739806157]]
94721736	[1, [0.03311879777222537, 0.9668812022277746]]
37200094	[1, [0.04329286156192047, 0.9567071384380795]]
14725357	[1, [0.016468286591079906, 0.9835317134089201]]
78084796	[1, [0.03831439632270672, 0.9616856036772933]]
14701612	[1, [0.008550655111285499, 0.9914493448887145]]
14673884	[1, [0.010918879399176462, 0.9890811206008235]]
7724516	[1, [0.03276577617485976, 0.9672342238251402]]
87939770	[1, [0.03300963895848952, 0.9669903610415105]]
6666730	[1, [0.014447227575257071, 0.9855527724247429]]
7194830	[1, [0.0035777697324049784, 0.996422230267595]]
49113060	[1, [0.021919554914234474, 0.9780804450857655]]
56760587	[1, [0.03100485576271872, 0.9689951442372813]]
73231665	[1, [0.046327235862387406, 0.9536727641376126]]
28828298	[1, [0.01685963950425151, 0.9831403604957485]]
23961512	[1, [0.006694474616794732, 0.9933055253832053]]
54831573	[1, [0.040161721456978716, 0.9598382785430213]]
53598325	[1, [0.032404486367031526, 0.9675955136329685]]
28837751	[1, [0.024156605491439054, 0.975843394508561]]
5190620	[1, [0.000938716878290502, 0.9990612831217095]]
63365116	[1, [0.041457751886905925, 0.9585422481130941]]
78794416	[1, [0.021299567656879792, 0.9787004323431202]]
95805230	[1, [0.003410768336624237, 0.9965892316633758]]
5100778	[1, [0.049417011730960914, 0.9505829882690391]]
42970116	[1, [0.046327235862387406, 0.9536727641376126]]
32845352	[1, [0.0011833247042570827, 0.9988166752957429]]
42974168	[1, [0.0009097036456895413, 0.9990902963543105]]
48719459	[1, [0.018326803265942715, 0.9816731967340573]]
92687140	[1, [0.04873841818847191, 0.9512615818115281]]
18475161	[1, [0.02622739778426353, 0.9737726022157365]]
78245370	[1, [0.03987031658715656, 0.9601296834128434]]
45133783	[1, [0.01080479646369914, 0.9891952035363009]]
6877631	[1, [0.001408776540770873, 0.9985912234592291]]
61316766	[1, [0.032703576309983995, 0.967296423690016]]
9273174	[1, [0.02261795722415938, 0.9773820427758406]]
82359757	[1, [0.026835282815239503, 0.9731647171847605]]
16317063	[1, [0.04106580557064099, 0.958934194429359]]
31074117	[1, [0.03193455541098522, 0.9680654445890148]]
94234733	[1, [0.03538312591651016, 0.9646168740834898]]
61523718	[1, [0.02825533244927092, 0.9717446675507291]]
15261713	[1, [0.0380300394952684, 0.9619699605047316]]
60778731	[1, [0.038565416104698436, 0.9614345838953016]]
9116297	[1, [0.026019431312266583, 0.9739805686877334]]
83493477	[1, [0.01785228300104813, 0.9821477169989519]]
67838479	[1, [0.019443495231642238, 0.9805565047683578]]
63786671	[1, [0.04872131443486849, 0.9512786855651315]]
93324686	[1, [0.0021201402367228006, 0.9978798597632772]]
79688319	[1, [0.030230249097003226, 0.9697697509029968]]
9260598	[1, [0.01987998399195412, 0.9801200160080459]]
75460234	[1, [0.020408909336605996, 0.979591090663394]]
34930619	[1, [0.015322264223539106, 0.9846777357764609]]
34789539	[1, [0.02805085651910655, 0.9719491434808935]]
9214419	[1, [0.03105983556775882, 0.9689401644322412]]
70183695	[1, [0.025007174079595296, 0.9749928259204047]]
73934618	[1, [0.036295353058255375, 0.9637046469417446]]
66489044	[1, [0.0219292366324374, 0.9780707633675626]]
19262320	[1, [0.00456355778201023, 0.9954364422179898]]
48856801	[1, [0.01655901350292832, 0.9834409864970717]]
24629189	[1, [0.0027944138362077098, 0.9972055861637923]]
48535805	[1, [0.04712647801768255, 0.9528735219823175]]
62753810	[1, [0.039710448591441905, 0.9602895514085581]]
31764292	[1, [0.02002723271821516, 0.9799727672817848]]
87272174	[1, [0.0012411084955157303, 0.9987588915044843]]
97857211	[1, [0.005588809511995141, 0.9944111904880049]]
44524874	[1, [0.02926974536234872, 0.9707302546376513]]
46180634	[1, [0.029712057079116394, 0.9702879429208836]]
53704908	[1, [0.049903255058427076, 0.9500967449415729]]
6101212	[1, [0.015168039110907472, 0.9848319608890925]]
10644839	[1, [0.0493851394055459, 0.9506148605944541]]
9102526	[1, [0.03635016411948422, 0.9636498358805158]]
62213989	[1, [0.020319707591751723, 0.9796802924082483]]
99291144	[1, [0.037641652687645966, 0.962358347312354]]
84711616	[1, [0.029589684971854102, 0.9704103150281459]]
9233870	[1, [0.03618644532296267, 0.9638135546770373]]
97165909	[1, [0.011667696553076978, 0.988332303446923]]
33806330	[1, [0.004226923227923174, 0.9957730767720768]]
77315783	[1, [0.03264619556612658, 0.9673538044338734]]
16242653	[1, [0.0468468322179062, 0.9531531677820938]]
9112107	[1, [0.009015047380072527, 0.9909849526199275]]
51119633	[1, [0.006439895322450817, 0.9935601046775492]]
9230886	[1, [0.010363837831460443, 0.9896361621685396]]
34260094	[1, [0.03706846131533592, 0.9629315386846641]]
10834696	[1, [0.012182282590314064, 0.9878177174096859]]
75357511	[1, [0.020408909336605996, 0.979591090663394]]
76407627	[1, [0.011696507664241906, 0.9883034923357581]]
76405059	[1, [0.034731595809519566, 0.9652684041904804]]
89520877	[1, [0.025899077612409394, 0.9741009223875906]]
89711726	[1, [0.04056473108266345, 0.9594352689173365]]
39475336	[1, [0.0218599797060941, 0.9781400202939059]]
28319350	[1, [7.25401100213352e-05, 0.9999274598899787]]
95637202	[1, [0.022843148232857158, 0.9771568517671428]]
9108526	[1, [0.007347829473767553, 0.9926521705262324]]
6673425	[1, [0.02363994346356879, 0.9763600565364312]]
5969666	[1, [0.026892388536064127, 0.9731076114639359]]
7392520	[1, [0.02040726148318761, 0.9795927385168124]]
6673995	[1, [0.019914835467586323, 0.9800851645324137]]
23328671	[1, [0.026289900481620165, 0.9737100995183798]]
14051381	[1, [0.0070340283779695145, 0.9929659716220305]]
74373920	[1, [0.04881681796464998, 0.95118318203535]]
7511872	[1, [0.0005888311679621561, 0.9994111688320378]]
27653168	[1, [0.04128440696526192, 0.9587155930347381]]
21009894	[1, [0.03656000444560603, 0.963439995554394]]
85798415	[1, [0.012282150923202728, 0.9877178490767973]]
35522284	[1, [0.014095639155768613, 0.9859043608442314]]
46377977	[1, [0.027494615515795018, 0.972505384484205]]
14137298	[1, [0.005220075392009749, 0.9947799246079903]]
9109391	[1, [0.02601025719782646, 0.9739897428021735]]
9109267	[1, [0.04602115959390618, 0.9539788404060938]]
9109812	[1, [0.037145559407932294, 0.9628544405920677]]
10490381	[1, [0.031227538064166116, 0.9687724619358339]]
9109461	[1, [0.005093805896882797, 0.9949061941031172]]
9104561	[1, [0.038023479208855626, 0.9619765207911444]]
52148364	[1, [0.028014773203230092, 0.9719852267967699]]
98103672	[1, [0.01547221191385717, 0.9845277880861428]]
59935600	[1, [0.04308413225698915, 0.9569158677430109]]
38792183	[1, [0.03589010006303439, 0.9641098999369656]]
9123691	[1, [0.006400027200280767, 0.9935999727997192]]
12656578	[1, [0.005899509992289831, 0.9941004900077102]]
28175227	[1, [0.008454378907604476, 0.9915456210923955]]
82560983	[1, [0.02062664964296801, 0.979373350357032]]
69162213	[1, [0.033706914577121494, 0.9662930854228785]]
83556103	[1, [0.017457798728984564, 0.9825422012710154]]
7722004	[1, [0.006336316653089202, 0.9936636833469108]]
55575427	[1, [0.030905760785401748, 0.9690942392145983]]
70302494	[1, [0.026220422684282263, 0.9737795773157177]]
95444048	[1, [0.01807198204745608, 0.9819280179525439]]
9237469	[1, [0.01406421622272691, 0.9859357837772731]]
36825391	[1, [0.012001906072748203, 0.9879980939272518]]
60895251	[1, [0.014324541846973293, 0.9856754581530267]]
83349311	[1, [0.010271145054107311, 0.9897288549458927]]
42157977	[1, [0.040416425408662526, 0.9595835745913375]]
70879374	[1, [0.013827232934890299, 0.9861727670651097]]
16536726	[1, [0.04176978416948551, 0.9582302158305145]]
41763468	[1, [0.017825154760575, 0.982174845239425]]
82681572	[1, [0.018853888170647704, 0.9811461118293523]]
80874922	[1, [0.04291378307485105, 0.957086216925149]]
81750305	[1, [0.029720618938658405, 0.9702793810613416]]
9277861	[1, [0.01494176783007406, 0.9850582321699259]]
44102288	[1, [0.03249712884727296, 0.967502871152727]]
27573579	[1, [0.013940135535042364, 0.9860598644649576]]
44795108	[1, [0.016190217290968034, 0.983809782709032]]
75607530	[1, [0.0008039977363906159, 0.9991960022636094]]
62759938	[1, [0.03966032183767221, 0.9603396781623278]]
22522848	[1, [0.046327235862387406, 0.9536727641376126]]
71389082	[1, [0.010698408588199704, 0.9893015914118003]]
7469519	[1, [0.006336316653089202, 0.9936636833469108]]
45028824	[1, [0.018998332304443255, 0.9810016676955567]]
24089450	[1, [0.04384162209001885, 0.9561583779099811]]
55483589	[1, [0.01989005598901117, 0.9801099440109888]]
