67831894	[1, [0.04473601087884427, 0.9552639891211557]]
5886043	[1, [0.010093315897202304, 0.9899066841027977]]
5587207	[1, [0.02557010993769948, 0.9744298900623005]]
80059265	[1, [0.005861352467389613, 0.9941386475326104]]
5889045	[1, [0.011139069879875674, 0.9888609301201243]]
92380569	[1, [0.04441845434077751, 0.9555815456592225]]
14137298	[1, [0.03259414253580717, 0.9674058574641928]]
22767068	[1, [0.047699004088389896, 0.9523009959116101]]
5582736	[1, [0.04318635189966691, 0.9568136481003331]]
46341439	[1, [0.01099146179990007, 0.9890085382000999]]
12524053	[1, [0.024564591126181923, 0.9754354088738181]]
35506478	[1, [0.0451497272580087, 0.9548502727419913]]
5582805	[1, [0.011556586204856, 0.988443413795144]]
9276540	[1, [0.043557316291471526, 0.9564426837085285]]
7556907	[1, [0.03457021850990449, 0.9654297814900955]]
68424379	[1, [0.006771370549293554, 0.9932286294507064]]
45947379	[1, [0.03773066777517209, 0.9622693322248279]]
65133142	[1, [0.01849261540459235, 0.9815073845954077]]
7551977	[1, [0.046945792877396864, 0.9530542071226031]]
7804403	[1, [0.024278101062241264, 0.9757218989377587]]
16265820	[1, [0.01778738702466287, 0.9822126129753371]]
7804892	[1, [0.03267292065843286, 0.9673270793415671]]
96233520	[1, [0.04393881506828756, 0.9560611849317124]]
50135708	[1, [0.039719001697260725, 0.9602809983027393]]
7803669	[1, [0.037684127859368255, 0.9623158721406317]]
7803581	[1, [0.047415815718707344, 0.9525841842812927]]
65185701	[1, [0.03029146685554851, 0.9697085331444515]]
9276876	[1, [0.019131361240746658, 0.9808686387592533]]
62115777	[1, [0.010777837141617841, 0.9892221628583822]]
50179538	[1, [0.010603004222286994, 0.989396995777713]]
5217748	[1, [0.006702326248819612, 0.9932976737511804]]
32912333	[1, [0.029636427792734232, 0.9703635722072658]]
13973499	[1, [0.024325661003200882, 0.9756743389967991]]
7353553	[1, [6.506365102332268e-05, 0.9999349363489767]]
34789539	[1, [0.04410966561463581, 0.9558903343853642]]
9213682	[1, [0.03202021618883932, 0.9679797838111607]]
19045853	[1, [0.014839236199632122, 0.9851607638003679]]
9213712	[1, [0.0286908347531315, 0.9713091652468685]]
9220517	[1, [0.0035499685445197215, 0.9964500314554803]]
7807246	[1, [0.02639124863683595, 0.973608751363164]]
5715546	[1, [0.008773603593077994, 0.991226396406922]]
9213735	[1, [0.034114817376947104, 0.9658851826230529]]
34777190	[1, [0.04324952292094253, 0.9567504770790575]]
82264883	[1, [0.02272850865048781, 0.9772714913495122]]
48960578	[1, [0.005955165420186814, 0.9940448345798132]]
7353403	[1, [0.01745825242896626, 0.9825417475710337]]
5717744	[1, [0.008359678752691169, 0.9916403212473088]]
7353619	[1, [0.03272364999685817, 0.9672763500031418]]
9221735	[1, [0.013345443927023859, 0.9866545560729761]]
9221602	[1, [0.026767500919425147, 0.9732324990805749]]
5576730	[1, [0.02307120883102598, 0.976928791168974]]
7846194	[1, [0.02183322528714804, 0.978166774712852]]
7846724	[1, [0.03733830089351864, 0.9626616991064814]]
5754110	[1, [0.013399846314139596, 0.9866001536858604]]
77228155	[1, [0.03676629762075989, 0.9632337023792401]]
7846319	[1, [0.011545895840405551, 0.9884541041595944]]
35898539	[1, [0.023247275057610595, 0.9767527249423894]]
5750997	[1, [0.011333034332527414, 0.9886669656674726]]
77244390	[1, [0.00030665137715990554, 0.9996933486228401]]
39275561	[1, [0.04508079895693129, 0.9549192010430687]]
7845605	[1, [0.02055608979093948, 0.9794439102090605]]
62297885	[1, [0.022974783998629955, 0.97702521600137]]
39483347	[1, [0.021287099302469525, 0.9787129006975305]]
7846619	[1, [0.01748592958112416, 0.9825140704188758]]
5667268	[1, [0.04088863545580346, 0.9591113645441965]]
77238454	[1, [0.017591098066777278, 0.9824089019332227]]
5950758	[1, [0.028804362081467194, 0.9711956379185328]]
5667659	[1, [0.03234816402526475, 0.9676518359747353]]
9033402	[1, [0.0005345680850813439, 0.9994654319149187]]
94899755	[1, [0.001220903224810277, 0.9987790967751897]]
86931060	[1, [0.0004106233108095436, 0.9995893766891905]]
95684102	[1, [0.04235805666786774, 0.9576419433321323]]
50278332	[1, [0.02849008704297684, 0.9715099129570232]]
9342861	[1, [0.025278088365718654, 0.9747219116342813]]
28322954	[1, [0.008873647245129956, 0.99112635275487]]
5950152	[1, [0.028804362081467194, 0.9711956379185328]]
5949407	[1, [0.04371483086727335, 0.9562851691327267]]
95101621	[1, [0.008125063512222974, 0.991874936487777]]
62970879	[1, [0.027923941830074073, 0.9720760581699259]]
81573672	[1, [0.03712126494961998, 0.96287873505038]]
5926554	[1, [0.04274324524361606, 0.9572567547563839]]
87485633	[1, [0.0021180756380549948, 0.997881924361945]]
96358642	[1, [0.01522802237086407, 0.9847719776291359]]
59330881	[1, [0.015991374550519688, 0.9840086254494803]]
5928879	[1, [0.04490479688707816, 0.9550952031129218]]
7966592	[1, [0.040894376584216796, 0.9591056234157832]]
60949050	[1, [0.007031260199680034, 0.99296873980032]]
5680209	[1, [0.04745350965565809, 0.9525464903443419]]
5682172	[1, [0.0022651181769612894, 0.9977348818230387]]
63927791	[1, [0.020214980092609913, 0.9797850199073901]]
7496255	[1, [0.0014722513490214029, 0.9985277486509786]]
5140830	[1, [0.029022153298478348, 0.9709778467015217]]
6149334	[1, [0.04336600234830246, 0.9566339976516975]]
9148031	[1, [0.04700779674870914, 0.9529922032512909]]
36627166	[1, [0.008095282925896452, 0.9919047170741035]]
87473346	[1, [0.04754617081270307, 0.9524538291872969]]
5680870	[1, [0.018345111814833892, 0.9816548881851661]]
90895843	[1, [0.01702146226130663, 0.9829785377386934]]
6148872	[1, [0.04042779673531871, 0.9595722032646813]]
6945818	[1, [0.0003711715846322905, 0.9996288284153677]]
9295040	[1, [0.04602057414975025, 0.9539794258502498]]
6945072	[1, [0.022497601215958007, 0.977502398784042]]
7605450	[1, [0.00012000600190364974, 0.9998799939980964]]
6945054	[1, [7.273301256993658e-05, 0.9999272669874301]]
9232300	[1, [0.03614143659029789, 0.9638585634097021]]
9232505	[1, [0.018017006444790318, 0.9819829935552097]]
71571274	[1, [0.0023505570380668583, 0.9976494429619331]]
6944890	[1, [0.0008250521001595956, 0.9991749478998404]]
9232856	[1, [0.004581804954169932, 0.9954181950458301]]
6945843	[1, [0.00010509689220272733, 0.9998949031077973]]
9215217	[1, [0.01834535089713185, 0.9816546491028681]]
9264123	[1, [0.010500363059559481, 0.9894996369404405]]
6945727	[1, [0.000597199499591583, 0.9994028005004084]]
9263142	[1, [0.039499108275494965, 0.960500891724505]]
9215880	[1, [0.048968646808283944, 0.9510313531917161]]
9264100	[1, [0.019341121857379906, 0.9806588781426201]]
9260754	[1, [0.0010865586763776358, 0.9989134413236224]]
9232432	[1, [0.04322671067772166, 0.9567732893222783]]
7926894	[1, [0.022951442982308556, 0.9770485570176914]]
6945679	[1, [0.01222356727957219, 0.9877764327204278]]
9264363	[1, [0.026547535235183606, 0.9734524647648164]]
6945569	[1, [0.04714420238096584, 0.9528557976190342]]
6945641	[1, [0.042746655812592405, 0.9572533441874076]]
9232404	[1, [0.03396934501676574, 0.9660306549832343]]
6944762	[1, [0.0023570925969571555, 0.9976429074030428]]
6946142	[1, [0.005185346542319058, 0.9948146534576809]]
34917677	[1, [0.0032645379019444754, 0.9967354620980555]]
7606335	[1, [0.0031430274296595506, 0.9968569725703404]]
7126038	[1, [0.022380777920398276, 0.9776192220796017]]
64383566	[1, [0.020069450562662294, 0.9799305494373377]]
34069871	[1, [0.03572838564701908, 0.9642716143529809]]
5884483	[1, [0.0313383901242017, 0.9686616098757983]]
31123634	[1, [0.019566329833501928, 0.9804336701664981]]
6452459	[1, [0.0017946358684606256, 0.9982053641315394]]
5881814	[1, [0.008601099224742725, 0.9913989007752573]]
6449675	[1, [0.005419073220839232, 0.9945809267791608]]
99527278	[1, [0.0032789711199151528, 0.9967210288800848]]
6596601	[1, [0.007396677581199218, 0.9926033224188008]]
94234733	[1, [0.03872998014092699, 0.961270019859073]]
6386754	[1, [0.02258018927548633, 0.9774198107245137]]
10714927	[1, [0.018505591149081124, 0.9814944088509189]]
35601592	[1, [8.141555712004589e-05, 0.99991858444288]]
7797270	[1, [0.017698259161959884, 0.9823017408380401]]
7797204	[1, [0.000461243816279433, 0.9995387561837206]]
7678549	[1, [0.03509358633535287, 0.9649064136646471]]
7689401	[1, [0.02226274399438921, 0.9777372560056108]]
7180598	[1, [0.013041217317683707, 0.9869587826823163]]
96797044	[1, [0.048788747397674914, 0.9512112526023251]]
90203697	[1, [0.038186685263562725, 0.9618133147364373]]
7687460	[1, [0.045553634614128424, 0.9544463653858716]]
7686952	[1, [0.001719972695064076, 0.9982800273049359]]
23561560	[1, [0.023345748222342144, 0.9766542517776579]]
56873389	[1, [0.049994427839464506, 0.9500055721605355]]
6049919	[1, [0.036080460590078633, 0.9639195394099214]]
5357247	[1, [0.011060029042480046, 0.98893997095752]]
7686911	[1, [0.033713956996560435, 0.9662860430034396]]
5470913	[1, [1.7629478457625858e-05, 0.9999823705215424]]
6050241	[1, [0.0252900581105725, 0.9747099418894275]]
7181163	[1, [0.0026958023270510223, 0.997304197672949]]
7686761	[1, [0.00593524910065657, 0.9940647508993434]]
26986780	[1, [0.03271413782707289, 0.9672858621729271]]
96754473	[1, [0.025397725161571683, 0.9746022748384283]]
29212987	[1, [0.03424960147471501, 0.965750398525285]]
6048568	[1, [0.041725438914742674, 0.9582745610852573]]
9331875	[1, [0.02274395490639236, 0.9772560450936076]]
9332221	[1, [0.028756043439917556, 0.9712439565600824]]
7749067	[1, [0.020718591787972085, 0.9792814082120279]]
33954726	[1, [0.02969691983672007, 0.9703030801632799]]
6964321	[1, [0.00517712200989251, 0.9948228779901075]]
5757213	[1, [0.02304517325067179, 0.9769548267493282]]
9250704	[1, [0.01192471646022275, 0.9880752835397772]]
7963432	[1, [0.0014996018626400875, 0.9985003981373599]]
7356988	[1, [0.0032005717435007464, 0.9967994282564993]]
7356849	[1, [0.017148525762813116, 0.9828514742371869]]
93312235	[1, [0.04664849217527467, 0.9533515078247253]]
9248746	[1, [0.003675706755457142, 0.9963242932445429]]
7358142	[1, [0.010644191754356935, 0.9893558082456431]]
9249280	[1, [0.012359270311815052, 0.987640729688185]]
7358069	[1, [0.00035419311961004674, 0.99964580688039]]
7748426	[1, [0.028376636537932654, 0.9716233634620673]]
9223319	[1, [0.0317787635911283, 0.9682212364088717]]
6928993	[1, [0.004764041922501461, 0.9952359580774985]]
7654647	[1, [0.014345526500082806, 0.9856544734999172]]
5758180	[1, [0.009373530956543474, 0.9906264690434565]]
7357229	[1, [0.012451029281671855, 0.9875489707183281]]
9223188	[1, [0.02962420963234469, 0.9703757903676553]]
89462124	[1, [0.04113921927948516, 0.9588607807205148]]
7654825	[1, [0.02147112784523586, 0.9785288721547641]]
5759533	[1, [0.0011301622928557853, 0.9988698377071442]]
9251510	[1, [0.015533590810643427, 0.9844664091893566]]
6969321	[1, [0.008619670500348064, 0.9913803294996519]]
7749999	[1, [0.0236553353895953, 0.9763446646104047]]
5763262	[1, [0.00012138394932414975, 0.9998786160506759]]
6926913	[1, [0.02646060003478279, 0.9735393999652172]]
5764485	[1, [0.030289199372368403, 0.9697108006276316]]
7358445	[1, [0.0003104292103662809, 0.9996895707896337]]
5764486	[1, [0.044969311136988765, 0.9550306888630112]]
92836549	[1, [0.026460708697250146, 0.9735392913027499]]
7359332	[1, [0.026792451233211056, 0.9732075487667889]]
7983521	[1, [0.030785478893928464, 0.9692145211060715]]
7286938	[1, [0.044807069369173114, 0.9551929306308269]]
58854764	[1, [0.018606713651281526, 0.9813932863487185]]
9133926	[1, [0.02320812549781115, 0.9767918745021889]]
7941951	[1, [0.022410850866798948, 0.977589149133201]]
6965479	[1, [0.022333592292312687, 0.9776664077076873]]
7358138	[1, [0.04614971424573944, 0.9538502857542606]]
7983890	[1, [0.0253598493787065, 0.9746401506212935]]
27175324	[1, [0.04499602751930587, 0.9550039724806941]]
9002359	[1, [0.031880995405470514, 0.9681190045945295]]
48040421	[1, [0.02380914499345943, 0.9761908550065406]]
6661257	[1, [0.003709298497942215, 0.9962907015020578]]
7931554	[1, [0.004889548799229981, 0.99511045120077]]
7931710	[1, [0.01844255030392794, 0.9815574496960721]]
97205782	[1, [0.021126815903620866, 0.9788731840963791]]
9225743	[1, [0.03340922772132815, 0.9665907722786719]]
96089903	[1, [0.0375562642590791, 0.9624437357409209]]
7419552	[1, [0.04980926385402851, 0.9501907361459715]]
31562750	[1, [0.030377869536269086, 0.9696221304637309]]
9220052	[1, [0.005883492516102207, 0.9941165074838978]]
94113645	[1, [0.004429554872581676, 0.9955704451274183]]
5691477	[1, [0.04875618318211694, 0.9512438168178831]]
5663812	[1, [0.04298687044137284, 0.9570131295586272]]
78258599	[1, [0.011198005097295516, 0.9888019949027045]]
7380771	[1, [0.04838671864357713, 0.9516132813564229]]
97626065	[1, [0.018946256875635448, 0.9810537431243646]]
93843230	[1, [0.038840910741573254, 0.9611590892584267]]
65451719	[1, [0.01584887678102076, 0.9841511232189792]]
5734735	[1, [0.035828128127800785, 0.9641718718721992]]
5650507	[1, [0.0006231869603781082, 0.9993768130396219]]
7379511	[1, [0.0018379122387722768, 0.9981620877612277]]
26936052	[1, [0.004151374353258852, 0.9958486256467411]]
5107547	[1, [0.00888260842532218, 0.9911173915746778]]
6671255	[1, [0.010702253882682755, 0.9892977461173172]]
19391481	[1, [0.0415820133928001, 0.9584179866071999]]
7818635	[1, [0.03662913662553291, 0.9633708633744671]]
25632292	[1, [0.03231956485061227, 0.9676804351493877]]
87134785	[1, [0.010731836768527403, 0.9892681632314726]]
89568250	[1, [0.010792835425627367, 0.9892071645743726]]
7478415	[1, [0.015292073434858278, 0.9847079265651417]]
61664505	[1, [0.0024898361018015347, 0.9975101638981985]]
5478465	[1, [0.0007959971672617527, 0.9992040028327382]]
5970441	[1, [0.007064346812539313, 0.9929356531874607]]
7113732	[1, [0.0029772382231834094, 0.9970227617768166]]
9200693	[1, [0.04499258341675971, 0.9550074165832403]]
38551003	[1, [0.038052110502229564, 0.9619478894977704]]
7475255	[1, [0.0019674834654692663, 0.9980325165345307]]
58408861	[1, [0.02150083033376271, 0.9784991696662373]]
7818390	[1, [0.02511590382835649, 0.9748840961716435]]
7113523	[1, [0.012387681965313924, 0.9876123180346861]]
7519513	[1, [0.008163226580781835, 0.9918367734192182]]
7523449	[1, [0.0010223567984373183, 0.9989776432015627]]
7478791	[1, [0.04998858332984124, 0.9500114166701588]]
43983422	[1, [0.02381142656510571, 0.9761885734348943]]
7112661	[1, [0.020153298932483077, 0.9798467010675169]]
6108587	[1, [0.027614104749209112, 0.9723858952507909]]
56278681	[1, [0.021057103669365418, 0.9789428963306346]]
56784596	[1, [0.04244690017470687, 0.9575530998252931]]
47753826	[1, [0.02538512678617233, 0.9746148732138277]]
7356222	[1, [0.04546207879030206, 0.9545379212096979]]
7176153	[1, [0.00013272659326413194, 0.9998672734067359]]
7116373	[1, [0.015772034827527426, 0.9842279651724726]]
9292009	[1, [0.03613052217594648, 0.9638694778240535]]
7354418	[1, [0.0001110632781426979, 0.9998889367218573]]
7115174	[1, [0.014689679769585684, 0.9853103202304143]]
7645414	[1, [0.015535176144423346, 0.9844648238555767]]
7354533	[1, [0.0001529136020533839, 0.9998470863979466]]
5252013	[1, [0.04936644342532959, 0.9506335565746704]]
5340548	[1, [0.003223066540019137, 0.9967769334599809]]
7116350	[1, [0.026088342900222772, 0.9739116570997772]]
5341464	[1, [0.04711323261892719, 0.9528867673810728]]
7173420	[1, [0.009055500050554333, 0.9909444999494457]]
58511002	[1, [0.024506653438070458, 0.9754933465619295]]
7970851	[1, [0.015241965126259971, 0.98475803487374]]
9122622	[1, [0.04980397553458016, 0.9501960244654198]]
56827770	[1, [0.017568814658966092, 0.9824311853410339]]
7355970	[1, [0.00040604245336306466, 0.9995939575466369]]
9235123	[1, [0.019873851152001132, 0.9801261488479989]]
5575207	[1, [0.0005291141934776755, 0.9994708858065223]]
99289060	[1, [0.01049023404292626, 0.9895097659570737]]
6613205	[1, [0.01173284976539335, 0.9882671502346067]]
9233766	[1, [0.03617558058695203, 0.963824419413048]]
6091642	[1, [0.014912002487619702, 0.9850879975123803]]
7354079	[1, [0.03473970447078045, 0.9652602955292195]]
6434671	[1, [0.035904791111083245, 0.9640952088889168]]
7116470	[1, [0.010948134207673599, 0.9890518657923264]]
22832270	[1, [0.04297178186778461, 0.9570282181322154]]
6232315	[1, [0.0013776676162207124, 0.9986223323837793]]
7355998	[1, [0.008862471132639937, 0.9911375288673601]]
7355027	[1, [0.006757267053447813, 0.9932427329465522]]
6092142	[1, [0.005480743564289736, 0.9945192564357103]]
7646231	[1, [0.04949486975174777, 0.9505051302482522]]
39807411	[1, [0.030718712044215057, 0.9692812879557849]]
9292225	[1, [0.04485946285937581, 0.9551405371406242]]
5255954	[1, [0.04280678423148543, 0.9571932157685146]]
7175342	[1, [0.002237246068913845, 0.9977627539310862]]
9193138	[1, [0.00264924306418568, 0.9973507569358143]]
7156073	[1, [5.641531825339996e-05, 0.9999435846817466]]
6875844	[1, [0.01222356727957219, 0.9877764327204278]]
9195680	[1, [0.034110743012064626, 0.9658892569879354]]
53733207	[1, [0.00797339334223135, 0.9920266066577687]]
6874849	[1, [0.0034910925427289463, 0.996508907457271]]
11868435	[1, [0.004295190180661046, 0.995704809819339]]
6875754	[1, [0.013548752987801782, 0.9864512470121982]]
18572446	[1, [0.02100247609989092, 0.9789975239001091]]
6876580	[1, [0.045976674392394945, 0.954023325607605]]
7416813	[1, [0.04441248800159292, 0.9555875119984071]]
77727885	[1, [0.005769260980386104, 0.9942307390196139]]
7412497	[1, [0.029669790724741185, 0.9703302092752588]]
45629284	[1, [0.04663343519492735, 0.9533665648050726]]
7929140	[1, [0.025134181987599757, 0.9748658180124002]]
9193083	[1, [0.01192471646022275, 0.9880752835397772]]
9193082	[1, [0.007113527062037828, 0.9928864729379622]]
6876660	[1, [0.027603917770747555, 0.9723960822292524]]
6876384	[1, [0.04109298343312873, 0.9589070165668713]]
54394870	[1, [0.007205233235972663, 0.9927947667640273]]
45449805	[1, [0.04981161971250092, 0.9501883802874991]]
7940270	[1, [0.03453013837760799, 0.965469861622392]]
9193103	[1, [0.03618839142010888, 0.9638116085798911]]
6876140	[1, [0.0007695904739258852, 0.9992304095260741]]
6875932	[1, [0.02677997203705007, 0.9732200279629499]]
6876373	[1, [0.02045502638391894, 0.9795449736160811]]
7155111	[1, [0.0012314684213142746, 0.9987685315786857]]
9060439	[1, [0.00736578879606653, 0.9926342112039335]]
12656578	[1, [0.018409233024547444, 0.9815907669754526]]
6507682	[1, [0.012248225858853101, 0.9877517741411469]]
9082795	[1, [0.03404834727765371, 0.9659516527223463]]
6257238	[1, [0.004093194178468318, 0.9959068058215317]]
24878518	[1, [0.04693642613531257, 0.9530635738646874]]
7746993	[1, [0.030762956550023368, 0.9692370434499766]]
7682480	[1, [0.00593524910065657, 0.9940647508993434]]
97675439	[1, [0.004750632942152833, 0.9952493670578472]]
5789058	[1, [0.011705133449171568, 0.9882948665508284]]
6511140	[1, [0.010434375527105022, 0.989565624472895]]
7909558	[1, [0.046139022859862044, 0.953860977140138]]
82560983	[1, [0.040668425304782096, 0.9593315746952179]]
7929950	[1, [0.03109213705198366, 0.9689078629480163]]
9252638	[1, [0.02697461168608739, 0.9730253883139126]]
6947828	[1, [0.03582818373564689, 0.9641718162643531]]
7059145	[1, [0.013414715673398692, 0.9865852843266013]]
11649549	[1, [0.03411625956239872, 0.9658837404376013]]
9320553	[1, [0.017459348757006055, 0.982540651242994]]
9253481	[1, [0.031228059965319965, 0.96877194003468]]
9253025	[1, [0.04471127067288383, 0.9552887293271162]]
58755827	[1, [0.03776684134194408, 0.9622331586580559]]
9320046	[1, [0.02788453428422022, 0.9721154657157798]]
6705474	[1, [0.039901927829733674, 0.9600980721702663]]
6949529	[1, [0.003351694791858595, 0.9966483052081414]]
9319569	[1, [0.012229488948875877, 0.9877705110511241]]
9329275	[1, [0.04954671550862355, 0.9504532844913764]]
9253205	[1, [0.026845561924916828, 0.9731544380750832]]
7843399	[1, [0.017218519346375194, 0.9827814806536248]]
7841495	[1, [0.04416169537611969, 0.9558383046238803]]
9253613	[1, [0.0030115388231394258, 0.9969884611768606]]
9268828	[1, [0.014641812569093582, 0.9853581874309064]]
9253852	[1, [0.03323423091937794, 0.9667657690806221]]
11695403	[1, [0.008901119623234477, 0.9910988803767655]]
5556863	[1, [3.957757024353192e-05, 0.9999604224297565]]
9119069	[1, [0.011511100378470251, 0.9884888996215297]]
6706556	[1, [0.025842998423790564, 0.9741570015762094]]
7719200	[1, [0.005514477068522816, 0.9944855229314772]]
5651122	[1, [0.018125242616630288, 0.9818747573833697]]
7720119	[1, [0.008564794702763279, 0.9914352052972367]]
5306349	[1, [0.03759292431108485, 0.9624070756889151]]
63638397	[1, [0.01106222134849133, 0.9889377786515087]]
9237462	[1, [0.04201163199894575, 0.9579883680010542]]
5308148	[1, [0.02135391144715937, 0.9786460885528406]]
5467696	[1, [0.002079107732281371, 0.9979208922677186]]
7721783	[1, [0.030814395070270173, 0.9691856049297298]]
14651526	[1, [0.014150886230112292, 0.9858491137698877]]
7717357	[1, [0.01875435536450043, 0.9812456446354996]]
5724670	[1, [0.014620385004825098, 0.9853796149951749]]
9335750	[1, [0.02077487893357277, 0.9792251210664272]]
7719486	[1, [2.3367540540553122e-05, 0.9999766324594594]]
7721891	[1, [0.01876608205557284, 0.9812339179444272]]
9280813	[1, [0.004205647007064828, 0.9957943529929352]]
5722992	[1, [0.013209500444493205, 0.9867904995555068]]
55575427	[1, [0.02925430758675507, 0.9707456924132449]]
36805830	[1, [0.0015130998127349526, 0.998486900187265]]
9280449	[1, [0.004685122098637695, 0.9953148779013623]]
5651613	[1, [0.0014742040325829153, 0.9985257959674171]]
94350748	[1, [0.02725033211131589, 0.9727496678886841]]
54532732	[1, [0.0058913613624733685, 0.9941086386375266]]
40741960	[1, [0.043553767181124914, 0.9564462328188751]]
32763917	[1, [0.04553375202567089, 0.9544662479743291]]
5569841	[1, [0.029708173962098905, 0.9702918260379011]]
6036199	[1, [0.009701142638319338, 0.9902988573616807]]
7789920	[1, [0.04228501477305757, 0.9577149852269424]]
7790037	[1, [0.03868335921141153, 0.9613166407885885]]
9340637	[1, [0.02614217234627625, 0.9738578276537238]]
9340612	[1, [0.0453204947197523, 0.9546795052802477]]
7489603	[1, [0.03337900287248108, 0.9666209971275189]]
10912491	[1, [0.027296709751754245, 0.9727032902482458]]
7489680	[1, [0.01564002723304414, 0.9843599727669559]]
7492009	[1, [0.0014722598570877654, 0.9985277401429122]]
7545204	[1, [0.008404724406370079, 0.9915952755936299]]
7567125	[1, [0.016879572493510908, 0.9831204275064891]]
7542768	[1, [0.01726810887217456, 0.9827318911278254]]
10871684	[1, [0.0394197269792772, 0.9605802730207228]]
7490349	[1, [0.03589523524640692, 0.9641047647535931]]
7601948	[1, [0.01217791185660766, 0.9878220881433923]]
5344688	[1, [0.010271226650486964, 0.989728773349513]]
7490023	[1, [0.04674453485136576, 0.9532554651486342]]
6602833	[1, [0.0067873933413412635, 0.9932126066586587]]
7558589	[1, [0.047425700493535894, 0.9525742995064641]]
7722361	[1, [0.011169491417463151, 0.9888305085825368]]
7561619	[1, [0.034997914280056275, 0.9650020857199437]]
6626786	[1, [0.04990624665576604, 0.950093753344234]]
6625990	[1, [0.006945700578231073, 0.9930542994217689]]
6881687	[1, [0.006043651984349974, 0.99395634801565]]
98642485	[1, [0.009394948639271372, 0.9906050513607286]]
7255273	[1, [0.004223585749716374, 0.9957764142502836]]
99306400	[1, [0.03897083370302945, 0.9610291662969705]]
9254068	[1, [0.02060507725771432, 0.9793949227422857]]
6623427	[1, [0.039309347185774834, 0.9606906528142252]]
9006392	[1, [0.01017221493940712, 0.9898277850605929]]
6625142	[1, [0.010752750584591242, 0.9892472494154088]]
7974032	[1, [0.035453245736006056, 0.9645467542639939]]
9008258	[1, [0.024689898198375526, 0.9753101018016245]]
6624060	[1, [0.018435042174908545, 0.9815649578250915]]
64215165	[1, [0.041006779292527606, 0.9589932207074724]]
6608613	[1, [0.029708173962098905, 0.9702918260379011]]
9254460	[1, [0.005883437360351906, 0.9941165626396481]]
6625591	[1, [0.038721051827275366, 0.9612789481727246]]
9008219	[1, [0.014051889790802297, 0.9859481102091977]]
99374179	[1, [0.007992964188022422, 0.9920070358119776]]
24147302	[1, [0.026967098462822414, 0.9730329015371776]]
98579551	[1, [0.045756742991010624, 0.9542432570089894]]
6625236	[1, [0.022796957828209896, 0.9772030421717901]]
24148074	[1, [0.023708296941303164, 0.9762917030586968]]
9255156	[1, [0.04771398417253414, 0.9522860158274659]]
7954993	[1, [0.03503185455770208, 0.9649681454422979]]
66995759	[1, [0.003945150402053121, 0.9960548495979469]]
5405462	[1, [0.02973906887179778, 0.9702609311282022]]
6625703	[1, [0.03399558122379198, 0.966004418776208]]
5405464	[1, [0.006682354158292103, 0.9933176458417079]]
6624662	[1, [0.020676051295546727, 0.9793239487044533]]
6625152	[1, [0.018005401110247954, 0.981994598889752]]
6626148	[1, [0.029673394372464967, 0.970326605627535]]
6625500	[1, [0.026010693331709578, 0.9739893066682904]]
5405859	[1, [0.0016162078786349232, 0.9983837921213651]]
9257699	[1, [0.04908006810593013, 0.9509199318940699]]
9258171	[1, [0.041808404936770516, 0.9581915950632295]]
91842043	[1, [0.03790948675491557, 0.9620905132450844]]
9114776	[1, [0.04036258865189135, 0.9596374113481086]]
9258062	[1, [0.00960787066160873, 0.9903921293383913]]
9258595	[1, [0.02770258170987483, 0.9722974182901252]]
9258779	[1, [0.0028566804095346843, 0.9971433195904653]]
7915481	[1, [0.04593067891038649, 0.9540693210896135]]
85183734	[1, [0.03318033162689704, 0.966819668373103]]
41156099	[1, [0.0026955410153880477, 0.997304458984612]]
99003472	[1, [0.006408939934006264, 0.9935910600659937]]
46828475	[1, [0.0002967725356981532, 0.9997032274643018]]
62812256	[1, [0.008822319501370801, 0.9911776804986292]]
98992792	[1, [0.04315922219587309, 0.9568407778041269]]
9245480	[1, [0.04612867649630392, 0.9538713235036961]]
9034765	[1, [0.036220428551490436, 0.9637795714485096]]
30885516	[1, [0.025406854571498605, 0.9745931454285014]]
9281648	[1, [0.0340574866867448, 0.9659425133132552]]
9282960	[1, [0.028804702209532906, 0.9711952977904671]]
9237747	[1, [0.033758323757013486, 0.9662416762429865]]
6583645	[1, [0.016849155342992472, 0.9831508446570075]]
9126119	[1, [0.0206554059534535, 0.9793445940465465]]
23586923	[1, [0.011016592378060075, 0.9889834076219399]]
9282338	[1, [0.033984450692213564, 0.9660155493077864]]
7935002	[1, [0.04626701459842586, 0.9537329854015741]]
9245634	[1, [0.028019567904431608, 0.9719804320955684]]
9264872	[1, [0.0017702438235583928, 0.9982297561764416]]
9246040	[1, [0.017833936346084878, 0.9821660636539151]]
85539480	[1, [0.03982738841548272, 0.9601726115845173]]
23608776	[1, [0.024002195194930964, 0.975997804805069]]
9133578	[1, [0.038247922862849726, 0.9617520771371503]]
9237770	[1, [0.01852214972180688, 0.9814778502781931]]
9244982	[1, [0.0441300007768779, 0.9558699992231221]]
9245084	[1, [0.03337930523720245, 0.9666206947627975]]
9125829	[1, [0.008360979958855097, 0.9916390200411449]]
9265497	[1, [0.004866251068513572, 0.9951337489314864]]
9264814	[1, [0.00419240960984657, 0.9958075903901534]]
7591718	[1, [0.005254150091469567, 0.9947458499085304]]
7017542	[1, [0.022822804512149797, 0.9771771954878502]]
9243636	[1, [0.018179805465273646, 0.9818201945347264]]
7612013	[1, [0.004555043614719589, 0.9954449563852804]]
32845352	[1, [0.04462177246544485, 0.9553782275345551]]
7966260	[1, [0.01076943152035481, 0.9892305684796452]]
57470881	[1, [0.005197876279262159, 0.9948021237207378]]
34705149	[1, [0.01438516897185349, 0.9856148310281465]]
9244132	[1, [0.047877353434050085, 0.9521226465659499]]
34486482	[1, [0.01987471163127441, 0.9801252883687256]]
7613329	[1, [0.04762650078656039, 0.9523734992134396]]
7589421	[1, [0.011319358979035576, 0.9886806410209644]]
7614014	[1, [0.004973685859854249, 0.9950263141401458]]
5100053	[1, [0.03749205833289271, 0.9625079416671073]]
9243019	[1, [0.04893219117980785, 0.9510678088201922]]
9243297	[1, [0.007264519485721155, 0.9927354805142788]]
7965997	[1, [0.011387079943865008, 0.988612920056135]]
5358378	[1, [0.024616990274430872, 0.9753830097255691]]
7612278	[1, [0.013513887461322094, 0.9864861125386779]]
7667643	[1, [0.028076947736486835, 0.9719230522635132]]
46630309	[1, [0.02879934045631538, 0.9712006595436846]]
81358322	[1, [0.036735812710411375, 0.9632641872895886]]
7666377	[1, [0.026114340073482678, 0.9738856599265173]]
7964444	[1, [0.021875142907028966, 0.978124857092971]]
7036805	[1, [0.04136857859766385, 0.9586314214023361]]
35328925	[1, [0.005317531931240516, 0.9946824680687595]]
24580556	[1, [0.02395336859844388, 0.9760466314015561]]
24577540	[1, [0.03073955636499226, 0.9692604436350077]]
7667877	[1, [0.021708517687529016, 0.978291482312471]]
7668606	[1, [0.03767843828132622, 0.9623215617186738]]
7453632	[1, [0.003953020905106741, 0.9960469790948933]]
7668477	[1, [0.01900986276497174, 0.9809901372350283]]
7669847	[1, [0.035838942677680174, 0.9641610573223198]]
7668561	[1, [0.0050791095241662365, 0.9949208904758338]]
7666866	[1, [0.003597470746860565, 0.9964025292531394]]
7040252	[1, [0.014318456841888039, 0.985681543158112]]
44657994	[1, [0.028865101984683172, 0.9711348980153168]]
24636591	[1, [0.008192961828185297, 0.9918070381718147]]
6566657	[1, [0.02807972022993943, 0.9719202797700606]]
7667619	[1, [0.042210337293931866, 0.9577896627060681]]
5766322	[1, [0.003135694312842885, 0.9968643056871571]]
97908895	[1, [0.021017980362999067, 0.9789820196370009]]
5765437	[1, [0.013399846314139596, 0.9866001536858604]]
5768934	[1, [0.006434323873153236, 0.9935656761268468]]
5768846	[1, [0.008611557998278063, 0.9913884420017219]]
9283273	[1, [0.0025061734592978224, 0.9974938265407022]]
9284907	[1, [0.03629532144862946, 0.9637046785513705]]
9284007	[1, [0.022300330113703914, 0.9776996698862961]]
9311492	[1, [0.03875907358710484, 0.9612409264128952]]
7968631	[1, [0.02158888192847863, 0.9784111180715214]]
74914858	[1, [4.953055309653287e-05, 0.9999504694469035]]
20862505	[1, [0.017982300629533987, 0.982017699370466]]
18678310	[1, [0.03271997064402532, 0.9672800293559747]]
6987749	[1, [0.019319396448898574, 0.9806806035511014]]
83040781	[1, [0.04172143939118711, 0.9582785606088129]]
9284219	[1, [0.006728142655781144, 0.9932718573442189]]
9283785	[1, [0.03750167100065638, 0.9624983289993436]]
6942611	[1, [0.03065824331007394, 0.9693417566899261]]
6942634	[1, [4.161978786487719e-05, 0.9999583802121351]]
68360623	[1, [0.0001456981034702043, 0.9998543018965298]]
32333896	[1, [0.04452157684081448, 0.9554784231591855]]
9277601	[1, [0.028938148959457788, 0.9710618510405422]]
68343330	[1, [0.007979102526906479, 0.9920208974730935]]
38781011	[1, [0.03522760757852683, 0.9647723924214732]]
6943818	[1, [0.03431420694184917, 0.9656857930581508]]
7663965	[1, [0.044947029458802135, 0.9550529705411979]]
7664490	[1, [0.009980616065226267, 0.9900193839347737]]
9278826	[1, [0.034105153356099205, 0.9658948466439008]]
98404083	[1, [0.03975763462471438, 0.9602423653752856]]
7854997	[1, [0.04973203800835513, 0.9502679619916449]]
6943705	[1, [0.0036472832604108607, 0.9963527167395891]]
9277861	[1, [0.04886106551087732, 0.9511389344891227]]
7854593	[1, [0.0425655704299811, 0.9574344295700189]]
6944275	[1, [0.02809222807511569, 0.9719077719248843]]
6943687	[1, [0.00030673996743380005, 0.9996932600325662]]
6943943	[1, [0.012333720314139485, 0.9876662796858605]]
9279129	[1, [0.04008566889723142, 0.9599143311027686]]
7666262	[1, [0.011068998750000447, 0.9889310012499996]]
7665704	[1, [0.005340823993050359, 0.9946591760069496]]
82710307	[1, [0.03896933664976154, 0.9610306633502385]]
7986053	[1, [0.03289116379584056, 0.9671088362041594]]
9273484	[1, [0.03460252583841761, 0.9653974741615824]]
9272662	[1, [0.041040806230903115, 0.9589591937690969]]
23048189	[1, [0.029538163589303057, 0.9704618364106969]]
89278797	[1, [0.04231947418361215, 0.9576805258163879]]
6877009	[1, [0.015738236557443663, 0.9842617634425563]]
6878021	[1, [0.0032767950518440836, 0.9967232049481559]]
9272918	[1, [0.0022664150800959515, 0.997733584919904]]
78385953	[1, [0.01911499121577831, 0.9808850087842217]]
9272287	[1, [0.00340213678356982, 0.9965978632164302]]
5675691	[1, [0.025049984790579738, 0.9749500152094203]]
6514100	[1, [0.002072681240655516, 0.9979273187593445]]
6877503	[1, [0.028745446239687, 0.971254553760313]]
6638484	[1, [0.03584819482710788, 0.9641518051728921]]
5675612	[1, [0.04082739604768115, 0.9591726039523188]]
6876924	[1, [0.00025197264342680104, 0.9997480273565732]]
9272358	[1, [0.03374410799718852, 0.9662558920028115]]
52374214	[1, [0.048774609423984816, 0.9512253905760152]]
9273388	[1, [0.022664833655525518, 0.9773351663444745]]
7647477	[1, [0.043276344626700824, 0.9567236553732992]]
7648360	[1, [0.020903865254063847, 0.9790961347459362]]
28146348	[1, [0.00654915471266837, 0.9934508452873316]]
5739068	[1, [0.0313383901242017, 0.9686616098757983]]
9266937	[1, [0.014988043807095397, 0.9850119561929046]]
93956359	[1, [0.0022703487298700864, 0.9977296512701299]]
7183993	[1, [0.03479034421317595, 0.965209655786824]]
5738377	[1, [0.03850464727402836, 0.9614953527259716]]
7195906	[1, [0.02232731284759437, 0.9776726871524056]]
9267722	[1, [0.04833700197367852, 0.9516629980263215]]
9267400	[1, [0.011949078455288364, 0.9880509215447116]]
9266800	[1, [0.010532150537184148, 0.9894678494628159]]
56179261	[1, [0.004151907173450486, 0.9958480928265495]]
9266757	[1, [0.00773398366085809, 0.9922660163391419]]
7199727	[1, [8.024252066562987e-05, 0.9999197574793344]]
7832272	[1, [0.03519395887122312, 0.9648060411287769]]
70814790	[1, [0.03392749311986021, 0.9660725068801398]]
5738551	[1, [0.018224661051107205, 0.9817753389488928]]
91099073	[1, [0.047946022160982094, 0.9520539778390179]]
84521099	[1, [0.04642496122808171, 0.9535750387719183]]
50412105	[1, [0.04646461986345263, 0.9535353801365474]]
7573442	[1, [0.010355925023075585, 0.9896440749769244]]
27769854	[1, [0.04686619883516119, 0.9531338011648388]]
7573910	[1, [0.010004991621347381, 0.9899950083786526]]
7639320	[1, [0.015711663838473777, 0.9842883361615262]]
69951375	[1, [0.028043351715497322, 0.9719566482845027]]
7728562	[1, [0.015150544718852244, 0.9848494552811478]]
49068788	[1, [0.03382621950543663, 0.9661737804945634]]
9241721	[1, [0.021332738354814973, 0.978667261645185]]
5401629	[1, [0.002364160661278647, 0.9976358393387214]]
9241801	[1, [0.012403742902230008, 0.98759625709777]]
6697847	[1, [0.039562147646712176, 0.9604378523532878]]
50446471	[1, [0.026714311928589196, 0.9732856880714108]]
6789360	[1, [0.04015033010624358, 0.9598496698937564]]
5134533	[1, [0.004204303728777892, 0.9957956962712221]]
5983384	[1, [0.026910975259229808, 0.9730890247407702]]
11253619	[1, [0.01269759752329791, 0.9873024024767021]]
5302329	[1, [0.015105962439297183, 0.9848940375607028]]
7756122	[1, [0.028804362081467194, 0.9711956379185328]]
7936252	[1, [0.003376630311348383, 0.9966233696886516]]
67884094	[1, [0.015955073427298627, 0.9840449265727014]]
7754923	[1, [0.03436386475430098, 0.965636135245699]]
9217223	[1, [0.03227058969752117, 0.9677294103024788]]
7530066	[1, [0.02865018836721811, 0.9713498116327819]]
5134310	[1, [0.007818923132561495, 0.9921810768674385]]
69698656	[1, [0.035753472203197134, 0.9642465277968029]]
5139049	[1, [0.04005601044280649, 0.9599439895571935]]
9217813	[1, [0.022664833655525518, 0.9773351663444745]]
35106433	[1, [0.014932750955337304, 0.9850672490446627]]
69456449	[1, [0.003939288062340229, 0.9960607119376598]]
11403945	[1, [0.04156290792641126, 0.9584370920735887]]
5980475	[1, [0.03462418024331304, 0.965375819756687]]
6548346	[1, [0.0390768760367729, 0.9609231239632271]]
7754783	[1, [0.0035660090439392222, 0.9964339909560608]]
6695834	[1, [0.04259032424006626, 0.9574096757599337]]
7936156	[1, [0.015026729944951467, 0.9849732700550485]]
5102872	[1, [0.028229445737921077, 0.9717705542620789]]
67839985	[1, [0.00030130300253550235, 0.9996986969974645]]
7935536	[1, [0.04685446646175895, 0.953145533538241]]
82780286	[1, [0.049448976888325724, 0.9505510231116743]]
5303290	[1, [0.0473775200543185, 0.9526224799456815]]
7836249	[1, [0.04655008659081139, 0.9534499134091886]]
7836248	[1, [0.03178395124237454, 0.9682160487576255]]
7161585	[1, [0.009093394267403299, 0.9909066057325967]]
59035625	[1, [0.024165749067187936, 0.9758342509328121]]
74997073	[1, [0.002125210157627455, 0.9978747898423725]]
5807639	[1, [0.03726923604809296, 0.962730763951907]]
25781172	[1, [0.017735810656916207, 0.9822641893430838]]
6085533	[1, [0.01860916113922917, 0.9813908388607708]]
12921552	[1, [0.012430279818901102, 0.9875697201810989]]
7409486	[1, [0.04383381450233914, 0.9561661854976609]]
5806283	[1, [0.008164747934349736, 0.9918352520656503]]
52195071	[1, [0.031086588711158214, 0.9689134112888418]]
5807987	[1, [0.03726923604809296, 0.962730763951907]]
5806965	[1, [0.047312361485335686, 0.9526876385146643]]
5808548	[1, [0.04158084283964425, 0.9584191571603558]]
7160889	[1, [0.012077669735098162, 0.9879223302649018]]
6083524	[1, [0.009982517804925761, 0.9900174821950742]]
5807711	[1, [0.022921831871947407, 0.9770781681280526]]
7411028	[1, [0.004414884492941695, 0.9955851155070583]]
6086909	[1, [0.049572241680148954, 0.950427758319851]]
20620492	[1, [0.04234674117588566, 0.9576532588241143]]
6083698	[1, [0.006253643573129408, 0.9937463564268706]]
92940293	[1, [0.04972469435292559, 0.9502753056470744]]
40830480	[1, [0.03243813427652731, 0.9675618657234727]]
11774602	[1, [0.039179766962692764, 0.9608202330373072]]
6854470	[1, [0.02743947543042291, 0.9725605245695771]]
7608729	[1, [0.01906749297260113, 0.9809325070273989]]
7650249	[1, [0.041261433276995274, 0.9587385667230047]]
70965347	[1, [0.0008540696313886764, 0.9991459303686113]]
7651004	[1, [0.005863392698961967, 0.994136607301038]]
6026263	[1, [0.02742521336835957, 0.9725747866316404]]
50086846	[1, [0.04155124270850663, 0.9584487572914934]]
30727507	[1, [0.033454320635451285, 0.9665456793645487]]
6593276	[1, [0.02184786699433494, 0.9781521330056651]]
49218680	[1, [0.00980586597700861, 0.9901941340229914]]
6856129	[1, [0.013423475700799381, 0.9865765242992006]]
7651519	[1, [0.02828341579711957, 0.9717165842028804]]
63827496	[1, [0.04205019438492519, 0.9579498056150748]]
6602213	[1, [0.007629845638910893, 0.9923701543610891]]
30762300	[1, [0.03117415069859064, 0.9688258493014094]]
81442216	[1, [0.044554621456117216, 0.9554453785438828]]
63305482	[1, [0.005334278393924419, 0.9946657216060756]]
6680247	[1, [0.006204068455449185, 0.9937959315445508]]
60074022	[1, [0.021372581401191804, 0.9786274185988082]]
5539832	[1, [0.03160205498064117, 0.9683979450193588]]
33406565	[1, [0.03303512033745293, 0.9669648796625471]]
6240728	[1, [0.03494810209086152, 0.9650518979091385]]
63313324	[1, [0.014782392064256467, 0.9852176079357435]]
5128770	[1, [0.028013197507534282, 0.9719868024924657]]
5616193	[1, [0.020191127298604172, 0.9798088727013958]]
7221788	[1, [0.006523607318534963, 0.993476392681465]]
81378729	[1, [0.036922685560756285, 0.9630773144392437]]
7220850	[1, [0.0008426317342951073, 0.9991573682657049]]
6045172	[1, [0.027858947027605607, 0.9721410529723944]]
47994373	[1, [0.03669451991361872, 0.9633054800863813]]
60087075	[1, [0.0393960752670417, 0.9606039247329583]]
62544064	[1, [0.03977602476896569, 0.9602239752310343]]
9124031	[1, [0.045650928038326044, 0.954349071961674]]
15503657	[1, [0.009879480557093867, 0.9901205194429061]]
36945095	[1, [0.018911134958627174, 0.9810888650413728]]
6872811	[1, [0.01641310393256512, 0.9835868960674349]]
7095330	[1, [0.007515568657341487, 0.9924844313426585]]
7004733	[1, [0.00028651385574307575, 0.9997134861442569]]
7984522	[1, [0.014162936837125106, 0.9858370631628749]]
78203341	[1, [0.045038737605001655, 0.9549612623949983]]
7097852	[1, [0.00481430251800663, 0.9951856974819934]]
6872529	[1, [0.009374374194263235, 0.9906256258057368]]
31147799	[1, [0.02484269775583381, 0.9751573022441662]]
6872084	[1, [0.028600522647904802, 0.9713994773520952]]
31986453	[1, [0.024828512812297365, 0.9751714871877026]]
23291835	[1, [0.030729735422447946, 0.969270264577552]]
32599375	[1, [0.005782956967757769, 0.9942170430322422]]
34692877	[1, [0.030717743012507737, 0.9692822569874923]]
6871427	[1, [0.036804803771527506, 0.9631951962284725]]
6872265	[1, [0.0008714821333236644, 0.9991285178666763]]
7094181	[1, [0.049820154717034604, 0.9501798452829654]]
37725796	[1, [0.01082831058511835, 0.9891716894148816]]
6872148	[1, [0.001021259536332142, 0.9989787404636679]]
9156267	[1, [0.010123494558959334, 0.9898765054410407]]
9156157	[1, [0.008426200415455387, 0.9915737995845446]]
9192907	[1, [0.02053411944811112, 0.9794658805518889]]
6872678	[1, [0.0012464736587995962, 0.9987535263412004]]
6058703	[1, [0.011848898660242413, 0.9881511013397576]]
6535245	[1, [0.03706167834283769, 0.9629383216571623]]
7921070	[1, [0.007024100475815032, 0.992975899524185]]
6059391	[1, [0.004125050706580535, 0.9958749492934195]]
98684231	[1, [0.004368374853857548, 0.9956316251461425]]
16407315	[1, [0.028282403423720348, 0.9717175965762797]]
7662413	[1, [0.04789296372904306, 0.9521070362709569]]
13691591	[1, [0.03249274184630724, 0.9675072581536928]]
7726020	[1, [0.02725432107767911, 0.9727456789223209]]
7956927	[1, [0.024472112436031423, 0.9755278875639686]]
7928457	[1, [0.004242878207603273, 0.9957571217923967]]
9285676	[1, [0.003863796393976049, 0.996136203606024]]
16662156	[1, [0.036623335848868344, 0.9633766641511317]]
5877376	[1, [0.002767251197938303, 0.9972327488020617]]
91249550	[1, [0.001979169460590846, 0.9980208305394092]]
37985243	[1, [0.02545395567595099, 0.974546044324049]]
7661301	[1, [0.014652037893890912, 0.9853479621061091]]
9285299	[1, [0.002840150794762075, 0.9971598492052379]]
5876336	[1, [0.0036283397134482254, 0.9963716602865518]]
7950477	[1, [0.010583778365565122, 0.9894162216344349]]
54596088	[1, [0.031586138113977036, 0.968413861886023]]
6951724	[1, [0.011960237580176836, 0.9880397624198232]]
5612488	[1, [0.007229434387032718, 0.9927705656129673]]
7950346	[1, [0.0010308353627462852, 0.9989691646372537]]
38990192	[1, [0.04716306861358899, 0.952836931386411]]
7503077	[1, [0.02612232292897576, 0.9738776770710242]]
7053746	[1, [0.0057942334753916525, 0.9942057665246083]]
79867849	[1, [0.048853452106256245, 0.9511465478937438]]
7042496	[1, [0.0326887266151753, 0.9673112733848247]]
7504520	[1, [0.019449890110245782, 0.9805501098897542]]
38973608	[1, [0.04928131767862143, 0.9507186823213786]]
7048925	[1, [0.012158176453993419, 0.9878418235460066]]
7501450	[1, [0.009322767040728985, 0.990677232959271]]
6950548	[1, [0.026506441271151315, 0.9734935587288487]]
7905292	[1, [0.01649148033033898, 0.983508519669661]]
6147863	[1, [0.044078503130632884, 0.9559214968693671]]
37633706	[1, [0.03163583593692865, 0.9683641640630714]]
7905287	[1, [0.0214807764471332, 0.9785192235528668]]
7043587	[1, [0.018180209046831153, 0.9818197909531688]]
79526071	[1, [0.015793932036290648, 0.9842060679637094]]
5851369	[1, [0.00367991236790155, 0.9963200876320985]]
7051603	[1, [0.00816959839966691, 0.9918304016003331]]
42601990	[1, [0.0373569742495834, 0.9626430257504166]]
9081292	[1, [0.03499397750511535, 0.9650060224948847]]
42606654	[1, [0.03845524847548609, 0.9615447515245139]]
7118519	[1, [0.04849866307929507, 0.9515013369207049]]
89903267	[1, [0.0025572357307449556, 0.997442764269255]]
92458319	[1, [0.0011361906438398517, 0.9988638093561601]]
7119334	[1, [0.00935953760715491, 0.9906404623928451]]
9229566	[1, [0.012210357773470015, 0.98778964222653]]
7875068	[1, [0.007090050298978801, 0.9929099497010212]]
9228485	[1, [0.007413710779641924, 0.9925862892203581]]
37813442	[1, [0.02908100340296149, 0.9709189965970385]]
37824344	[1, [0.03109624430211222, 0.9689037556978878]]
5213533	[1, [0.011412213724783848, 0.9885877862752162]]
92492713	[1, [0.0074136995539187955, 0.9925863004460812]]
6047168	[1, [0.0014735229458460175, 0.998526477054154]]
92488517	[1, [0.0434202732047807, 0.9565797267952193]]
9228281	[1, [0.01179284196043151, 0.9882071580395685]]
33111533	[1, [0.03489842902031315, 0.9651015709796869]]
35476886	[1, [0.01024638532300115, 0.9897536146769988]]
6628136	[1, [0.03266278081833063, 0.9673372191816694]]
94731191	[1, [0.002964100152890281, 0.9970358998471097]]
6241294	[1, [0.046151307693117705, 0.9538486923068823]]
7936638	[1, [0.0043640532576711966, 0.9956359467423288]]
7936634	[1, [0.01844255030392794, 0.9815574496960721]]
6627703	[1, [0.029167358804685795, 0.9708326411953142]]
6627098	[1, [0.022677152467115103, 0.9773228475328849]]
9239661	[1, [0.01192471646022275, 0.9880752835397772]]
9239459	[1, [0.03323423091937794, 0.9667657690806221]]
6995760	[1, [0.04786518429705788, 0.9521348157029421]]
9239208	[1, [0.007629384538196726, 0.9923706154618033]]
6627227	[1, [0.031406715417504505, 0.9685932845824955]]
7249382	[1, [0.04259565928728781, 0.9574043407127122]]
7976641	[1, [0.016299182893825925, 0.9837008171061741]]
78575150	[1, [0.033671906086385706, 0.9663280939136143]]
6630124	[1, [0.00022961721328240703, 0.9997703827867176]]
6628834	[1, [0.018584173298874185, 0.9814158267011258]]
5749406	[1, [0.005734997390674845, 0.9942650026093252]]
5749769	[1, [0.02304517325067179, 0.9769548267493282]]
7936790	[1, [0.04422821580966119, 0.9557717841903388]]
7246741	[1, [0.019007884233206762, 0.9809921157667932]]
6619799	[1, [0.03526697648578059, 0.9647330235142194]]
9239967	[1, [0.04903343165366425, 0.9509665683463357]]
6241321	[1, [0.04917162752707116, 0.9508283724729288]]
94704682	[1, [0.03219209073236817, 0.9678079092676318]]
6629096	[1, [0.026124698674737545, 0.9738753013252625]]
6628371	[1, [0.03349797371170904, 0.966502026288291]]
5749147	[1, [0.03435293935292605, 0.965647060647074]]
9304126	[1, [0.03425280863919644, 0.9657471913608036]]
76103667	[1, [0.042679126493389674, 0.9573208735066103]]
9240431	[1, [0.025579574936514304, 0.9744204250634857]]
7908054	[1, [0.003691271362091353, 0.9963087286379086]]
74279052	[1, [0.023145313510958276, 0.9768546864890417]]
7634274	[1, [0.011789483495118103, 0.9882105165048819]]
7631543	[1, [0.028667500813990054, 0.97133249918601]]
7904177	[1, [0.004931917934210994, 0.995068082065789]]
7958246	[1, [0.04133293832593321, 0.9586670616740668]]
7080870	[1, [0.012476325588829607, 0.9875236744111704]]
58673778	[1, [0.02232707613918561, 0.9776729238608144]]
7077833	[1, [0.007599301328478636, 0.9924006986715214]]
7866213	[1, [0.03694480073357387, 0.9630551992664261]]
74277245	[1, [0.022491208210817293, 0.9775087917891827]]
7088766	[1, [0.010670981862623274, 0.9893290181373767]]
7908040	[1, [0.012740319246678067, 0.9872596807533219]]
7958006	[1, [0.021021832400482277, 0.9789781675995177]]
7087630	[1, [0.0037208083750297494, 0.9962791916249703]]
6919783	[1, [0.024599479299057703, 0.9754005207009423]]
72984614	[1, [0.0043933959396990074, 0.995606604060301]]
6618714	[1, [0.0054945686483360845, 0.9945054313516639]]
7884395	[1, [0.004879257311381835, 0.9951207426886182]]
7904102	[1, [0.01276429363118703, 0.987235706368813]]
7631533	[1, [0.00010129753824150711, 0.9998987024617585]]
7631574	[1, [0.005505134269596201, 0.9944948657304038]]
7885418	[1, [0.047494132574846804, 0.9525058674251532]]
7083967	[1, [0.028393072356657334, 0.9716069276433427]]
7079312	[1, [0.013917899149381796, 0.9860821008506182]]
7908039	[1, [0.003047093867350026, 0.99695290613265]]
7084169	[1, [0.008946111951132818, 0.9910538880488672]]
97018322	[1, [0.0031403258529777434, 0.9968596741470223]]
86024105	[1, [0.013664142379085642, 0.9863358576209144]]
9212927	[1, [0.027238009669646956, 0.972761990330353]]
6354659	[1, [0.04391244112111825, 0.9560875588788817]]
7906789	[1, [0.0026931952523444602, 0.9973068047476555]]
7657280	[1, [0.044716305633129005, 0.955283694366871]]
79630667	[1, [0.029591058726961883, 0.9704089412730381]]
77124038	[1, [0.042305013678182846, 0.9576949863218172]]
79629109	[1, [0.02994412381155087, 0.9700558761884491]]
56956170	[1, [0.04330360500134145, 0.9566963949986586]]
23454646	[1, [0.018447505749507154, 0.9815524942504928]]
9212799	[1, [0.049107753501290485, 0.9508922464987095]]
5849267	[1, [0.03466859791488319, 0.9653314020851168]]
5849474	[1, [0.03893283036144446, 0.9610671696385555]]
5849109	[1, [0.04082739604768115, 0.9591726039523188]]
9236029	[1, [0.00303342082407676, 0.9969665791759232]]
5849459	[1, [0.025153472203101268, 0.9748465277968987]]
5793083	[1, [4.494246524067158e-05, 0.9999550575347593]]
79587519	[1, [0.04787149502488108, 0.9521285049751189]]
33526427	[1, [0.008645058163058161, 0.9913549418369418]]
6897804	[1, [0.020418620625168415, 0.9795813793748316]]
9209623	[1, [0.005265088523028538, 0.9947349114769715]]
97107330	[1, [0.03155812663582258, 0.9684418733641774]]
9209834	[1, [0.0073445444816772065, 0.9926554555183228]]
6839378	[1, [0.007511894690025889, 0.9924881053099741]]
7998920	[1, [0.04249691777394993, 0.9575030822260501]]
5728404	[1, [0.021698097183627363, 0.9783019028163726]]
7799924	[1, [0.021821307094666453, 0.9781786929053335]]
5900924	[1, [0.012629036791877324, 0.9873709632081227]]
72805369	[1, [0.0004992135201146164, 0.9995007864798854]]
97130803	[1, [0.004908889139410344, 0.9950911108605897]]
5744560	[1, [0.003625308790958126, 0.9963746912090419]]
65886222	[1, [0.0037302495928380752, 0.9962697504071619]]
9271362	[1, [0.00938481997797258, 0.9906151800220274]]
7933763	[1, [0.013975472651237109, 0.9860245273487629]]
6839363	[1, [0.007691427718591437, 0.9923085722814086]]
38196060	[1, [0.009213567922797039, 0.990786432077203]]
61837346	[1, [0.01774415819116637, 0.9822558418088336]]
6840087	[1, [0.0412133505246407, 0.9587866494753593]]
60895251	[1, [0.045271523666734814, 0.9547284763332652]]
9211064	[1, [0.0008822120023566082, 0.9991177879976434]]
5895316	[1, [0.013896037143920292, 0.9861039628560797]]
9210676	[1, [0.015017212225416965, 0.984982787774583]]
7933482	[1, [0.0021369507612464256, 0.9978630492387536]]
5895179	[1, [0.013139760755860208, 0.9868602392441398]]
13537811	[1, [0.01978088175896897, 0.980219118241031]]
9271257	[1, [0.0028136275517871567, 0.9971863724482128]]
6963849	[1, [0.02512311835767933, 0.9748768816423207]]
7584424	[1, [0.0018057463178540178, 0.998194253682146]]
5786832	[1, [0.005639208561153852, 0.9943607914388461]]
80313512	[1, [0.03958166027154919, 0.9604183397284508]]
6963524	[1, [0.01678485349391834, 0.9832151465060817]]
5860451	[1, [0.028726631554491067, 0.9712733684455089]]
7583466	[1, [0.002845085399651226, 0.9971549146003488]]
7583557	[1, [0.031198272361782298, 0.9688017276382177]]
6732563	[1, [0.02193515929208234, 0.9780648407079177]]
7777290	[1, [0.03925642191011036, 0.9607435780898896]]
5785317	[1, [0.00018433121214556092, 0.9998156687878544]]
7773972	[1, [0.022326485187764256, 0.9776735148122357]]
6959778	[1, [0.041210122700580554, 0.9587898772994194]]
9102506	[1, [0.017235655885627366, 0.9827643441143726]]
47571575	[1, [0.004047794385645287, 0.9959522056143547]]
48876191	[1, [0.027044894957978682, 0.9729551050420213]]
5472844	[1, [1.744447585161346e-05, 0.9999825555241484]]
5859141	[1, [0.046655667267287426, 0.9533443327327126]]
92761343	[1, [0.04921558523475256, 0.9507844147652474]]
6959776	[1, [0.013381678059703472, 0.9866183219402965]]
7586824	[1, [0.0024872108197210308, 0.997512789180279]]
10343942	[1, [0.04392370099303944, 0.9560762990069606]]
9316562	[1, [0.047886219780198025, 0.952113780219802]]
9206183	[1, [0.03482083838744132, 0.9651791616125587]]
5705784	[1, [0.004728878917719115, 0.9952711210822809]]
5705783	[1, [0.001152744643179271, 0.9988472553568207]]
7822919	[1, [0.04000907094253403, 0.959990929057466]]
9230703	[1, [0.041040806230903115, 0.9589591937690969]]
9145793	[1, [0.00479966375953389, 0.9952003362404661]]
6296969	[1, [0.01683837434052493, 0.9831616256594751]]
9207178	[1, [0.0056273602013589, 0.9943726397986411]]
92278944	[1, [0.00031809251737857647, 0.9996819074826214]]
86552238	[1, [0.005138136865154852, 0.9948618631348451]]
9317279	[1, [0.04051574617754605, 0.959484253822454]]
9206202	[1, [0.032800661086574645, 0.9671993389134254]]
10316592	[1, [0.03839235683231201, 0.961607643167688]]
5705698	[1, [0.0031318502683912453, 0.9968681497316088]]
9317403	[1, [0.0453204947197523, 0.9546795052802477]]
75357084	[1, [0.0364702151114733, 0.9635297848885267]]
9230886	[1, [0.040402825427785394, 0.9595971745722146]]
94607913	[1, [0.01601899336144852, 0.9839810066385515]]
9206187	[1, [0.042329754628398386, 0.9576702453716016]]
5705755	[1, [0.00017170112481190714, 0.9998282988751881]]
65093886	[1, [0.007180118386778789, 0.9928198816132212]]
9231273	[1, [0.0370935063540323, 0.9629064936459677]]
9206963	[1, [0.016943196503512725, 0.9830568034964873]]
7630303	[1, [0.0162203026376887, 0.9837796973623113]]
75380905	[1, [0.01942835537344112, 0.9805716446265589]]
7759216	[1, [0.0034396474252247344, 0.9965603525747753]]
87369381	[1, [0.028738414953859537, 0.9712615850461405]]
9230021	[1, [0.03327787705353091, 0.9667221229464691]]
21309591	[1, [0.02941072809828238, 0.9705892719017176]]
7629459	[1, [0.0003602835666974835, 0.9996397164333025]]
77344928	[1, [0.03784423334402842, 0.9621557666559716]]
7994959	[1, [0.029482974540573914, 0.9705170254594261]]
9319443	[1, [0.02483354159795914, 0.9751664584020409]]
7642324	[1, [0.03928925832456431, 0.9607107416754357]]
6368331	[1, [0.041465586531190146, 0.9585344134688099]]
7695379	[1, [0.003210307944011892, 0.9967896920559881]]
56586975	[1, [0.033352631364857555, 0.9666473686351424]]
49365748	[1, [0.041945277631920574, 0.9580547223680794]]
7693954	[1, [0.015491069904315369, 0.9845089300956846]]
7639736	[1, [0.005017205590441165, 0.9949827944095588]]
25837012	[1, [0.016824028906513355, 0.9831759710934866]]
5545227	[1, [0.00010529194958797117, 0.999894708050412]]
7640643	[1, [0.00017317765476188018, 0.9998268223452381]]
6367621	[1, [0.0291920538421514, 0.9708079461578486]]
84320610	[1, [0.025781844032760515, 0.9742181559672395]]
7642141	[1, [0.03560898030403814, 0.9643910196959619]]
7695916	[1, [0.013087569133912291, 0.9869124308660877]]
90251596	[1, [0.04883192074981024, 0.9511680792501898]]
5955008	[1, [0.004786258793783471, 0.9952137412062165]]
6874200	[1, [0.002889826059829792, 0.9971101739401702]]
7706573	[1, [0.024388296653399033, 0.975611703346601]]
50760061	[1, [0.005311958644385051, 0.994688041355615]]
7671016	[1, [0.01673209300408507, 0.9832679069959149]]
6939405	[1, [0.0037988718440112867, 0.9962011281559887]]
7508313	[1, [0.02053795729534269, 0.9794620427046573]]
5791186	[1, [0.03697337173354631, 0.9630266282664537]]
5790700	[1, [0.00688734443846295, 0.993112655561537]]
6874559	[1, [0.00023947549433545046, 0.9997605245056645]]
9208473	[1, [0.030318355355084425, 0.9696816446449156]]
9208475	[1, [0.019578351852905684, 0.9804216481470943]]
7672593	[1, [0.022391480793239826, 0.9776085192067602]]
7510238	[1, [0.03519395887122312, 0.9648060411287769]]
41104335	[1, [0.04982014988818828, 0.9501798501118117]]
6873579	[1, [0.010260700496609876, 0.9897392995033901]]
7706115	[1, [0.0001736850996167938, 0.9998263149003832]]
9226107	[1, [0.021297305356191676, 0.9787026946438083]]
43773506	[1, [0.04296789626737896, 0.957032103732621]]
41081906	[1, [0.043963285069564595, 0.9560367149304354]]
5792344	[1, [0.00536325720744113, 0.9946367427925589]]
9208130	[1, [0.0366518131687561, 0.9633481868312439]]
7507388	[1, [0.046331468586638724, 0.9536685314133613]]
5772477	[1, [0.023833215927679063, 0.9761667840723209]]
33851078	[1, [0.026561110838490998, 0.973438889161509]]
5770901	[1, [0.0005047079659024067, 0.9994952920340976]]
9209313	[1, [0.0252068315429147, 0.9747931684570853]]
6938193	[1, [0.0021415462229690263, 0.997858453777031]]
90753139	[1, [0.000428931246249431, 0.9995710687537506]]
5774119	[1, [0.02566875042551242, 0.9743312495744876]]
5771014	[1, [0.03850464727402836, 0.9614953527259716]]
9117264	[1, [0.010278642153615292, 0.9897213578463847]]
7507980	[1, [0.002064671418152697, 0.9979353285818473]]
9119913	[1, [0.04914382379048132, 0.9508561762095187]]
41070750	[1, [0.01984375122684512, 0.9801562487731549]]
7671090	[1, [0.02302120143640063, 0.9769787985635994]]
7577540	[1, [0.02015719027859575, 0.9798428097214043]]
80827398	[1, [0.009927768389376368, 0.9900722316106236]]
66045771	[1, [0.021671842685249243, 0.9783281573147508]]
7575258	[1, [0.040280742921677604, 0.9597192570783224]]
7398703	[1, [0.013053688381788442, 0.9869463116182116]]
6484871	[1, [0.0007021668340726483, 0.9992978331659274]]
7397598	[1, [0.044078503130632884, 0.9559214968693671]]
14707255	[1, [0.030816368160986096, 0.9691836318390139]]
7957324	[1, [0.011697440182548258, 0.9883025598174517]]
5959076	[1, [0.04576911500251846, 0.9542308849974815]]
6633849	[1, [0.013185042465141406, 0.9868149575348586]]
6649050	[1, [0.0007943008722952616, 0.9992056991277047]]
69892448	[1, [0.018303731844582227, 0.9816962681554178]]
14701612	[1, [0.03849202850061484, 0.9615079714993852]]
6649217	[1, [0.03233215840233061, 0.9676678415976694]]
7972403	[1, [0.007650004474426875, 0.9923499955255731]]
6481946	[1, [0.0026096242384641144, 0.9973903757615359]]
9115211	[1, [0.01642372668352332, 0.9835762733164767]]
7644205	[1, [0.021691155443107513, 0.9783088445568925]]
7657698	[1, [0.023826644175459877, 0.9761733558245401]]
7374707	[1, [0.019507280434566177, 0.9804927195654338]]
52834465	[1, [0.03579744449221722, 0.9642025555077828]]
7707941	[1, [0.020359749162138008, 0.979640250837862]]
88991882	[1, [0.0065321480785536234, 0.9934678519214464]]
7657893	[1, [0.025568711803668487, 0.9744312881963315]]
82959120	[1, [0.012871268576880257, 0.9871287314231197]]
5170033	[1, [0.02973906887179778, 0.9702609311282022]]
5935546	[1, [0.010803932207940403, 0.9891960677920596]]
7658957	[1, [0.021850589267895626, 0.9781494107321044]]
5933804	[1, [0.027884998920731596, 0.9721150010792684]]
7659688	[1, [0.03776128435071058, 0.9622387156492894]]
7714414	[1, [0.03300761732527713, 0.9669923826747229]]
6690543	[1, [0.009908669869375109, 0.9900913301306249]]
82985456	[1, [0.046119010637277746, 0.9538809893627223]]
7213045	[1, [0.03836724926700874, 0.9616327507329913]]
6956327	[1, [0.006588555045376032, 0.993411444954624]]
7852715	[1, [0.022349323314036385, 0.9776506766859636]]
7465672	[1, [0.030526854837017114, 0.9694731451629829]]
57583281	[1, [0.007171526956518126, 0.9928284730434819]]
7642723	[1, [0.04044173528944672, 0.9595582647105533]]
7659489	[1, [0.02740330055500495, 0.972596699444995]]
7643140	[1, [0.007844226977962165, 0.9921557730220378]]
7374281	[1, [0.030819426270581096, 0.9691805737294189]]
9300645	[1, [0.03875907358710484, 0.9612409264128952]]
7642967	[1, [0.013328310862995796, 0.9866716891370042]]
5935622	[1, [0.012467698901431068, 0.9875323010985689]]
75761622	[1, [0.009634169154989491, 0.9903658308450105]]
7658331	[1, [0.012451518395457328, 0.9875484816045427]]
7657821	[1, [0.02396543635475279, 0.9760345636452472]]
7657808	[1, [0.007076652839673736, 0.9929233471603263]]
9301129	[1, [0.014161132997623893, 0.9858388670023761]]
7711325	[1, [0.00021796718801680992, 0.9997820328119832]]
7658068	[1, [0.03905465136750985, 0.9609453486324901]]
7714215	[1, [0.0017011637002340985, 0.9982988362997659]]
7643358	[1, [0.01424267976490623, 0.9857573202350938]]
7643206	[1, [0.00839877682009793, 0.9916012231799021]]
5935026	[1, [0.0028520011342881846, 0.9971479988657118]]
6022543	[1, [0.017971403133940966, 0.982028596866059]]
14388078	[1, [0.045681634566194784, 0.9543183654338052]]
7704083	[1, [0.00830820847390934, 0.9916917915260907]]
5279829	[1, [0.017983726582015302, 0.9820162734179847]]
7724516	[1, [0.03010845427949027, 0.9698915457205097]]
6011696	[1, [0.027614104749209112, 0.9723858952507909]]
7724411	[1, [0.02277454263675327, 0.9772254573632467]]
7982943	[1, [0.01960748645124477, 0.9803925135487552]]
5654405	[1, [0.0006231869603781082, 0.9993768130396219]]
7702995	[1, [0.01909929716000347, 0.9809007028399965]]
7680398	[1, [0.03337900287248108, 0.9666209971275189]]
5225131	[1, [0.042783113653359406, 0.9572168863466406]]
56758157	[1, [0.04522750953401233, 0.9547724904659877]]
5219044	[1, [0.023994755089957853, 0.9760052449100421]]
6717690	[1, [0.013274436266685563, 0.9867255637333144]]
33729693	[1, [0.025692045593942003, 0.974307954406058]]
7679207	[1, [0.02941003112653129, 0.9705899688734687]]
5654242	[1, [0.03175478477639804, 0.968245215223602]]
7725032	[1, [0.04113347190659533, 0.9588665280934047]]
5222545	[1, [0.042286258966805934, 0.9577137410331941]]
5222560	[1, [0.02683772633810555, 0.9731622736618945]]
49162890	[1, [0.026254313615915237, 0.9737456863840848]]
5225128	[1, [0.040059980477200274, 0.9599400195227997]]
7679752	[1, [0.02812518096674499, 0.971874819033255]]
7188510	[1, [0.011624948049809736, 0.9883750519501903]]
7723550	[1, [0.003216485413167325, 0.9967835145868327]]
7750791	[1, [0.01690597116768766, 0.9830940288323123]]
26183972	[1, [0.02524356847887743, 0.9747564315211226]]
6667330	[1, [0.04730242864416223, 0.9526975713558378]]
5222595	[1, [0.013847661011035739, 0.9861523389889643]]
70889600	[1, [0.03907550838365115, 0.9609244916163489]]
7621415	[1, [0.03549004348745555, 0.9645099565125445]]
9247636	[1, [0.04670584775395237, 0.9532941522460476]]
9246524	[1, [0.03601967081393298, 0.963980329186067]]
6676402	[1, [0.012598467164223415, 0.9874015328357766]]
5931089	[1, [0.003135694312842885, 0.9968643056871571]]
5865088	[1, [0.0301421125348752, 0.9698578874651248]]
9248213	[1, [0.009831648331320442, 0.9901683516686796]]
6631141	[1, [0.028769960768783687, 0.9712300392312163]]
9247344	[1, [0.007505969686936287, 0.9924940303130637]]
9246296	[1, [0.027467389818265797, 0.9725326101817342]]
9076694	[1, [0.029866331147774927, 0.9701336688522251]]
7971410	[1, [0.03139445022314147, 0.9686055497768585]]
6631667	[1, [0.04020114430033406, 0.9597988556996659]]
9077109	[1, [0.03557517522572262, 0.9644248247742774]]
7911525	[1, [0.024041426593548687, 0.9759585734064513]]
83335159	[1, [0.04836146009139197, 0.951638539908608]]
5865098	[1, [0.01425564505721355, 0.9857443549427864]]
7911589	[1, [0.041106839859426425, 0.9588931601405736]]
5865401	[1, [0.030557807563174832, 0.9694421924368252]]
6385323	[1, [0.0038721753365205114, 0.9961278246634795]]
7226496	[1, [0.017037898461126466, 0.9829621015388735]]
7228169	[1, [0.007529247854051069, 0.9924707521459489]]
7971328	[1, [0.03624388815834967, 0.9637561118416503]]
6631615	[1, [0.03775661405354647, 0.9622433859464535]]
6631176	[1, [0.048583078970971916, 0.9514169210290281]]
6284340	[1, [0.03583022200648789, 0.9641697779935121]]
6155433	[1, [0.042330587235025585, 0.9576694127649744]]
7952583	[1, [0.04964463131982477, 0.9503553686801752]]
59932983	[1, [0.034887693421601695, 0.9651123065783983]]
98090200	[1, [0.0010262594864034469, 0.9989737405135966]]
83693554	[1, [0.024439725731289053, 0.975560274268711]]
7959135	[1, [0.026620774626604837, 0.9733792253733952]]
7952211	[1, [0.04035819321318723, 0.9596418067868128]]
7952131	[1, [0.000827857843107016, 0.999172142156893]]
7123537	[1, [0.0003335496340024502, 0.9996664503659975]]
76156109	[1, [0.0325338667746079, 0.9674661332253921]]
7121641	[1, [0.022666142958529867, 0.9773338570414701]]
43262538	[1, [0.019048552605170355, 0.9809514473948296]]
9203408	[1, [0.02758662757666208, 0.9724133724233379]]
7269652	[1, [0.022082620815079612, 0.9779173791849204]]
59876320	[1, [0.022665036109697945, 0.977334963890302]]
7697025	[1, [0.0038211815349794565, 0.9961788184650205]]
47080925	[1, [0.035136949993184396, 0.9648630500068156]]
9202743	[1, [0.045396330810813734, 0.9546036691891863]]
9204100	[1, [0.014643287795937265, 0.9853567122040627]]
20956860	[1, [0.0264070243675103, 0.9735929756324897]]
6282177	[1, [0.004093194178468318, 0.9959068058215317]]
6432935	[1, [0.03197222302810254, 0.9680277769718975]]
6431970	[1, [0.000897589365989937, 0.9991024106340101]]
61057450	[1, [0.031654785786308426, 0.9683452142136916]]
9261199	[1, [0.022028380683123405, 0.9779716193168766]]
31666328	[1, [0.044864899390998914, 0.9551351006090011]]
9001066	[1, [0.03832397723016423, 0.9616760227698358]]
24420987	[1, [0.022221574431787405, 0.9777784255682126]]
6433578	[1, [0.03233099998565192, 0.9676690000143481]]
61019354	[1, [0.0016265681843500301, 0.99837343181565]]
85884923	[1, [0.045620264507061914, 0.9543797354929381]]
5480476	[1, [0.029695207044093896, 0.9703047929559061]]
11936870	[1, [0.03699429910797858, 0.9630057008920214]]
9336426	[1, [0.036836036118183424, 0.9631639638818166]]
6172860	[1, [0.003559341142940209, 0.9964406588570598]]
6975423	[1, [0.04396603145400124, 0.9560339685459988]]
9333658	[1, [0.030518211374221615, 0.9694817886257784]]
9000857	[1, [0.026664397723174194, 0.9733356022768258]]
6079878	[1, [0.01283706865205203, 0.987162931347948]]
6432053	[1, [0.01911446768042968, 0.9808855323195703]]
61012603	[1, [0.010737521978423148, 0.9892624780215769]]
9000934	[1, [0.015310543043786207, 0.9846894569562138]]
5480656	[1, [0.0013061622096161019, 0.9986938377903839]]
60992791	[1, [0.02842144933953683, 0.9715785506604632]]
6976807	[1, [0.015093521975649615, 0.9849064780243504]]
42458484	[1, [0.022245169002046095, 0.9777548309979539]]
7879710	[1, [0.005051494557128278, 0.9949485054428717]]
7012113	[1, [5.3886977008255066e-05, 0.9999461130229917]]
7847775	[1, [0.009976213928766686, 0.9900237860712333]]
7674503	[1, [0.03716289780501536, 0.9628371021949846]]
7570730	[1, [0.0008193545992387641, 0.9991806454007612]]
6554749	[1, [0.004997051739345837, 0.9950029482606542]]
6551466	[1, [0.001349282009678987, 0.998650717990321]]
89539668	[1, [0.009036094546206241, 0.9909639054537938]]
6555256	[1, [0.02071110136154697, 0.979288898638453]]
51515831	[1, [0.045558812029632856, 0.9544411879703671]]
82901929	[1, [0.04614430160346583, 0.9538556983965342]]
9255911	[1, [0.042458773205071965, 0.957541226794928]]
9256856	[1, [0.003754559940958968, 0.996245440059041]]
7812071	[1, [0.025037698871156366, 0.9749623011288436]]
19989030	[1, [0.011398233052652085, 0.9886017669473479]]
20741106	[1, [0.016980566282118414, 0.9830194337178816]]
7568595	[1, [0.034489561152222015, 0.965510438847778]]
19988569	[1, [0.04642944420737183, 0.9535705557926282]]
90591115	[1, [0.03404249176004426, 0.9659575082399557]]
7812189	[1, [0.029431636471609846, 0.9705683635283902]]
62080892	[1, [0.02318006115716975, 0.9768199388428302]]
9346094	[1, [0.017499698547331688, 0.9825003014526683]]
11617502	[1, [0.0017383963080565001, 0.9982616036919435]]
9346072	[1, [5.33148590031729e-05, 0.9999466851409968]]
58227350	[1, [0.04233877601332425, 0.9576612239866757]]
11573158	[1, [0.048681895770189554, 0.9513181042298104]]
5799768	[1, [0.045142350219245064, 0.9548576497807549]]
9346111	[1, [0.009807549861869602, 0.9901924501381304]]
90927186	[1, [0.047062639184024535, 0.9529373608159755]]
53894464	[1, [0.0065842535468468855, 0.9934157464531531]]
9346095	[1, [0.017481637637669967, 0.98251836236233]]
7579671	[1, [0.0016716010991782992, 0.9983283989008217]]
5800400	[1, [0.03163399824379243, 0.9683660017562076]]
7579868	[1, [0.0032451600119388635, 0.9967548399880611]]
7850528	[1, [0.004041565245098466, 0.9959584347549015]]
90967651	[1, [0.03800373906223953, 0.9619962609377605]]
27713363	[1, [0.028685525511974452, 0.9713144744880255]]
46071405	[1, [0.007054857247780544, 0.9929451427522195]]
96634043	[1, [0.03477584747352169, 0.9652241525264783]]
